 -8.4327229 33.4594848 25.7142498
 -6.9212608 33.6402369 25.0996666
 -5.2109721 33.6613819 24.7334089
 -3.5977420 33.7496916 24.6015801
 -2.0710329 34.2103162 24.6032745
 -0.4896340 34.7244576 24.7313789
  1.0812400 35.1569817 24.8670861
  2.5009640 35.9102887 25.2486973
  3.7941348 36.5637616 26.0807119
  5.5692928 37.3561252 27.4027750
 12.5197797 40.9749642 27.1428922
 15.2045074 39.9959761 27.1792340
 17.8409024 39.1090235 27.2463864
 20.5510945 38.0534162 27.2329086
 23.0587762 37.0036466 27.1242812
 25.7847292 35.9666782 27.0508941
 28.4375598 35.1027924 26.8487594
 31.0782862 34.2106793 26.5608752
 33.8987236 33.0049469 26.4026487
 39.1473633 37.1359316 23.5449918
 40.7973634 38.7859317 25.1949919
 42.4902318 40.4706122 26.7844083
 44.0667465 42.1598632 28.4750970
 45.8657717 43.7986715 30.1759744
 47.4490121 45.2313817 31.8357810
 49.0958065 46.9299118 33.4493489
 50.7327169 48.5980540 35.0565925
 52.3473641 50.3359324 36.7449925
 56.3469260 55.4184038 33.6915721
 57.9969261 57.0684039 35.3415722
 59.7706396 58.5763945 37.1816567
 61.4206765 60.3142072 39.0374482
 63.0678452 61.9131125 40.8395972
 64.7158829 63.7605422 42.6487395
 66.3792032 65.4626432 44.5445045
 68.1994175 66.9550669 46.7281935
 69.5469268 68.6184046 46.8915729
 73.9445360 74.6787370 45.0167924
 75.5945361 76.3287371 46.6667925
 77.3277567 78.2710112 48.1621852
 78.8198928 79.9239997 49.9206571
 80.4666436 81.4741443 51.6707748
 82.0594055 82.9087298 53.0810290
 83.8737207 84.5605960 54.4119597
 85.6371149 86.1542295 56.1133203
 87.1445367 87.8787377 58.2167932
 92.8556068 93.1457498 56.7284179
 94.5056069 94.7957499 58.3784180
 96.3071519 96.4408153 59.9615137
 97.8710836 98.4112348 61.6456531
 99.4061643 99.9160659 63.2428492
 101.022381 101.588401 64.6702456
 102.749862 103.283376 66.0888025
 104.281147 104.765856 67.8453881
 106.055608 106.345751 69.9284187
 111.581079 110.506584 67.3239035
 113.231079 112.156584 68.9739036
 114.676874 113.769941 70.6227281
 116.305859 115.472096 72.4107897
 118.109411 117.119275 74.1355656
 119.682854 118.771843 75.7386819
 121.342903 120.392956 77.3990443
 123.035878 122.109434 79.0220650
 124.781080 123.706585 80.5239042
 128.963071 128.481818 77.3524512
 130.613071 130.131818 79.0024513
 130.493827 132.211758 80.7917373
 131.029225 134.223852 82.8629596
 131.444267 136.168302 84.9881911
 131.999462 138.087345 86.8871951
 132.426989 139.834725 88.7839174
 132.805786 141.582221 90.8194157
 132.747984 143.701795 92.9102262
 132.379564 151.267659 92.4344732
 131.821599 153.114282 94.5430645
 130.906310 154.900749 95.8228751
 129.751093 156.462883 96.9541215
 128.342859 158.030636 97.8459055
 127.389534 159.762436 99.0434429
 125.911484 161.178224 100.137651
 124.758386 162.647904 101.071069
 123.231589 164.850184 102.079180
 124.399056 172.410576 99.9503099
 123.407238 174.926696 100.873858
 122.420067 176.476536 100.987758
 121.800471 178.065020 100.758313
 121.195661 179.676427 100.729919
 121.622921 181.340059 101.125616
 122.298244 182.827931 101.356787
 123.363576 184.211279 101.274563
 125.294324 185.582582 100.914168
 132.355727 185.080703 98.3516466
 133.380348 186.295414 95.9763297
 134.195309 185.265533 96.7236913
 135.104993 183.998149 97.2815453
 135.535489 182.511261 97.5449585
 135.821036 181.143279 97.8803443
 135.839126 179.490950 98.1616568
 136.158426 177.810095 98.2783229
 136.403097 176.218305 98.7676325
