 -0.6867265 11.6593160 11.7227121
  0.4791078 13.0346247 11.9953895
  1.5613783 14.2279258 12.5650775
  2.6335821 15.3998594 13.0810430
  3.6417317 16.4306641 13.6011859
  4.9735328 17.4303968 14.1610209
  5.7545107 18.4908787 14.9062155
  6.7594167 19.4456004 15.5713385
  7.8280806 20.6794307 16.2821420
  9.0404723 22.5570722 16.4613794
 15.1404322 27.1612997 14.7108418
 17.4852186 27.8917556 16.1723176
 19.7866305 28.6469239 17.9689911
 22.2741713 29.3708287 19.4705517
 24.5090626 30.3243654 20.8416525
 26.9485473 31.1631481 22.0966359
 29.1399887 31.7323741 23.3742152
 31.5604759 32.3572404 24.7276665
 33.8987236 33.0049469 26.4026487
 39.1473633 37.1359316 23.5449918
 40.7973634 38.7859317 25.1949919
 42.4064100 40.5895177 26.8888780
 44.1123912 42.2557119 28.4884363
 45.6575696 43.9530579 30.0894152
 47.1694881 45.4284768 31.6110632
 48.8586723 47.0218038 33.3115932
 50.7453231 48.7200962 35.0495697
 52.3473641 50.3359324 36.7449925
 56.3469260 55.4184038 33.6915721
 57.9969261 57.0684039 35.3415722
 59.7618017 58.7758539 37.2220531
 61.4532924 60.5045469 38.9736139
 63.1459998 62.0597059 40.6898601
 64.7430358 63.7177413 42.3434716
 66.4276884 65.3105340 43.9525535
 67.9405877 67.0102043 45.5757118
 69.5469268 68.6184046 46.8915729
 73.9445360 74.6787370 45.0167924
 75.5945361 76.3287371 46.6667925
 77.3325114 77.9797350 48.4307847
 78.9850133 79.5288691 50.2126509
 80.8563948 81.2140933 51.6463762
 82.5349595 83.0162673 53.0164484
 84.0980679 84.4615030 54.7240008
 85.7974833 86.1624239 56.2204986
 87.1445367 87.8787377 58.2167932
 92.8556068 93.1457498 56.7284179
 94.5056069 94.7957499 58.3784180
 96.2050560 96.6491806 59.9384395
 97.6514573 98.3102750 61.6052012
 99.3943430 99.9953947 63.1836307
 100.971611 101.645414 64.9381395
 102.521159 103.349514 66.3622436
 104.302629 105.134059 67.9298927
 106.055608 106.345751 69.9284187
 111.581079 110.506584 67.3239035
 113.231079 112.156584 68.9739036
 114.976223 113.900806 70.6879013
 116.509613 115.530753 72.2707975
 118.018865 117.055975 73.8783777
 119.746114 118.847369 75.6089707
 121.383531 120.389748 77.2813594
 123.122707 122.059967 78.9551321
 124.781080 123.706585 80.5239042
 128.963071 128.481818 77.3524512
 130.613071 130.131818 79.0024513
 132.234334 131.892318 80.7087562
 133.910198 133.511665 82.3162261
 135.617571 135.226263 83.9878990
 137.202639 136.865911 85.7015615
 138.897614 138.535795 87.3219110
 140.518253 140.003635 88.9101532
 142.163071 141.681818 90.5524520
 146.313356 147.662607 88.4054383
 147.963356 149.312607 90.0554384
 149.750171 149.871685 92.3639197
 151.134753 150.307985 94.6299625
 152.526086 150.627831 96.9963254
 153.672067 150.969452 99.2539489
 155.467533 151.179613 101.321243
 157.136071 151.424564 103.618095
 158.142735 151.703630 106.214292
 165.582641 151.788990 108.988300
 166.836119 150.868827 111.386131
 168.644961 150.109793 112.228273
 170.777541 149.217916 112.726830
 172.676511 148.429166 112.982744
 174.539257 147.528089 113.307853
 176.613245 146.502826 113.711899
 178.348627 145.477284 114.386242
 180.208216 143.725966 114.356967
 182.679022 139.510404 108.629319
 183.814825 136.895195 108.824600
 183.504868 137.328620 107.276880
 183.020142 137.914465 105.618083
 182.876466 138.033026 104.083703
 183.068830 137.969568 102.369701
 183.033457 137.820362 100.729279
 183.023982 137.247614 99.1881299
 183.152822 136.393694 97.6718277
