  6.7547060  6.9385783 23.8687423
  8.0514244  7.3196362 22.8538436
  9.0020456  7.9598466 21.6140065
 10.1223850  8.5579074 20.5925302
 11.4400134  9.0507206 19.6568313
 12.2969568  9.6991473 18.4351121
 13.0133206 10.5306853 17.2250792
 13.7875890 11.4737820 16.3493656
 14.2504217 12.7038507 15.4391321
 14.8500009 14.8500009 14.8500009
 20.6987228 19.8049461 13.2026480
 22.3487229 21.4549462 14.8526481
 24.0672160 23.1808877 16.5566931
 25.6365340 24.5875070 18.2518286
 27.1744347 26.4435455 19.6926765
 28.6341800 28.1665743 21.4157335
 30.3132734 29.7749950 23.0725980
 32.0586537 31.4995443 24.6304985
 33.8987236 33.0049469 26.4026487
 39.1473633 37.1359316 23.5449918
 40.7973634 38.7859317 25.1949919
 42.5695073 40.2865569 26.9360159
 44.2706249 41.9581417 28.5297693
 45.8828458 43.7589353 30.2948332
 47.4538872 45.1793008 31.8270994
 49.2048043 47.0216627 33.6464996
 50.7874806 48.5440128 35.1501271
 52.3473641 50.3359324 36.7449925
 56.3469260 55.4184038 33.6915721
 57.9969261 57.0684039 35.3415722
 59.6606230 58.7150386 36.9069999
 61.2615005 60.4557679 38.7162593
 62.9068549 62.1336044 40.3825082
 64.5799757 63.7102448 41.9821181
 66.3807713 65.3809962 43.6055940
 67.8686440 67.1396538 45.2295792
 69.5469268 68.6184046 46.8915729
 73.9445360 74.6787370 45.0167924
 75.5945361 76.3287371 46.6667925
 77.2094991 78.1205834 48.3364479
 78.9137073 79.4791166 49.8344160
 80.6027778 81.2686509 51.6388819
 82.3116486 82.9325036 53.2029674
 84.1542258 84.4329489 54.8953271
 85.6700095 86.1230596 56.5131203
 87.1445367 87.8787377 58.2167932
 92.8556068 93.1457498 56.7284179
 94.5056069 94.7957499 58.3784180
 96.0662852 96.6489947 59.9899094
 97.7302437 98.3152197 61.8696452
 99.2877667 100.203750 63.3754673
 100.915602 101.837022 65.2233828
 102.409305 103.522473 66.9676547
 104.253140 105.013546 68.3690901
 106.055608 106.345751 69.9284187
 111.581079 110.506584 67.3239035
 113.231079 112.156584 68.9739036
 115.009281 113.929022 70.7973943
 116.594092 115.475487 72.4552353
 118.209558 117.077511 74.0976161
 119.855695 118.683077 75.6551613
 121.419345 120.209312 77.2452696
 123.083942 121.799883 78.8468019
 124.781080 123.706585 80.5239042
 128.963071 128.481818 77.3524512
 130.613071 130.131818 79.0024513
 132.387703 131.867815 80.7478122
 133.804615 133.405868 82.3800627
 135.526259 135.165605 83.9661913
 137.116640 136.771205 85.6164164
 138.719308 138.495314 87.3278771
 140.386357 140.123684 89.0774077
 142.163071 141.681818 90.5524520
 146.313356 147.662607 88.4054383
 147.963356 149.312607 90.0554384
 149.665109 150.889904 91.7827006
 151.201687 152.534143 93.4820519
 152.770908 154.364743 95.0876077
 154.682109 155.877046 96.6202167
 156.420668 157.360546 98.4220202
 158.227456 158.889491 99.9345425
 159.513357 160.862608 101.605439
 165.001994 166.423992 100.191063
 166.651994 168.073992 101.841063
 168.308699 169.698588 102.544288
 170.203654 171.522414 102.581676
 172.272294 173.106243 102.215860
 174.466256 174.878819 102.318018
 176.755846 176.448273 102.438225
 179.083694 177.910488 102.505494
 181.566137 179.176325 103.117033
 186.657486 180.301181 97.6861338
 188.922425 182.038214 97.8284839
 189.097386 180.574131 97.6208924
 189.156232 179.165410 97.1980196
 189.141574 177.889919 96.2542029
 189.713706 176.497436 95.4815349
 190.051433 175.309886 94.6313816
 189.823340 173.678134 93.8908688
 190.246187 172.181915 94.0125665
