  5.9049914  3.7045362 12.5121454
  7.0325150  4.5557334 13.2965598
  8.2944806  5.4374130 14.0098549
  9.4370506  6.4942808 14.5843912
 10.4679671  7.4859596 15.0947866
 11.4993297  8.4631027 15.6404670
 12.5373585  9.9114614 15.7657009
 13.5086767 11.1390006 15.7057880
 14.1852989 12.6552505 15.0818914
 14.8500009 14.8500009 14.8500009
 20.6987228 19.8049461 13.2026480
 22.3487229 21.4549462 14.8526481
 23.9747837 23.2446717 16.2963645
 25.5987142 24.7887164 18.0697609
 27.2579801 26.3827257 19.6284848
 28.9283975 28.1225154 21.1355879
 30.5198212 29.7637715 22.8540565
 32.1310865 31.5859059 24.6865857
 33.8987236 33.0049469 26.4026487
 39.1473633 37.1359316 23.5449918
 40.7973634 38.7859317 25.1949919
 42.3471453 40.3983493 26.9423397
 43.9593866 42.0038408 28.6708586
 45.5261422 43.5177188 30.0678095
 47.4070073 45.2098553 31.7756403
 49.0697766 46.9863356 33.3869184
 50.6965467 48.6794955 35.0355646
 52.3473641 50.3359324 36.7449925
 56.3469260 55.4184038 33.6915721
 57.9969261 57.0684039 35.3415722
 59.8101801 58.6926394 37.0938895
 61.4850914 60.3468172 38.8161634
 63.0035366 62.0405299 40.3451093
 64.6077031 63.6054206 41.8808554
 66.2130567 65.2551552 43.5859095
 67.8320826 66.9937940 45.2885387
 69.5469268 68.6184046 46.8915729
 73.9445360 74.6787370 45.0167924
 75.5945361 76.3287371 46.6667925
 77.3922390 77.9812718 48.2535503
 78.9340853 79.5386076 49.7087622
 80.6556188 81.2153350 51.4021376
 82.3147853 83.0623593 53.0431039
 83.9905770 84.5808209 54.8054550
 85.6427068 86.4044041 56.4324711
 87.1445367 87.8787377 58.2167932
 92.8556068 93.1457498 56.7284179
 94.5056069 94.7957499 58.3784180
 96.0707060 96.6918929 60.1004852
 97.6177537 98.3703996 61.7322413
 99.2990091 100.008294 63.3092731
 100.924805 101.611567 64.9496563
 102.811199 103.201283 66.5974324
 104.411420 104.837693 68.1842329
 106.055608 106.345751 69.9284187
 111.581079 110.506584 67.3239035
 113.231079 112.156584 68.9739036
 114.815556 113.658141 70.6698831
 116.493028 115.310240 72.2965849
 118.081502 117.017779 73.8816836
 119.801663 118.638560 75.6412792
 121.486404 120.394576 77.2651472
 123.177335 121.964660 78.9543772
 124.781080 123.706585 80.5239042
 128.963071 128.481818 77.3524512
 130.613071 130.131818 79.0024513
 132.227293 131.851546 80.6318295
 133.855924 133.382408 82.2424234
 135.581559 135.083145 84.0079469
 137.286651 136.707735 85.7418078
 138.781728 138.384380 87.3697663
 140.507239 140.077342 89.0267448
 142.163071 141.681818 90.5524520
 146.313356 147.662607 88.4054383
 147.963356 149.312607 90.0554384
 149.553399 150.834133 91.6999286
 151.277833 152.710369 93.3522811
 152.703405 154.517271 94.8039777
 154.445986 156.210327 96.3885723
 156.261024 157.805149 98.0044498
 157.896097 159.308273 99.5562819
 159.513357 160.862608 101.605439
 165.001994 166.423992 100.191063
 166.651994 168.073992 101.841063
 168.437525 170.043037 102.678716
 170.364805 171.766438 103.150264
 172.330742 173.423374 103.322436
 174.312782 175.132243 103.427549
 176.344562 176.646679 103.998938
 178.249942 178.286018 104.313617
 180.536783 179.413804 105.145285
 186.700171 180.433462 100.943529
 188.916528 182.122118 101.578905
 188.920172 180.445832 101.628783
 188.972199 178.736448 101.624248
 189.155376 177.116682 101.400811
 189.494026 175.577055 101.648621
 189.907362 173.918263 102.049197
 190.549037 172.416636 102.187687
 191.479633 171.108333 102.537701
