 -5.7331767 21.7759473 23.3297501
 -4.5944709 22.9623933 23.4930101
 -3.4131624 23.9888633 23.7396977
 -2.1940082 24.9970283 24.0988636
 -0.8851024 26.1378804 24.3242630
  0.4398408 27.1771487 24.4083541
  1.5284665 28.3767755 24.6192242
  2.5152720 29.8371774 24.5960002
  3.6814595 31.0920273 24.7784982
  5.1936361 32.7492342 25.0343862
 11.6314489 36.4652509 22.5406761
 14.4148582 36.0327129 23.0234226
 17.1846262 35.8539705 23.2552626
 19.9099420 35.4207981 23.6779632
 22.5872732 34.8129134 24.3093661
 25.4116049 34.2279780 24.7308220
 28.3028885 33.7421793 25.1287059
 30.9956338 33.3484592 25.7996374
 33.8987236 33.0049469 26.4026487
 39.1473633 37.1359316 23.5449918
 40.7973634 38.7859317 25.1949919
 42.4107899 40.5918709 27.0269446
 44.0808319 42.0760391 28.6784774
 45.7767043 43.7006628 30.3354763
 47.4533264 45.3036820 31.9497729
 49.1768734 47.1135884 33.4615220
 50.7182565 48.6821344 35.1531707
 52.3473641 50.3359324 36.7449925
 56.3469260 55.4184038 33.6915721
 57.9969261 57.0684039 35.3415722
 59.9270662 58.6775779 36.8220738
 61.4241352 60.2479934 38.6571923
 63.1808394 62.1187301 40.6681300
 64.7043055 63.9540309 42.6772239
 66.4664489 65.5800559 44.5422757
 68.1727591 66.9658260 46.7398339
 69.5469268 68.6184046 46.8915729
 73.9445360 74.6787370 45.0167924
 75.5945361 76.3287371 46.6667925
 77.3132074 78.0518356 48.1953868
 78.9222438 79.6548713 49.9179047
 80.6413010 81.1877824 51.6220024
 82.5197460 82.8626407 53.3650656
 84.2645122 84.5023536 54.8655924
 85.8871277 86.1409568 56.3705353
 87.1445367 87.8787377 58.2167932
 92.8556068 93.1457498 56.7284179
 94.5056069 94.7957499 58.3784180
 96.1655310 96.4127050 59.9425478
 97.7144800 97.9606097 61.6099000
 99.4446450 99.7167571 63.2103048
 101.093369 101.621964 64.9138845
 102.615057 103.207022 66.5662541
 104.301498 104.928129 68.1900493
 106.055608 106.345751 69.9284187
 111.581079 110.506584 67.3239035
 113.231079 112.156584 68.9739036
 114.855772 113.647660 70.6732015
 116.593635 115.249034 72.4280622
 118.212452 116.984220 74.1300692
 119.976947 118.630507 75.8734160
 121.596670 120.326145 77.4155198
 123.126245 121.927157 78.9132058
 124.781080 123.706585 80.5239042
 128.963071 128.481818 77.3524512
 130.613071 130.131818 79.0024513
 132.576519 131.519495 80.4060899
 134.067547 133.236810 82.1771118
 135.707638 134.872525 83.7669417
 137.379996 136.582452 85.2834281
 139.112894 138.351248 86.6997075
 140.717075 139.931737 88.5559971
 142.163071 141.681818 90.5524520
 146.313356 147.662607 88.4054383
 147.963356 149.312607 90.0554384
 149.111243 151.295373 90.7196867
 150.398588 153.507761 91.4254986
 151.749553 155.489982 92.1057511
 153.119591 157.710856 92.6904962
 154.447543 159.830251 93.4937327
 155.663113 162.052190 93.9086471
 156.579558 164.506330 94.7539951
 157.129092 171.556176 91.1412002
 157.238695 174.265495 92.0440174
 157.367565 175.701609 92.6536223
 157.791332 176.663152 93.8692674
 158.112698 177.700589 95.1754244
 158.515783 178.610178 96.6473474
 159.005323 179.538080 98.1362468
 159.856138 180.710039 99.5095777
 161.862153 181.759639 100.552897
 168.477713 184.158009 97.8763336
 169.969689 186.402908 98.8260356
 169.916725 185.269821 97.5347114
 169.588582 183.947082 96.4802877
 169.361273 182.802694 95.6914013
 168.649447 181.650533 94.8388441
 167.702917 180.773298 93.8556801
 166.842588 180.265590 92.5110804
 166.214637 179.681990 91.1795140
