  8.1361355  4.6513093  9.2493990
  8.6071435  5.8432627 10.2381295
  9.2034618  6.7702592 11.3771349
  9.9281498  7.4575507 12.5110693
 10.9098512  7.8696416 13.5462063
 11.9784937  8.8879468 14.2446691
 12.7945434 10.0215145 14.5865160
 13.5417167 11.2953503 14.6577688
 13.9800724 12.7178121 14.7175819
 14.8500009 14.8500009 14.8500009
 20.6987228 19.8049461 13.2026480
 22.3487229 21.4549462 14.8526481
 23.8897812 23.1057451 16.5235390
 25.3305714 24.7931623 18.1783518
 27.1790098 26.4691599 19.7885433
 28.8123508 28.2073763 21.2640858
 30.4046253 29.6216858 23.0033384
 32.1147478 31.4470039 24.5337616
 33.8987236 33.0049469 26.4026487
 39.1473633 37.1359316 23.5449918
 40.7973634 38.7859317 25.1949919
 42.4441113 40.4214464 26.9482602
 44.1872604 42.0939703 28.6072795
 45.9195911 43.7493689 30.1628430
 47.3972532 45.4962756 31.8851800
 49.0850684 46.9630628 33.5265009
 50.6480761 48.6341479 35.0754807
 52.3473641 50.3359324 36.7449925
 56.3469260 55.4184038 33.6915721
 57.9969261 57.0684039 35.3415722
 59.5680491 58.6428046 37.1369611
 61.2290296 60.2613868 38.8885464
 62.7956502 61.9258774 40.4634312
 64.4191571 63.5176697 42.0885152
 66.0746139 65.1859836 43.6920879
 67.7910545 66.8821414 45.2510523
 69.5469268 68.6184046 46.8915729
 73.9445360 74.6787370 45.0167924
 75.5945361 76.3287371 46.6667925
 77.2962818 77.8762095 48.0287099
 79.0999216 79.6828252 49.7265084
 80.7338599 81.4264613 51.3340873
 82.3149622 83.0648121 53.0491032
 83.9889891 84.7494956 54.8247574
 85.6419554 86.2650635 56.3974769
 87.1445367 87.8787377 58.2167932
 92.8556068 93.1457498 56.7284179
 94.5056069 94.7957499 58.3784180
 95.9710397 96.5120987 59.9816525
 97.8107157 98.0368351 61.4274170
 99.3851205 99.7341859 63.0269636
 101.059782 101.397705 64.6160275
 102.774833 103.289799 66.2972733
 104.373982 104.806953 68.1069408
 106.055608 106.345751 69.9284187
 111.581079 110.506584 67.3239035
 113.231079 112.156584 68.9739036
 114.800000 113.785969 70.5386929
 116.537545 115.476284 72.1120647
 118.273045 117.197436 73.7476164
 119.961436 118.869711 75.5021494
 121.578224 120.397655 77.1821082
 123.137635 122.007100 78.9219891
 124.781080 123.706585 80.5239042
 128.963071 128.481818 77.3524512
 130.613071 130.131818 79.0024513
 132.320636 131.661930 80.8185828
 134.015405 133.436009 82.4608125
 135.608646 135.102593 84.0772284
 137.258333 136.626845 85.7411196
 138.963704 138.264211 87.5261779
 140.469689 139.991233 89.1762782
 142.163071 141.681818 90.5524520
 146.313356 147.662607 88.4054383
 147.963356 149.312607 90.0554384
 149.776054 150.740273 91.6815036
 151.622720 151.912687 93.2313934
 153.299688 152.973922 95.2401774
 155.296394 153.971968 97.0341230
 157.381070 154.651945 98.8556697
 159.524295 155.174327 100.694836
 161.341076 155.725757 102.954796
 168.693925 158.693207 102.525321
 170.821905 159.049402 104.399442
 173.252697 159.372753 105.019453
 175.486599 159.833940 105.482880
 177.790553 160.517285 105.869666
 180.125439 161.256353 106.465119
 182.656175 161.871274 106.805378
 184.930749 162.320187 107.560251
 187.530504 161.964679 108.186518
 193.094151 160.955898 103.215602
 195.873424 160.685329 103.823824
 195.092956 159.651366 102.910699
 194.447552 158.239049 102.305623
 193.761951 156.933379 101.522988
 192.893667 155.906664 100.536180
 192.506865 154.753457 99.3748031
 191.919527 153.559020 98.1926583
 191.642967 152.508934 96.8429641
