 -1.2370925 20.6127717 31.2510493
 -0.9691177 21.9444792 30.3424673
 -0.6249078 23.2268932 29.3480655
 -0.3534617 24.7859968 28.5432220
  0.4280790 26.1779007 27.5852676
  0.9269841 27.4546510 26.4389180
  1.5152996 28.6797549 25.5926107
  2.5164897 29.9804829 25.0584043
  3.5700584 31.4543173 24.9656720
  5.1867137 33.0687304 25.1632947
 11.6578942 36.6432574 22.5518999
 14.4379979 36.1884686 23.0332435
 17.3641764 36.0280974 23.6801231
 20.2072733 35.9392903 23.9179239
 23.1189058 35.5190896 24.2416772
 25.6365820 34.6692509 24.8574279
 28.4185338 34.2015753 25.3713050
 31.1293134 33.6942504 25.8700376
 33.8987236 33.0049469 26.4026487
 39.1473633 37.1359316 23.5449918
 40.7973634 38.7859317 25.1949919
 42.5589595 40.4929886 26.9555582
 44.2796035 41.9978082 28.5923770
 45.9732754 43.6452861 30.1707869
 47.5963691 45.3564891 31.8661252
 49.1563360 46.9365666 33.4048295
 50.7426200 48.6207401 35.1447382
 52.3473641 50.3359324 36.7449925
 56.3469260 55.4184038 33.6915721
 57.9969261 57.0684039 35.3415722
 59.8315019 58.7338819 37.0044949
 61.6739638 60.2601124 39.0110499
 63.4231012 61.9875227 40.7454896
 65.1135245 63.7798720 42.5446880
 66.7410924 65.4275674 44.5884847
 68.2370941 66.8957565 46.6920209
 69.5469268 68.6184046 46.8915729
 73.9445360 74.6787370 45.0167924
 75.5945361 76.3287371 46.6667925
 77.3621161 77.6946269 48.4591055
 79.0916903 79.2627340 50.0333869
 80.7714934 80.8753214 51.6643274
 82.2399258 82.7358538 53.2237964
 83.9320086 84.5207840 54.5427039
 85.6669463 86.1715401 56.1766490
 87.1445367 87.8787377 58.2167932
 92.8556068 93.1457498 56.7284179
 94.5056069 94.7957499 58.3784180
 96.0769467 96.5598090 60.0984269
 97.7099099 98.2067635 61.8002964
 99.2056680 99.9720834 63.4555903
 100.885371 101.576508 65.0518396
 102.470467 103.220995 66.8024270
 104.133880 104.902978 68.3298988
 106.055608 106.345751 69.9284187
 111.581079 110.506584 67.3239035
 113.231079 112.156584 68.9739036
 114.779369 113.751605 70.5270720
 116.387814 115.441726 72.2233335
 118.084627 117.070024 73.8593842
 119.796146 118.690183 75.3699847
 121.365990 120.382038 77.1964442
 123.084301 121.885288 78.8625342
 124.781080 123.706585 80.5239042
 128.963071 128.481818 77.3524512
 130.613071 130.131818 79.0024513
 132.422202 131.687374 80.6318696
 133.959337 133.310075 82.0014828
 135.532839 135.127347 83.5399521
 137.017784 136.783040 85.2231002
 138.816028 138.288914 86.9451302
 140.562951 139.778877 88.6391033
 142.163071 141.681818 90.5524520
 146.313356 147.662607 88.4054383
 147.963356 149.312607 90.0554384
 149.205715 151.259285 90.6232656
 150.249760 153.329300 91.3619843
 151.085375 155.566068 92.0658844
 151.849984 157.657302 92.5651865
 153.043871 159.650358 93.2346658
 154.228731 161.938076 93.5562859
 154.873962 164.570323 94.2540391
 154.477772 170.916821 89.4980328
 154.736820 173.735197 89.8944517
 154.960676 175.182503 90.2606133
 155.223947 177.000437 90.8557388
 155.199031 178.577948 91.6394461
 155.618018 180.261290 92.2335891
 156.311985 181.707991 92.8960462
 157.296479 183.339250 93.1390944
 159.094556 184.939988 92.9137423
 164.850772 186.125682 88.2082219
 165.847656 188.668473 87.3668337
 166.058294 187.344152 86.7711345
 166.500160 185.899915 86.3530052
 167.065133 184.454023 86.0717816
 167.825807 182.916540 85.6699111
 168.830727 181.596173 85.0953126
 169.637918 180.629556 83.8826716
 170.079557 180.005841 82.6369088
