 -6.7519093 25.7626042 27.9478692
 -5.5002267 26.8244561 28.1542766
 -4.1177148 27.7571152 28.3285503
 -2.6434983 28.6753627 28.5808496
 -1.1032874 29.6304362 28.5737791
  0.0629512 30.4360496 28.3559227
  1.2496777 31.4886538 28.4566912
  2.4118212 32.5109239 28.6482649
  3.5357904 33.4958384 28.6781296
  5.3089193 34.7772526 28.7267832
 11.7030920 38.4808732 26.1056094
 14.4775460 37.7963824 26.1427393
 17.3811187 37.3479691 26.3988796
 20.0555928 36.8237460 26.3141945
 22.7565981 35.9642445 26.2621981
 25.5115038 35.1501298 26.1776060
 28.3823328 34.4152998 26.3511144
 31.0761434 33.8125575 26.2587809
 33.8987236 33.0049469 26.4026487
 39.1473633 37.1359316 23.5449918
 40.7973634 38.7859317 25.1949919
 42.5229215 40.3275319 26.7483851
 44.2001200 41.9751581 28.3517324
 45.7259811 43.6324001 29.9169995
 47.5366376 45.2255865 31.7057722
 49.1174438 46.9439573 33.4305377
 50.8400802 48.6563473 35.1298727
 52.3473641 50.3359324 36.7449925
 56.3469260 55.4184038 33.6915721
 57.9969261 57.0684039 35.3415722
 59.8301339 58.8481709 37.2248039
 61.7143730 60.6779151 38.9112777
 63.4056255 62.4779088 40.8037822
 65.0571658 64.1293488 42.6412799
 66.7162474 65.6143133 44.5055532
 68.2147129 66.9666462 46.8859186
 69.5469268 68.6184046 46.8915729
 73.9445360 74.6787370 45.0167924
 75.5945361 76.3287371 46.6667925
 76.9806857 77.9792437 48.3884240
 78.5027682 79.7182464 50.0068627
 80.3041766 81.5073581 51.5624902
 82.0607863 83.0137333 53.1077209
 83.7658318 84.6636693 54.7009522
 85.5263742 86.4168783 56.2637238
 87.1445367 87.8787377 58.2167932
 92.8556068 93.1457498 56.7284179
 94.5056069 94.7957499 58.3784180
 96.0092848 96.4950053 60.0294397
 97.8522460 97.9535532 61.4173495
 99.4427165 99.5145047 63.2581569
 101.017414 101.254584 64.9644610
 102.638278 103.097672 66.5677553
 104.319512 104.935525 68.1592527
 106.055608 106.345751 69.9284187
 111.581079 110.506584 67.3239035
 113.231079 112.156584 68.9739036
 114.906408 113.900357 70.8038245
 116.568306 115.556111 72.4355656
 118.300168 117.175408 74.0155089
 119.927171 118.807716 75.5487679
 121.577439 120.396880 77.2316882
 123.070066 122.039799 78.8606838
 124.781080 123.706585 80.5239042
 128.963071 128.481818 77.3524512
 130.613071 130.131818 79.0024513
 131.701051 132.129005 80.6471825
 133.214059 133.918909 82.4090811
 134.460544 135.766790 84.0148120
 135.538422 137.926637 85.6306868
 136.821512 139.791586 87.1739960
 137.801243 141.466392 89.0351587
 138.779060 143.630778 90.9049318
 141.604221 150.383952 88.9005714
 142.581660 152.438934 90.6294908
 142.291114 154.818821 91.5038042
 141.878872 156.954671 92.0263790
 141.270626 159.318020 92.7876079
 140.719734 161.567848 93.3520956
 140.305233 163.961298 93.9526699
 139.739297 166.106970 94.5053906
 138.401017 168.338857 95.2162074
 133.316681 172.540422 90.7945586
 131.495134 174.677862 91.3244812
 130.100217 175.484705 91.5593427
 128.388954 176.078810 91.7867727
 126.759845 177.032037 92.1475300
 125.240940 177.489793 92.1336311
 123.516030 177.907447 91.9112699
 122.023900 178.413683 91.2751675
 120.916943 179.976374 89.8937983
 121.503057 183.702007 83.3778231
 119.678574 183.561792 81.1825777
 121.005107 184.273065 81.6075679
 122.475766 184.779546 81.7909592
 123.810097 185.514741 82.2469553
 124.994878 186.128997 83.1634990
 126.432172 186.729060 84.1593128
 127.698817 187.611255 84.9113949
 128.459785 188.747631 85.5226603
