 -8.3160245 36.1935257 33.7420383
 -6.8565609 36.4130240 33.3523179
 -5.2882315 36.5194456 32.8891590
 -3.8691685 36.3971687 32.1719157
 -2.3910869 36.2624316 31.3621591
 -1.0559038 36.3762760 30.6315682
  0.6148714 36.1719636 30.1277189
  2.1711618 36.4359028 29.5990141
  3.6555870 36.9477957 29.6620174
  5.8045082 37.3643220 30.2970717
 12.6785061 40.9803332 29.2268292
 15.3503675 40.0010730 28.9628087
 17.9759041 38.9314208 28.8751713
 20.3223518 37.8164507 28.3918274
 22.9096815 36.8964678 28.0447982
 25.6513320 35.8457405 27.6808971
 28.4645115 34.9448047 27.3556405
 31.1331554 33.9970403 26.9025247
 33.8987236 33.0049469 26.4026487
 39.1473633 37.1359316 23.5449918
 40.7973634 38.7859317 25.1949919
 42.4352941 40.3610726 26.8751048
 44.2195864 42.0447764 28.4916275
 45.9145333 43.5767294 30.1056527
 47.5121519 45.1681300 31.7361833
 48.9640968 46.8995158 33.3814953
 50.7173859 48.5760141 35.0134969
 52.3473641 50.3359324 36.7449925
 56.3469260 55.4184038 33.6915721
 57.9969261 57.0684039 35.3415722
 59.9017594 58.7225458 37.4843672
 61.6263405 60.5611177 39.1986473
 63.3329888 62.1396487 41.1120814
 65.0232030 63.8826031 42.8900564
 66.7171725 65.4556600 44.8354844
 68.1265770 67.0299018 46.8944190
 69.5469268 68.6184046 46.8915729
 73.9445360 74.6787370 45.0167924
 75.5945361 76.3287371 46.6667925
 77.2591125 77.9518284 48.3819753
 78.9563767 79.4161207 50.1946720
 80.7698993 81.0427096 51.6120767
 82.4078156 82.6650383 53.2270704
 84.1010424 84.3770939 54.9401206
 85.7051250 85.9887528 56.5608005
 87.1445367 87.8787377 58.2167932
 92.8556068 93.1457498 56.7284179
 94.5056069 94.7957499 58.3784180
 96.1900120 96.7048456 59.9451624
 97.9961884 98.0945562 61.3555475
 99.6157929 99.6899285 63.0952724
 101.310266 101.473978 64.7595837
 102.916963 103.181589 66.2046598
 104.462551 104.725879 67.9991228
 106.055608 106.345751 69.9284187
 111.581079 110.506584 67.3239035
 113.231079 112.156584 68.9739036
 114.793991 113.817910 70.7410955
 116.324011 115.292587 72.2264288
 118.107290 116.991216 73.8960134
 119.788657 118.587133 75.5884507
 121.540889 120.322264 77.3265637
 123.107752 122.086061 78.9761835
 124.781080 123.706585 80.5239042
 128.963071 128.481818 77.3524512
 130.613071 130.131818 79.0024513
 131.389577 132.231909 80.7316416
 132.511209 134.269965 82.3188824
 133.678996 136.126809 84.0941209
 134.898453 138.011561 85.7757671
 136.171388 139.934931 87.3581095
 137.415339 141.860360 88.9076938
 138.779060 143.630778 90.9049318
 141.604221 150.383952 88.9005714
 142.581660 152.438934 90.6294908
 141.902457 154.171061 91.8394671
 140.959290 155.832326 93.0338412
 140.101732 157.448804 94.4143762
 139.185064 159.065155 95.8417760
 138.176108 161.058678 96.8704147
 137.070539 162.932616 97.9057421
 135.331986 164.684942 99.0258599
 128.369364 167.300039 96.2441783
 126.049134 168.468795 97.4349956
 124.389136 168.763806 98.0514407
 122.895407 168.595379 98.5537000
 121.308352 168.172923 98.7094059
 119.571532 167.992048 98.6859253
 118.002022 167.862541 98.3933954
 116.449368 168.156939 97.7083592
 114.640142 169.304806 96.6338957
 113.534466 174.780881 91.5869275
 111.885820 174.622898 89.2578704
 112.526199 176.129822 89.0947015
 113.589494 177.635775 89.0675996
 114.545155 178.806205 89.2945110
 115.951491 179.730280 89.7860353
 117.186074 180.839912 90.3118191
 118.140220 181.941476 90.4991491
 119.464035 183.111329 90.6864692
