  3.0944713  6.1962318 14.9264917
  4.4114924  7.0930216 14.4987566
  5.7965924  8.0574463 14.3427670
  6.9301888  9.2674324 13.9397450
  7.9581658 10.6186921 13.7264687
  8.7977135 12.0512176 13.7980628
  9.7338039 13.2677535 13.9910427
 10.5810054 14.5787659 14.3799649
 11.4465609 16.1418847 14.5345942
 12.2205989 18.3208077 14.5555164
 18.1824431 23.1757309 13.0196333
 20.1469782 24.4043829 14.6925102
 22.0551153 25.6691983 16.3286558
 24.0923033 26.9059058 17.8455482
 25.9265305 28.3382483 19.5997531
 27.9388258 29.7172442 21.1260459
 29.8132549 30.9316848 23.0647916
 31.7647855 32.0406614 24.8750890
 33.8987236 33.0049469 26.4026487
 39.1473633 37.1359316 23.5449918
 40.7973634 38.7859317 25.1949919
 42.2861061 40.4571328 26.8453956
 43.8728768 42.0140016 28.6469694
 45.5537295 43.7570070 30.3797456
 47.2831948 45.4609168 31.9287711
 49.0334930 47.1333998 33.4760111
 50.6967296 48.6780175 35.1571307
 52.3473641 50.3359324 36.7449925
 56.3469260 55.4184038 33.6915721
 57.9969261 57.0684039 35.3415722
 59.5110221 58.6194571 36.9666745
 61.3437076 60.3923800 38.7830192
 62.9504170 62.1369201 40.2901796
 64.6236795 63.8532228 42.0149922
 66.2320474 65.4905644 43.6542851
 67.8713633 67.0395216 45.4200986
 69.5469268 68.6184046 46.8915729
 73.9445360 74.6787370 45.0167924
 75.5945361 76.3287371 46.6667925
 77.3757284 77.7742597 48.0300139
 79.2203231 79.4325931 49.5209297
 80.9717273 81.0380553 51.1349952
 82.7097957 82.8307308 52.7096759
 84.2349288 84.4822654 54.5918334
 85.6552816 86.1841085 56.3926966
 87.1445367 87.8787377 58.2167932
 92.8556068 93.1457498 56.7284179
 94.5056069 94.7957499 58.3784180
 96.2816878 96.4158442 59.7759877
 98.0757640 98.0542622 61.3128003
 99.3878723 99.7386026 63.2022590
 101.055161 101.459113 64.9463425
 102.761602 103.145653 66.4838223
 104.370946 104.944240 67.8329241
 106.055608 106.345751 69.9284187
 111.581079 110.506584 67.3239035
 113.231079 112.156584 68.9739036
 114.918008 113.806882 70.6225849
 116.695594 115.467457 72.2254942
 118.279586 117.036233 73.8110168
 120.020408 118.760528 75.4633430
 121.550517 120.360724 77.1745322
 123.216209 122.027081 78.9109893
 124.781080 123.706585 80.5239042
 128.963071 128.481818 77.3524512
 130.613071 130.131818 79.0024513
 132.260608 131.630666 80.6519642
 133.849149 133.227826 82.3300940
 135.481259 134.922234 84.0674843
 136.982810 136.486754 85.7169147
 138.509951 138.349530 87.2863042
 140.390294 139.997589 88.9121357
 142.163071 141.681818 90.5524520
 146.313356 147.662607 88.4054383
 147.963356 149.312607 90.0554384
 149.825271 150.304120 91.8455782
 151.415766 151.249424 93.7974221
 153.532157 151.838400 95.7669297
 155.246194 152.979726 97.5725717
 156.845418 154.204063 99.5897277
 158.546871 155.544168 101.608882
 159.641323 156.913091 103.745788
 165.930892 161.750904 104.048271
 167.797698 162.482940 106.084605
 170.033104 163.392358 106.830451
 172.046968 164.389502 107.271448
 174.085943 165.157892 107.929555
 176.201416 165.646837 108.243976
 178.276090 165.862744 108.812627
 180.608621 165.987255 109.325294
 182.992200 165.337100 110.314708
 188.706680 162.797282 106.122352
 191.054043 161.482576 107.086166
 190.763266 161.216919 105.411461
 190.264767 161.207365 103.888203
 189.450867 161.094077 102.389445
 188.534363 160.896384 101.146183
 187.985226 160.379231 99.5571728
 187.650104 160.214278 98.0750367
 187.443029 160.329377 96.3565729
