 -6.1515099 29.8192097 27.5455666
 -4.7157747 30.2700220 27.3582299
 -3.3344710 31.1729753 27.5377977
 -2.5800943 32.3861582 27.9897706
 -1.7064584 33.5688859 28.3155533
 -0.4213245 34.6826060 29.0916877
  0.6761636 35.7328568 29.5805342
  2.0691311 36.5226638 29.7079162
  3.4844978 37.1622092 29.8030724
  5.8045082 37.3643220 30.2970717
 12.6785061 40.9803332 29.2268292
 15.3503675 40.0010730 28.9628087
 17.9172780 38.9699934 28.5256887
 20.5234446 37.8428018 28.2550366
 22.9728755 36.8363589 27.9062025
 25.6886515 35.9725727 27.5152958
 28.4616593 35.1306957 27.3408381
 31.2754266 34.2227852 26.9034169
 33.8987236 33.0049469 26.4026487
 39.1473633 37.1359316 23.5449918
 40.7973634 38.7859317 25.1949919
 42.4995501 40.4916626 27.0430995
 44.1700626 41.9767115 28.6308189
 45.8633471 43.6414602 30.1903394
 47.4910939 45.2672385 31.9913792
 49.1620047 46.8788788 33.5658017
 50.7574116 48.6389321 35.2887915
 52.3473641 50.3359324 36.7449925
 56.3469260 55.4184038 33.6915721
 57.9969261 57.0684039 35.3415722
 59.9523767 58.5865197 37.0554524
 61.6622898 60.3195797 38.9834722
 63.3684728 61.9001070 40.7476115
 65.1286136 63.6362248 42.9153084
 66.6135139 65.4897881 44.6589049
 68.0026594 67.1012793 46.7710549
 69.5469268 68.6184046 46.8915729
 73.9445360 74.6787370 45.0167924
 75.5945361 76.3287371 46.6667925
 77.1043794 77.8400933 48.3225519
 78.9389177 79.5183890 49.8439398
 80.6147471 81.1987121 51.6347405
 82.3724308 82.8794595 53.2030611
 84.1166151 84.4681113 54.7628809
 85.7448918 86.2595452 56.3764174
 87.1445367 87.8787377 58.2167932
 92.8556068 93.1457498 56.7284179
 94.5056069 94.7957499 58.3784180
 96.0628716 96.4058705 60.1442024
 97.4419179 98.3299597 61.7233971
 99.0298304 99.9650843 63.3032202
 100.719827 101.719669 64.7774711
 102.511231 103.491806 66.3296791
 104.302717 104.967211 67.9029822
 106.055608 106.345751 69.9284187
 111.581079 110.506584 67.3239035
 113.231079 112.156584 68.9739036
 114.757590 113.874891 70.5652997
 116.447415 115.410388 72.1520862
 118.079438 117.117243 73.8568298
 119.762210 118.704432 75.4597634
 121.336930 120.408816 77.1497992
 123.050705 122.041199 78.7230826
 124.781080 123.706585 80.5239042
 128.963071 128.481818 77.3524512
 130.613071 130.131818 79.0024513
 131.056522 132.240408 80.9543875
 131.854402 134.159435 82.6914887
 132.723149 135.970863 84.5535300
 133.517145 137.974391 86.4548127
 134.209764 139.677789 88.5151345
 135.200313 141.556422 90.5122385
 135.991353 143.418502 92.4424250
 137.486783 150.822161 91.6981860
 137.739563 152.760065 93.7834028
 136.908299 154.411709 94.8144075
 136.115548 156.401628 95.8133235
 134.887523 158.209133 96.9842389
 133.690229 159.992814 97.7498557
 132.881260 161.960045 98.6357085
 131.766964 163.689139 99.3594548
 130.033781 165.913626 100.018743
 127.964322 171.494382 94.7625946
 126.044773 173.611547 94.7414747
 124.625617 174.588634 94.4650818
 123.107109 174.833828 93.8778286
 121.878124 175.279736 93.0641412
 121.092028 176.137823 91.8264740
 120.526511 176.974101 90.7547376
 120.212693 177.901859 89.3606455
 120.696494 179.649669 87.7754639
 126.633817 182.963921 84.5434786
 127.413405 182.731368 81.8038319
 127.966108 183.440314 83.2273349
 128.940589 183.870029 84.7567541
 129.807931 184.094696 86.0102272
 130.901924 184.543039 87.1560925
 131.984407 184.691182 88.2532189
 132.949625 184.772897 89.4982526
 133.912327 184.636427 90.9526834
