 -2.6399849 26.7409024 25.3044174
 -1.9840404 27.7032292 26.5076202
 -1.2221470 28.9621067 27.3332223
 -0.4351518 30.3845682 27.7712096
  0.3084843 31.6757812 28.2175050
  1.2363569 32.8772256 28.5655385
  2.0362122 33.9889379 28.8722179
  3.1413970 34.8359784 29.2351270
  4.2490356 35.8856484 29.5854689
  5.8045082 37.3643220 30.2970717
 12.6785061 40.9803332 29.2268292
 15.3503675 40.0010730 28.9628087
 18.0022310 39.0440682 28.5742333
 20.6874129 38.0700513 28.0775908
 23.2708755 36.8885111 27.6498352
 26.0516773 35.9826112 27.4114150
 28.6177150 35.1242737 27.0530345
 31.1203153 34.0780385 26.6044332
 33.8987236 33.0049469 26.4026487
 39.1473633 37.1359316 23.5449918
 40.7973634 38.7859317 25.1949919
 42.6173335 40.4061274 26.9267988
 44.3725909 42.1202050 28.5827292
 46.0186443 43.7037764 30.1129866
 47.6542292 45.4134612 31.6774662
 49.2004664 47.0238693 33.3198313
 50.9229075 48.6148756 35.0617323
 52.3473641 50.3359324 36.7449925
 56.3469260 55.4184038 33.6915721
 57.9969261 57.0684039 35.3415722
 59.7687420 58.6524308 37.1599682
 61.4819228 60.1960529 39.0242850
 63.4347758 61.8761266 40.6421278
 64.9796276 63.5530747 42.6845679
 66.7770380 65.1089453 44.5765569
 68.1171129 66.9821840 46.6591836
 69.5469268 68.6184046 46.8915729
 73.9445360 74.6787370 45.0167924
 75.5945361 76.3287371 46.6667925
 77.4279692 77.9359511 48.3923338
 78.9154482 79.5738288 50.0996037
 80.8098976 80.9938757 51.7337765
 82.5973104 82.5008533 53.2402745
 84.3702864 84.2711859 54.8462459
 85.8704803 85.9341740 56.4150885
 87.1445367 87.8787377 58.2167932
 92.8556068 93.1457498 56.7284179
 94.5056069 94.7957499 58.3784180
 96.0504190 96.7190582 59.9366024
 97.5921806 98.4102286 61.5771957
 99.2804978 100.114709 63.0283058
 101.026138 101.635669 64.4163291
 102.709608 103.253365 66.3822834
 104.343238 104.921791 67.9373146
 106.055608 106.345751 69.9284187
 111.581079 110.506584 67.3239035
 113.231079 112.156584 68.9739036
 114.925127 113.810159 70.6973603
 116.714333 115.466868 72.3694138
 118.392079 117.260031 74.1549879
 119.836563 118.932927 75.7660756
 121.482279 120.469751 77.2973379
 123.151080 122.116232 78.9702601
 124.781080 123.706585 80.5239042
 128.963071 128.481818 77.3524512
 130.613071 130.131818 79.0024513
 131.151983 132.291442 80.9464709
 132.215323 134.271902 82.6530834
 132.891931 136.090934 84.5004651
 133.679409 137.855648 86.3428638
 134.589748 139.537820 88.2875711
 135.515867 141.548605 90.2573433
 135.991353 143.418502 92.4424250
 137.486783 150.822161 91.6981860
 137.739563 152.760065 93.7834028
 137.003680 154.558814 95.0372085
 136.121398 156.282487 96.1084189
 134.971365 158.134715 97.3364178
 133.806348 159.891339 98.2447219
 132.878447 161.823622 99.0708497
 131.830595 163.792990 99.7775995
 130.033781 165.913626 100.018743
 127.964322 171.494382 94.7625946
 126.044773 173.611547 94.7414747
 124.777913 174.457211 94.1793629
 123.628462 175.423751 93.3068845
 122.467938 176.023290 92.2865453
 121.555569 176.743499 91.1363055
 121.007907 177.504734 89.8511612
 120.906495 178.669171 88.7731088
 121.601805 180.460617 87.4510193
 127.027642 185.657339 86.9650414
 128.437164 186.410341 84.5957086
 128.423520 187.294403 85.9912644
 128.649332 188.344884 87.4138550
 129.049448 189.480090 88.8149850
 129.768564 190.478413 90.2653708
 130.580954 191.172049 91.4231370
 131.531249 191.931347 92.4996826
 132.563500 192.367409 93.7661968
