 -7.8419562 30.1770479 24.2753802
 -6.4360124 31.0937255 24.5793457
 -5.3434008 32.2690546 25.0196619
 -3.9405778 33.2551208 25.0909648
 -2.5291842 33.9117603 25.2983063
 -0.7697385 34.6097736 25.6913083
  0.8901345 35.1300685 26.0537041
  2.3672725 35.6802642 26.3999096
  3.8316551 36.2893480 26.5864302
  5.5692928 37.3561252 27.4027750
 12.5197797 40.9749642 27.1428922
 15.2045074 39.9959761 27.1792340
 18.1506942 39.3476809 27.3948283
 20.7043065 38.2727341 27.3781196
 23.4465360 37.2140680 27.1528408
 25.8956629 36.3164746 27.0048335
 28.5122830 35.2506953 26.7428362
 31.1437381 34.1600042 26.4508455
 33.8987236 33.0049469 26.4026487
 39.1473633 37.1359316 23.5449918
 40.7973634 38.7859317 25.1949919
 42.4538589 40.4837932 26.9374928
 44.0336228 42.2288416 28.5605513
 45.7802501 43.8590348 30.1931768
 47.4065430 45.5315916 31.8781032
 49.0315606 47.1000246 33.5070732
 50.5944779 48.7024737 35.1178309
 52.3473641 50.3359324 36.7449925
 56.3469260 55.4184038 33.6915721
 57.9969261 57.0684039 35.3415722
 59.8692686 58.8015587 37.1684690
 61.5841434 60.6540629 38.8150084
 63.3846417 62.2213367 40.8835936
 65.0245176 63.6445390 42.8928925
 66.7261843 65.2139634 44.8125785
 68.2532287 66.9483482 46.9703925
 69.5469268 68.6184046 46.8915729
 73.9445360 74.6787370 45.0167924
 75.5945361 76.3287371 46.6667925
 77.2432921 77.9130406 48.2563503
 78.8870137 79.4023207 49.8626855
 80.6233517 81.1442639 51.5056071
 82.4746408 82.8289931 52.9889865
 84.1340281 84.1216855 54.8719597
 85.6636701 85.9358242 56.2856501
 87.1445367 87.8787377 58.2167932
 92.8556068 93.1457498 56.7284179
 94.5056069 94.7957499 58.3784180
 96.2155268 96.6150949 59.7631923
 97.9471146 98.3049687 61.3005259
 99.4762974 99.9857691 63.1147940
 101.135567 101.584589 64.5916576
 102.829770 103.350870 66.5024522
 104.333840 105.000327 68.1292208
 106.055608 106.345751 69.9284187
 111.581079 110.506584 67.3239035
 113.231079 112.156584 68.9739036
 114.715848 113.699016 70.5986640
 116.223850 115.242484 72.1433675
 118.008773 116.844077 73.7534936
 119.690214 118.491468 75.4729012
 121.495443 120.367981 77.2244259
 123.210685 122.002326 78.9314882
 124.781080 123.706585 80.5239042
 128.963071 128.481818 77.3524512
 130.613071 130.131818 79.0024513
 130.491199 132.388047 80.7227643
 130.874146 134.289775 82.5327694
 131.278711 136.237497 84.7167702
 131.702447 138.044275 86.6557326
 132.367931 139.878035 88.6765476
 132.849329 141.766123 90.6656620
 132.747984 143.701795 92.9102262
 132.379564 151.267659 92.4344732
 131.821599 153.114282 94.5430645
 130.431574 154.468088 95.5904489
 128.658766 155.888168 96.1208345
 127.244541 157.400903 96.9247300
 125.578386 158.956222 97.8717758
 124.027220 160.325366 98.8926622
 122.325732 161.807423 99.3955413
 120.174843 163.600796 99.6087137
 117.520294 168.695953 94.1271685
 115.144531 170.255847 93.8271916
 113.600064 171.009848 93.3182453
 112.688117 171.648572 92.1632601
 111.727504 172.458625 91.1339543
 110.964503 173.408231 89.8006050
 110.296321 174.246840 88.5142301
 110.150476 175.057479 87.3824284
 110.888389 176.987424 86.2878149
 116.974998 181.284031 85.2042246
 118.441806 181.549920 82.7659306
 118.773050 182.357265 84.1384349
 119.093710 183.284535 85.4325135
 119.378374 184.266368 86.9210387
 119.981354 185.219251 88.2470981
 120.753455 186.074050 89.6014865
 121.425750 186.966733 90.8680597
 122.084354 187.651972 92.1915875
