  0.6373475  0.7625508  0.1109253  0.7509220 -0.5823177 -0.3114840
  0.5900133  0.7369644  0.3297996 -0.7983332  0.5935251  0.1019417
  0.5949063  0.7568682  0.2706235  0.7943718 -0.6050102 -0.0541854
  0.6861193  0.6359448  0.3532910 -0.6744623  0.7380721 -0.0187141
  0.7810365  0.5650231  0.2659526  0.5450405 -0.8246408  0.1513224
  0.5092304  0.7220438  0.4683345 -0.6181828  0.6854818 -0.3846618
  0.6617286  0.6152636  0.4284460  0.3336181 -0.7534018  0.5666434
  0.6048786  0.6611599  0.4438349 -0.2537293  0.6883288 -0.6795770
  0.5710606  0.8207730  0.0148841  0.3198630 -0.2391728  0.9167792
 -0.6734283  0.2929718  0.6787207 -0.3148732  0.7169949 -0.6219109
  0.8283675  0.2576356  0.4974246 -0.5601508  0.3711267  0.7406052
  0.7619337  0.2760819  0.5858633  0.6086819 -0.6143127 -0.5021217
  0.8312957  0.2349941  0.5037114 -0.5040779  0.7005856  0.5050596
  0.7839691  0.3658662  0.5015320  0.5564088 -0.7723967 -0.3062884
  0.8482009  0.2688346  0.4563804 -0.4420970  0.8338773  0.3304524
  0.8431030  0.2163521  0.4923100  0.4228075 -0.8323913 -0.3582715
  0.8607207  0.1900309  0.4722797 -0.3053811  0.9349979  0.1803367
  0.7829492  0.3075246  0.5407579  0.4832830 -0.8480242 -0.2174684
  0.2074069 -0.8513282  0.4818949  0.4319185  0.5216849  0.7357250
 -0.5021022 -0.6359416 -0.5860645  0.1604078 -0.7344068  0.6594816
 -0.5513557 -0.6185404 -0.5598345 -0.1707418  0.7405046 -0.6500002
 -0.5688451 -0.5860986 -0.5769780  0.1830017 -0.7741530  0.6059683
 -0.5223408 -0.6483804 -0.5538618 -0.4089616  0.7604164 -0.5044971
 -0.5298449 -0.5768426 -0.6217049  0.4598855 -0.8113460  0.3608641
 -0.5935855 -0.5538279 -0.5838928 -0.4969371  0.8229350 -0.2753753
 -0.6159244 -0.5535390 -0.5605638  0.6053426 -0.7879152  0.1129157
 -0.4696314 -0.6592944 -0.5871773 -0.6942777  0.6866322 -0.2156728
  0.0603768 -0.9459163 -0.3187428  0.9286647 -0.0638468  0.3653839
 -0.5966773 -0.5288468 -0.6035704  0.6567218 -0.7540457  0.0114711
 -0.5719891 -0.5239683 -0.6310989 -0.7791014  0.5877018  0.2181915
 -0.6013930 -0.5687640 -0.5611007  0.7988044 -0.4416031 -0.4085317
 -0.6036611 -0.5729685 -0.5543468 -0.7970070  0.4505668  0.4022057
 -0.5670471 -0.6155067 -0.5473656  0.7791254 -0.1851986 -0.5988865
 -0.6226173 -0.5673299 -0.5389661 -0.6779423  0.0470800  0.7336059
 -0.6090370 -0.5808161 -0.5401173  0.5230788  0.2177621 -0.8239953
 -0.7745703 -0.5196290 -0.3605919 -0.2766274 -0.2343767  0.9319575
 -0.9084930  0.1440971  0.3922710 -0.3217959  0.3576593 -0.8766568
  0.5560329  0.5926992  0.5826964 -0.8311220  0.3897582  0.3966419
  0.6002218  0.5364360  0.5932707  0.7778324 -0.5642624 -0.2767393
  0.5552628  0.5162364  0.6520608 -0.7911843  0.5695386  0.2228300
  0.6599669  0.5301286  0.5323602  0.7323288 -0.6121397 -0.2982942
  0.5970050  0.6485950  0.4721329 -0.7849395  0.5938146  0.1767884
  0.5483547  0.4944997  0.6743717  0.6931784 -0.7198775 -0.0357791
  0.6136875  0.5874867  0.5274913 -0.5307291  0.8015839 -0.2752995
  0.5283665  0.5708782  0.6284321  0.4345628 -0.8177245  0.3774675
 -0.8479592  0.2860018  0.4462826 -0.2555915  0.5169826 -0.8169468
  0.5780409  0.5469788  0.6055435 -0.8029720  0.5133901  0.3027647
  0.5684983  0.6658536  0.4831653  0.8045529 -0.5726059 -0.1575345
  0.5351397  0.5521757  0.6393180 -0.7861417  0.6025250  0.1376403
  0.6203786  0.5808128  0.5270549  0.6920348 -0.7216043 -0.0193653
  0.5405510  0.5706416  0.6182012 -0.6709247  0.7357358 -0.0924819
  0.5741101  0.6216476  0.5328713  0.6191137 -0.7554884  0.2143258
  0.5853006  0.6115576  0.5323725 -0.5054848  0.7885939 -0.3501496
  0.6108531  0.4661355  0.6399814  0.3241900 -0.8847087  0.3349498
  0.1828964 -0.7825048  0.5951766  0.2741497  0.6219681  0.7334832
 -0.4951675 -0.5999202 -0.6284146  0.1512028 -0.7717840  0.6176464
 -0.5215615 -0.5809774 -0.6248510 -0.2168890  0.7985720 -0.5614641
 -0.6188963 -0.5791221 -0.5306458  0.3127300 -0.8013960  0.5098670
 -0.5673296 -0.5563474 -0.6071365 -0.3635423  0.8307453 -0.4215439
 -0.5814712 -0.6214847 -0.5250220  0.5125055 -0.7810043  0.3568899
 -0.5454931 -0.5857206 -0.5994736 -0.4246456  0.8098107 -0.4048244
 -0.5554660 -0.6294133 -0.5434118  0.4197567 -0.7763670  0.4701687
 -0.4818097 -0.7350967 -0.4769615 -0.5702091  0.6763113 -0.4663310
  0.1167377 -0.9719483 -0.2041785  0.8717437  0.0017761  0.4899589
 -0.5309376 -0.5513037 -0.6435600  0.5723192 -0.7933542  0.2074606
 -0.5694916 -0.5703723 -0.5919077 -0.7059863  0.7082182 -0.0032011
 -0.5816776 -0.5646521 -0.5855075  0.7931138 -0.5535331 -0.2541093
 -0.5389299 -0.5822611 -0.6087089 -0.8423330  0.3771999  0.3849615
 -0.5779127 -0.5694261 -0.5846116  0.7953921 -0.2326602 -0.5596612
 -0.6039672 -0.5873180 -0.5387774 -0.6641669 -0.0027988  0.7475791
 -0.6301514 -0.5597019 -0.5381850  0.6452494  0.0080943 -0.7639292
 -0.7180157 -0.5407053 -0.4382822 -0.4650711 -0.0957883  0.8800758
 -0.9672950  0.0931139  0.2359454 -0.2178683  0.1713707 -0.9608150
  0.5420263  0.6026954  0.5856328 -0.8101607  0.1896176  0.5546935
  0.6129961  0.2230127  0.7579585  0.7857232 -0.2727472 -0.5552008
  0.4968224  0.1370004  0.8569705 -0.8164406  0.4086047  0.4080036
  0.5052688  0.1037215  0.8567061  0.7130159 -0.6094083 -0.3467419
  0.4460848  0.1619533  0.8802156 -0.6616160  0.7219934  0.2024591
  0.6302398  0.0835167  0.7718956  0.3328416 -0.9272689 -0.1714320
  0.5933380  0.1539452  0.7900955 -0.2618137  0.9650803  0.0085744
  0.4300556  0.0710649  0.9000011 -0.1211283 -0.9833417  0.1355253
 -0.7347036  0.3758630  0.5647457  0.3656833  0.9206059 -0.1369694
  0.4107368 -0.2967880  0.8620975 -0.4775931  0.7354028  0.4807157
  0.8173690 -0.3420732  0.4635664  0.0889603 -0.7200517 -0.6881945
  0.8926747 -0.3948523  0.2173097  0.2070966  0.7875975  0.5803457
  0.9191554 -0.3697110  0.1358936 -0.2297941 -0.7835087 -0.5773290
  0.8761179 -0.4665498  0.1214438  0.3874583  0.8313192  0.3984776
  0.8981954 -0.4015915  0.1787997 -0.3758910 -0.9125208 -0.1612813
  0.7860791 -0.5232510  0.3290714  0.5529421  0.8332100  0.0040168
  0.7578916 -0.6489549 -0.0667677 -0.6222579 -0.7498412  0.2247961
 -0.7584762 -0.2907782  0.5832340  0.5617542 -0.7453925  0.3589183
 -0.3952605  0.8709635 -0.2918764 -0.7237395 -0.0996127  0.6828459
 -0.1811385  0.3088419 -0.9337053  0.9009190 -0.3286145 -0.2834739
 -0.2871121  0.3388456 -0.8959633 -0.9166318  0.1743879  0.3596874
 -0.0583847  0.1175152 -0.9913533  0.9945413 -0.0791789 -0.0679583
  0.0685169  0.0272569 -0.9972775 -0.9965972 -0.0440398 -0.0696738
  0.0358280 -0.0875651 -0.9955143  0.9928472  0.1166427  0.0254721
  0.0059086 -0.3539359 -0.9352510 -0.9508222 -0.2916281  0.1043566
  0.0455160 -0.5067326 -0.8609009  0.8982731  0.3978198 -0.1866679
  0.0841871 -0.3843674 -0.9193336 -0.8511972 -0.5074006  0.1341934
