  0.9546410 -0.0538942  0.2928412 -0.0794294 -0.9939383  0.0760104
  0.9421893 -0.0525593  0.3309333  0.0891625  0.9913405 -0.0964054
  0.9115335  0.4111936  0.0051481  0.4010297 -0.8916335  0.2101545
  0.7611208  0.6308472  0.1507547 -0.4753720  0.7006817 -0.5320401
  0.7549520  0.6172569  0.2214527  0.3513620 -0.6658673  0.6581530
  0.8095852  0.5755775  0.1152493 -0.3681028  0.6507358 -0.6641108
  0.7606847  0.6345400 -0.1368132  0.4519124 -0.3663849  0.8133494
  0.6201667  0.7843980  0.0106314 -0.4029127  0.3301236 -0.8536274
  0.5692601  0.8219625  0.0179049  0.3846683 -0.2855276  0.8777838
 -0.4246122  0.1701053  0.8892517 -0.2909991  0.9044339 -0.3119597
  0.9507967 -0.0529962  0.3052491 -0.2768150  0.2971600  0.9138213
  0.9668233 -0.0187036  0.2547605  0.2155416 -0.4755096 -0.8528965
  0.9131943 -0.1668027  0.3718240 -0.2963060  0.3546325  0.8868137
  0.9693072 -0.0486708  0.2409870  0.1572481 -0.6307575 -0.7598803
  0.9749326 -0.0323785  0.2201318 -0.1061464  0.8018316  0.5880468
  0.9498635 -0.0231230  0.3118088  0.1474467 -0.8462814 -0.5119251
  0.9697464 -0.0726751  0.2330458 -0.0388979  0.8964568  0.4414206
  0.9457213 -0.0722755  0.3168400  0.1152307 -0.8370304 -0.5348850
  0.1548630 -0.9734406  0.1686145  0.6485954  0.2289194  0.7258925
 -0.5803617 -0.5707887 -0.5808447  0.3521101 -0.8190179  0.4530212
 -0.5761609 -0.5635231 -0.5920138 -0.5318594  0.8084821 -0.2519566
 -0.5921049 -0.5676350 -0.5720160  0.5981855 -0.7852198  0.1600125
 -0.5835705 -0.5561938 -0.5916874 -0.6171015  0.7773547 -0.1220875
 -0.5406021 -0.6080635 -0.5813847  0.6712907 -0.7283209  0.1375408
 -0.5435540 -0.6072207 -0.5795103 -0.6682324  0.7308475 -0.1390231
 -0.5406483 -0.6148273 -0.5741836  0.6712839 -0.7266722  0.1460325
 -0.4900721 -0.7017250 -0.5171183 -0.7320247  0.6533947 -0.1929125
  0.1223334 -0.9565461 -0.2646774  0.9025089 -0.0037401  0.4306549
 -0.6169494 -0.4900044 -0.6158483  0.6221828 -0.7828719 -0.0003972
  0.5619172  0.5102451  0.6510752  0.6341352  0.2396830 -0.7351357
  0.5635014  0.5964819  0.5715553 -0.7574336  0.0968474  0.6456894
  0.5364164  0.4986967  0.6808517  0.8198531 -0.1165036 -0.5605959
  0.5477087  0.5718692  0.6107216 -0.7430428 -0.0030540  0.6692370
  0.6513558  0.5163449  0.5559887  0.6850055 -0.0850011 -0.7235622
  0.5495315  0.5568514  0.6228416 -0.8336837  0.4142476  0.3651990
 -0.7671806 -0.5824994  0.2685672  0.5763430 -0.4422242  0.6872164
 -0.7459237  0.1117750  0.6565852 -0.5022005  0.5531461 -0.6646985
  0.5789168  0.5786073  0.5745163 -0.8039189  0.2872733  0.5207577
  0.5129267  0.5936999  0.6200215  0.8581325 -0.3737119 -0.3520626
  0.6102927  0.5469355  0.5730658 -0.7428228  0.6464548  0.1740991
  0.6471902  0.6114762  0.4552380  0.7108482 -0.6997914 -0.0706184
  0.5493446  0.6121225  0.5687940 -0.7635023  0.6443037  0.0440107
  0.6345637  0.4569478  0.6233198  0.5513371 -0.8328275  0.0492527
  0.6057316  0.5742624  0.5507376 -0.6583960  0.7504087 -0.0583223
  0.5690431  0.5693591  0.5933129  0.5229491 -0.8073843  0.2732303
 -0.7677452  0.2522766  0.5890024 -0.3266555  0.6367106 -0.6984953
  0.5840429  0.5818092  0.5660317 -0.8040087  0.3187324  0.5019757
  0.5260783  0.6423260  0.5573679  0.8495563 -0.4267358 -0.3100818
  0.5732742  0.6300405  0.5238374 -0.8072786  0.5437100  0.2295228
  0.5178954  0.5543859  0.6514911  0.8013952 -0.5808405 -0.1427941
  0.5174515  0.5980814  0.6119989 -0.7116184  0.6979509 -0.0803979
  0.5273052  0.5970535  0.6045465  0.5378214 -0.7853614  0.3065219
  0.6190258  0.5656141  0.5448740 -0.5163733  0.8158560 -0.2602643
  0.6319679  0.5481834  0.5478244  0.5044559 -0.8275935  0.2461976
  0.1632248 -0.7834211  0.5996741  0.2752808  0.6198503  0.7348511
 -0.4859781 -0.5699775 -0.6625337 -0.0361083 -0.7443312  0.6668338
 -0.5362043 -0.6051046 -0.5885010 -0.1638801  0.7585663 -0.6306509
 -0.6413632 -0.5263269 -0.5582412  0.2053862 -0.8188242  0.5360443
 -0.5416466 -0.5734494 -0.6146338 -0.0809923  0.7633790 -0.6408532
 -0.5376384 -0.5915040 -0.6008893  0.2796554 -0.7974049  0.5347320
 -0.6023059 -0.5721386 -0.5566731 -0.3966709  0.8196757 -0.4132602
 -0.5453761 -0.5737462 -0.6110484  0.5781250 -0.7853358  0.2214028
 -0.4955073 -0.6451714 -0.5815723 -0.6660276  0.7120013 -0.2223993
 -0.0245344 -0.9402788 -0.3395200  0.9256994 -0.1496016  0.3474189
 -0.6043185 -0.5208104 -0.6029558  0.6374594 -0.7700374  0.0262291
  0.5346753  0.5828084  0.6119287  0.8005600 -0.5812098 -0.1459412
  0.5507791  0.5619965  0.6170918 -0.6979564  0.7155641 -0.0287230
  0.5675367  0.5924922  0.5717124  0.6934539 -0.7183185  0.0560380
  0.6616923  0.5646172  0.4933261 -0.5962673  0.7951703 -0.1103152
  0.6202595  0.5725448  0.5361628  0.5980663 -0.7874685  0.1490307
  0.6203044  0.5758491  0.5325601 -0.6439055  0.7615686 -0.0734775
  0.6199137  0.5452963  0.5642330  0.6248904 -0.7779761  0.0653087
 -0.5931223  0.0833029  0.8007912 -0.6095376  0.6033499 -0.5142303
  0.5460572  0.5962395  0.5884896 -0.7985178  0.1579928  0.5808680
  0.7216794  0.5914779  0.3596286  0.6400983 -0.3724173 -0.6719966
  0.7433674  0.5915730  0.3121638 -0.6682778  0.6369998  0.3842344
  0.7410940  0.6404079  0.2016369  0.6706754 -0.6921575 -0.2666693
  0.7949139  0.5923686  0.1311921 -0.6043806  0.7920921  0.0855233
  0.7892179  0.5911590  0.1663314  0.5705837 -0.8060234  0.1573548
  0.7762418  0.5823407  0.2415119 -0.4632430  0.7867109 -0.4080342
  0.7470309  0.6117664  0.2601667  0.3976767 -0.7248403  0.5625476
 -0.4183317  0.5408837  0.7296873 -0.4712513  0.5575258 -0.6834378
  0.8107027  0.5790654  0.0862811 -0.5501265  0.7030385  0.4506635
  0.6168995  0.6733730  0.4074357  0.7853086 -0.5609794 -0.2619017
  0.5650399  0.5702706  0.5962561 -0.7514510  0.6540908  0.0865249
  0.4783908  0.8124893  0.3331717  0.7936857 -0.5624027  0.2318752
  0.6723511  0.6625422  0.3301240 -0.6432069  0.7436380 -0.1824486
  0.6208237  0.7138371  0.3240596  0.6104669 -0.6995446  0.3714397
  0.7906981  0.5475619  0.2738109 -0.3788142  0.7889470 -0.4838000
  0.9339754  0.3528913 -0.0561937  0.3246260 -0.7721910  0.5462041
  0.0810399 -0.0413606  0.9958523  0.4880038  0.8728346 -0.0034612
 -0.4222748 -0.8790941  0.2210825  0.1053352  0.1946540  0.9751996
  0.3500686 -0.9259893 -0.1414067 -0.2031488  0.0723161 -0.9764737
  0.1703080 -0.7489212 -0.6404001  0.4578851 -0.5153234  0.7244191
  0.2385799 -0.6881878 -0.6851840 -0.5297153  0.4991294 -0.6857635
  0.2709070 -0.7869452 -0.5543705  0.7654085 -0.1731418  0.6198159
  0.1866685 -0.5541618 -0.8112087 -0.9183748  0.1948321 -0.3444245
  0.1898524 -0.7661522 -0.6139762  0.9313828 -0.0573010  0.3595035
  0.1531165 -0.8880783 -0.4334424 -0.9559985 -0.0220465 -0.2925420
  0.2549686 -0.9520511 -0.1690851  0.8723902  0.1510717  0.4648793
