  0.8368252  0.5429868 -0.0699209  0.4663317 -0.7738728 -0.4285506
  0.7643606  0.5259159  0.3730489 -0.5966133  0.7962948  0.0998358
  0.7394589  0.6030153  0.2992875  0.6390449 -0.7685698 -0.0303661
  0.7075665  0.7065050  0.0141546 -0.6756963  0.6823032 -0.2791002
  0.3681060  0.9287019  0.0448410  0.7896400 -0.3377204  0.5122632
  0.3742031  0.8706625  0.3192474 -0.5005731  0.4794415 -0.7208068
  0.2823100  0.9571393  0.0646952  0.5223829 -0.2099403  0.8264631
  0.2164990  0.9608404 -0.1729565 -0.4577951 -0.0565595 -0.8872568
  0.3749009  0.9229079 -0.0876947  0.2072153  0.0087795  0.9782560
 -0.8875184  0.3539961  0.2949540 -0.1577710  0.3679657 -0.9163567
  0.5457608  0.6005181  0.5843999 -0.8297943  0.4843366  0.2772353
  0.5819261  0.6079151  0.5401863  0.7826407 -0.5991313 -0.1688642
  0.5938609  0.5570008  0.5805854 -0.6535468  0.7548352 -0.0556816
  0.5636723  0.5404895  0.6246156  0.7281623 -0.6821367 -0.0668527
  0.5486824  0.6147503  0.5665948 -0.6763867  0.7247426 -0.1313361
  0.5584928  0.6462846  0.5200018  0.6575279 -0.7270923  0.1974685
  0.6333680  0.5476480  0.5467419 -0.4851854  0.8314364 -0.2707558
  0.5560600  0.5842028  0.5911890  0.5110712 -0.8012656  0.3110941
  0.2230451 -0.7931055  0.5667755  0.3173224  0.6088276  0.7270732
 -0.4823475 -0.6114611 -0.6272609  0.1132402 -0.7535844  0.6475239
 -0.5453315 -0.5677444 -0.6166683 -0.2365810  0.8100270 -0.5365498
 -0.5663604 -0.5734044 -0.5919825  0.2339371 -0.8005928  0.5516562
 -0.6164705 -0.5201503 -0.5911072 -0.3357827  0.8527133 -0.4001626
 -0.5785583 -0.5912851 -0.5618294  0.4802481 -0.8037104  0.3512996
 -0.5799032 -0.5915576 -0.5601535 -0.6385145  0.7570510 -0.1384668
 -0.5787993 -0.5924976 -0.5603016  0.6664841 -0.7396165  0.0936290
 -0.4816014 -0.6923606 -0.5373052 -0.7798805  0.6182638 -0.0976540
  0.0897504 -0.9493649 -0.3010833  0.9129919 -0.0423751  0.4057710
 -0.5651509 -0.5388168 -0.6247247  0.5860537 -0.7951791  0.1556638
 -0.5866822 -0.5830726 -0.5619879 -0.7254629  0.6868036  0.0447693
 -0.5826297 -0.5801138 -0.5692193  0.8054386 -0.5057870 -0.3089468
 -0.6130800 -0.5370250 -0.5794282 -0.7823459  0.3107141  0.5398070
 -0.5867145 -0.5763219 -0.5688753  0.6924705  0.0071321 -0.7214109
 -0.5886409 -0.5677648 -0.5754520 -0.6508119 -0.0894212  0.7539547
 -0.6272363 -0.5413741 -0.5599006  0.4816288  0.2953341 -0.8251130
 -0.7443298 -0.4841048 -0.4600170 -0.2725216 -0.4086855  0.8710385
 -0.9119828  0.1397334  0.3856966 -0.3234572  0.3333430 -0.8855834
  0.6154786  0.5651753  0.5493296 -0.7705771  0.2851358  0.5700074
  0.5371132  0.6132126  0.5792062  0.8124179 -0.1913622 -0.5507791
  0.6189726  0.6005357  0.5061915 -0.7844910  0.4415057  0.4354844
  0.5560560  0.6490543  0.5191630  0.8142391 -0.5507438 -0.1835645
  0.5212688  0.6359243  0.5691037 -0.8251355  0.5457584  0.1459424
  0.6489162  0.5887663  0.4819357  0.7066590 -0.7011590 -0.0949165
  0.5893625  0.5136030  0.6235894 -0.5899235  0.8009711 -0.1021544
  0.6129829  0.5008074  0.6111006  0.5388530 -0.8306482  0.1402176
 -0.7138018  0.2103193  0.6680215 -0.3688090  0.6979857 -0.6138371
  0.5859814  0.5291249  0.6137203 -0.8102928  0.3893186  0.4380145
  0.6055907  0.6523146  0.4557912  0.7955803 -0.4835822 -0.3649660
  0.6146881  0.5513406  0.5640763 -0.7866520  0.4808812  0.3872106
  0.4944888  0.6311478  0.5976062  0.8544777 -0.4789337 -0.2012223
  0.5525129  0.5865172  0.5922221 -0.7694024  0.6321386  0.0917639
  0.6413359  0.5404863  0.5445758  0.6401175 -0.7682288  0.0086063
  0.5273360  0.5981979  0.6033872 -0.4790585  0.7958427 -0.3703205
  0.5095726  0.5424882  0.6678641  0.2678235 -0.8376439  0.4760496
  0.1770250 -0.7736860  0.6083356  0.2975733  0.6312437  0.7162273
 -0.5281642 -0.5605460 -0.6378329  0.0094265 -0.7549738  0.6556872
 -0.5740088 -0.5712815 -0.5866442 -0.1819385  0.7874959 -0.5888536
 -0.5904787 -0.6081530 -0.5305515  0.3911582 -0.7906762  0.4709845
 -0.5651138 -0.5204016 -0.6401786 -0.4022358  0.8512816 -0.3369362
 -0.5526453 -0.5668943 -0.6109124  0.1727516 -0.7950211  0.5814623
 -0.5966853 -0.5530960 -0.5814219 -0.3880764  0.8330624 -0.3942128
 -0.6198268 -0.5280504 -0.5804976  0.5941786 -0.7990098  0.0923856
 -0.5951097 -0.5522880 -0.5838000 -0.6793771  0.7337875 -0.0016411
 -0.0257830 -0.9386113 -0.3440118  0.9282462 -0.1502167  0.3402851
 -0.5425396 -0.5944886 -0.5934931  0.6665657 -0.7346304  0.1265240
 -0.5630643 -0.5679442 -0.6003316 -0.7719042  0.6208920  0.1365907
 -0.5766388 -0.5358172 -0.6167557  0.7921310 -0.5515056 -0.2614767
 -0.5651854 -0.6033490 -0.5626148 -0.8243532  0.4392875  0.3570271
 -0.5501228 -0.6013121 -0.5794727  0.8322774 -0.4516316 -0.3214703
 -0.5818569 -0.5806309 -0.5694824 -0.8016591  0.2914585  0.5219144
 -0.6162053 -0.6142515 -0.4929362  0.6893152 -0.1178753 -0.7148077
 -0.7562877 -0.4497193 -0.4751646 -0.4644864 -0.1423911  0.8740579
 -0.9420458  0.1239055  0.3117645 -0.2840837  0.1997013 -0.9377717
  0.5434051  0.5718261  0.6145940 -0.8390425  0.3465878  0.4193858
  0.6248722  0.5239535  0.5787983  0.7757516 -0.5002490 -0.3846563
  0.5597892  0.6368919  0.5300989 -0.8101340  0.5550768  0.1886071
  0.5908006  0.5588094  0.5819679  0.7215825 -0.6886483 -0.0712896
  0.6546558  0.5434138  0.5254781 -0.5270202  0.8264470 -0.1980784
  0.7338748  0.3526508  0.5805731  0.2866201 -0.9356313  0.2060169
  0.6511760  0.4940285  0.5761126 -0.3817087  0.8693087 -0.3140077
  0.6754760  0.3240531  0.6623607  0.1907323 -0.9444735  0.2675650
 -0.6359624  0.3159912  0.7040606 -0.1571196  0.8402004 -0.5190151
  0.7094801  0.3136915  0.6310591 -0.6554146  0.6227839  0.4272842
  0.8943303  0.3586912  0.2674211  0.4392818 -0.8173697 -0.3727443
  0.8967207  0.3984267  0.1927386 -0.4366014  0.8677293  0.2375397
  0.9153965  0.2745523  0.2943983  0.3145164 -0.9442461 -0.0973588
  0.9394866  0.3239912  0.1113312 -0.3227195  0.9460266 -0.0297642
  0.9592280  0.1107767  0.2600196  0.0468401 -0.9695744  0.2402738
  0.9859067  0.0685529  0.1526058  0.0090906  0.8888889 -0.4580325
  0.9522369 -0.0542879  0.3004956 -0.2349516 -0.7588195  0.6074460
 -0.3849005 -0.4409324  0.8108207  0.8492744  0.1747577  0.4981895
 -0.8984444 -0.1153808 -0.4236566 -0.3627637 -0.3485612  0.8642382
 -0.5553329 -0.7166185 -0.4219755  0.0774196  0.4606567 -0.8841954
 -0.6842796 -0.6359768 -0.3567842  0.0686399 -0.5432700  0.8367474
 -0.6964150 -0.5801293 -0.4224406 -0.0834655  0.6501350 -0.7552205
 -0.7665757 -0.4756803 -0.4313815  0.0936766 -0.7474231  0.6577108
 -0.8976248 -0.4400054  0.0257874 -0.4006276  0.7901031 -0.4639339
 -0.9375440 -0.3446045 -0.0475278  0.3072569 -0.8843921  0.3513457
 -0.8477580 -0.4733059 -0.2393487 -0.4243226  0.8759909 -0.2293257
 -0.5835203 -0.7197829 -0.3760540  0.7129427 -0.6757748  0.1871929
