  0.7498599  0.6487685  0.1296516  0.4005060 -0.2891551 -0.8694736
  0.8053268  0.5860951  0.0891141 -0.4481179  0.5034121  0.7387602
  0.8154744  0.5437323  0.1983854  0.5362406 -0.5807607 -0.6125055
  0.8668474  0.4984088  0.0128176 -0.4375282  0.7481327  0.4988653
  0.8206805  0.5601966 -0.1125313  0.5213741 -0.8147586 -0.2536483
  0.7418401  0.6703627  0.0169432 -0.6586214  0.7236317  0.2063369
  0.7409532  0.6573550  0.1373785  0.6611435 -0.7499225  0.0224846
  0.7886600  0.6092560  0.0825983 -0.6018073  0.7924614 -0.0991609
  0.8178048  0.5750766 -0.0219612  0.5380131 -0.7504367  0.3839096
 -0.2782668  0.0789103  0.9572569 -0.2297042  0.9622331 -0.1460937
  0.9654789 -0.2604709  0.0023368  0.0054622  0.0292140  0.9995583
  0.9793603 -0.1864172  0.0781158  0.0724525 -0.0370125 -0.9966849
  0.9827284 -0.1831619 -0.0263932  0.0563017  0.1600706  0.9854986
  0.9480098 -0.3172223 -0.0254437 -0.1111611 -0.2551633 -0.9604868
  0.9503490 -0.3077752 -0.0459471  0.1273209  0.2498435  0.9598789
  0.9732266 -0.2173672  0.0747086 -0.0656702 -0.5744510 -0.8159004
  0.9755228 -0.2084053 -0.0701608  0.1944811  0.6687654  0.7175862
  0.9793824 -0.1944808  0.0546571 -0.0986107 -0.6963756 -0.7108706
  0.1586678 -0.9673679  0.1975446  0.6333441  0.2532130  0.7312718
 -0.5360815 -0.5739020 -0.6190744  0.1651947 -0.7904968  0.5897673
 -0.6097397 -0.5771977 -0.5431945 -0.1774106  0.7673315 -0.6162206
 -0.5940553 -0.5635111 -0.5740676  0.3649337 -0.8247641  0.4319578
 -0.5815627 -0.6015696 -0.5476302 -0.4680848  0.7980263 -0.3795401
 -0.6137287 -0.5339563 -0.5815736  0.5131132 -0.8295972  0.2201894
 -0.5521722 -0.5893047 -0.5897676 -0.5997236  0.7721474 -0.2100478
 -0.5767712 -0.5990592 -0.5553945  0.6053791 -0.7699341  0.2017860
 -0.4340948 -0.7335158 -0.5229879 -0.6940754  0.6424114 -0.3249108
  0.1567464 -0.9593064 -0.2348656  0.8723920  0.0230037  0.4882653
 -0.5092278 -0.5485383 -0.6631688  0.6716744 -0.7350793  0.0922599
  0.5751228  0.5461432  0.6090659  0.1918038  0.6337439 -0.7493864
  0.6315772  0.5850247  0.5087793 -0.3383487 -0.3824638  0.8597916
  0.5552348  0.5478985  0.6257169  0.3860170  0.4966288 -0.7773999
  0.5515413  0.5325124  0.6420535 -0.6221673 -0.2500763  0.7418691
  0.5797971  0.5272171  0.6211903  0.7022083  0.0633124 -0.7091510
  0.5430942  0.4483127  0.7099749 -0.8308792  0.1648867  0.5314623
 -0.7436324 -0.5511073  0.3785388  0.6646736 -0.5481935  0.5076345
 -0.7021075  0.0824703  0.7072791 -0.5426781  0.5811155 -0.6064694
  0.6226268  0.5390032  0.5672842 -0.7788622  0.3568628  0.5157738
  0.4705121  0.5797667  0.6651984  0.8815469 -0.3418638 -0.3255829
  0.5448486  0.6029088  0.5827872 -0.8363997  0.4403108  0.3264382
  0.6179929  0.5794302  0.5313618  0.7582438 -0.6178662 -0.2081048
  0.6497738  0.5291114  0.5457427 -0.7337660  0.6240497  0.2686066
  0.5909323  0.5940185  0.5458397  0.7215149 -0.6918230 -0.0282332
  0.5856571  0.6433805  0.4930185 -0.6408529  0.7399608 -0.2043663
  0.6071822  0.4682344  0.6419395  0.4627711 -0.8651409  0.1933241
 -0.7663553  0.2274587  0.6008012 -0.3370834  0.6537586 -0.6774765
  0.5996915  0.5612011  0.5704589 -0.8001841  0.4127970  0.4350909
  0.5158263  0.6133121  0.5981400  0.8409120 -0.4958762 -0.2167345
  0.7394800  0.5019074  0.4486183 -0.6706955  0.6064923  0.4270066
  0.5308251  0.5575082  0.6382862  0.7749199 -0.6242212 -0.0992322
  0.5782466  0.5860503  0.5676054 -0.7148892  0.6992088  0.0063613
  0.5340474  0.6426246  0.5493878  0.6590043 -0.7234771  0.2056555
  0.5418514  0.6031252  0.5853520 -0.6723728  0.7289434 -0.1286712
  0.5819941  0.5584816  0.5910847  0.5085975 -0.8171452  0.2712975
  0.1588156 -0.8010045  0.5772083  0.3380194  0.5934103  0.7304842
 -0.5398960 -0.5472901 -0.6395200 -0.0485351 -0.7382617  0.6727659
 -0.5483808 -0.5499898 -0.6299125 -0.1012914  0.7914189 -0.6028235
 -0.6019333 -0.5282594 -0.5988475  0.1155334 -0.7996424  0.5892572
 -0.6015512 -0.5797481 -0.5495710 -0.1624956  0.7623881 -0.6263861
 -0.6055844 -0.5798666 -0.5449975  0.4387815 -0.8146562  0.3792177
 -0.6153903 -0.5825927 -0.5309242 -0.4972834  0.8095647 -0.3119523
 -0.5266365 -0.6081522 -0.5939738  0.5718236 -0.7704447  0.2818382
 -0.5309510 -0.6583097 -0.5335910 -0.6816223  0.7058919 -0.1926334
  0.0337732 -0.9630367 -0.2672447  0.9182526 -0.0756623  0.3886995
 -0.6889577 -0.3474015 -0.6361207  0.3838161 -0.9193596  0.0863891
  0.3700242  0.7237032  0.5825253  0.8691772 -0.4910879  0.0579979
  0.5412172  0.5799525  0.6088834 -0.7562608  0.6522855  0.0509239
  0.4636232  0.6815131  0.5662098  0.8564754 -0.5083910 -0.0893781
  0.3679715  0.7562843  0.5409538 -0.9188994  0.3847402  0.0871716
  0.4659947  0.6890662  0.5550105  0.8825768 -0.4063219 -0.2365602
  0.3713064  0.6051995  0.7041769 -0.8572004  0.5148958  0.0094711
  0.3872051  0.7499272  0.5363594  0.8485718 -0.5173564  0.1107620
 -0.5985827 -0.0491819  0.7995498 -0.7253260  0.4569142 -0.5149094
  0.3568622  0.6993494  0.6193221 -0.7573248 -0.1715532  0.6301021
 -0.1068378  0.9356712  0.3363111  0.7238487  0.3050839 -0.6188432
 -0.1854907  0.9494490  0.2532582 -0.5927809 -0.3136708  0.7417691
 -0.2299724  0.9424965  0.2425141  0.8341282  0.3192630 -0.4497791
 -0.2358219  0.9432070  0.2339842 -0.8803359 -0.3093167  0.3596275
 -0.1618325  0.9591931  0.2318595  0.9307898  0.2264142 -0.2869964
 -0.2131620  0.9358090  0.2807552 -0.9567817 -0.2581240  0.1339433
 -0.4508274  0.8754001  0.1744399  0.8907302  0.4285228  0.1515518
 -0.2458397 -0.2634458  0.9328232 -0.7070049 -0.6096126 -0.3584921
 -0.6311659  0.7630205  0.1393891 -0.5155282 -0.5469400  0.6596115
 -0.8295205  0.5273072  0.1839641  0.4225133  0.8079558 -0.4107187
 -0.9406682  0.3199822  0.1129365 -0.2701526 -0.9076042  0.3213600
 -0.8415200  0.4930441  0.2207976  0.4417699  0.8632963 -0.2440471
 -0.9545268  0.2979132 -0.0112398 -0.2967039 -0.9456239  0.1332751
 -0.9668753  0.2391889 -0.0891114  0.2488055  0.9611158 -0.1198008
 -0.9100196  0.2421952 -0.3364607 -0.2289673 -0.9702144 -0.0791072
 -0.4362520  0.6423941 -0.6300905  0.4393479  0.7631617  0.4738751
 -0.4009451  0.4279229  0.8100154 -0.8921678  0.0183990 -0.4513293
  0.7476159  0.1565268  0.6454222 -0.6546904  0.3369796  0.6766279
  0.8289036  0.4736102  0.2976779  0.5170672 -0.4456424 -0.7307834
  0.9151454  0.3957811  0.0765911 -0.3518400  0.6914382  0.6309690
  0.8794382  0.4309189  0.2022309  0.4752027 -0.7699921 -0.4257871
  0.7100070  0.3926751  0.5845480 -0.5999548  0.7719355  0.2101663
  0.8177443  0.2203210  0.5317451  0.2711996 -0.9623486 -0.0183291
  0.7571713  0.5041076  0.4154121 -0.4213414  0.8628768 -0.2791328
  0.4854149  0.7625304  0.4276912  0.4900206 -0.6424211  0.5892155
  0.4220547  0.8266792  0.3721175 -0.4870953  0.5529698 -0.6759901
