  0.3248283  0.8869060  0.3284574  0.9181617 -0.2124136 -0.3344542
  0.2797834  0.7641164  0.5812465 -0.9586095  0.1890396  0.2129127
  0.1791068  0.8836419  0.4325480  0.9837595 -0.1556069 -0.0894637
  0.4164672  0.6894261  0.5926607 -0.8518442  0.5236882 -0.0105948
  0.4335129  0.6554260  0.6184524  0.8040652 -0.5912018  0.0629255
  0.6176460  0.6765905  0.4009223 -0.6632284  0.7220743 -0.1968169
  0.6751655  0.6671295  0.3147852  0.5778836 -0.7435688  0.3363868
  0.7482805  0.5897182  0.3038235 -0.4024830  0.7676459 -0.4987256
  0.5948921  0.6531839  0.4684594  0.2417879 -0.7012240  0.6706889
 -0.8450872  0.3366079  0.4153586 -0.2266160  0.4781298 -0.8485500
  0.5676850  0.5915572  0.5725328 -0.8219812  0.4458268  0.3543804
  0.6015847  0.5942924  0.5337718  0.7586810 -0.6342047 -0.1489547
  0.5684094  0.4628730  0.6801907 -0.7666818  0.5979525  0.2337773
  0.4990725  0.5187420  0.6941422  0.8232055 -0.5340060 -0.1927960
  0.5994347  0.5414875  0.5894653 -0.7338666  0.6658133  0.1346568
  0.6669515  0.5349068  0.5187007  0.6726893 -0.7316337 -0.1104593
  0.4629022  0.6804746  0.5680456 -0.7403516  0.6492069 -0.1743846
  0.5379175  0.7360927  0.4108677  0.6799257 -0.6669641  0.3047294
  0.1976311 -0.7676180  0.6096758  0.2950291  0.6396831  0.7097629
 -0.5506921 -0.5497998 -0.6280592 -0.0603607 -0.7242295  0.6869121
 -0.5270568 -0.5944485 -0.6073238 -0.1079260  0.7556752 -0.6459930
 -0.5810881 -0.5532629 -0.5968558  0.1544858 -0.7950340  0.5865620
 -0.5769395 -0.5463689 -0.6071423  0.0075076  0.7397515 -0.6728383
 -0.5613587 -0.5869958 -0.5833629  0.1266124 -0.7575270  0.6404078
 -0.5623782 -0.5994360 -0.5695675 -0.1657529  0.7565577 -0.6325713
 -0.5843730 -0.5950981 -0.5516941  0.4169074 -0.8034428  0.4250504
 -0.4319155 -0.6864392 -0.5850215 -0.5821752  0.7076048 -0.4004591
  0.1796987 -0.9664801 -0.1833702  0.8438602  0.0556467  0.5336698
 -0.5715772 -0.5385644 -0.6190702  0.6018150 -0.7880032  0.1298830
 -0.5529462 -0.5937607 -0.5845500 -0.8041084  0.5640867  0.1876592
 -0.5819973 -0.5856011 -0.5642255  0.8086378 -0.3434471 -0.4776495
 -0.6083799 -0.5749359 -0.5471038 -0.7655792  0.2434339  0.5955069
 -0.5669834 -0.5928610 -0.5718790  0.7705985 -0.1364534 -0.6225419
 -0.5705046 -0.6388899 -0.5160854 -0.7211600  0.0889980  0.6870281
 -0.6162520 -0.5473405 -0.5662613  0.7088442 -0.0721706 -0.7016633
 -0.7102108 -0.4881009 -0.5073048 -0.5346863 -0.0947636  0.8397204
 -0.9941886  0.0875885  0.0625887 -0.0539396  0.0978515 -0.9937382
  0.5683981  0.6134975  0.5482193 -0.8173814  0.4970872  0.2911905
  0.4888087  0.6787664  0.5480349  0.8426462 -0.5299921 -0.0951617
  0.4664001  0.6857918  0.5587133 -0.8223161  0.5689074 -0.0118554
  0.5432173  0.6559112  0.5241140  0.6810211 -0.7093238  0.1818516
  0.5616820  0.4641654  0.6848823 -0.5834741  0.8091222 -0.0698509
  0.6864552  0.5442718  0.4822318  0.6445905 -0.7623931 -0.0570959
  0.6856870  0.4484778  0.5733245 -0.5992044  0.7949654  0.0947845
  0.6370252  0.4543901  0.6226785  0.4720865 -0.8685501  0.1508477
 -0.8396632  0.2694672  0.4715433 -0.2703619  0.5456191 -0.7932239
  0.6331328  0.5207970  0.5726372 -0.7630623  0.2957748  0.5746765
  0.6056896  0.6163025  0.5033004  0.7944546 -0.4330059 -0.4258496
  0.5190685  0.6357882  0.5712629 -0.8546998  0.3802307  0.3534301
  0.4970601  0.5947897  0.6317883  0.8636419 -0.4095926 -0.2938651
  0.5748951  0.5450880  0.6102251 -0.7883030  0.5688252  0.2345556
  0.5104798  0.4736323  0.7176927  0.7570133 -0.6434060 -0.1138400
  0.5617459  0.6252773  0.5417286 -0.7277696  0.6848841 -0.0358498
  0.6677497  0.6107054  0.4256164  0.6069451 -0.7777071  0.1636744
  0.1609789 -0.8075621  0.5673881  0.3381562  0.5852193  0.7369999
 -0.5455476 -0.5800534 -0.6049098  0.1534013 -0.7786995  0.6083545
 -0.5663682 -0.5641335 -0.6008164 -0.1926307  0.7994318 -0.5690363
 -0.5515303 -0.5971424 -0.5824390  0.2964836 -0.7929769  0.5322454
 -0.5803918 -0.5280992 -0.6198843 -0.4372291  0.8442740 -0.3098905
 -0.5334586 -0.6236337 -0.5714044  0.5855131 -0.7598022  0.2826216
 -0.5670353 -0.5856604 -0.5792003 -0.4619199  0.8082937 -0.3650909
 -0.5521320 -0.5641101 -0.6139462  0.4641697 -0.8196672  0.3356966
 -0.4199980 -0.7109594 -0.5640376 -0.5907226  0.6859905 -0.4248104
  0.1819465 -0.9783187 -0.0989342  0.8134724  0.0932335  0.5740821
 -0.5587633 -0.5548621 -0.6163697  0.5866931 -0.7897586  0.1790881
 -0.6188433 -0.5560388 -0.5548458 -0.5551667  0.8093106 -0.1918495
 -0.5708124 -0.5774505 -0.5837158  0.6782512 -0.7322803  0.0611622
 -0.5532846 -0.5833895 -0.5945863 -0.8031621  0.5629283  0.1950444
 -0.5529860 -0.5692481 -0.6084103  0.8317872 -0.4195356 -0.3634830
 -0.5672607 -0.5845783 -0.5800720 -0.7771457  0.1469070  0.6119337
 -0.6299107 -0.5506862 -0.5476836  0.6988984 -0.0943391 -0.7089719
 -0.7509740 -0.4695751 -0.4642599 -0.5305466  0.0104865  0.8475909
 -0.9581822  0.1228746  0.2584352 -0.2303105  0.2048619 -0.9513089
  0.5478930  0.5720225  0.6104125 -0.8316017  0.2931930  0.4716741
  0.4731169  0.7065294  0.5262857  0.8748879 -0.3065477 -0.3749662
  0.3635000  0.7057347  0.6081169 -0.9260666  0.3447417  0.1534723
  0.5726596  0.5560817  0.6023571  0.7392841 -0.6678406 -0.0863013
  0.6001114  0.5592968  0.5718858 -0.7078993  0.7042383  0.0541020
  0.6648140  0.5018822  0.5532961  0.5089787 -0.8464778  0.1562563
  0.6311571  0.5333734  0.5631638 -0.4527899  0.8428572 -0.2908143
  0.6730220  0.5162938  0.5296056  0.4352574 -0.8554032  0.2807780
 -0.6364412  0.1118766  0.7631686 -0.4457637  0.7541148 -0.4822920
  0.6334279  0.5417413  0.5525265 -0.7623320  0.3144063  0.5656842
  0.5270580  0.6516361  0.5455091  0.8498007 -0.4093930 -0.3320184
  0.4542934  0.6919013  0.5611507 -0.8908500  0.3542243  0.2844494
  0.5027747  0.5994260  0.6228210  0.8641183 -0.3674817 -0.3438849
  0.3677056  0.7349746  0.5697411 -0.9274759  0.3344348  0.1671583
  0.3833961  0.6671989  0.6386337  0.8630257 -0.5050697  0.0095536
  0.1238625  0.6350243  0.7624973 -0.8662522  0.4440035 -0.2290590
  0.0935564  0.7392558  0.6668943  0.6778921 -0.5378812  0.5011448
  0.3160779 -0.6429945  0.6976051 -0.1537858  0.6908533  0.7064501
  0.2400141 -0.8242862 -0.5127821  0.2305809 -0.4646988  0.8549196
  0.8372676 -0.5254607 -0.1512417 -0.0514426  0.1996734 -0.9785112
  0.7932676 -0.5554972 -0.2492979  0.0502588 -0.3483049  0.9360330
  0.7691695 -0.6218414 -0.1472802 -0.1169550  0.0895964 -0.9890875
  0.8416145 -0.5361267 -0.0652165  0.1500310  0.1160843  0.9818427
  0.7960054 -0.5943996 -0.1143003 -0.4522756 -0.4585797 -0.7649519
  0.8417868 -0.5059473  0.1881814  0.3045932  0.7329989  0.6082233
  0.7921163 -0.5987739  0.1184127 -0.4857515 -0.7358857 -0.4717179
  0.7716366 -0.6359022 -0.0143276  0.6010304  0.7215789  0.3436369
