  0.3544137  0.9043378  0.2378319  0.6866879 -0.4243449  0.5902467
  0.0307970  0.9990943 -0.0293633 -0.7216663  0.0019005 -0.6922385
 -0.0431700  0.9950097  0.0899559  0.5188360 -0.0546183  0.8531272
 -0.0961570  0.9848157 -0.1445402 -0.3892075 -0.1708523 -0.9051668
  0.1659424  0.9836923 -0.0693729  0.1068463  0.0519991  0.9929149
  0.2994691  0.8792250 -0.3705154 -0.1482811 -0.3407305 -0.9283940
  0.1543669  0.8858880 -0.4374624  0.0530315  0.4347022  0.8990115
  0.0887659  0.9371993 -0.3373100 -0.0063868 -0.3381043 -0.9410870
  0.3363943  0.8887850 -0.3112879 -0.0156269  0.3357749  0.9418126
 -0.8924100  0.3609528  0.2707720 -0.1330314  0.3629430 -0.9222663
  0.6733574  0.4856261  0.5574559 -0.7391489  0.4582868  0.4935911
  0.6635539  0.4496924  0.5978905  0.6869697 -0.6827245 -0.2489174
  0.6367311  0.5653887  0.5243179 -0.7429548  0.6318336  0.2209173
  0.6652289  0.4691168  0.5808614  0.6742437 -0.7116239 -0.1974511
  0.7253822  0.3778197  0.5753894 -0.5739764  0.7934070  0.2026236
  0.6838585  0.4809053  0.5486963  0.5836507 -0.8118496 -0.0158771
  0.6931929  0.4323684  0.5766638 -0.5136062  0.8576426 -0.0256465
  0.7203801  0.2975304  0.6265207  0.4003564 -0.9160094 -0.0253275
  0.2118729 -0.7887026  0.5771119  0.3403642  0.6130979  0.7129258
 -0.5542914 -0.5977637 -0.5791715  0.0168917 -0.7037854  0.7102117
 -0.5150176 -0.5890709 -0.6226976 -0.1671680  0.7815247 -0.6010607
 -0.5866365 -0.5854941 -0.5595125  0.1644583 -0.7626151  0.6255971
 -0.5887791 -0.6141433 -0.5255161 -0.3657671  0.7822152 -0.5043350
 -0.5365952 -0.6001284 -0.5932213  0.3113242 -0.7942023  0.5218429
 -0.4996469 -0.6562672 -0.5653904 -0.4759276  0.7533405 -0.4538403
 -0.5821525 -0.6122989 -0.5349659  0.5802858 -0.7737484  0.2541293
 -0.4904876 -0.6654478 -0.5626732 -0.6866887  0.6926722 -0.2205987
  0.1101129 -0.9544576 -0.2772829  0.8974454 -0.0244209  0.4404490
 -0.5947560 -0.5205132 -0.6126429  0.6297893 -0.7753228  0.0473274
 -0.5456556 -0.5881719 -0.5969202 -0.7685087  0.6352404  0.0765773
 -0.5740693 -0.5776636 -0.5803009  0.7892371 -0.5791160 -0.2042778
 -0.5589717 -0.5539838 -0.6169705 -0.8289569  0.3908680  0.4000659
 -0.5697045 -0.5784217 -0.5838365  0.7983336 -0.2207667 -0.5602905
 -0.5891923 -0.5687630 -0.5738999 -0.6645292 -0.0629341  0.7446074
 -0.5898591 -0.5668772 -0.5750795  0.5925944  0.1798971 -0.7851553
 -0.7373521 -0.5204163 -0.4306725 -0.4168434 -0.1511508  0.8963230
 -0.9428686  0.1117404  0.3138677 -0.2695504  0.2978360 -0.9157709
  0.5737226  0.5877648  0.5704164 -0.8133295  0.4910031  0.3121075
  0.5936147  0.5629219  0.5751005  0.7899361 -0.5440751 -0.2828129
  0.6420301  0.5350265  0.5491302 -0.7258575  0.6547830  0.2106898
  0.5193212  0.6305225  0.5768422  0.8336195 -0.5223448 -0.1795396
  0.7216088  0.5108266  0.4672654 -0.5813248  0.8136296  0.0082724
  0.5375816  0.5908907  0.6015432  0.5395617 -0.7892779  0.2931102
  0.5401985  0.5133315  0.6668405 -0.4658460  0.8423305 -0.2710476
  0.5332062  0.5647767  0.6298559  0.4203189 -0.8229872  0.3821309
 -0.7935431  0.2667011  0.5469551 -0.3181378  0.5843809 -0.7465167
  0.5996001  0.5338422  0.5962316 -0.8001496  0.3854605  0.4595441
  0.5809558  0.5583775  0.5922035  0.8107048 -0.4617249 -0.3599554
  0.6214916  0.5702761  0.5371530 -0.7652030  0.5888866  0.2601481
  0.5414764  0.6219485  0.5656708  0.7855277 -0.6140427 -0.0767969
  0.5696970  0.5817915  0.5804860 -0.7667453  0.6305321  0.1205444
  0.5835864  0.5651461  0.5831267  0.6454212 -0.7585922  0.0892712
  0.5535848  0.5986235  0.5789592 -0.6124012  0.7637407 -0.2041199
  0.5362530  0.5839468  0.6094579  0.4614095 -0.8074281  0.3676428
  0.1805564 -0.8543556  0.4873150  0.4095311  0.5157700  0.7525062
 -0.5053537 -0.6371382 -0.5819558  0.1297459 -0.7228455  0.6787197
 -0.4902539 -0.6233825 -0.6091350 -0.4412903  0.7802209 -0.4433037
 -0.5713138 -0.5564425 -0.6033012  0.4336299 -0.8287523  0.3537441
 -0.5344336 -0.6009844 -0.5943051 -0.5250236  0.7870857 -0.3238000
 -0.5881673 -0.6210051 -0.5180848  0.6035572 -0.7634516  0.2299137
 -0.6097294 -0.5891932 -0.5301711 -0.6070706  0.7772089 -0.1655643
 -0.5869134 -0.6083232 -0.5342990  0.5599580 -0.7816185  0.2748083
 -0.4674051 -0.7111650 -0.5251446 -0.6732268  0.6713422 -0.3099441
  0.1101683 -0.9652982 -0.2367746  0.8807323 -0.0155914  0.4733577
 -0.5596414 -0.5455960 -0.6238001  0.6768970 -0.7352086  0.0357604
 -0.5561539 -0.5785784 -0.5966069 -0.7589304  0.6461311  0.0808650
 -0.5595186 -0.6000091 -0.5717762  0.8178101 -0.5117354 -0.2632744
 -0.6129063 -0.5149431 -0.5993158 -0.7714182  0.5541556  0.3127707
 -0.5805558 -0.5591552 -0.5918618  0.8132907 -0.4329623 -0.3887183
 -0.5960022 -0.5096017 -0.6205542 -0.7734040  0.1564905  0.6142939
 -0.6090242 -0.5340430 -0.5864193  0.6922097  0.0030717 -0.7216899
 -0.7494515 -0.4982694 -0.4359472 -0.4417686 -0.1140786  0.8898464
 -0.9775511  0.0875447  0.1916500 -0.1812675  0.1142372 -0.9767763
  0.5630571  0.6138761  0.5532837 -0.8000629  0.2371813  0.5510393
  0.5869699  0.3934296  0.7075871  0.8076683 -0.3450299 -0.4781488
  0.6099095  0.4572533  0.6472479 -0.7337662  0.6343442  0.2432994
  0.6307191  0.3563788  0.6893385  0.6473749 -0.7314630 -0.2141674
  0.6230867  0.4194313  0.6601820 -0.4704114  0.8752956 -0.1121195
  0.6832636  0.3357540  0.6483981  0.2099792 -0.9408480  0.2659205
  0.5853804  0.4227100  0.6918425 -0.2698148  0.9062569 -0.3254203
  0.5651242  0.3591332  0.7427368  0.1665609 -0.9314081  0.3236301
 -0.8075130  0.2056719  0.5528307 -0.1870462  0.7995809 -0.5706874
  0.6088756  0.2168872  0.7630403 -0.7725664  0.3804325  0.5083426
  0.8988200  0.3638686  0.2443812  0.4235778 -0.5776889 -0.6977516
  0.9515267  0.2286677  0.2056891 -0.3001501  0.8363506  0.4587239
  0.8718536  0.3570976  0.3351904  0.4440645 -0.8650451 -0.2334602
  0.9184372  0.2985491  0.2595025 -0.3242484  0.9439651  0.0615862
  0.9775281  0.1469042  0.1511886  0.1520171 -0.9881155 -0.0227708
  0.9214239  0.2580801  0.2904697 -0.1996550  0.9557917 -0.2158707
  0.9265018 -0.1525820  0.3439667 -0.2711759 -0.9044798  0.3292111
 -0.6646326 -0.6260008  0.4079050  0.7064356 -0.3486924  0.6159240
 -0.7699919  0.2744618 -0.5760063 -0.6102968 -0.5801770  0.5393816
 -0.2421328 -0.4545726 -0.8571671  0.4829533  0.7097640 -0.5128266
  0.0425068 -0.4404577 -0.8967665 -0.4063187 -0.8276193  0.3872356
  0.0012901 -0.5863713 -0.8100414  0.6187316  0.6368388 -0.4600083
  0.1890698 -0.6316969 -0.7518056 -0.6759382 -0.6390812  0.3669914
  0.0087146 -0.3684499 -0.9296068  0.4532000  0.8301383 -0.3247770
  0.0939410 -0.1849978 -0.9782387 -0.2268446 -0.9607151  0.1598998
 -0.2824838 -0.0797056 -0.9559550 -0.0038602  0.9966285 -0.0819562
 -0.4728821  0.1432464 -0.8694038 -0.0129275 -0.9877184 -0.1557089
