  0.8856913 -0.0948448 -0.4544836  0.2815188 -0.6687067  0.6881704
  0.9691457  0.0964243 -0.2268455 -0.2441564  0.5018299 -0.8297918
  0.7336280  0.5349079 -0.4191223  0.6468618 -0.3607049  0.6719090
  0.6164484  0.7035835 -0.3534992 -0.6784537  0.2467734 -0.6919563
  0.5691987  0.7145456 -0.4067400  0.6476475 -0.0848905  0.7571963
  0.5120942  0.8349030 -0.2017338 -0.5788020  0.1618970 -0.7992356
  0.4617028  0.8746472 -0.1477256  0.4340014 -0.0775001  0.8975726
  0.3268725  0.8790796 -0.3469486 -0.2829181 -0.2592579 -0.9234407
  0.3145797  0.9348760 -0.1644583 -0.0043550  0.1746738  0.9846167
 -0.9019862  0.3455729  0.2588439 -0.1255433  0.3636870 -0.9230225
  0.6782316  0.4565547  0.5758122 -0.7024069  0.1725254  0.6905502
  0.6893944  0.4260576  0.5858415  0.7229840 -0.3543959 -0.5930410
  0.6869392  0.4422963  0.5766182 -0.7206539  0.5168645  0.4620704
  0.7039993  0.4305300  0.5648264  0.6834384 -0.6269554 -0.3739504
  0.6564402  0.4242994  0.6237438 -0.7364304  0.5397148  0.4078948
  0.6541242  0.5568634  0.5118834  0.7556890 -0.5102009 -0.4106448
  0.6781189  0.4126137  0.6081980 -0.6576379  0.7101184  0.2514841
  0.7585410  0.3907655  0.5214575  0.4502066 -0.8928123  0.0141527
  0.2131754 -0.7501923  0.6259136  0.2681667  0.6609625  0.7008674
 -0.5094296 -0.5827786 -0.6331276  0.0280822 -0.7466238  0.6646536
 -0.5597898 -0.5441157 -0.6249588 -0.1864146  0.8175635 -0.5448298
 -0.5494952 -0.6367551 -0.5409233  0.4519743 -0.7710636  0.4485311
 -0.5533150 -0.6280121 -0.5472141 -0.4427773  0.7781925 -0.4453815
 -0.5879974 -0.5417480 -0.6006398  0.4271555 -0.8385567  0.3381728
 -0.5928899 -0.5481483 -0.5899280 -0.4426178  0.8338120 -0.3299199
 -0.5203319 -0.6130931 -0.5944506  0.5280489 -0.7780671  0.3402586
 -0.4215163 -0.7043793 -0.5711163 -0.7514955  0.6238157 -0.2147290
  0.1361396 -0.9536366 -0.2684088  0.8920430  0.0001415  0.4519506
 -0.5833783 -0.4933087 -0.6452258  0.4634874 -0.8545660  0.2342999
 -0.5711181 -0.5481092 -0.6110650 -0.6778188  0.7347840 -0.0255739
 -0.5771298 -0.5863100 -0.5684732  0.7680014 -0.6263353 -0.1337087
 -0.5678523 -0.5928609 -0.5710164 -0.7863936  0.5956751  0.1635732
 -0.5501713 -0.5768933 -0.6037430  0.8345425 -0.3546048 -0.4216566
 -0.5654473 -0.5741837 -0.5921000 -0.7378320  0.0313088  0.6742579
 -0.5687144 -0.5470326 -0.6142632  0.6182861  0.2082204 -0.7578698
 -0.8102191 -0.4127480 -0.4161539 -0.3348402 -0.2568006  0.9066066
 -0.8977102  0.1473096  0.4152305 -0.3488658  0.3379397 -0.8741221
  0.5352080  0.6129285  0.5812668 -0.8408824  0.4521022  0.2975237
  0.6616105  0.5674010  0.4902323  0.7497755 -0.4915113 -0.4430050
  0.5975286  0.4824484  0.6404711 -0.7962363  0.4513290  0.4028769
  0.6033095  0.5887634  0.5379361  0.7921463 -0.5204802 -0.3187546
  0.4907216  0.7092062  0.5061807 -0.8303392  0.5566975  0.0249952
  0.5909814  0.5177466  0.6186109  0.6510575 -0.7589137  0.0131943
  0.5981164  0.5863900  0.5462633 -0.5372051  0.7991759 -0.2696824
  0.6037752  0.5744980  0.5526370  0.4650905 -0.8169106  0.3410981
 -0.6575285  0.1800988  0.7315878 -0.3930014  0.7464615 -0.5369778
  0.6048765  0.5521712  0.5737869 -0.7711908  0.2266058  0.5949072
  0.5108912  0.6408154  0.5730146  0.8435860 -0.2454837 -0.4775986
  0.6602218  0.5365138  0.5256046 -0.7510611  0.4751580  0.4584017
  0.5931849  0.5543400  0.5838140  0.7971426 -0.5059183 -0.3295608
  0.5224347  0.6886697  0.5027883 -0.8392325  0.5195988  0.1603304
  0.5521791  0.6107897  0.5674806  0.7603433 -0.6481472 -0.0422289
  0.5779757  0.5793890  0.5746760 -0.6991466  0.7147650 -0.0174659
  0.6123945  0.5264679  0.5897495  0.5216915 -0.8296283  0.1988840
  0.1793163 -0.7991105  0.5738188  0.3254787  0.5986151  0.7319314
 -0.5467855 -0.5594079 -0.6229675  0.0996571 -0.7822374  0.6149578
 -0.5351116 -0.5971471 -0.5975541 -0.2957399  0.7950049 -0.5296274
 -0.6203543 -0.5763051 -0.5320085  0.3773659 -0.8139462  0.4416861
 -0.5446889 -0.5788864 -0.6067987 -0.4028841  0.8152130 -0.4160675
 -0.6086826 -0.5338821 -0.5869203  0.4772061 -0.8373256  0.2667588
 -0.5791991 -0.6179758 -0.5316336 -0.5752879  0.7719191 -0.2705268
 -0.5748595 -0.5809388 -0.5762349  0.4934984 -0.8078825  0.3221570
 -0.4662019 -0.7321342 -0.4966238 -0.6239770  0.6700667 -0.4020738
  0.1405846 -0.9730131 -0.1829792  0.8700449  0.0332125  0.4918524
 -0.5735023 -0.5352073 -0.6202002  0.5625365 -0.8076500  0.1767883
 -0.6118980 -0.5568096 -0.5617329 -0.6328346  0.7706866 -0.0745826
 -0.5883430 -0.5438765 -0.5983736  0.7446726 -0.6528355 -0.1388113
 -0.5518676 -0.5321538 -0.6420705 -0.7917459  0.5761276  0.2030157
 -0.5913608 -0.5497635 -0.5899598  0.8024776 -0.4733273 -0.3633057
 -0.5807648 -0.5989541 -0.5513313 -0.8107844  0.3647738  0.4577868
 -0.6353328 -0.5739229 -0.5166862  0.7148631 -0.1840146 -0.6746180
 -0.7204810 -0.4942784 -0.4864113 -0.5657857  0.0133915  0.8244436
 -0.9817847  0.0995305  0.1618409 -0.1498680  0.1178881 -0.9816527
  0.5588178  0.6199505  0.5508031 -0.8199340  0.3135512  0.4789508
  0.5676798  0.3288081  0.7547349  0.8111343 -0.3800977 -0.4445075
  0.6227697  0.4044657  0.6697503 -0.7328772  0.6012863  0.3183485
  0.6770069  0.3204802  0.6625361  0.6588435 -0.6651058 -0.3515104
  0.6025473  0.1873644  0.7757779 -0.6042299  0.7421373  0.2900662
  0.6287088  0.4120079  0.6595261  0.6326291 -0.7641896 -0.1256770
  0.5055098  0.5691233  0.6485049 -0.7505056  0.6608447  0.0050668
  0.5486873  0.3662474  0.7515352  0.5207348 -0.8529800  0.0355022
 -0.7544730  0.1253388  0.6442520 -0.2524918  0.8506252 -0.4611775
  0.6568770  0.2593125  0.7080039 -0.7536798  0.1985494  0.6265341
  0.9138009  0.2319881  0.3333909  0.4022452 -0.4031760 -0.8219780
  0.9627255  0.2311815  0.1404089 -0.2538928  0.5933954  0.7638196
  0.9382577  0.2990303  0.1739350  0.3424358 -0.7314737 -0.5896473
  0.9303303  0.2575046  0.2611073 -0.3588098  0.7862711  0.5030241
  0.9249093  0.3099545  0.2201613  0.3755740 -0.8348400 -0.4024753
  0.9927828  0.1150347  0.0339011 -0.1176783  0.9889160  0.0905371
  0.9768662 -0.1224526  0.1753219 -0.1513578 -0.9750612  0.1623162
 -0.3905982 -0.6701690  0.6311153  0.8764035 -0.0609296  0.4777075
 -0.8298981  0.2721725 -0.4870229 -0.5535163 -0.5110646  0.6575962
 -0.3182028 -0.5176821 -0.7941991  0.4605382  0.6478410 -0.6068003
 -0.2401674 -0.8084684 -0.5373066 -0.1913280 -0.5032257  0.8427085
 -0.3776963 -0.8272817 -0.4158732  0.0791574  0.4186479 -0.9046922
 -0.4562862 -0.8088680 -0.3708579  0.3436677 -0.5446248  0.7650336
 -0.4020886 -0.7875800 -0.4669503 -0.5435187  0.6157290 -0.5704957
 -0.2583847 -0.9415708 -0.2160597  0.7107770 -0.3367617  0.6175659
 -0.4337838 -0.8176271 -0.3785730 -0.6738618  0.5733100 -0.4660751
 -0.4263984 -0.8991024 -0.0989914  0.8631690 -0.4371714  0.2526271
