   29.870840824756421        29.009121305705143        29.877976998591095     
   29.966092226046744        29.019621561748995        29.845997744337115     
   30.120997973022273        29.039438126356405        29.798648385693763     
   30.296236054199763        29.047214000834433        29.750573738185292     
   30.400218787208789        29.009731401380755        29.695090872417047     
   30.478022499108750        28.905611561205223        29.642316658892764     
   30.476690939552849        28.788633086604808        29.602855951448674     
   30.402906284661551        28.691868470300051        29.611889087007025     
   30.218475137180317        28.603744530233730        29.683489621546371     
   30.069623757458384        28.655477784889264        29.834164453580485     
   30.068419742890981        28.715051343276674        29.882839100151166     
   30.256593197956988        28.997597980126532        29.905354967121024     
   30.338579200549823        29.111157277938823        29.841940847897380     
   30.335611588603232        29.159106223459613        29.761691794011686     
   30.281457415633220        29.135812115842629        29.634560188842091     
   30.192669581381615        29.052417315475598        29.567421998298133     
   30.166134447272633        28.899718787289871        29.577102593413301     
   30.212206142020413        28.764388000529532        29.677233418822532     
   30.293082146196095        28.714648742773061        29.808570631348470     
   30.420222071747819        28.791299220678766        30.074044869730379     
   30.397814919382263        28.822063028180491        30.101145845370517     
   29.808947026148740        29.002053333749625        29.881128491928138     
   30.296751046266170        28.875247723526723        29.652064555193409     
   30.412698092290515        28.925883185635090        29.647443818418072     
   30.465767198862565        29.019707642728321        29.706988900987561     
   30.401378555437308        29.164224630824247        29.881604030738760     
   30.308353632965979        29.164773191144779        29.954231461963971     
   30.216107108780140        29.048550847462717        29.975016111528241     
   30.202968600760293        28.858010990205994        29.925445396398239     
   30.308109591318754        28.745807356400842        29.856519977704423     
   30.447779301091309        28.752804616968866        29.822955654816294     
   30.551000114068948        28.856143016543164        29.840383789334052     
   30.567739867540983        28.956301043132029        29.895769876465799     
   30.451652618413675        29.057983216288697        30.009730912376586     
   30.232882792865340        29.014701807704654        30.079003621975104     
   30.127593795881776        28.904889780753120        30.033180744651229     
   30.122701266023604        28.778900971526937        29.901778451786790     
   30.300585314558241        28.749806273298880        29.617011997646550     
   30.318059779652135        28.790960200540717        29.603077405671112     
   30.268702735150253        29.044766618486946        29.792709401413614     
   30.260182369366838        29.135880884161093        29.923752993916374     
   30.287561578171843        29.152021223120283        30.030997470993192     
   30.392743044060911        29.125281788219755        30.105817312887670     
   30.529977471660935        29.036941490621729        30.116265481940271     
   30.596983219793639        28.978602886557940        30.064673832230863     
   30.605685769860834        28.866133102967154        29.964861548125445     
   30.546047324885375        28.785161043253446        29.858294251004441     
   30.283152892087514        28.797757580880749        29.714525711336581     
   30.211161875757881        28.854197003435488        29.706580109811458     
   30.160253392442286        29.016162291233023        29.763451173489319     
   30.205130461189754        29.145877661856790        29.851127486512475     
   30.396736892442171        29.190750931996771        29.983436934353406     
   30.545361827549552        29.102871370499010        30.013331582776889     
   30.626683931447449        28.937756462772438        29.967078012248841     
   30.604884808781460        28.854490149570353        29.907443890365911     
   30.494718207062586        28.817300131395225        29.816509263897103     
   30.292563966008871        28.916496762468942        29.755245775984651     
   30.210779293958282        29.018751713936958        29.774392899180295     
   30.201541624108035        29.113388318465013        29.839729275616332     
   30.313647904532683        29.164546203347491        29.984582966862433     
   30.503046696290571        29.101923109559817        30.060250798212582     
   30.603635149445701        29.009448714471400        30.044660523780074     
   30.644844179083819        28.889743100288989        29.975977008072640     
   30.537426887015780        28.747343381564214        29.831861334702349     
   30.409370956617995        28.720177218542478        29.817440996892696     
   30.333885936575520        28.749330138127991        29.870886893231937     
   30.263331956813214        28.987608263944800        30.078357464301657     
   30.305719220352948        29.075629081988264        30.126166215347357     
   30.380924828705616        29.162757177539532        30.110327991102178     
   30.473645761852818        29.211935611496436        29.997514158187613     
   30.512454367726374        29.182291435061771        29.866336247140108     
   30.513307709368600        29.083611360620637        29.760501171827759     
   30.507860677050729        28.918284295099642        29.698468325506557     
   30.505379572581401        28.775905509967661        29.714853575625547     
   30.528984516679067        28.697224262414469        29.795477944929797     
   30.595135879066497        28.689477666222974        29.961917335055404     
   30.637733942733668        28.770324124998687        30.106115103085653     
   30.612287392764184        28.949842608453739        30.226996320847732     
   30.549031933982903        29.030752553410309        30.234506251242216     
   30.447552192029928        29.132780895103320        30.144294278881123     
   30.402818753411108        29.132598602322634        30.053315703782278     
   30.420431168105736        29.056702799514110        29.916378533485933     
   30.494559312768093        28.906927651733969        29.810301478055404     
   30.552047199960285        28.809835212918781        29.777121853525838     
   30.672518328780495        28.544001458277595        29.758835588395488     
   30.441246467748741        29.010690338783789        29.829107868717749     
   30.442700092620953        29.098122750787269        29.868963936822862     
   30.533988084537043        29.186307850337975        29.959545052316770     
   30.651986941151261        29.195679264055546        30.052747644081588     
   30.706049169969020        29.115332404140599        30.128109551185968     
   30.711859583986776        28.981229033960886        30.147404908286070     
   30.653414161275464        28.868857156311154        30.096122216249618     
   30.594350451511090        28.832020987654868        30.002972685793871     
   30.417792141706364        28.988569872815322        29.533649857062699     
   30.629786285882673        28.973663677752189        30.034640000188428     
   30.595218157822252        28.957656515189797        30.228944507826622     
   30.514417531043076        28.947268082367430        30.280713295669106     
   30.431939178593776        28.960198941233656        30.250626018096913     
   30.345685585464068        28.993715398984900        30.030064347553498     
   30.464062727798677        29.070663432031711        29.808743223871673     
   30.540664903664286        29.104046519387801        29.775925150237534     
   30.801687485832517        29.199325188776648        29.867617931034577     
   30.881491044337107        29.188178783846574        29.991668612535445     
   30.856744762484020        29.110217717303879        30.142338345630378     
   30.766396957697250        29.028158571926724        30.225105395296911     
   30.578079954807851        28.892239911275624        30.245019207788157     
   30.444411908379877        28.777197228143649        30.140184480773581     
   30.433360474733277        28.756981065539577        30.034302108325523     
   30.509885802668695        28.795763529797629        29.965926484594092     
   30.587024247555444        28.903915549683258        29.973335965726630     
   30.664311273000195        29.030142007917028        30.078902825630205     
   30.673465416605143        29.236807347903053        30.222415162904703     
   30.667434368220263        29.304883765557204        30.210504682733781     
   30.635977777461978        29.365972205109816        30.100200867663890     
   30.620103198045975        29.351927996862567        29.906891921706613     
   30.670201850253161        29.175143116968687        29.791159454337294     
   30.692253891619234        29.073307034784225        29.805697883040420     
   30.704490579502224        29.001371162796733        29.892147830486579     
   30.585395560927548        29.023229397406819        30.345365345553237     
   30.502561431297913        29.079701059508352        30.395365078108437     
   30.414502068755983        29.143904159517476        30.364957745627283     
   30.374099806181693        29.190004183325403        30.252517739142213     
   30.477167394937979        29.163529911424344        29.926481919390756     
   30.602447608823905        29.119805491351059        29.830165033617845     
   30.691883883305124        29.070160108920735        29.844568427721526     
   30.803416988300715        29.006382471089747        29.994210352259113     
   30.804600497672656        28.997055645127457        30.141914004101867     
   30.736198433548342        29.027763859295103        30.240370142146293     
   30.307497386425279        29.312149921770587        30.411852907330900     
   30.782685413627902        29.345795021405571        30.055810589233431     
   30.894087710509595        29.204391002396083        30.028420579659226     
   30.793623923576785        28.894047704718087        30.085471209428345     
   30.644826744014228        28.831650926095961        30.081936939879576     
   30.550964591317033        28.861068015600402        30.028351346149485     
   30.509740321005275        28.953173304356312        29.991400689144722     
   30.531880071439726        29.182745843524565        29.935440316509130     
   30.574275975757672        29.374035647215312        29.969349542832010     
   30.586868850622057        29.447313893907715        30.046559582729817     
   30.567087980245418        29.467269801852868        30.201975260005437     
   30.550408556384753        29.405236849689974        30.305765719719385     
   30.506174736160059        29.259689518252145        30.403436202130507     
   30.508469207090389        29.102430888283482        30.425568774805136     
   30.604642220876471        28.634046428784494        30.167596777299497     
   30.473586017136871        29.299149383813820        29.496996846512126     
   30.649459160000298        29.498476392257274        29.949143591645264     
   30.767928277797164        29.367542180928840        30.247225684862091     
   30.779531009621973        29.269976957889252        30.303833730826685     
   30.739317087811695        29.102896034303384        30.305685860369536     
   30.661178531548995        29.015094523138320        30.240922149551423     
   30.539724972113174        29.002174678054750        30.095258575665664     
   30.458761567753985        29.102695588533965        29.953240504805386     
   30.452875735901124        29.220323622649904        29.893898038950447     
   30.509318656662696        29.328589133838605        29.874832796295557     
   30.628706953226789        29.413832417343549        29.932097377693015     
   30.746796027193213        29.404632248837625        30.108774732106738     
   30.749688955938332        29.354920297072255        30.185023302638047     
   30.651772910109937        29.164377538804239        30.304638997513859     
   30.524275722932053        29.068174312481837        30.317744423344234     
   30.185015446563725        28.973231767215285        30.178167839417185     
   31.167996024042299        29.562648182079297        30.167334525277770     
   30.888886578776916        29.414694501650335        30.195062209454406     
   30.779728413057910        29.369521051754539        30.187442190894480     
   30.687289067913511        29.314489788266297        30.144472069734316     
   30.496163505582008        29.218392181358247        30.072704312627344     
   30.391215873595932        29.129453569240692        30.061696008097929     
   30.349701880398307        29.030107726261654        30.104989310464536     
   30.391958331761565        28.970999122655751        30.175459617909784     
   30.518155094568137        29.004629207357056        30.275320366839768     
   30.776099097159285        29.331413114679467        30.347443692699741     
   30.669738666801901        29.617893917724750        30.234866610523433     
   30.519614535473469        29.625739711652997        30.146117947480114     
   30.439932392845510        29.474589210907347        30.145296133749035     
   30.568606154668455        29.228048592021498        30.199883252786581     
   30.771099321963447        29.168902412032313        30.168347874746715     
   30.821954567936000        29.193212321954601        30.126737952672542     
   30.832729396166009        29.387973830602157        29.930984937561689     
   30.635610919663669        29.608246936398807        29.749089790729567     
   30.618343924062788        28.986465910913157        30.504038713075861     
   30.783380864590200        29.314313251659748        30.156011919995677     
   30.770882920096323        29.469300375805560        30.055286378625389     
   30.699566195943294        29.583613419560308        30.051532184064229     
   30.581537442049967        29.635900686103824        30.120802110595481     
   30.510115008173386        29.583603607891298        30.221109501022116     
   30.501797802932010        29.480120164595107        30.257135327237588     
   30.582359210174165        29.350159194919126        30.256296848102277     
   30.672383211773116        29.285635354372527        30.203716213490246     
   30.821381613183604        29.243968841514715        30.130313252657313     
   31.120382406915869        29.175304793838087        29.992693309147189     
   30.108287125887848        28.896442571321675        30.457941368273751     
   30.353436383262963        29.716469498326802        30.219075570316782     
   30.428965612692966        29.739397728062428        30.210235999542491     
   30.624868405918754        29.591304099560588        30.242143021681162     
   30.757357087253585        29.260899827284170        30.212799740075223     
   30.786810196625570        29.166803526822964        30.129254962532713     
   30.789850968088086        29.175579687284479        30.029574224978504     
   30.747748040432050        29.298625977129710        29.938222829660166     
   30.700275850009362        29.419345529172087        29.951945129294451     
   30.658774657227173        29.502616391083091        30.031143570822440     
   30.604237492233178        29.548124518186615        30.217152448877552     
   30.559738375976938        29.550821813810742        30.407379771072023     
   30.539440238602168        29.548398771757146        30.485266211567936     
