   3.5527136787898620E-015   3.5421283062119749E-015   7.1340190668706386E-015
   3.3131341659945519E-005   3.4484163741997687E-005  -6.4133896260850994E-005
   6.7619192550610768E-005   6.8919916098211757E-005  -1.2757494838689355E-004
   1.0224637491164429E-004   1.0272731464688558E-004  -1.9127752323410121E-004
   1.3699484567270109E-004   1.3655279431904065E-004  -2.5490440986871598E-004
   1.7319309498602638E-004   1.7060901869898825E-004  -3.1759300795599493E-004
   2.0970159079547950E-004   2.0535092040779623E-004  -3.7972295243203849E-004
   2.4581558568747153E-004   2.4150343944076070E-004  -4.4127597618367581E-004
   2.8102508991226894E-004   2.7808108210595827E-004  -5.0310126930677376E-004
   3.1638656833005916E-004   3.1379989279587404E-004  -5.6534058493266275E-004
   3.5131728467400060E-004   3.5039642997484414E-004  -6.2731266353476174E-004
   3.8683974954897046E-004   3.8659514635182031E-004  -6.8918194043469992E-004
   4.2267366150238947E-004   4.2333434856333540E-004  -7.5055100243231608E-004
   4.5778046005040372E-004   4.5952120214722692E-004  -8.1266399884927362E-004
   4.9287875385188259E-004   4.9589747929624562E-004  -8.7467106482352181E-004
   5.2804492677386433E-004   5.3363301787504708E-004  -9.3582144847239419E-004
   5.6311364982280956E-004   5.7128919586671781E-004  -9.9707662717392841E-004
   5.9806663084231390E-004   6.0869765955044242E-004  -1.0585493525008451E-003
   6.3332036369921651E-004   6.4652029407450762E-004  -1.1195954222837140E-003
   6.6851817530043259E-004   6.8451040494280774E-004  -1.1805697244615665E-003
   7.0311718681969400E-004   7.2371992386043515E-004  -1.2411132793035608E-003
   7.3749834922204696E-004   7.6216160321065528E-004  -1.3022702329769903E-003
   7.7211227821426254E-004   8.0013258515719608E-004  -1.3635897277264645E-003
   8.0615014670916147E-004   8.3816260774845859E-004  -1.4251944425242693E-003
   8.4060557516916058E-004   8.7591775020397222E-004  -1.4867360761236332E-003
   8.7462691499191241E-004   9.1462664485409946E-004  -1.5479256987116260E-003
   9.0908679292955646E-004   9.5365362814007115E-004  -1.6086662237745294E-003
   9.4369513706730828E-004   9.9293121795337633E-004  -1.6691603016691116E-003
   9.7808539424238555E-004   1.0317590618991188E-003  -1.7300676800302214E-003
   1.0113884203570322E-003   1.0710164115484756E-003  -1.7913030370249284E-003
   1.0440210106751502E-003   1.1113081534697116E-003  -1.8522266744347129E-003
   1.0763215677272061E-003   1.1521662401858398E-003  -1.9129497405357449E-003
   1.1082124632891596E-003   1.1934347884359374E-003  -1.9736117360615764E-003
   1.1404816166441685E-003   1.2355830005697610E-003  -2.0334634690652997E-003
   1.1716767638882072E-003   1.2782098778435667E-003  -2.0935451811518939E-003
   1.2025640997559768E-003   1.3206472154460264E-003  -2.1539193881322857E-003
   1.2335779158767224E-003   1.3643054789486244E-003  -2.2133508547660320E-003
   1.2645755371215976E-003   1.4074589629449461E-003  -2.2731582480932096E-003
   1.2948129712632807E-003   1.4507838916524738E-003  -2.3332302725971245E-003
   1.3244211455173802E-003   1.4941777871583979E-003  -2.3935653855431289E-003
   1.3545388553895805E-003   1.5370299987948286E-003  -2.4540353079403358E-003
   1.3850445422364430E-003   1.5790824861141725E-003  -2.5148710818593181E-003
   1.4158104272121927E-003   1.6221692301696471E-003  -2.5748460165825370E-003
   1.4473632350597272E-003   1.6656314460562309E-003  -2.6341372983361621E-003
   1.4801176376934458E-003   1.7090838371381040E-003  -2.6927806170521386E-003
   1.5136094968252161E-003   1.7527716755267693E-003  -2.7508294598586362E-003
   1.5476905734578199E-003   1.7964950111992489E-003  -2.8085074462983880E-003
   1.5823721817033352E-003   1.8398003928835557E-003  -2.8661427652632524E-003
   1.6186162053992315E-003   1.8826080974015506E-003  -2.9231854789515460E-003
   1.6545809812376314E-003   1.9247001232881313E-003  -2.9809331737458439E-003
   1.6913496415396302E-003   1.9665988916767775E-003  -3.0383139965504242E-003
   1.7287442052544859E-003   2.0085512351476699E-003  -3.0952494641816189E-003
   1.7656519365225930E-003   2.0506042512913269E-003  -3.1524278097242865E-003
   1.8033156385950989E-003   2.0919788753640551E-003  -3.2096081037438482E-003
   1.8420591154024155E-003   2.1336080126993823E-003  -3.2658749495922449E-003
   1.8809257450976731E-003   2.1758382911858747E-003  -3.3216063470728040E-003
   1.9198625406433888E-003   2.2179247580850553E-003  -3.3773975225489259E-003
   1.9593868667864061E-003   2.2607292371765336E-003  -3.4322209137936160E-003
   1.9993612616700097E-003   2.3034954582255838E-003  -3.4867470366368239E-003
   2.0383175778829637E-003   2.3462234072183751E-003  -3.5420347188969046E-003
   2.0776038315743180E-003   2.3889757097674646E-003  -3.5970695341045631E-003
   2.1187100287381982E-003   2.4323442619018643E-003  -3.6502621017001449E-003
   2.1602849820819689E-003   2.4754062129178789E-003  -3.7033393251279974E-003
   2.2028569810930505E-003   2.5177777628579861E-003  -3.7561813220362171E-003
   2.2462106785500011E-003   2.5607316152103745E-003  -3.8079058181158271E-003
   2.2900368812970935E-003   2.6036852799720357E-003  -3.8592307304635555E-003
   2.3345839363576957E-003   2.6468781495669778E-003  -3.9097276205055913E-003
   2.3796779809684304E-003   2.6909940094275464E-003  -3.9589243486285817E-003
   2.4256992694307315E-003   2.7344678080678288E-003  -4.0078331396781481E-003
   2.4722316876972343E-003   2.7787863392044719E-003  -4.0554839721345364E-003
   2.5188366690522537E-003   2.8234524354728853E-003  -4.1027377081391389E-003
   2.5656140356505167E-003   2.8687325903736429E-003  -4.1492305627403164E-003
   2.6124920820394006E-003   2.9146252744076087E-003  -4.1950160444231025E-003
   2.6598719221857161E-003   2.9603937470050103E-003  -4.2404076478115595E-003
   2.7072036244055512E-003   3.0063936543132668E-003  -4.2856151526726336E-003
   2.7542946317180741E-003   3.0531937057635948E-003  -4.3302491332436284E-003
   2.8010289120518109E-003   3.1008238408688246E-003  -4.3743770980369913E-003
   2.8475018629745175E-003   3.1496610565432373E-003  -4.4174490284884958E-003
   2.8943740260770272E-003   3.1984414851876385E-003  -4.4601511373209028E-003
   2.9420795085234918E-003   3.2474494253087508E-003  -4.5016530499517489E-003
   2.9897157035583986E-003   3.2963053028047286E-003  -4.5434130326094582E-003
   3.0369664174879746E-003   3.3454784794741906E-003  -4.5852384882462700E-003
   3.0848667306993243E-003   3.3945722445881299E-003  -4.6264132648024224E-003
   3.1333177687729403E-003   3.4439476240469293E-003  -4.6665949623067816E-003
   3.1823935157716979E-003   3.4927739589081688E-003  -4.7066893519270986E-003
   3.2319961673765623E-003   3.5420390202317133E-003  -4.7455806194602497E-003
   3.2822164070304780E-003   3.5906743744914772E-003  -4.7844718761504215E-003
   3.3328056448111076E-003   3.6392622651394832E-003  -4.8229419412116276E-003
   3.3842373722625415E-003   3.6875668135187161E-003  -4.8606440368247792E-003
   3.4355100467429781E-003   3.7361609907440359E-003  -4.8981902589081286E-003
   3.4876944948661510E-003   3.7841506035025639E-003  -4.9352548031557988E-003
   3.5399081618209603E-003   3.8325743835609413E-003  -4.9717084795116821E-003
   3.5929686453275442E-003   3.8805516542460483E-003  -5.0075242103965216E-003
   3.6465819906613350E-003   3.9284023798659869E-003  -5.0426798251400002E-003
   3.6996741330818849E-003   3.9762697103715569E-003  -5.0785956029720724E-003
   3.7530556515362303E-003   4.0247584111973494E-003  -5.1132259274145574E-003
   3.8072258441597226E-003   4.0734334839688663E-003  -5.1463367642905818E-003
   3.8616090781322049E-003   4.1228437784746720E-003  -5.1779767180848875E-003
   3.9161680392511859E-003   4.1728529198235189E-003  -5.2083478481420049E-003
   3.9709603538539591E-003   4.2225950464566883E-003  -5.2387373707199203E-003
   4.0256500049492541E-003   4.2727139521980722E-003  -5.2686896219514522E-003
   4.0811855182129849E-003   4.3227166510344701E-003  -5.2972472283326043E-003
   4.1365458539689955E-003   4.3736189262656025E-003  -5.3245271036589372E-003
   4.1920702023603212E-003   4.4245944195536475E-003  -5.3513328087605085E-003
   4.2484888134278051E-003   4.4755473340790108E-003  -5.3762474796043829E-003
   4.3050135829427478E-003   4.5269925427997007E-003  -5.3998767187247425E-003
   4.3625812454885443E-003   4.5784114627084775E-003  -5.4209019151110188E-003
   4.4202657425672521E-003   4.6298675453542940E-003  -5.4415118729896185E-003
   4.4779860359935308E-003   4.6818102544950793E-003  -5.4607556432341624E-003
   4.5356025480682077E-003   4.7343317060906474E-003  -5.4786953941424691E-003
   4.5940395015875348E-003   4.7864138213526228E-003  -5.4952052617521074E-003
   4.6529801195583798E-003   4.8379094735968176E-003  -5.5117642881239342E-003
   4.7127922397454261E-003   4.8888261082105713E-003  -5.5269302565417282E-003
   4.7729027615551591E-003   4.9399706872598368E-003  -5.5400053166689452E-003
   4.8331178676606209E-003   4.9911180179402709E-003  -5.5525787633523265E-003
   4.8932648679446628E-003   5.0425006679545832E-003  -5.5645019189819872E-003
   4.9538631084420576E-003   5.0937008898631715E-003  -5.5748164970485055E-003
   5.0151049364833165E-003   5.1444030232525003E-003  -5.5836896122445391E-003
   5.0758515987104815E-003   5.1959281717068109E-003  -5.5911059524515081E-003
   5.1372637922084382E-003   5.2466873102912162E-003  -5.5983206837580714E-003
   5.1985492545900177E-003   5.2979184760236272E-003  -5.6027320057711162E-003
   5.2602027406530019E-003   5.3488293686022176E-003  -5.6053642424030454E-003
   5.3218745219995684E-003   5.3997556861080809E-003  -5.6071253726852500E-003
   5.3835471056373381E-003   5.4506791951358076E-003  -5.6089388373026404E-003
   5.4457490280891280E-003   5.5009690467269336E-003  -5.6102995960087077E-003
   5.5077456982163481E-003   5.5515257584041440E-003  -5.6096424812603742E-003
   5.5690576365759175E-003   5.6028949510397276E-003  -5.6082099081765880E-003
   5.6304219109353619E-003   5.6541949494938303E-003  -5.6065558266929806E-003
   5.6915783269275520E-003   5.7057343318420856E-003  -5.6046624560402653E-003
   5.7526037208572916E-003   5.7574376182013649E-003  -5.6030279902351040E-003
   5.8137113154684327E-003   5.8089964313909623E-003  -5.6002801428031426E-003
   5.8758971928852249E-003   5.8592470698373153E-003  -5.5974890883791588E-003
   5.9384209787561679E-003   5.9088828318138052E-003  -5.5922864608665915E-003
   6.0019359009282547E-003   5.9570094899821175E-003  -5.5852380966766547E-003
   6.0658421055712394E-003   6.0045080714174384E-003  -5.5774997653970787E-003
   6.1295499581291895E-003   6.0520293260744075E-003  -5.5683871434681438E-003
   6.1929873277058551E-003   6.0999914212009256E-003  -5.5597074214681864E-003
   6.2568945745123819E-003   6.1470610766759127E-003  -5.5496918667804190E-003
   6.3201255311023065E-003   6.1948666705721744E-003  -5.5388996787509165E-003
   6.3836647153837052E-003   6.2417269991358031E-003  -5.5259814101536941E-003
   6.4473958855506735E-003   6.2879508901982203E-003  -5.5117796549489723E-003
   6.5108701659640457E-003   6.3339346737974192E-003  -5.4957638075443585E-003
   6.5743096588759169E-003   6.3792316020631519E-003  -5.4777743932171788E-003
   6.6376104770600004E-003   6.4240132354358446E-003  -5.4580865356750920E-003
   6.7004219393711007E-003   6.4692207002292638E-003  -5.4378132692960747E-003
   6.7633465049054863E-003   6.5137885317933025E-003  -5.4165011262474897E-003
   6.8267526442222868E-003   6.5567970107062740E-003  -5.3934808691194569E-003
   6.8898374675009453E-003   6.5999520843811966E-003  -5.3698600162815071E-003
   6.9519438326906755E-003   6.6441748053860513E-003  -5.3456288307942596E-003
   7.0129249137212543E-003   6.6891791753137938E-003  -5.3200180041355653E-003
   7.0737324901531499E-003   6.7337818043795763E-003  -5.2933151179700867E-003
   7.1346860576748748E-003   6.7775855292724497E-003  -5.2656402865556978E-003
   7.1952430708810333E-003   6.8217463203272414E-003  -5.2376639985710115E-003
   7.2558910448187594E-003   6.8648950462718607E-003  -5.2083380595220694E-003
   7.3161063447967972E-003   6.9083194434812175E-003  -5.1785313592467800E-003
   7.3767696929362943E-003   6.9506982661632728E-003  -5.1481340966627728E-003
   7.4377178008000217E-003   6.9917113916245482E-003  -5.1164599479289787E-003
   7.4983733002593582E-003   7.0331335306333988E-003  -5.0847563712343611E-003
   7.5590767838478162E-003   7.0741678297299177E-003  -5.0526429255754795E-003
   7.6191137337607026E-003   7.1151972365857000E-003  -5.0192939765483805E-003
   7.6792687409764663E-003   7.1552963478986251E-003  -4.9850385187464622E-003
   7.7388392482925271E-003   7.1956289503266177E-003  -4.9500437213827542E-003
   7.7977520866101746E-003   7.2356043024617202E-003  -4.9135574404767712E-003
   7.8558513631334717E-003   7.2755102311396784E-003  -4.8757157844452684E-003
   7.9138912796908201E-003   7.3151660441606323E-003  -4.8375217458845746E-003
   7.9710278467854719E-003   7.3558150802491900E-003  -4.7990111167885716E-003
   8.0280864272104513E-003   7.3970066511342405E-003  -4.7609641340518516E-003
   8.0862873641834587E-003   7.4371451865386465E-003  -4.7235268677699388E-003
   8.1442246453562392E-003   7.4772300913179155E-003  -4.6856260516000715E-003
   8.2015865337598873E-003   7.5173427190208817E-003  -4.6468885910026184E-003
   8.2594783687383998E-003   7.5555956480027209E-003  -4.6070734072051955E-003
   8.3173164247207741E-003   7.5932169712835647E-003  -4.5665839600903856E-003
   8.3747034467854409E-003   7.6298393385037175E-003  -4.5245657269827851E-003
   8.4315925186289071E-003   7.6661788770080426E-003  -4.4816347190305850E-003
   8.4890482385924122E-003   7.7018398037879956E-003  -4.4388896779016928E-003
   8.5458322284761405E-003   7.7367875098293872E-003  -4.3946829325558854E-003
   8.6021541974108089E-003   7.7717410785972220E-003  -4.3498936050907818E-003
   8.6583890291124822E-003   7.8060619165686452E-003  -4.3045094251777764E-003
   8.7143452652515586E-003   7.8397128673595509E-003  -4.2582869939743724E-003
   8.7695231937999080E-003   7.8731737246745120E-003  -4.2110030937401698E-003
   8.8243621672731854E-003   7.9055149316035554E-003  -4.1625600000165771E-003
   8.8798381486997705E-003   7.9380683850361830E-003  -4.1149922782866052E-003
   8.9343536400794191E-003   7.9712926198197333E-003  -4.0667822022386153E-003
   8.9888698779829936E-003   8.0045825655092467E-003  -4.0186183224697573E-003
   9.0436621206527006E-003   8.0372760988624854E-003  -3.9703591987455900E-003
   9.0986368534001043E-003   8.0691900872939676E-003  -3.9217868186819790E-003
   9.1531000294698163E-003   8.1009960454634100E-003  -3.8725715418795057E-003
   9.2079701599077721E-003   8.1324572833459258E-003  -3.8235872658751984E-003
   9.2615331989684396E-003   8.1638356798304380E-003  -3.7731254279981014E-003
   9.3140672753725170E-003   8.1947077791410129E-003  -3.7212883341660188E-003
   9.3658670131378328E-003   8.2247571847886367E-003  -3.6682428782290558E-003
   9.4171950395374650E-003   8.2549261357539403E-003  -3.6148081694165088E-003
   9.4694387061484385E-003   8.2845712876641834E-003  -3.5619710209372334E-003
   9.5217442320591032E-003   8.3136601485610008E-003  -3.5088864644058932E-003
   9.5736709809142537E-003   8.3427873773441706E-003  -3.4554522310256512E-003
   9.6245158420326452E-003   8.3719209044745904E-003  -3.4009908897667382E-003
   9.6743064851485591E-003   8.4019281335680519E-003  -3.3460321957269009E-003
   9.7236597982516236E-003   8.4316084648541866E-003  -3.2905044690227248E-003
   9.7721000637141005E-003   8.4615619643779120E-003  -3.2343232573601652E-003
   9.8209076305206654E-003   8.4908897165668108E-003  -3.1781298024598451E-003
   9.8699222904453845E-003   8.5190857666029001E-003  -3.1215387618510411E-003
   9.9183830693239383E-003   8.5472107603998433E-003  -3.0644376442460178E-003
   9.9664160729535205E-003   8.5750562180041297E-003  -3.0068402393444928E-003
   1.0013592862222130E-002   8.6021019509408946E-003  -2.9481641890047707E-003
   1.0060892003340989E-002   8.6293267577354504E-003  -2.8896697350260310E-003
   1.0107576031947193E-002   8.6569069171214246E-003  -2.8308485119762548E-003
   1.0153513044002766E-002   8.6849505008916514E-003  -2.7716594223488240E-003
   1.0199602336465335E-002   8.7122580564538785E-003  -2.7122449921284700E-003
   1.0244513946528835E-002   8.7397934275364429E-003  -2.6520390901597340E-003
   1.0289209129520265E-002   8.7666512425409997E-003  -2.5913678581917870E-003
   1.0334179189042498E-002   8.7925746934423236E-003  -2.5304936564325264E-003
   1.0379559059760566E-002   8.8193063349212130E-003  -2.4702766598436953E-003
   1.0425203325389440E-002   8.8452680138152683E-003  -2.4099227681571339E-003
   1.0471247144343443E-002   8.8712222191506436E-003  -2.3498699084524752E-003
   1.0517466074606213E-002   8.8958452728890546E-003  -2.2893925102124308E-003
   1.0563726559611289E-002   8.9201533837215390E-003  -2.2288195518836741E-003
   1.0609637571415568E-002   8.9449824009168767E-003  -2.1681920094232111E-003
   1.0654969279084152E-002   8.9699264651194304E-003  -2.1071770117280873E-003
   1.0699698930557345E-002   8.9949952976222120E-003  -2.0457700747439416E-003
   1.0742752190980314E-002   9.0207081068919715E-003  -1.9834381551086136E-003
   1.0785728186581411E-002   9.0457288685636718E-003  -1.9207721731850636E-003
   1.0828075225665729E-002   9.0697643334826748E-003  -1.8572975742226355E-003
   1.0870735672271419E-002   9.0934013461277958E-003  -1.7938832389343220E-003
   1.0912722653450930E-002   9.1175250780455904E-003  -1.7302032658363081E-003
   1.0953895280941471E-002   9.1418813804179187E-003  -1.6660816214252923E-003
   1.0994723721325433E-002   9.1672548380278239E-003  -1.6021345643598668E-003
   1.1036031092631385E-002   9.1915420553596201E-003  -1.5380734049271481E-003
   1.1078469692560263E-002   9.2159998694743700E-003  -1.4748216811154651E-003
   1.1122058255007171E-002   9.2396933387657015E-003  -1.4120629627150127E-003
   1.1165234315342861E-002   9.2643170993526661E-003  -1.3493772527883021E-003
   1.1208545841889931E-002   9.2891097954100037E-003  -1.2868517868605469E-003
   1.1250945990813638E-002   9.3137574656272665E-003  -1.2236479917122145E-003
   1.1293063211868418E-002   9.3382096985959954E-003  -1.1601796689430384E-003
   1.1334787951202007E-002   9.3622661081986143E-003  -1.0963021667618174E-003
   1.1375209103392122E-002   9.3865072374422227E-003  -1.0316608632990869E-003
   1.1415411453429392E-002   9.4105145642131172E-003  -9.6679624037771460E-004
   1.1455282054206820E-002   9.4345036524064937E-003  -9.0172044732558842E-004
   1.1495057366277850E-002   9.4580956412201982E-003  -8.3644148736644153E-004
   1.1535311080415280E-002   9.4819054347550103E-003  -7.7153592343178574E-004
   1.1574349985280917E-002   9.5064852738993705E-003  -7.0617694998051763E-004
   1.1613969978774633E-002   9.5302938101894056E-003  -6.4088215910641875E-004
   1.1653010591845685E-002   9.5562915293488024E-003  -5.7607514457303096E-004
   1.1691541140228716E-002   9.5822710251826926E-003  -5.1095630985811412E-004
   1.1729968800085784E-002   9.6090341958307499E-003  -4.4609455184533978E-004
   1.1769408117680274E-002   9.6363466900643603E-003  -3.8207449338698734E-004
   1.1810257951333466E-002   9.6635311830410731E-003  -3.1888988739198898E-004
   1.1851202955591113E-002   9.6911343086278946E-003  -2.5594885083264662E-004
   1.1891681466328626E-002   9.7174273490498505E-003  -1.9215099669896474E-004
   1.1931856536496499E-002   9.7432422855759614E-003  -1.2796725427586202E-004
   1.1972229416427307E-002   9.7696870464215775E-003  -6.4165176012344327E-005
   1.2012500000009476E-002   9.7953991113081656E-003   7.9778516958071599E-015
