   3.5527136787929121E-015   3.5421283062123918E-015   7.1340190668718329E-015
   5.2448308483223412E-005   9.4413710907670424E-006  -5.9666032614640576E-005
   1.0401888390421175E-004   1.8632861717588236E-005  -1.2013083431826178E-004
   1.5622446447996960E-004   2.6882359629115541E-005  -1.8018516919946463E-004
   2.0740687155525525E-004   3.4974163421166581E-005  -2.4113501674212525E-004
   2.5900914468271241E-004   4.2923680110913302E-005  -3.0174863398283792E-004
   3.1126219235925155E-004   5.0394051991890867E-005  -3.6186362839906160E-004
   3.6243804316070562E-004   5.7970400012913447E-005  -4.2288519211111615E-004
   4.1435338238039564E-004   6.4575886647453765E-005  -4.8339275445251486E-004
   4.6617376803784519E-004   7.1710624853857068E-005  -5.4392161652367830E-004
   5.1756526974071229E-004   7.9553459164105110E-005  -6.0472789503778586E-004
   5.6987888315794370E-004   8.8027191806680825E-005  -6.6465686723496040E-004
   6.2167393498411866E-004   9.7559929409085058E-005  -7.2487646135167307E-004
   6.7445170717425553E-004   1.0794410941172200E-004  -7.8409365116018017E-004
   7.2647374594337819E-004   1.1721422911730050E-004  -8.4415838591069524E-004
   7.7877654341101520E-004   1.2692826207930612E-004  -9.0390832273867512E-004
   8.3095985261577555E-004   1.3596638859076401E-004  -9.6386843034772392E-004
   8.8363655863144290E-004   1.4562480553962138E-004  -1.0232980494097835E-003
   9.3692338480103824E-004   1.5551420133467066E-004  -1.0821428793119947E-003
   9.9008448041287703E-004   1.6552370236719432E-004  -1.1410810485557882E-003
   1.0444338608630796E-003   1.7505167440153542E-004  -1.1990065403393660E-003
   1.0987546081640399E-003   1.8619549656396887E-004  -1.2566699746998189E-003
   1.1535667087744644E-003   1.9660212749306646E-004  -1.3140052661527652E-003
   1.2084526145010386E-003   2.0718831528442703E-004  -1.3712369879153995E-003
   1.2638398550608224E-003   2.1817162851333260E-004  -1.4279081482342297E-003
   1.3193005543522078E-003   2.2828746306043893E-004  -1.4846688804917040E-003
   1.3750604983131609E-003   2.3889623780826781E-004  -1.5410451391885624E-003
   1.4304686699767482E-003   2.5061334725563506E-004  -1.5975486246108885E-003
   1.4862792253938553E-003   2.6298819133571645E-004  -1.6535133021398818E-003
   1.5423149268242824E-003   2.7639030282537643E-004  -1.7090145054509621E-003
   1.5989981213433500E-003   2.8941655230144684E-004  -1.7639447548293055E-003
   1.6560082872977128E-003   3.0299869660924079E-004  -1.8183999320552325E-003
   1.7132620548173478E-003   3.1580614504989919E-004  -1.8727872041384862E-003
   1.7709517396488292E-003   3.2846513028812101E-004  -1.9267469145226126E-003
   1.8293308435798291E-003   3.4112326992815641E-004  -1.9799601810066027E-003
   1.8875439435612131E-003   3.5418125552231827E-004  -2.0332586238652819E-003
   1.9462250623594991E-003   3.6806403738605755E-004  -2.0858304286012017E-003
   2.0049096704690427E-003   3.8255313900501073E-004  -2.1382344618956222E-003
   2.0633807402177960E-003   3.9771957855342841E-004  -2.1906855163449984E-003
   2.1217822363571674E-003   4.1260871629756306E-004  -2.2432932993241500E-003
   2.1800520862939833E-003   4.2775014227209061E-004  -2.2959750021508199E-003
   2.2375772349286518E-003   4.4380928556746288E-004  -2.3492005711854233E-003
   2.2950562258861771E-003   4.5849892190452776E-004  -2.4028697445496660E-003
   2.3529377055395502E-003   4.7217930205496170E-004  -2.4563728425618320E-003
   2.4112242672480197E-003   4.8536615384083117E-004  -2.5095591535507890E-003
   2.4689908047745520E-003   4.9846643792235174E-004  -2.5633309835522496E-003
   2.5264009140269234E-003   5.1174432022422199E-004  -2.6174399216653066E-003
   2.5845797350915189E-003   5.2548398233943775E-004  -2.6706042564194218E-003
   2.6429823540611683E-003   5.3889554163123266E-004  -2.7236067486208475E-003
   2.7019511651719536E-003   5.5271128579978857E-004  -2.7758734160812401E-003
   2.7607775370568515E-003   5.6756786663492295E-004  -2.8280149539909073E-003
   2.8194709315060317E-003   5.8314798556491061E-004  -2.8800951357737955E-003
   2.8787338193910260E-003   5.9910969472292731E-004  -2.9314092074660368E-003
   2.9389039465628070E-003   6.1537248992307400E-004  -2.9815597536564623E-003
   2.9996855736161465E-003   6.3206861945733477E-004  -3.0308226512932323E-003
   3.0608283098271078E-003   6.4854730508566492E-004  -3.0797104689823289E-003
   3.1220072441209578E-003   6.6564050170809055E-004  -3.1283413298893851E-003
   3.1833102306699822E-003   6.8215075693108516E-004  -3.1770173540448332E-003
   3.2446892458396250E-003   6.9975078032358555E-004  -3.2252133668998952E-003
   3.3059081811170695E-003   7.1810002003566545E-004  -3.2733335016972465E-003
   3.3674828984801117E-003   7.3694728406457531E-004  -3.3208028055430332E-003
   3.4297062687881335E-003   7.5554319439825467E-004  -3.3675194440472207E-003
   3.4922096503004888E-003   7.7455178433153955E-004  -3.4136930385124586E-003
   3.5544741805085206E-003   7.9451636093412926E-004  -3.4597858138745111E-003
   3.6168885269832378E-003   8.1330908318557661E-004  -3.5061677387414002E-003
   3.6798463844385674E-003   8.3305208103492457E-004  -3.5514062423818542E-003
   3.7434179337750349E-003   8.5436230014073605E-004  -3.5950471942359425E-003
   3.8075511090888223E-003   8.7657147070680798E-004  -3.6373991549435605E-003
   3.8710540167319167E-003   8.9984183689115996E-004  -3.6801293641670059E-003
   3.9353318008533830E-003   9.2415865907495673E-004  -3.7210812702633991E-003
   3.9998222633714315E-003   9.4862431019553507E-004  -3.7616079549123655E-003
   4.0647496422799257E-003   9.7235573788764145E-004  -3.8018727632521854E-003
   4.1301497222952952E-003   9.9596971043236266E-004  -3.8414354963265487E-003
   4.1959991014718081E-003   1.0200409916988889E-003  -3.8799638323274714E-003
   4.2622665728467724E-003   1.0441564728099941E-003  -3.9177403569274792E-003
   4.3280217095954350E-003   1.0688228388722569E-003  -3.9560526576163111E-003
   4.3933231684479043E-003   1.0931082169243456E-003  -3.9953710997249264E-003
   4.4587588422894276E-003   1.1180786897406788E-003  -4.0340317783455612E-003
   4.5241947698901113E-003   1.1432834218926718E-003  -4.0725397106108219E-003
   4.5889305864402806E-003   1.1704870619040717E-003  -4.1108703253820711E-003
   4.6542436178761658E-003   1.1975098679340493E-003  -4.1483399914280074E-003
   4.7196467881653907E-003   1.2259321284113500E-003  -4.1845974104615935E-003
   4.7851295333295090E-003   1.2549952374035491E-003  -4.2201972108130452E-003
   4.8502723837237534E-003   1.2850083668264950E-003  -4.2556319551515179E-003
   4.9159914199376964E-003   1.3152324995305146E-003  -4.2898008017763197E-003
   4.9819202402328830E-003   1.3462360452831785E-003  -4.3228488094156576E-003
   5.0479976051750934E-003   1.3773081563471477E-003  -4.3555337563784945E-003
   5.1145157007359294E-003   1.4086866401613785E-003  -4.3870096792300202E-003
   5.1809400574481619E-003   1.4407563094188105E-003  -4.4179829119517311E-003
   5.2474942605080267E-003   1.4736383981550818E-003  -4.4478041509674656E-003
   5.3137276126110434E-003   1.5077255806692821E-003  -4.4769796039597918E-003
   5.3794910919914710E-003   1.5433352899117429E-003  -4.5053893452284268E-003
   5.4452408647133466E-003   1.5797794235639295E-003  -4.5327534183923837E-003
   5.5105765975054970E-003   1.6166219460188661E-003  -4.5605719472521962E-003
   5.5759489610547339E-003   1.6535244795780780E-003  -4.5882243814062374E-003
   5.6413867189207753E-003   1.6901385301183311E-003  -4.6161046816168838E-003
   5.7071101972466995E-003   1.7268624075958332E-003  -4.6431561366049702E-003
   5.7731047810126567E-003   1.7641014538169702E-003  -4.6688070306702793E-003
   5.8392424239907658E-003   1.8018934074548383E-003  -4.6932524887194150E-003
   5.9047695376175371E-003   1.8408212453789911E-003  -4.7175592943101922E-003
   5.9701056866540009E-003   1.8811295021985055E-003  -4.7400633398342502E-003
   6.0359801655436290E-003   1.9212471529307749E-003  -4.7613030935372896E-003
   6.1017452876415013E-003   1.9624389878505682E-003  -4.7807499814002223E-003
   6.1671135795687776E-003   2.0047256840595947E-003  -4.7991570925512983E-003
   6.2326264047734333E-003   2.0471580609762578E-003  -4.8166945701148397E-003
   6.2981278401730663E-003   2.0898630758365089E-003  -4.8336014822167187E-003
   6.3639454272609169E-003   2.1321816852454679E-003  -4.8502502210894831E-003
   6.4295891696127148E-003   2.1751790091706479E-003  -4.8658107234565307E-003
   6.4943452347047603E-003   2.2189962651928742E-003  -4.8827429444469597E-003
   6.5588192486217729E-003   2.2637812571984846E-003  -4.8981509301781771E-003
   6.6234017992497481E-003   2.3082468552614024E-003  -4.9140224373214096E-003
   6.6883645380782101E-003   2.3524669695397585E-003  -4.9290032269556534E-003
   6.7532660989182728E-003   2.3969431540099683E-003  -4.9434827440711137E-003
   6.8177947478660862E-003   2.4423247795624069E-003  -4.9567703895578357E-003
   6.8825876927378141E-003   2.4873569232137572E-003  -4.9699605500442704E-003
   6.9472925092769625E-003   2.5328307983011329E-003  -4.9820192981630644E-003
   7.0123588501845900E-003   2.5778416546623898E-003  -4.9938680992205947E-003
   7.0779403699561096E-003   2.6224335192419233E-003  -5.0043861733465658E-003
   7.1427207798220359E-003   2.6681109581347634E-003  -5.0152060657153268E-003
   7.2073995003725765E-003   2.7143519239463021E-003  -5.0240624869212682E-003
   7.2713944733802495E-003   2.7616342929028012E-003  -5.0323703759230613E-003
   7.3355589003714292E-003   2.8088338090250741E-003  -5.0397954673536216E-003
   7.3988018423275983E-003   2.8573210549739073E-003  -5.0468180937687322E-003
   7.4617852176450394E-003   2.9062616991332459E-003  -5.0529750233026015E-003
   7.5236663847751285E-003   2.9567766687775923E-003  -5.0573292155589753E-003
   7.5851356035651959E-003   3.0078842358173398E-003  -5.0604198036546333E-003
   7.6467649512971638E-003   3.0588421515559509E-003  -5.0626812910122719E-003
   7.7087041947163995E-003   3.1094692652555520E-003  -5.0633335775981400E-003
   7.7699340992545742E-003   3.1609539224760831E-003  -5.0628551809930589E-003
   7.8316245004417025E-003   3.2118558612590819E-003  -5.0610421634774390E-003
   7.8925934890864188E-003   3.2635672352966782E-003  -5.0580898389286470E-003
   7.9527096964200090E-003   3.3162520567338724E-003  -5.0548725100415205E-003
   8.0125182935204819E-003   3.3692659583050536E-003  -5.0513429275410434E-003
   8.0721008159504309E-003   3.4225166202341557E-003  -5.0475627122515479E-003
   8.1306132063178483E-003   3.4768273433505967E-003  -5.0424007814528164E-003
   8.1885053708267656E-003   3.5316856695178614E-003  -5.0361508743745464E-003
   8.2456277895059417E-003   3.5873069592695294E-003  -5.0295704935414479E-003
   8.3018743506733297E-003   3.6436750832629606E-003  -5.0218920202645999E-003
   8.3582242907159487E-003   3.6997301729024068E-003  -5.0128084535801557E-003
   8.4143230968335425E-003   3.7560492997614583E-003  -5.0038040158793089E-003
   8.4695866652659026E-003   3.8128516329182659E-003  -4.9928754771541486E-003
   8.5239114422691678E-003   3.8703407074302879E-003  -4.9808827747367364E-003
   8.5781165353619009E-003   3.9276322413310692E-003  -4.9674854606357932E-003
   8.6316408509317689E-003   3.9852231333798484E-003  -4.9527058530255616E-003
   8.6846110646585442E-003   4.0428958151412517E-003  -4.9363345905084665E-003
   8.7374524528656787E-003   4.1004405219002456E-003  -4.9191184813321080E-003
   8.7906738223217772E-003   4.1578353346906679E-003  -4.9025860496083344E-003
   8.8428429077222447E-003   4.2159447269440381E-003  -4.8852169661355895E-003
   8.8952113086691632E-003   4.2735419675057878E-003  -4.8667749363334525E-003
   8.9468729911248695E-003   4.3310793908776027E-003  -4.8462684623420465E-003
   8.9976652943582966E-003   4.3892593488727471E-003  -4.8254061896827660E-003
   9.0476108928082086E-003   4.4477742563782336E-003  -4.8034643849016768E-003
   9.0971159144955169E-003   4.5064592625206111E-003  -4.7809849968743403E-003
   9.1458770022013105E-003   4.5657490345031512E-003  -4.7584665764608845E-003
   9.1930573982330621E-003   4.6260831607093074E-003  -4.7353623895894214E-003
   9.2400035468329107E-003   4.6867499458831761E-003  -4.7126555558019232E-003
   9.2864860475570035E-003   4.7471104225346008E-003  -4.6882426494882553E-003
   9.3323459181827422E-003   4.8079120366882749E-003  -4.6637470177857063E-003
   9.3779622214226425E-003   4.8685285745843354E-003  -4.6383543372131427E-003
   9.4226679557191436E-003   4.9289944901606177E-003  -4.6110546969652753E-003
   9.4665728199205632E-003   4.9891673630600786E-003  -4.5818727114959991E-003
   9.5104818908241483E-003   5.0490953818398288E-003  -4.5521973671677832E-003
   9.5534066260957833E-003   5.1091045296896573E-003  -4.5212721465817673E-003
   9.5964553983768804E-003   5.1684242625669174E-003  -4.4892101363024602E-003
   9.6396240458182722E-003   5.2272850771593361E-003  -4.4564706741014402E-003
   9.6815975946455118E-003   5.2860961830277402E-003  -4.4221271883386837E-003
   9.7221321419077422E-003   5.3446922610902812E-003  -4.3857479343551416E-003
   9.7635945130260405E-003   5.4029766199094444E-003  -4.3499177055756170E-003
   9.8038602236327002E-003   5.4614253633290524E-003  -4.3130067729287153E-003
   9.8434307788704493E-003   5.5198587228579817E-003  -4.2753276852514821E-003
   9.8819127262192979E-003   5.5783300728220993E-003  -4.2365947411936054E-003
   9.9206274666279806E-003   5.6362115308607246E-003  -4.1972132010653813E-003
   9.9581516283639843E-003   5.6947744966270109E-003  -4.1576870537380819E-003
   9.9951060573018093E-003   5.7536660362250674E-003  -4.1181123554583331E-003
   1.0030792435464996E-002   5.8126914248264536E-003  -4.0775847610239509E-003
   1.0065758349759599E-002   5.8719363892642670E-003  -4.0367507185543033E-003
   1.0099605174010286E-002   5.9320278336579390E-003  -3.9962117150124325E-003
   1.0132696095003198E-002   5.9923070556558416E-003  -3.9553288782046489E-003
   1.0166468121120553E-002   6.0524518921551695E-003  -3.9148066757501198E-003
   1.0199592924499720E-002   6.1126563609538598E-003  -3.8738412106540344E-003
   1.0232232677854390E-002   6.1723404882560095E-003  -3.8317407183090712E-003
   1.0265968208005441E-002   6.2313791152752230E-003  -3.7895938972969216E-003
   1.0299561687468017E-002   6.2908453467669214E-003  -3.7479376197468313E-003
   1.0333011284164343E-002   6.3494813882420693E-003  -3.7050081529976259E-003
   1.0366849475255039E-002   6.4072702231854394E-003  -3.6612425571268181E-003
   1.0400301291475091E-002   6.4653014729556153E-003  -3.6175007002342990E-003
   1.0434657605897893E-002   6.5231998944656399E-003  -3.5742870861753865E-003
   1.0469037378846208E-002   6.5809992874085298E-003  -3.5309597116080730E-003
   1.0502996152064447E-002   6.6381652868158208E-003  -3.4864754420898736E-003
   1.0535886604539274E-002   6.6949408543941864E-003  -3.4407069697694336E-003
   1.0567449262887399E-002   6.7522901032600448E-003  -3.3947193381749967E-003
   1.0598603428680076E-002   6.8090850253848404E-003  -3.3477751715835780E-003
   1.0630078286275151E-002   6.8652624600203643E-003  -3.3003048738285833E-003
   1.0661016998809980E-002   6.9209892993212750E-003  -3.2519590833165945E-003
   1.0691335074363427E-002   6.9767767953340587E-003  -3.2032911309886310E-003
   1.0721006671933245E-002   7.0317135771252341E-003  -3.1532756703782842E-003
   1.0750531827096961E-002   7.0865847279354306E-003  -3.1031017527305906E-003
   1.0779931422039724E-002   7.1412426433895733E-003  -3.0526222904975887E-003
   1.0809463279575899E-002   7.1952467752648703E-003  -3.0015202051512091E-003
   1.0838478438122842E-002   7.2492729541433548E-003  -2.9501461594602018E-003
   1.0867715036439764E-002   7.3034320633083450E-003  -2.8990383105987013E-003
   1.0896804908629737E-002   7.3576577493878791E-003  -2.8479173334680290E-003
   1.0926525328520884E-002   7.4118716310345818E-003  -2.7971477394544589E-003
   1.0955918515361367E-002   7.4655284646746173E-003  -2.7456017913038010E-003
   1.0985199007752204E-002   7.5183379113734714E-003  -2.6931249858937988E-003
   1.1013369570332167E-002   7.5708495635331899E-003  -2.6397494691192385E-003
   1.1040810944644621E-002   7.6228397765726180E-003  -2.5854909331774019E-003
   1.1067775390721927E-002   7.6745446794111551E-003  -2.5307230442335516E-003
   1.1095429284482239E-002   7.7261376150158942E-003  -2.4761938670358375E-003
   1.1123074652651379E-002   7.7789445542064241E-003  -2.4228350740424587E-003
   1.1150390480196233E-002   7.8309045607997795E-003  -2.3684843308983540E-003
   1.1178906638078460E-002   7.8818324866336519E-003  -2.3137744130529363E-003
   1.1207432803417938E-002   7.9315067414450768E-003  -2.2579288555011900E-003
   1.1235387829667209E-002   7.9817162734133265E-003  -2.2022734927429934E-003
   1.1262706347276254E-002   8.0313124293163625E-003  -2.1457587167626520E-003
   1.1289147009369945E-002   8.0816211259906890E-003  -2.0894566170480021E-003
   1.1315136199687513E-002   8.1318881769584881E-003  -2.0329076508446963E-003
   1.1340251117456759E-002   8.1817788301501645E-003  -1.9756349380471890E-003
   1.1365635678866779E-002   8.2313060719611426E-003  -1.9181660216312244E-003
   1.1389582425855556E-002   8.2795787125575070E-003  -1.8590364564485022E-003
   1.1413754412857137E-002   8.3276929394032976E-003  -1.7998694367317059E-003
   1.1438031857506177E-002   8.3758826077563742E-003  -1.7408070836529759E-003
   1.1462610032503567E-002   8.4238241609785238E-003  -1.6816672427650535E-003
   1.1487462169850532E-002   8.4716996015737536E-003  -1.6225883678507853E-003
   1.1511548669940978E-002   8.5202328142774120E-003  -1.5637294876412787E-003
   1.1535400623163829E-002   8.5686818640027754E-003  -1.5047059845998121E-003
   1.1559241597469083E-002   8.6177560384325218E-003  -1.4461967259696423E-003
   1.1581799805730816E-002   8.6667352251054413E-003  -1.3871021702685938E-003
   1.1603621473711327E-002   8.7162454393126636E-003  -1.3281737942962219E-003
   1.1625215474229476E-002   8.7647254066329870E-003  -1.2683123550329405E-003
   1.1645799317886351E-002   8.8128720067241813E-003  -1.2078292145825727E-003
   1.1665362486686514E-002   8.8610397386946708E-003  -1.1470250040325496E-003
   1.1685276903445079E-002   8.9088993210781620E-003  -1.0860916274556712E-003
   1.1704703190117967E-002   8.9557840261169485E-003  -1.0242495396846267E-003
   1.1723485055209069E-002   9.0029904146828165E-003  -9.6245311238103216E-004
   1.1742091544997653E-002   9.0507338366084874E-003  -9.0101725807805063E-004
   1.1759577635076266E-002   9.0995486828332334E-003  -8.4009642878574717E-004
   1.1776577647748020E-002   9.1489322916982283E-003  -7.7949726422998737E-004
   1.1794725564801151E-002   9.1974888616235869E-003  -7.1856359025883364E-004
   1.1813523412857572E-002   9.2458280246287029E-003  -6.5765409818489807E-004
   1.1832260882812027E-002   9.2947534527116002E-003  -5.9719576785190621E-004
   1.1850678245341608E-002   9.3439184691237812E-003  -5.3683351207904596E-004
   1.1869490475594871E-002   9.3927522275402027E-003  -4.7632430593204562E-004
   1.1888160054993976E-002   9.4412754149873143E-003  -4.1552178063034625E-004
   1.1906156663894364E-002   9.4905769962666305E-003  -3.5514400201531961E-004
   1.1923352453889426E-002   9.5410026420020035E-003  -2.9546520292207391E-004
   1.1940331464533067E-002   9.5910845141697343E-003  -2.3543588278370850E-004
   1.1959005090217922E-002   9.6412316735823168E-003  -1.7596691520433457E-004
   1.1976578507293190E-002   9.6918721776062949E-003  -1.1658076895282820E-004
   1.1994605264932961E-002   9.7433069247947791E-003  -5.8018812089315999E-005
   1.2012500000009941E-002   9.7953991113081968E-003   7.9861673402262073E-015
