   3.5527136787928963E-015   3.5421283062123942E-015   7.1340190668718329E-015
   5.4285999698409022E-005   8.0236971928646511E-006  -5.8212116598879807E-005
   1.0797114240999360E-004   1.5880002922469230E-005  -1.1700143456203447E-004
   1.6121274231103611E-004   2.3482867730140339E-005  -1.7622582551509765E-004
   2.1384547854114082E-004   3.1004841448517604E-005  -2.3600220033337225E-004
   2.6578882557116485E-004   3.9478580164893026E-005  -2.9625238252404867E-004
   3.1799860308064423E-004   4.7322391114102184E-005  -3.5635740530411917E-004
   3.6962894793164295E-004   5.5180764159510710E-005  -4.1695900145553687E-004
   4.2097419363597483E-004   6.2873084790694437E-005  -4.7782355556826852E-004
   4.7233718840398894E-004   7.0741170201773525E-005  -5.3865065481699826E-004
   5.2387886616854929E-004   7.8333965949590589E-005  -5.9936148506971678E-004
   5.7434575378264555E-004   8.7026596166989557E-005  -6.6082311079442241E-004
   6.2558993202267428E-004   9.5498720296895831E-005  -7.2166928819847960E-004
   6.7695756939503194E-004   1.0393829658534711E-004  -7.8241580565711032E-004
   7.2746746051196567E-004   1.1233485248555880E-004  -8.4388326652928706E-004
   7.7772553528729978E-004   1.2132951220109637E-004  -9.0547240539933535E-004
   8.2877960902226911E-004   1.2988177791494403E-004  -9.6646699779169738E-004
   8.7974929370560398E-004   1.3962222572641244E-004  -1.0273539004571517E-003
   9.3140874894521769E-004   1.4971080670072770E-004  -1.0875994083138518E-003
   9.8215056811885642E-004   1.5976084263112064E-004  -1.1486261611041483E-003
   1.0337132803721850E-003   1.7143345491259704E-004  -1.2086681200360718E-003
   1.0860722970689989E-003   1.8379478797694464E-004  -1.2678773324728322E-003
   1.1382744676254211E-003   1.9694807787044771E-004  -1.3270543917170031E-003
   1.1912923377544766E-003   2.0869844905849815E-004  -1.3857998955382868E-003
   1.2447054591171955E-003   2.2147018126151047E-004  -1.4439713775635950E-003
   1.2976993331724859E-003   2.3423602322977197E-004  -1.5025263311741128E-003
   1.3512390602411837E-003   2.4689668087811309E-004  -1.5606056335989240E-003
   1.4047751744094992E-003   2.5949315683605740E-004  -1.6187022193761649E-003
   1.4576731624470754E-003   2.7153457863501575E-004  -1.6774968366088012E-003
   1.5106462735202406E-003   2.8380606728375420E-004  -1.7361761350515607E-003
   1.5634919447999416E-003   2.9662467253725803E-004  -1.7948533742454809E-003
   1.6164682465987289E-003   3.0941054270756875E-004  -1.8534198575320959E-003
   1.6699936032819633E-003   3.2096258683703670E-004  -1.9117429787086368E-003
   1.7230421221568863E-003   3.3469244366306146E-004  -1.9700297324754265E-003
   1.7756432002683923E-003   3.4854651492116233E-004  -2.0286914005041641E-003
   1.8289639547287256E-003   3.6340866116055134E-004  -2.0864496359457034E-003
   1.8814148414235063E-003   3.7871666513962401E-004  -2.1448839536708001E-003
   1.9342748351654586E-003   3.9456622276531894E-004  -2.2028029711424792E-003
   1.9871990767980122E-003   4.1153910669537551E-004  -2.2603437901990782E-003
   2.0398885903995839E-003   4.2998821326115891E-004  -2.3176451481884178E-003
   2.0929823914403430E-003   4.4895712668134005E-004  -2.3744010167803435E-003
   2.1466973989746601E-003   4.6783955548611187E-004  -2.4305984531622265E-003
   2.2010247498908714E-003   4.8754567585790581E-004  -2.4859175976705591E-003
   2.2555245261126461E-003   5.0812366057079790E-004  -2.5407475249161200E-003
   2.3093342724849163E-003   5.2907022217370064E-004  -2.5961167651565300E-003
   2.3629679848397402E-003   5.5009096384499529E-004  -2.6516285055467703E-003
   2.4171648903230690E-003   5.7146176548741607E-004  -2.7064553626490544E-003
   2.4713173434480896E-003   5.9355311937356401E-004  -2.7610400118590534E-003
   2.5263076511570751E-003   6.1625416756336444E-004  -2.8145257900983782E-003
   2.5811998158333980E-003   6.3904510702373133E-004  -2.8680741171855147E-003
   2.6366585916097261E-003   6.6222929145296427E-004  -2.9208644361898642E-003
   2.6914984215886902E-003   6.8428393015026036E-004  -2.9747734887894382E-003
   2.7462647278961136E-003   7.0690981499890618E-004  -3.0285203121524014E-003
   2.8017911482175191E-003   7.2944513126255086E-004  -3.0815200872649461E-003
   2.8575893580665558E-003   7.5215979830759914E-004  -3.1341566115700415E-003
   2.9131778379409288E-003   7.7516446730814981E-004  -3.1868890124184461E-003
   2.9692890422557045E-003   7.9889519372297569E-004  -3.2387386544503191E-003
   3.0255462627883970E-003   8.2259641205809379E-004  -3.2904433679908510E-003
   3.0809222925607433E-003   8.4660418238556839E-004  -3.3429516746888567E-003
   3.1364006463207076E-003   8.7055188605508673E-004  -3.3953793368575124E-003
   3.1923388361143560E-003   8.9497866387551722E-004  -3.4470925018663980E-003
   3.2481805936766892E-003   9.2053680561296621E-004  -3.4983612009920153E-003
   3.3042110043345800E-003   9.4613568111343797E-004  -3.5494032490719272E-003
   3.3602628671956692E-003   9.7180492764242451E-004  -3.6003863681796878E-003
   3.4159834532204764E-003   9.9873570114667560E-004  -3.6510810399052115E-003
   3.4716162994120679E-003   1.0265423712655106E-003  -3.7013977917140666E-003
   3.5277819619462078E-003   1.0544800786774474E-003  -3.7510455797692944E-003
   3.5854107142481214E-003   1.0824535529751626E-003  -3.7989664692924478E-003
   3.6438569590338784E-003   1.1115856751314258E-003  -3.8451763809010200E-003
   3.7025155125510424E-003   1.1422757931440219E-003  -3.8900906407887087E-003
   3.7605721421657217E-003   1.1732890327061870E-003  -3.9355615846850866E-003
   3.8191525558589155E-003   1.2045725434107640E-003  -3.9801673810841596E-003
   3.8783666526021787E-003   1.2360038945404548E-003  -4.0238224028653555E-003
   3.9382706341032575E-003   1.2680717135538321E-003  -4.0660499765440361E-003
   3.9981632185870798E-003   1.3008555072306677E-003  -4.1077405174197897E-003
   4.0576775903893277E-003   1.3348386005632993E-003  -4.1490102269432540E-003
   4.1174981874617681E-003   1.3696379534130338E-003  -4.1891412774201411E-003
   4.1773224697642039E-003   1.4057381014503276E-003  -4.2281006736407745E-003
   4.2370754873965986E-003   1.4428171836723068E-003  -4.2662414462672832E-003
   4.2975862821336168E-003   1.4794360818754053E-003  -4.3036245977892615E-003
   4.3582049571883235E-003   1.5163942202937239E-003  -4.3404956193905464E-003
   4.4190844147309902E-003   1.5533366332314302E-003  -4.3769503829359409E-003
   4.4798602964750186E-003   1.5914651847964794E-003  -4.4123411410145396E-003
   4.5403947525582194E-003   1.6300600162994698E-003  -4.4476401298038223E-003
   4.6010233573434700E-003   1.6683083502986827E-003  -4.4831540316782699E-003
   4.6620780183524533E-003   1.7069142334560712E-003  -4.5175330101154838E-003
   4.7239317544924553E-003   1.7448055611962525E-003  -4.5512726397707037E-003
   4.7856843318218774E-003   1.7832378244879421E-003  -4.5845830035379500E-003
   4.8474481671852187E-003   1.8222870170699988E-003  -4.6171466212126724E-003
   4.9095872651969573E-003   1.8612751239602298E-003  -4.6490630749694752E-003
   4.9715685435788330E-003   1.9011664243123508E-003  -4.6801597835775385E-003
   5.0336521419078470E-003   1.9414343597738441E-003  -4.7105591290255971E-003
   5.0967861426988725E-003   1.9811068689878095E-003  -4.7395451592394163E-003
   5.1604255204420945E-003   2.0213639331162127E-003  -4.7665525355738694E-003
   5.2246495534385550E-003   2.0613101302925435E-003  -4.7926211935859359E-003
   5.2896178100494944E-003   2.1007883926327559E-003  -4.8175328861592946E-003
   5.3543119660684835E-003   2.1410567127936055E-003  -4.8418871171191603E-003
   5.4194596297271400E-003   2.1812304524632771E-003  -4.8651648441778847E-003
   5.4844964504191752E-003   2.2219510558946572E-003  -4.8877932424451574E-003
   5.5499049904574492E-003   2.2627466436014295E-003  -4.9091811571974221E-003
   5.6160621282093223E-003   2.3028260725134440E-003  -4.9295986131179881E-003
   5.6819717977073352E-003   2.3431964859271562E-003  -4.9502418975969301E-003
   5.7487239916360344E-003   2.3823715277930375E-003  -4.9704770327992503E-003
   5.8156935057707042E-003   2.4217917143555790E-003  -4.9894805344410896E-003
   5.8827647121463978E-003   2.4613809682053926E-003  -5.0077601474379126E-003
   5.9500428067326408E-003   2.5005287320858586E-003  -5.0262293266951094E-003
   6.0171377672597198E-003   2.5404026238466043E-003  -5.0437889111481166E-003
   6.0838225577845937E-003   2.5813290058642469E-003  -5.0604673396173914E-003
   6.1498986728806262E-003   2.6233469468003538E-003  -5.0768514676834435E-003
   6.2156004645505707E-003   2.6663949481638446E-003  -5.0920219704365258E-003
   6.2806950383203549E-003   2.7107298103115351E-003  -5.1060617873791674E-003
   6.3454496853065897E-003   2.7557744980908137E-003  -5.1193963963913876E-003
   6.4100610012030011E-003   2.8011811934665260E-003  -5.1321874039196077E-003
   6.4748009104167318E-003   2.8466166219439080E-003  -5.1442026438039568E-003
   6.5391423868600739E-003   2.8931567348032825E-003  -5.1539079158124173E-003
   6.6030480968117620E-003   2.9405848117882239E-003  -5.1620711109039681E-003
   6.6662058173315641E-003   2.9892864358327526E-003  -5.1683364241557018E-003
   6.7289666752864989E-003   3.0386096978192289E-003  -5.1736553095029581E-003
   6.7921476901824478E-003   3.0874286299554148E-003  -5.1786424147618887E-003
   6.8545499021992829E-003   3.1371950983107594E-003  -5.1840519037089777E-003
   6.9168898479295624E-003   3.1871676863842219E-003  -5.1881104270425204E-003
   6.9792053888030666E-003   3.2370925799298533E-003  -5.1930377352451479E-003
   7.0406321759154582E-003   3.2880750654806323E-003  -5.1982852109128197E-003
   7.1018993379437442E-003   3.3392356547785008E-003  -5.2036637755965200E-003
   7.1639241999355147E-003   3.3895503251689918E-003  -5.2082844283821107E-003
   7.2256291060038575E-003   3.4403435907379835E-003  -5.2118268487536517E-003
   7.2874770836254864E-003   3.4910035461791738E-003  -5.2147245344106837E-003
   7.3487194556116457E-003   3.5424454423995133E-003  -5.2164861193410806E-003
   7.4090793430433887E-003   3.5949375067962494E-003  -5.2176118043659233E-003
   7.4691569611768181E-003   3.6477579449952537E-003  -5.2184370987932768E-003
   7.5290946905502863E-003   3.7007433851025139E-003  -5.2183287675430044E-003
   7.5892333789150408E-003   3.7534857625754602E-003  -5.2170718747601248E-003
   7.6489211841249440E-003   3.8067170525571217E-003  -5.2151236253761956E-003
   7.7074015210976876E-003   3.8611895422029662E-003  -5.2115461874703752E-003
   7.7651099221559550E-003   3.9164218114737994E-003  -5.2071716154914720E-003
   7.8223626108252613E-003   3.9720450982469787E-003  -5.2018631685846672E-003
   7.8796199806811136E-003   4.0274905762295553E-003  -5.1949789424275495E-003
   7.9364145415543666E-003   4.0833227616579879E-003  -5.1874195163199134E-003
   7.9935422125798298E-003   4.1386984735552095E-003  -5.1790553226305734E-003
   8.0504882032557783E-003   4.1941236677785565E-003  -5.1698248303597774E-003
   8.1068951254321692E-003   4.2499070687210235E-003  -5.1595063364557048E-003
   8.1613904807913504E-003   4.3070959594311755E-003  -5.1468696035076502E-003
   8.2153485084442597E-003   4.3650385801209919E-003  -5.1354160469247873E-003
   8.2685905349438680E-003   4.4231776948979035E-003  -5.1218098001057054E-003
   8.3217149052668381E-003   4.4813494146481022E-003  -5.1078867149831290E-003
   8.3746979073272328E-003   4.5395528828864893E-003  -5.0935633851856045E-003
   8.4270105979903955E-003   4.5981414653928441E-003  -5.0783725854623169E-003
   8.4783044747722101E-003   4.6574109318992746E-003  -5.0623704435753909E-003
   8.5282778405187838E-003   4.7175227285990743E-003  -5.0453635445406519E-003
   8.5779873239813162E-003   4.7776086780104247E-003  -5.0275128881048983E-003
   8.6277108043100563E-003   4.8375425844893920E-003  -5.0091961646322068E-003
   8.6776185811174855E-003   4.8969758610400696E-003  -4.9897822661434891E-003
   8.7274194397487376E-003   4.9562501140136949E-003  -4.9696219730336090E-003
   8.7775381956977285E-003   5.0147856548753873E-003  -4.9481347500378138E-003
   8.8269767645809682E-003   5.0735438563021575E-003  -4.9257003639830163E-003
   8.8768965928821258E-003   5.1315051721442118E-003  -4.9022803597009680E-003
   8.9261916226097398E-003   5.1896138806706172E-003  -4.8779210073415366E-003
   8.9753539419995011E-003   5.2476535541843379E-003  -4.8531326503840561E-003
   9.0236676022603969E-003   5.3056380319072291E-003  -4.8266073682964048E-003
   9.0711339560806421E-003   5.3639179345407791E-003  -4.7992139715158947E-003
   9.1185936301807127E-003   5.4216657254574883E-003  -4.7707048153025700E-003
   9.1655423327740831E-003   5.4793158942099849E-003  -4.7411704730703245E-003
   9.2117903592684319E-003   5.5371406553953503E-003  -4.7108815801995508E-003
   9.2567552307950707E-003   5.5953371633235506E-003  -4.6793962375743471E-003
   9.3031912691132878E-003   5.6524891662425910E-003  -4.6481337535195962E-003
   9.3489348847602509E-003   5.7091150501249041E-003  -4.6149519679879762E-003
   9.3941886627911860E-003   5.7654154128511867E-003  -4.5805664370588911E-003
   9.4390032292117326E-003   5.8214961324206489E-003  -4.5452591074344887E-003
   9.4844682631868068E-003   5.8770977447267989E-003  -4.5100257226772331E-003
   9.5287248989581394E-003   5.9330003284921301E-003  -4.4737455446949232E-003
   9.5724057220565040E-003   5.9887689594500179E-003  -4.4365723623142096E-003
   9.6154320675324208E-003   6.0447219945077620E-003  -4.3989161347379666E-003
   9.6592783546226735E-003   6.0997588380230098E-003  -4.3608576408086614E-003
   9.7015402473215589E-003   6.1561544416131797E-003  -4.3229964691486435E-003
   9.7434164583852720E-003   6.2128346904173886E-003  -4.2851318109694888E-003
   9.7840068252905109E-003   6.2704205580176621E-003  -4.2472333945733701E-003
   9.8240009716452307E-003   6.3276102601854478E-003  -4.2081206571000594E-003
   9.8636955662466594E-003   6.3842879323786472E-003  -4.1679711784422735E-003
   9.9037675360392468E-003   6.4400351574750644E-003  -4.1269043532867460E-003
   9.9427423272311563E-003   6.4956667740908094E-003  -4.0846422085582682E-003
   9.9813523606814055E-003   6.5504565231402538E-003  -4.0409690048445078E-003
   1.0018600981978206E-002   6.6056132808513602E-003  -3.9965812555594815E-003
   1.0055494977164013E-002   6.6609838011540291E-003  -3.9521634819747291E-003
   1.0091582382643753E-002   6.7161238034931124E-003  -3.9068062410737535E-003
   1.0126965145555902E-002   6.7709345658601913E-003  -3.8605046166986612E-003
   1.0161725974965521E-002   6.8257551396333103E-003  -3.8137457733356333E-003
   1.0195722656017444E-002   6.8808821795684847E-003  -3.7667858421224411E-003
   1.0228232985493625E-002   6.9360686882041465E-003  -3.7188533088971278E-003
   1.0260939934683442E-002   6.9907473787711961E-003  -3.6704746330797787E-003
   1.0292953158690990E-002   7.0457778738327809E-003  -3.6220308708566308E-003
   1.0325473868601699E-002   7.1010344756859854E-003  -3.5741862119521633E-003
   1.0358045792976500E-002   7.1557418778537734E-003  -3.5257489340255158E-003
   1.0389298480089779E-002   7.2110132186354453E-003  -3.4770832538371329E-003
   1.0418631824781099E-002   7.2662462080560954E-003  -3.4271946601419716E-003
   1.0448082440069621E-002   7.3206623488217869E-003  -3.3764842580164861E-003
   1.0477631713395432E-002   7.3736534122523364E-003  -3.3243422630566642E-003
   1.0506779780159984E-002   7.4263559821357971E-003  -3.2716846014835287E-003
   1.0536075273673716E-002   7.4785390165982846E-003  -3.2185931239561692E-003
   1.0564813205678553E-002   7.5304132897959968E-003  -3.1648977699656983E-003
   1.0593764858582797E-002   7.5817581306721121E-003  -3.1108097943158986E-003
   1.0622266858474595E-002   7.6330628601165643E-003  -3.0564456449088040E-003
   1.0651477299565868E-002   7.6834384366263392E-003  -3.0015908236060243E-003
   1.0681515437772326E-002   7.7331969879275986E-003  -2.9466199511050195E-003
   1.0711547276678449E-002   7.7826779683914764E-003  -2.8913956699968065E-003
   1.0742484211799403E-002   7.8313924036397253E-003  -2.8359898052793221E-003
   1.0772766307233360E-002   7.8787773940261954E-003  -2.7790893889209070E-003
   1.0803023892690262E-002   7.9258347939961133E-003  -2.7219047788496651E-003
   1.0834043440530790E-002   7.9718326124667109E-003  -2.6642680862236619E-003
   1.0864202264428385E-002   8.0173416392004832E-003  -2.6057926739793042E-003
   1.0894717545288925E-002   8.0611701872634733E-003  -2.5462286243664737E-003
   1.0926326853248602E-002   8.1048346580004614E-003  -2.4871163105433785E-003
   1.0957145126601597E-002   8.1486126284644588E-003  -2.4276711818081546E-003
   1.0987114728118504E-002   8.1925287458790141E-003  -2.3678949522979160E-003
   1.1017142090206851E-002   8.2357098334133755E-003  -2.3076143484340242E-003
   1.1046693934572150E-002   8.2786610256233989E-003  -2.2469358219920272E-003
   1.1075358984030293E-002   8.3217949076179101E-003  -2.1859621951608454E-003
   1.1102537579197300E-002   8.3657480891688209E-003  -2.1248930392691449E-003
   1.1129957963881649E-002   8.4096928694508081E-003  -2.0639260089054369E-003
   1.1158617091572190E-002   8.4526664019692194E-003  -2.0028364852838132E-003
   1.1186965505818216E-002   8.4968776996218274E-003  -1.9424897490855010E-003
   1.1214861678522392E-002   8.5406516214707531E-003  -1.8816157208208159E-003
   1.1242192729394133E-002   8.5844095799775932E-003  -1.8204744521767575E-003
   1.1269224968694281E-002   8.6285913210606049E-003  -1.7595053470077407E-003
   1.1297252586142876E-002   8.6730586208022039E-003  -1.6991968739887590E-003
   1.1324998378269044E-002   8.7183942152238552E-003  -1.6394067836796413E-003
   1.1353839028524769E-002   8.7633135857935179E-003  -1.5798209880266644E-003
   1.1382693745415902E-002   8.8074774254312971E-003  -1.5196798159496537E-003
   1.1412263152638295E-002   8.8510704532006323E-003  -1.4594693676282908E-003
   1.1442196920070891E-002   8.8938098335643468E-003  -1.3988284991282901E-003
   1.1471195022867467E-002   8.9368335680247452E-003  -1.3379345888603381E-003
   1.1500135724616800E-002   8.9806773599281006E-003  -1.2776008694941506E-003
   1.1529096405798729E-002   9.0219118715440492E-003  -1.2154639722867378E-003
   1.1557860367463729E-002   9.0622588174520124E-003  -1.1526566600767298E-003
   1.1585535999264950E-002   9.1026845398681014E-003  -1.0894125269741487E-003
   1.1613240240837909E-002   9.1423907587265697E-003  -1.0257266479424200E-003
   1.1640541390702305E-002   9.1816153194569546E-003  -9.6156995659258803E-004
   1.1666997152558048E-002   9.2209758429659845E-003  -8.9714292923936500E-004
   1.1692027000085058E-002   9.2611827282574610E-003  -8.3266880180706113E-004
   1.1717266016167422E-002   9.3012832748258691E-003  -7.6820999145493243E-004
   1.1743447079452060E-002   9.3412596537385210E-003  -7.0405049449130284E-004
   1.1768384845818868E-002   9.3813635711326032E-003  -6.3947663276441187E-004
   1.1792694287674503E-002   9.4215065723300354E-003  -5.7468781818292727E-004
   1.1817279590729814E-002   9.4624867907670447E-003  -5.1053032004550283E-004
   1.1841916923978166E-002   9.5036088864079195E-003  -4.4648365691186861E-004
   1.1866392013000422E-002   9.5448199383809489E-003  -3.8243196519603759E-004
   1.1890911096300123E-002   9.5870227474403862E-003  -3.1904634013622081E-004
   1.1915854209223970E-002   9.6286023638378331E-003  -2.5541477079798672E-004
   1.1940347979606596E-002   9.6703480748842226E-003  -1.9171743317698665E-004
   1.1964019235270582E-002   9.7121443631045211E-003  -1.2774289176866949E-004
   1.1988286651762919E-002   9.7538143029238158E-003  -6.3909447452483662E-005
   1.2012500000009956E-002   9.7953991113082246E-003   7.9860522753443244E-015
