   3.5527136787928340E-015   3.5421283062123689E-015   7.1340190668718645E-015
   5.6008874483468429E-005  -5.5119037445147535E-006  -5.6856177280589601E-005
   1.1236775012012676E-004  -9.7288042505148138E-006  -1.1347679968398071E-004
   1.6889304408194619E-004  -1.4910310103531759E-005  -1.6985093503604066E-004
   2.2616795337656058E-004  -1.9819100140686011E-005  -2.2548804984052763E-004
   2.8293933064356722E-004  -2.5381701004599901E-005  -2.8157787242322896E-004
   3.3888478598106253E-004  -3.1320366597439517E-005  -3.3845351113827299E-004
   3.9482258055273818E-004  -3.6406156825770540E-005  -3.9541927163229396E-004
   4.5140954229536785E-004  -4.1321454659660269E-005  -4.5175536670833500E-004
   5.0767231978475567E-004  -4.5619715663959631E-005  -5.0846537309264656E-004
   5.6366140483088856E-004  -5.1120763882576183E-005  -5.6534208913904026E-004
   6.1945000219150253E-004  -5.5864666023279387E-005  -6.2248338593290516E-004
   6.7525750875888329E-004  -6.0907694611029581E-005  -6.7958058436552152E-004
   7.3052216748290542E-004  -6.5695305215437261E-005  -7.3722515289818759E-004
   7.8556917550400289E-004  -6.9640448614223315E-005  -7.9514115024940750E-004
   8.3986157775222878E-004  -7.2671929416248711E-005  -8.5381946986183045E-004
   8.9382605368836790E-004  -7.5514805144950977E-005  -9.1280890441932511E-004
   9.4846863469610725E-004  -7.7448961128127235E-005  -9.7120794018117930E-004
   1.0023531171222280E-003  -7.9761998013130211E-005  -1.0302935764448724E-003
   1.0560234873791059E-003  -8.2659541312507387E-005  -1.0895480749297287E-003
   1.1101250312585084E-003  -8.5428391362666107E-005  -1.1484153529714666E-003
   1.1645924272265891E-003  -8.9088435229392251E-005  -1.2068953228527703E-003
   1.2194066244430562E-003  -9.0866241133968635E-005  -1.2651382896065851E-003
   1.2741848046962578E-003  -9.3737963429517846E-005  -1.3233714775195144E-003
   1.3300152347786752E-003  -9.5294848892950006E-005  -1.3806474688481090E-003
   1.3866480251439781E-003  -9.7123717605431917E-005  -1.4371220852305571E-003
   1.4442308750551318E-003  -9.8274418375368124E-005  -1.4926458754529273E-003
   1.5020262083438398E-003  -9.8244895187695811E-005  -1.5479604177019214E-003
   1.5601167037061930E-003  -9.7265982543455842E-005  -1.6029562000081292E-003
   1.6190785564204437E-003  -9.6156862328720900E-005  -1.6570142222899476E-003
   1.6787540971329108E-003  -9.4655632379930072E-005  -1.7102737393960537E-003
   1.7388885340463994E-003  -9.2644980518583051E-005  -1.7629976122529943E-003
   1.7997183673771815E-003  -9.2319298612045120E-005  -1.8149555308376059E-003
   1.8612121117744518E-003  -9.1343642545521641E-005  -1.8661176993140021E-003
   1.9222891483728498E-003  -9.0030748697115701E-005  -1.9177691457112835E-003
   1.9839170049053179E-003  -8.7760835090430048E-005  -1.9687284902889092E-003
   2.0455518610561774E-003  -8.5086257103244325E-005  -2.0196597295114535E-003
   2.1066845723042085E-003  -8.1710486262997318E-005  -2.0711514355126366E-003
   2.1692025755538375E-003  -7.8424676763100943E-005  -2.1209580889297902E-003
   2.2325928654542424E-003  -7.4486734660597973E-005  -2.1696013182877362E-003
   2.2956623313008517E-003  -7.0447873337691673E-005  -2.2186515994488741E-003
   2.3591471302667924E-003  -6.5427694468667992E-005  -2.2670714106034300E-003
   2.4225781829231700E-003  -5.9663253689461265E-005  -2.3154787733513514E-003
   2.4862766824314676E-003  -5.3743087830638850E-005  -2.3635147263596336E-003
   2.5498565802673325E-003  -4.6847643681291367E-005  -2.4115777001921918E-003
   2.6134398056857086E-003  -3.9380995157673510E-005  -2.4595508448434457E-003
   2.6775390592624362E-003  -3.2444937862162405E-005  -2.5069130321514980E-003
   2.7415135487987227E-003  -2.5040636925568945E-005  -2.5543729209163753E-003
   2.8061314114519401E-003  -1.8463864298164233E-005  -2.6010770737581934E-003
   2.8708121519819356E-003  -1.1048124523003496E-005  -2.6475680256332246E-003
   2.9361880793656973E-003  -2.7219746749199970E-006  -2.6929184759754668E-003
   3.0018228047055139E-003   5.1994599535526507E-006  -2.7379666024109251E-003
   3.0676758392947680E-003   1.3397972697448961E-005  -2.7826450336450544E-003
   3.1336115200763831E-003   2.2565654793278028E-005  -2.8270121340647964E-003
   3.2001130002632444E-003   3.1837960702839086E-005  -2.8705044033586987E-003
   3.2671402047797738E-003   4.1618503245511717E-005  -2.9130684120055998E-003
   3.3345766324572989E-003   5.1637464735111499E-005  -2.9549246975237990E-003
   3.4027130579121615E-003   6.1983590094831308E-005  -2.9955496311392681E-003
   3.4706997240803767E-003   7.3471163001199373E-005  -3.0361186941526373E-003
   3.5390559967699558E-003   8.6146581678834519E-005  -3.0757009345237737E-003
   3.6074245451361985E-003   9.9929214215497701E-005  -3.1148899715361176E-003
   3.6754180120054537E-003   1.1488515021644972E-004  -3.1543007371741564E-003
   3.7438699412654219E-003   1.3077703251338865E-004  -3.1925339880850535E-003
   3.8124222212317983E-003   1.4867975904016766E-004  -3.2296833794102520E-003
   3.8806328146321276E-003   1.6746893359061973E-004  -3.2670234634692161E-003
   3.9492709952025293E-003   1.8704361623937655E-004  -3.3031569930264786E-003
   4.0182026162088177E-003   2.0724397754988161E-004  -3.3383759798157292E-003
   4.0873359414494142E-003   2.2847609185692089E-004  -3.3725780363635331E-003
   4.1567577799924123E-003   2.5103861768885339E-004  -3.4053124336111272E-003
   4.2263676151588709E-003   2.7448935453100096E-004  -3.4370068144266388E-003
   4.2960148719810220E-003   2.9813886258001781E-004  -3.4684704505076928E-003
   4.3655426823514740E-003   3.2159664119829298E-004  -3.5003391842478434E-003
   4.4348897815855550E-003   3.4635558110072625E-004  -3.5316117718667381E-003
   4.5037389557896898E-003   3.7156056559724542E-004  -3.5636195828304693E-003
   4.5720923150437444E-003   3.9712363230162565E-004  -3.5963968295408448E-003
   4.6403396985780941E-003   4.2373013572145370E-004  -3.6285587421716996E-003
   4.7082784490702894E-003   4.5126628784515849E-004  -3.6605913273473341E-003
   4.7756497966158201E-003   4.8038866634766221E-004  -3.6924188091121764E-003
   4.8432406330237276E-003   5.0977216306410510E-004  -3.7235329368604251E-003
   4.9111218832224692E-003   5.3902202995439921E-004  -3.7541365503949032E-003
   4.9792600322621705E-003   5.6805470143120958E-004  -3.7843738886871254E-003
   5.0478250923399765E-003   5.9778881209713230E-004  -3.8129171052007607E-003
   5.1166058452172579E-003   6.2710824931878602E-004  -3.8413702006078773E-003
   5.1854329332997598E-003   6.5773237686297362E-004  -3.8682959273358048E-003
   5.2548010439772740E-003   6.8749117724421392E-004  -3.8948002480990330E-003
   5.3242707606337295E-003   7.1732614850319304E-004  -3.9209504481237112E-003
   5.3936618861879695E-003   7.4830736801233570E-004  -3.9459511627883796E-003
   5.4638094267633287E-003   7.7846756838107140E-004  -3.9698192349309856E-003
   5.5337652154198473E-003   8.0941612610229796E-004  -3.9932366302721858E-003
   5.6033437431254919E-003   8.4092699295150669E-004  -4.0170251517429399E-003
   5.6723396444701441E-003   8.7385744634838893E-004  -4.0405867908313037E-003
   5.7415186119647446E-003   9.0740985017718427E-004  -4.0626889777192945E-003
   5.8108346480097144E-003   9.4142194390893865E-004  -4.0836285244610585E-003
   5.8799762691358233E-003   9.7588165596023909E-004  -4.1044122792125003E-003
   5.9490502409232119E-003   1.0102809070286227E-003  -4.1255186280489530E-003
   6.0177172066624629E-003   1.0455430818303974E-003  -4.1465287883483094E-003
   6.0860288414721691E-003   1.0812639935803862E-003  -4.1679189031347593E-003
   6.1539461146809683E-003   1.1175713672375617E-003  -4.1895757411831583E-003
   6.2214701426400541E-003   1.1550889999889385E-003  -4.2103827803420864E-003
   6.2885841566371311E-003   1.1931151731444324E-003  -4.2315893657377448E-003
   6.3559190634444769E-003   1.2312101221711633E-003  -4.2519556414787564E-003
   6.4231706315939661E-003   1.2696988962230624E-003  -4.2718513912759744E-003
   6.4908223306177869E-003   1.3081179092417486E-003  -4.2904854207370174E-003
   6.5582052213837422E-003   1.3467172256259195E-003  -4.3097114139090354E-003
   6.6253247252497285E-003   1.3853081913891274E-003  -4.3298536471193041E-003
   6.6929198785770621E-003   1.4239320474011864E-003  -4.3482681252230166E-003
   6.7613541483532722E-003   1.4617006368570873E-003  -4.3653058583202863E-003
   6.8293753670438549E-003   1.5004302129059443E-003  -4.3818326170933447E-003
   6.8969756593544517E-003   1.5401631157130769E-003  -4.3976912712988293E-003
   6.9650820493431763E-003   1.5795913017427874E-003  -4.4120766038620073E-003
   7.0331721403909444E-003   1.6190105625481094E-003  -4.4265631967789444E-003
   7.1001419538971895E-003   1.6603544191845698E-003  -4.4409064738896165E-003
   7.1671053727773784E-003   1.7019971280935373E-003  -4.4543892527959773E-003
   7.2337497849765883E-003   1.7443147874234876E-003  -4.4673406244137891E-003
   7.3002350879441853E-003   1.7874294055660804E-003  -4.4783330851210969E-003
   7.3663718495494629E-003   1.8312383828686294E-003  -4.4886627645464262E-003
   7.4320993431183542E-003   1.8758103739267831E-003  -4.4983185502865093E-003
   7.4974403301650968E-003   1.9213337716771466E-003  -4.5059458482764473E-003
   7.5627203107467376E-003   1.9670933329764217E-003  -4.5126231742366697E-003
   7.6276366832025069E-003   2.0135050148341635E-003  -4.5182641300205257E-003
   7.6925482723444374E-003   2.0599486366496148E-003  -4.5236932728424844E-003
   7.7572115108382562E-003   2.1068337019447504E-003  -4.5282161298788636E-003
   7.8218416811558240E-003   2.1538310904758574E-003  -4.5319826355229246E-003
   7.8848556148306895E-003   2.2030568382115428E-003  -4.5344463565043991E-003
   7.9472028031923863E-003   2.2531682560628604E-003  -4.5357401486418635E-003
   8.0086284508159404E-003   2.3044009352210996E-003  -4.5371901149746600E-003
   8.0697381924880775E-003   2.3560294799396075E-003  -4.5374948219983882E-003
   8.1300495547440756E-003   2.4085892797362524E-003  -4.5375786250306093E-003
   8.1892415675729070E-003   2.4624044554768911E-003  -4.5370964637996489E-003
   8.2486812078587397E-003   2.5159072785856007E-003  -4.5350043153677324E-003
   8.3080575828711600E-003   2.5694295541477783E-003  -4.5318718865094698E-003
   8.3667783833271080E-003   2.6234955046222997E-003  -4.5265108612069452E-003
   8.4239684178173489E-003   2.6791832800640565E-003  -4.5212031667099780E-003
   8.4806879719368285E-003   2.7351994591739170E-003  -4.5144890129218051E-003
   8.5373397012826514E-003   2.7911186990505752E-003  -4.5065127872966331E-003
   8.5941159887565483E-003   2.8469772344404372E-003  -4.4990109738683544E-003
   8.6491834682896566E-003   2.9044236160567526E-003  -4.4907959913125768E-003
   8.7033014663763075E-003   2.9626663136991583E-003  -4.4819060840026667E-003
   8.7572704115264181E-003   3.0209319095618344E-003  -4.4722897801849505E-003
   8.8109779338102403E-003   3.0790859227511303E-003  -4.4607306800268408E-003
   8.8634205248142427E-003   3.1384423067328570E-003  -4.4494792651819650E-003
   8.9156901678438608E-003   3.1978485814443680E-003  -4.4376988178933307E-003
   8.9672855500952629E-003   3.2576456901080488E-003  -4.4249621650806828E-003
   9.0183962757149228E-003   3.3175795742689121E-003  -4.4109756265036113E-003
   9.0691232148408310E-003   3.3775631341486983E-003  -4.3958511367204866E-003
   9.1198417735007045E-003   3.4373633468358549E-003  -4.3799904189293897E-003
   9.1691474055748973E-003   3.4980857207595958E-003  -4.3632050696141454E-003
   9.2185553235841627E-003   3.5580111355925257E-003  -4.3440268972468792E-003
   9.2673348980296354E-003   3.6178850137321460E-003  -4.3231541438422663E-003
   9.3155074183531427E-003   3.6780751628631260E-003  -4.3017870141500497E-003
   9.3638788967215208E-003   3.7376871529901075E-003  -4.2792789997081080E-003
   9.4122426044521857E-003   3.7964695489311031E-003  -4.2546704299815871E-003
   9.4605231712465605E-003   3.8555026861066162E-003  -4.2305027741272672E-003
   9.5080411283210344E-003   3.9150047814450186E-003  -4.2059763720316010E-003
   9.5548695385519328E-003   3.9743256326518241E-003  -4.1797440139001484E-003
   9.6009012970823850E-003   4.0342509738911167E-003  -4.1534755789221084E-003
   9.6466566879547227E-003   4.0934511620983492E-003  -4.1251598247880779E-003
   9.6920973745124872E-003   4.1527991423131504E-003  -4.0966473496296648E-003
   9.7375217686126170E-003   4.2115082707960350E-003  -4.0668167836288866E-003
   9.7823402010553985E-003   4.2706283671687236E-003  -4.0368814817040403E-003
   9.8269639208348782E-003   4.3295314500681669E-003  -4.0062359197503951E-003
   9.8716764840804175E-003   4.3874849865023820E-003  -3.9739531951711177E-003
   9.9162847927909119E-003   4.4453111170039365E-003  -3.9412999041086296E-003
   9.9591750386849830E-003   4.5039083995934062E-003  -3.9077322815080544E-003
   1.0002025352269663E-002   4.5626720000337797E-003  -3.8744052670824773E-003
   1.0044580192699767E-002   4.6217359363722506E-003  -3.8412309250511318E-003
   1.0085884031241157E-002   4.6805306934259040E-003  -3.8060575050978579E-003
   1.0126659902052080E-002   4.7395692177887279E-003  -3.7706769879069239E-003
   1.0167015392413829E-002   4.7983373213758927E-003  -3.7343762385300384E-003
   1.0206356209543181E-002   4.8579615906661072E-003  -3.6983589285943868E-003
   1.0244916857339682E-002   4.9185715840258208E-003  -3.6631523221080826E-003
   1.0283418591101436E-002   4.9793162194723935E-003  -3.6281136895121367E-003
   1.0322136027483445E-002   5.0395286485729893E-003  -3.5924006177070842E-003
   1.0359961176485612E-002   5.1001429350956591E-003  -3.5564121977564016E-003
   1.0396750086382689E-002   5.1607477487892696E-003  -3.5193496470843845E-003
   1.0434078295563911E-002   5.2206034174459353E-003  -3.4816149981903408E-003
   1.0470665846120070E-002   5.2811791994770473E-003  -3.4443064765772753E-003
   1.0507109880554489E-002   5.3413138175683553E-003  -3.4061533631598701E-003
   1.0543820451480232E-002   5.4008795356858376E-003  -3.3673685825774450E-003
   1.0580173179698015E-002   5.4606476069667554E-003  -3.3285580582408194E-003
   1.0614859086606780E-002   5.5211330922643265E-003  -3.2893356929777971E-003
   1.0649761516389328E-002   5.5817004454159777E-003  -3.2504330436620272E-003
   1.0683808535058150E-002   5.6430263150450289E-003  -3.2119630781875150E-003
   1.0718442612052901E-002   5.7037316170948735E-003  -3.1730356199086021E-003
   1.0753257633864356E-002   5.7648250698365804E-003  -3.1348845479614185E-003
   1.0787010602291284E-002   5.8258357836869310E-003  -3.0956617239868713E-003
   1.0819956263118284E-002   5.8866154606402729E-003  -3.0554073540845182E-003
   1.0851136781577763E-002   5.9479193144945132E-003  -3.0145464587114723E-003
   1.0881680035046033E-002   6.0091014442798414E-003  -2.9730271058291610E-003
   1.0911227904167009E-002   6.0705450890260982E-003  -2.9311749619515205E-003
   1.0939569093650438E-002   6.1320938916327034E-003  -2.8886482423093295E-003
   1.0966829025823070E-002   6.1941355571395644E-003  -2.8461308594946162E-003
   1.0993944189716703E-002   6.2560152830600643E-003  -2.8032861702226813E-003
   1.1020920673039163E-002   6.3173233194084317E-003  -2.7595415243941331E-003
   1.1048629581466199E-002   6.3782090399890582E-003  -2.7156650452328916E-003
   1.1076046652290202E-002   6.4388433385491857E-003  -2.6712602475016801E-003
   1.1103576284929815E-002   6.4990534618791533E-003  -2.6263507789440746E-003
   1.1129990093397534E-002   6.5590998200671579E-003  -2.5805605441491528E-003
   1.1155743660562311E-002   6.6196793010500736E-003  -2.5350975893617921E-003
   1.1181265307213603E-002   6.6807239616874410E-003  -2.4901287672713414E-003
   1.1207242662884937E-002   6.7412520596120693E-003  -2.4447247326932729E-003
   1.1232826437724391E-002   6.8018161759154936E-003  -2.3991455896686608E-003
   1.1257032984549990E-002   6.8632664458283090E-003  -2.3540024017389759E-003
   1.1280961520405631E-002   6.9237672085093859E-003  -2.3074504642231269E-003
   1.1304735269176986E-002   6.9847195629084303E-003  -2.2614111401191989E-003
   1.1327831868434064E-002   7.0460326115405975E-003  -2.2155062692476558E-003
   1.1350178952424983E-002   7.1072937631407361E-003  -2.1691632100014663E-003
   1.1371578219833731E-002   7.1688045120849482E-003  -2.1227035596813283E-003
   1.1391552399097568E-002   7.2308108084806902E-003  -2.0762681057665596E-003
   1.1411999965241011E-002   7.2926714419693089E-003  -2.0298444150381499E-003
   1.1431438179191667E-002   7.3537125706901532E-003  -1.9819263971029843E-003
   1.1451914848750648E-002   7.4137603694848890E-003  -1.9331927550838468E-003
   1.1471299757488779E-002   7.4744019182799038E-003  -1.8847486855683544E-003
   1.1489640880882956E-002   7.5354125280645418E-003  -1.8363616141212531E-003
   1.1507331140598731E-002   7.5966771760811701E-003  -1.7880532545612472E-003
   1.1525435579109069E-002   7.6580956786084101E-003  -1.7400949720770783E-003
   1.1543291419675784E-002   7.7195728770812879E-003  -1.6921186963709223E-003
   1.1560855089110395E-002   7.7812757362947177E-003  -1.6443246101000633E-003
   1.1578471181864428E-002   7.8425610780776516E-003  -1.5960153961541153E-003
   1.1594491529891036E-002   7.9044019770736808E-003  -1.5478588632573914E-003
   1.1610852003573525E-002   7.9665177783369290E-003  -1.5001727841880079E-003
   1.1626251753762494E-002   8.0289159674450262E-003  -1.4525354700736079E-003
   1.1641445090851505E-002   8.0911456760484318E-003  -1.4046123455191612E-003
   1.1656853701248013E-002   8.1537986744354713E-003  -1.3573135450816011E-003
   1.1672197252687958E-002   8.2160818324544457E-003  -1.3095078586222021E-003
   1.1686898286094705E-002   8.2784170325795863E-003  -1.2615682878556382E-003
   1.1701995596983200E-002   8.3401813131647982E-003  -1.2130168219155473E-003
   1.1716626307467230E-002   8.4017975532503959E-003  -1.1641355241725207E-003
   1.1730258797611758E-002   8.4627377467265830E-003  -1.1141310440677147E-003
   1.1743814008563733E-002   8.5231942057891058E-003  -1.0635220249688210E-003
   1.1757524805375690E-002   8.5837965216424734E-003  -1.0131298295148344E-003
   1.1771400174138131E-002   8.6447423993216126E-003  -9.6319913622013021E-004
   1.1784468244079565E-002   8.7055696595159070E-003  -9.1290728830081130E-004
   1.1798091673652698E-002   8.7662007990590967E-003  -8.6252607072297551E-004
   1.1811221884012266E-002   8.8262969798562473E-003  -8.1137876742374453E-004
   1.1823895779206497E-002   8.8865296127598713E-003  -7.6027688578080422E-004
   1.1836638832484708E-002   8.9473195177734183E-003  -7.0985663150255145E-004
   1.1848147644575233E-002   9.0074180109149232E-003  -6.5832296904194969E-004
   1.1859666121093900E-002   9.0671288971677366E-003  -6.0634283089834823E-004
   1.1871948074581792E-002   9.1270923506888996E-003  -5.5483032895226037E-004
   1.1884885624173837E-002   9.1867961415055908E-003  -5.0317689564244100E-004
   1.1896644186372896E-002   9.2467258629641783E-003  -4.5150325918936779E-004
   1.1908465979590329E-002   9.3080593170526225E-003  -4.0151873547076108E-004
   1.1920235801871799E-002   9.3695545580894553E-003  -3.5172107878518426E-004
   1.1932759823208478E-002   9.4307040447702065E-003  -3.0168220222722488E-004
   1.1945002006707641E-002   9.4919715224276533E-003  -2.5171796374379217E-004
   1.1957976709249595E-002   9.5534622450176368E-003  -2.0221495244242111E-004
   1.1971467127516854E-002   9.6143229193522851E-003  -1.5207527820282823E-004
   1.1985107708391160E-002   9.6748878302422917E-003  -1.0161909796276184E-004
   1.1998668814681215E-002   9.7352971188421431E-003  -5.0955360950463762E-005
   1.2012500000009963E-002   9.7953991113081795E-003   7.9878133860494273E-015
