   3.5527136787927922E-015   3.5421283062123307E-015   7.1340190668718092E-015
   3.3227581386396063E-005   2.2763984085554445E-005  -6.9121117340375444E-005
   6.6522965248007741E-005   4.6465018660625565E-005  -1.3789377446392004E-004
   1.0036662342081627E-004   6.9470648187633109E-005  -2.0663493977711003E-004
   1.3512748277873750E-004   9.2336492578955657E-005  -2.7496381957967011E-004
   1.6979376867693946E-004   1.1487452555248456E-004  -3.4344948008046828E-004
   2.0403295884388565E-004   1.3734980052876130E-004  -4.1217021838151600E-004
   2.3806948359170036E-004   1.5997157043300033E-004  -4.8094354534730405E-004
   2.7174939458572337E-004   1.8324701495395337E-004  -5.4967430467862315E-004
   3.0604050410278051E-004   2.0529775217657277E-004  -6.1850659941459251E-004
   3.4075485100014017E-004   2.2766108117684865E-004  -6.8702517820561906E-004
   3.7456118626576099E-004   2.5019390233500826E-004  -7.5594109558929526E-004
   4.0780527395782519E-004   2.7292182621705736E-004  -8.2506614246082325E-004
   4.4157946487347256E-004   2.9532267465624817E-004  -8.9404081910159170E-004
   4.7650855565512841E-004   3.1814570569626351E-004  -9.6229818404497468E-004
   5.1043847536477011E-004   3.4180242846767247E-004  -1.0307753337117200E-003
   5.4496674161400905E-004   3.6573541944790128E-004  -1.0988562470975660E-003
   5.7959396466024512E-004   3.8987276289997668E-004  -1.1668146466641686E-003
   6.1490573479949275E-004   4.1357169415302288E-004  -1.2345748086012855E-003
   6.5083591921702877E-004   4.3739788334998768E-004  -1.3019642331977216E-003
   6.8768788799853612E-004   4.6220215276410767E-004  -1.3684975377942295E-003
   7.2462671623276789E-004   4.8702887342134287E-004  -1.4349742775763333E-003
   7.6233660130966652E-004   5.1072794796379838E-004  -1.5014296642649545E-003
   8.0034659761238000E-004   5.3441368479313167E-004  -1.5677186229776654E-003
   8.3816016720619400E-004   5.5791560807414494E-004  -1.6341851074256888E-003
   8.7508549973822211E-004   5.8233491504541216E-004  -1.7008200627067534E-003
   9.1169776319245536E-004   6.0655574350086834E-004  -1.7676997579101838E-003
   9.4825555999498838E-004   6.3040814897989325E-004  -1.8347414632255681E-003
   9.8503806055715557E-004   6.5448513199548009E-004  -1.9015796748574165E-003
   1.0227988579813790E-003   6.7962347925224268E-004  -1.9674749377467798E-003
   1.0603185453931534E-003   7.0631496039756008E-004  -2.0328954078142353E-003
   1.0981480767607175E-003   7.3201677066944725E-004  -2.0985333808032319E-003
   1.1362223623222103E-003   7.5919468197025775E-004  -2.1634310688338552E-003
   1.1740485542244986E-003   7.8645418902749994E-004  -2.2284395180471902E-003
   1.2115049533901333E-003   8.1406009833454561E-004  -2.2935158727216240E-003
   1.2495903096854477E-003   8.4187843642778704E-004  -2.3581351090985981E-003
   1.2876696120980456E-003   8.6991406649302230E-004  -2.4226639411313007E-003
   1.3266726464993882E-003   8.9762069257114216E-004  -2.4867818495428666E-003
   1.3670647290596586E-003   9.2570518691279110E-004  -2.5498670367345385E-003
   1.4066249910476263E-003   9.5514891885155470E-004  -2.6128595150553876E-003
   1.4469058724685968E-003   9.8574596469108927E-004  -2.6748375061715658E-003
   1.4872182193512674E-003   1.0167601293206291E-003  -2.7365872939364047E-003
   1.5279507490513467E-003   1.0470291360140836E-003  -2.7984310344833624E-003
   1.5689380723646238E-003   1.0782382375309936E-003  -2.8596358651335778E-003
   1.6098274057316897E-003   1.1095566366255611E-003  -2.9208504084009559E-003
   1.6517637383036004E-003   1.1415286915493620E-003  -2.9810096281173409E-003
   1.6946907184608915E-003   1.1737994768418740E-003  -3.0403044067886837E-003
   1.7374685213731198E-003   1.2062494204899750E-003  -3.0996092190773666E-003
   1.7809490771949661E-003   1.2389480975495964E-003  -3.1582627593686680E-003
   1.8245475751066812E-003   1.2724868423050497E-003  -3.2163516875585128E-003
   1.8688478757663968E-003   1.3058208618773634E-003  -3.2740260015938229E-003
   1.9116605049733918E-003   1.3403115058915375E-003  -3.3321420428234693E-003
   1.9555546817901942E-003   1.3756748557474734E-003  -3.3889111781166517E-003
   1.9997233553778145E-003   1.4116313266109288E-003  -3.4450917839461532E-003
   2.0456409749638163E-003   1.4472146225710130E-003  -3.5000954317563103E-003
   2.0926149958077388E-003   1.4825735887484762E-003  -3.5543465595458978E-003
   2.1400411673440658E-003   1.5180008361614583E-003  -3.6081579746803025E-003
   2.1883568425850502E-003   1.5534184343844819E-003  -3.6611786242153007E-003
   2.2371656377103703E-003   1.5889419580640994E-003  -3.7136741551253051E-003
   2.2876539524002600E-003   1.6239630876339738E-003  -3.7649035467955849E-003
   2.3378333222380666E-003   1.6605053312924536E-003  -3.8153683390609264E-003
   2.3887089238632574E-003   1.6967119154946224E-003  -3.8653759027531928E-003
   2.4396259999448239E-003   1.7333922199490991E-003  -3.9149945146441439E-003
   2.4906777103298060E-003   1.7704506133367137E-003  -3.9641920585645075E-003
   2.5413583493189991E-003   1.8079578999028671E-003  -4.0134330607468688E-003
   2.5920430169179254E-003   1.8459439582624710E-003  -4.0623014946463299E-003
   2.6426934576503991E-003   1.8842794779783602E-003  -4.1109319458453577E-003
   2.6946818595650194E-003   1.9215341123326531E-003  -4.1589871047188450E-003
   2.7475706437098033E-003   1.9588722355991604E-003  -4.2059832860997758E-003
   2.8012543041142125E-003   1.9963735027619012E-003  -4.2519367359419068E-003
   2.8549902378129789E-003   2.0338612798071615E-003  -4.2978400692736335E-003
   2.9093012257491537E-003   2.0713779181180106E-003  -4.3430376181237441E-003
   2.9643795489890392E-003   2.1089921591158417E-003  -4.3872139375364678E-003
   3.0201455636316757E-003   2.1460797420194259E-003  -4.4309707975702496E-003
   3.0752322286893502E-003   2.1836295898437397E-003  -4.4751914744502004E-003
   3.1312286311777431E-003   2.2212383396711713E-003  -4.5182029246980714E-003
   3.1879089574054368E-003   2.2586896014602535E-003  -4.5604491507352848E-003
   3.2451126737800340E-003   2.2963932740022665E-003  -4.6017549361047488E-003
   3.3037252551094578E-003   2.3342939706784611E-003  -4.6408458876473638E-003
   3.3624538842816597E-003   2.3724443100419366E-003  -4.6795175791673220E-003
   3.4215776154060983E-003   2.4113750746813313E-003  -4.7167839175595340E-003
   3.4814503676332607E-003   2.4513346026641229E-003  -4.7516907889984753E-003
   3.5415368367542632E-003   2.4913856683184475E-003  -4.7861222916102224E-003
   3.6022948741027887E-003   2.5312783021190360E-003  -4.8195444200231806E-003
   3.6637693779048536E-003   2.5703215289996275E-003  -4.8526580398080199E-003
   3.7257024463312476E-003   2.6097518299478687E-003  -4.8844313998146630E-003
   3.7876029505093025E-003   2.6499026790256642E-003  -4.9153544802332432E-003
   3.8501077906934679E-003   2.6897673059023530E-003  -4.9454203492609403E-003
   3.9129672789700466E-003   2.7297064367667392E-003  -4.9746359368046762E-003
   3.9753275163421980E-003   2.7705797517686742E-003  -5.0036285723642918E-003
   4.0378408848165950E-003   2.8119670747397928E-003  -5.0315421579291740E-003
   4.1002450432643615E-003   2.8539400848293889E-003  -5.0588182911587608E-003
   4.1627653387685806E-003   2.8961675752028635E-003  -5.0854275319899287E-003
   4.2250110091974855E-003   2.9384261365554090E-003  -5.1126247835682082E-003
   4.2873591523588106E-003   2.9806578525192777E-003  -5.1396283245373278E-003
   4.3489395038492683E-003   3.0246540012979725E-003  -5.1655551290900065E-003
   4.4109745528919412E-003   3.0684035590700558E-003  -5.1908064435547989E-003
   4.4731651325313109E-003   3.1123041302904379E-003  -5.2154046481013294E-003
   4.5359981208411932E-003   3.1559096156967286E-003  -5.2388690300493495E-003
   4.5991625222756485E-003   3.1993438932236243E-003  -5.2617540013388982E-003
   4.6622709171762738E-003   3.2434394109826189E-003  -5.2835006289007665E-003
   4.7251049743511787E-003   3.2883943422075835E-003  -5.3042596130794678E-003
   4.7876112177073580E-003   3.3342479687383142E-003  -5.3240185217422187E-003
   4.8499077042226365E-003   3.3809121884043128E-003  -5.3425009019335539E-003
   4.9114785626954462E-003   3.4284835456958791E-003  -5.3611018521478654E-003
   4.9731050376715926E-003   3.4760967080365557E-003  -5.3794093469049205E-003
   5.0341405756517341E-003   3.5246594331491184E-003  -5.3971948694322477E-003
   5.0950939575099864E-003   3.5731507596330485E-003  -5.4154507316264032E-003
   5.1565173861136786E-003   3.6212865721917354E-003  -5.4330605574941281E-003
   5.2175453288387475E-003   3.6700935223226219E-003  -5.4501915770038102E-003
   5.2783380901302050E-003   3.7191209125076469E-003  -5.4675281043939858E-003
   5.3396810217716051E-003   3.7677169968985277E-003  -5.4841252523535394E-003
   5.4015783052129840E-003   3.8162170461924247E-003  -5.4988382235533935E-003
   5.4640517771665110E-003   3.8641805231532504E-003  -5.5128585721663731E-003
   5.5265018449896760E-003   3.9123666246537112E-003  -5.5262035581817304E-003
   5.5887130162535813E-003   3.9614010704095799E-003  -5.5374014733599675E-003
   5.6515544628595107E-003   4.0097999414869549E-003  -5.5478178961091036E-003
   5.7142976485682982E-003   4.0584880215759726E-003  -5.5574492776287940E-003
   5.7777356008168754E-003   4.1066287906071971E-003  -5.5650711257395043E-003
   5.8411869319076933E-003   4.1549811838094775E-003  -5.5710690138879417E-003
   5.9038352048948377E-003   4.2044888589739477E-003  -5.5759867364859467E-003
   5.9663286577719210E-003   4.2542852553938623E-003  -5.5798451360447275E-003
   6.0289380462141828E-003   4.3040261981405290E-003  -5.5822747661271183E-003
   6.0914121169776984E-003   4.3539539379846681E-003  -5.5843269051764335E-003
   6.1546286568446304E-003   4.4029811494870263E-003  -5.5843670717185068E-003
   6.2176243256180444E-003   4.4522776772760297E-003  -5.5831846733995398E-003
   6.2794231673458352E-003   4.5030297329333065E-003  -5.5809192791601544E-003
   6.3409875917257927E-003   4.5539575186442508E-003  -5.5768965576777655E-003
   6.4022324531309580E-003   4.6051759685467007E-003  -5.5718233591571763E-003
   6.4632990358284561E-003   4.6564950341548604E-003  -5.5657220489978834E-003
   6.5248986860968455E-003   4.7071855875189059E-003  -5.5597261430581531E-003
   6.5866795287073798E-003   4.7574637822557237E-003  -5.5522944124709568E-003
   6.6483028167592731E-003   4.8076834874566559E-003  -5.5433193593421330E-003
   6.7092670960118865E-003   4.8586649440707595E-003  -5.5341407026069109E-003
   6.7703132876653317E-003   4.9093036431598746E-003  -5.5236963433309650E-003
   6.8315808731841052E-003   4.9595969500361662E-003  -5.5128858739587963E-003
   6.8931462119752552E-003   5.0087949708407069E-003  -5.4991285555488663E-003
   6.9545191198880371E-003   5.0580648225019061E-003  -5.4847811554676771E-003
   7.0156147285807338E-003   5.1076333439020781E-003  -5.4702798353329475E-003
   7.0762096106289866E-003   5.1571505939087391E-003  -5.4536574944123728E-003
   7.1367777130351773E-003   5.2063911361578180E-003  -5.4361396755829607E-003
   7.1968309219417187E-003   5.2558883029587252E-003  -5.4176020766392285E-003
   7.2557871565236574E-003   5.3064451789486275E-003  -5.3984144584152535E-003
   7.3147532119186504E-003   5.3568209056805791E-003  -5.3787856410113201E-003
   7.3747658925385250E-003   5.4063199224510215E-003  -5.3601221605280606E-003
   7.4351074580080046E-003   5.4553701637421424E-003  -5.3413346831859857E-003
   7.4949999709263849E-003   5.5042876764763047E-003  -5.3208416637655761E-003
   7.5541438563478036E-003   5.5536091630807348E-003  -5.2991762125429321E-003
   7.6127376340195856E-003   5.6027497941628810E-003  -5.2756822219019832E-003
   7.6711249822456699E-003   5.6515897409570026E-003  -5.2510737444548374E-003
   7.7287605387108280E-003   5.7004537434623311E-003  -5.2247972931987324E-003
   7.7861527450354502E-003   5.7485473182569838E-003  -5.1966345035866571E-003
   7.8434724553101218E-003   5.7959674274288865E-003  -5.1672102947711140E-003
   7.9004701781502599E-003   5.8432770524333563E-003  -5.1369934291665463E-003
   7.9573076132001246E-003   5.8905714567638930E-003  -5.1064525499756102E-003
   8.0132879829357649E-003   5.9384056081411207E-003  -5.0751780850154726E-003
   8.0689320472625194E-003   5.9859799016891710E-003  -5.0429224698702816E-003
   8.1238165255455887E-003   6.0334883711135462E-003  -5.0092974885822808E-003
   8.1790179070135999E-003   6.0799439581870887E-003  -4.9747332595550826E-003
   8.2336962559311309E-003   6.1256789698657457E-003  -4.9384209083579780E-003
   8.2881499426648974E-003   6.1713976728719529E-003  -4.9017521722738251E-003
   8.3426440977675802E-003   6.2167543130933322E-003  -4.8646959683269365E-003
   8.3969871702110933E-003   6.2623816033661904E-003  -4.8277503210629631E-003
   8.4509582811283287E-003   6.3086813628090025E-003  -4.7910971974758467E-003
   8.5051883623374191E-003   6.3541388648851631E-003  -4.7537781165841687E-003
   8.5585328552300333E-003   6.3992551292888031E-003  -4.7148052060777242E-003
   8.6115655109911763E-003   6.4443211313911491E-003  -4.6753515258458186E-003
   8.6638010122289354E-003   6.4895930178361164E-003  -4.6350785981624778E-003
   8.7163889478261321E-003   6.5335273013484773E-003  -4.5937955778175537E-003
   8.7690168238240013E-003   6.5767279271087440E-003  -4.5517954278456781E-003
   8.8212571304416513E-003   6.6198559656203545E-003  -4.5092404909702864E-003
   8.8732006664181788E-003   6.6632716620420411E-003  -4.4666148368772236E-003
   8.9244832976402965E-003   6.7067929991746714E-003  -4.4233021950152674E-003
   8.9756209750437767E-003   6.7499716612440712E-003  -4.3794782165343295E-003
   9.0261009795646625E-003   6.7939955637693521E-003  -4.3357327579518611E-003
   9.0755385218274434E-003   6.8388854087623376E-003  -4.2916778918216485E-003
   9.1245713233498050E-003   6.8838195026194064E-003  -4.2472176669750405E-003
   9.1726364028805549E-003   6.9296056288043325E-003  -4.2025703962755481E-003
   9.2203039879893058E-003   6.9746627007480667E-003  -4.1567701605214084E-003
   9.2667793869084369E-003   7.0194499000846532E-003  -4.1095034273602908E-003
   9.3123067184856332E-003   7.0647831859559380E-003  -4.0618362974057850E-003
   9.3579635423936686E-003   7.1091878893542199E-003  -4.0134247621783073E-003
   9.4032733429390107E-003   7.1524257103203568E-003  -3.9636501419160674E-003
   9.4481341970753946E-003   7.1956214495726657E-003  -3.9134342891312514E-003
   9.4923098427958166E-003   7.2391247718087944E-003  -3.8628776547305313E-003
   9.5358074653927316E-003   7.2830225715903888E-003  -3.8120747020062239E-003
   9.5799129935204719E-003   7.3260639684073368E-003  -3.7610635214398039E-003
   9.6235496742854421E-003   7.3691010417232554E-003  -3.7096470803765040E-003
   9.6674092035823923E-003   7.4115763587281943E-003  -3.6579538589983480E-003
   9.7103669447039329E-003   7.4534780078064633E-003  -3.6050493764022201E-003
   9.7530386676808554E-003   7.4941038471307373E-003  -3.5509322326816813E-003
   9.7949561527527068E-003   7.5346081644551447E-003  -3.4961387592952272E-003
   9.8365086234235514E-003   7.5742060639150555E-003  -3.4404126565132764E-003
   9.8776261493589076E-003   7.6134614794804928E-003  -3.3841244568461118E-003
   9.9184622970632814E-003   7.6533243397434681E-003  -3.3280587684740310E-003
   9.9593296571290138E-003   7.6925712457323161E-003  -3.2715827625278628E-003
   1.0000501645342793E-002   7.7318157002416073E-003  -3.2153267391383166E-003
   1.0041395695791976E-002   7.7718800503199827E-003  -3.1594471856089372E-003
   1.0082604746615162E-002   7.8113469371452488E-003  -3.1033742066401164E-003
   1.0123296621020853E-002   7.8501614999756057E-003  -3.0464742851110701E-003
   1.0162630242047539E-002   7.8890320784831148E-003  -2.9886647323939318E-003
   1.0202502763316294E-002   7.9265111648756294E-003  -2.9303080692916678E-003
   1.0242976862582893E-002   7.9644688597628899E-003  -2.8726794246310416E-003
   1.0284427868651490E-002   8.0016448888375318E-003  -2.8152359136155766E-003
   1.0324726547311527E-002   8.0385651883465616E-003  -2.7568158144732221E-003
   1.0364269967880290E-002   8.0759293055842046E-003  -2.6981622499407097E-003
   1.0403058485598025E-002   8.1139339529776363E-003  -2.6394162060887345E-003
   1.0441125734507452E-002   8.1529228914845042E-003  -2.5808436252700209E-003
   1.0478956295481489E-002   8.1917562332496814E-003  -2.5220148888053309E-003
   1.0516042617465084E-002   8.2317169964466527E-003  -2.4634679663921638E-003
   1.0554080134472834E-002   8.2719690933887730E-003  -2.4057365538721425E-003
   1.0591826390759966E-002   8.3118470563672657E-003  -2.3475560742782313E-003
   1.0629417188578308E-002   8.3509097663178392E-003  -2.2887254988178240E-003
   1.0667604786659911E-002   8.3897461219249302E-003  -2.2301298946076700E-003
   1.0705664399728398E-002   8.4287487788585885E-003  -2.1715614850847092E-003
   1.0742949941257070E-002   8.4678643881233792E-003  -2.1125720156005470E-003
   1.0781213523776166E-002   8.5062435281807874E-003  -2.0537252666135617E-003
   1.0819080990117559E-002   8.5448306350931740E-003  -1.9947584100369429E-003
   1.0856902300000510E-002   8.5835137412112114E-003  -1.9358248388463822E-003
   1.0895040090805530E-002   8.6215948982705515E-003  -1.8767034857687301E-003
   1.0932842909236436E-002   8.6593125725844839E-003  -1.8171356759573677E-003
   1.0970277143824472E-002   8.6972210250944749E-003  -1.7574563050240938E-003
   1.1008076503375517E-002   8.7348046082270057E-003  -1.6978016095824716E-003
   1.1045807210770009E-002   8.7714629231556446E-003  -1.6375308731497419E-003
   1.1082906759561447E-002   8.8094221222351672E-003  -1.5776750239264485E-003
   1.1120251612170047E-002   8.8474337348520612E-003  -1.5180052720165261E-003
   1.1156998292456302E-002   8.8848084005203141E-003  -1.4575667424901041E-003
   1.1193278313663683E-002   8.9230019045999278E-003  -1.3973586341660138E-003
   1.1228811546414171E-002   8.9610809940510686E-003  -1.3366348965022806E-003
   1.1264174513462233E-002   8.9987918991648198E-003  -1.2755828842706974E-003
   1.1298876435580906E-002   9.0363592369109864E-003  -1.2140648240394206E-003
   1.1334118965881206E-002   9.0739939259453159E-003  -1.1528962517442717E-003
   1.1369042988447368E-002   9.1116801118645615E-003  -1.0915768906869122E-003
   1.1404191563915181E-002   9.1492192983212706E-003  -1.0302956772280996E-003
   1.1439469950400684E-002   9.1872540575388024E-003  -9.6939582054901443E-004
   1.1474543925012411E-002   9.2261216051639297E-003  -9.0890507712583588E-004
   1.1509947441934322E-002   9.2651238153023865E-003  -8.4869362810025299E-004
   1.1545092014862797E-002   9.3033440672342788E-003  -7.8783254582156040E-004
   1.1580400432523444E-002   9.3422024742706618E-003  -7.2747246095774285E-004
   1.1616092164038772E-002   9.3814816576165607E-003  -6.6761223999627648E-004
   1.1652019693299489E-002   9.4209641756206573E-003  -6.0802748176685853E-004
   1.1688827877222311E-002   9.4599645099471275E-003  -5.4866308568568079E-004
   1.1725437586778962E-002   9.4976399409872833E-003  -4.8832826109135481E-004
   1.1761369492632670E-002   9.5357868042819892E-003  -4.2788229381000913E-004
   1.1796902232706396E-002   9.5735268583457492E-003  -3.6694697809702773E-004
   1.1832021959364137E-002   9.6108338206279884E-003  -3.0550761475960824E-004
   1.1868128638968242E-002   9.6473165276868503E-003  -2.4414541326523603E-004
   1.1903722623466423E-002   9.6831728823047313E-003  -1.8211807977905890E-004
   1.1939576772815012E-002   9.7202602697374074E-003  -1.2097067043074777E-004
   1.1975406161644496E-002   9.7582810388322679E-003  -6.0384566293476091E-005
   1.2012500000009875E-002   9.7953991113081309E-003   7.9882162238056561E-015
