   3.5527136787927571E-015   3.5421283062122967E-015   7.1340190668717698E-015
   4.1207654797134253E-005   2.0361544981884304E-005  -6.5477757068957516E-005
   8.2779005844330094E-005   4.0664979402885679E-005  -1.3074331703036876E-004
   1.2473399076528416E-004   6.0914763911994046E-005  -1.9577965660052220E-004
   1.6637982260798547E-004   8.1814240518817631E-005  -2.6080916194842605E-004
   2.0840826633853590E-004   1.0286052226593627E-004  -3.2554449962988302E-004
   2.5000228521003108E-004   1.2513146982425535E-004  -3.9015055577139383E-004
   2.9183740448731883E-004   1.4921349359434206E-004  -4.5394615843053908E-004
   3.3523005293988707E-004   1.7326427976812808E-004  -5.1670472553630290E-004
   3.7815555096748239E-004   1.9648317635885789E-004  -5.8009466529636126E-004
   4.2107122911769137E-004   2.2053628150086972E-004  -6.4317947096271058E-004
   4.6450263326223745E-004   2.4269726704734013E-004  -7.0660347159270172E-004
   5.0804675272897253E-004   2.6485943651840350E-004  -7.6994972562290055E-004
   5.5091956733930171E-004   2.8697606749907977E-004  -8.3376803335627253E-004
   5.9344402967226881E-004   3.0997793479040081E-004  -8.9750643780841795E-004
   6.3685205008754049E-004   3.3262813357707921E-004  -9.6077342974595209E-004
   6.8045757740394744E-004   3.5537486012614028E-004  -1.0238697403642811E-003
   7.2454536586252013E-004   3.7837251842465919E-004  -1.0865385094449614E-003
   7.6914184501362243E-004   3.9973820618961677E-004  -1.1494246083246439E-003
   8.1300493212954790E-004   4.2145219531844653E-004  -1.2127059820150174E-003
   8.5627326431154114E-004   4.4367094622731277E-004  -1.2762211655777810E-003
   8.9852338169969456E-004   4.6748971349365269E-004  -1.3398418691935594E-003
   9.4008432858962794E-004   4.9065835065599506E-004  -1.4041528475119370E-003
   9.8132620936739845E-004   5.1496435392584786E-004  -1.4682490679173150E-003
   1.0234295790445555E-003   5.3948017080360938E-004  -1.5317020503756802E-003
   1.0662338008526275E-003   5.6372260264189288E-004  -1.5947901086342457E-003
   1.1096584357380924E-003   5.8796920582049729E-004  -1.6574511277464084E-003
   1.1546912057626066E-003   6.1066771515060547E-004  -1.7195544875903586E-003
   1.2003344353438807E-003   6.3316918389533944E-004  -1.7812827589949068E-003
   1.2459564055364762E-003   6.5633985230563929E-004  -1.8427787422567201E-003
   1.2920536897378099E-003   6.8004109496542500E-004  -1.9037155250623493E-003
   1.3381344851675948E-003   7.0342622203501814E-004  -1.9647867631154398E-003
   1.3834438747181380E-003   7.2843339877929996E-004  -2.0257925032163495E-003
   1.4281621848774855E-003   7.5363107340622700E-004  -2.0871549503468771E-003
   1.4732205989397883E-003   7.8003817194258044E-004  -2.1477553172922631E-003
   1.5177175473982320E-003   8.0655407119821292E-004  -2.2087219366252837E-003
   1.5625942109659711E-003   8.3325367313191268E-004  -2.2693290014981224E-003
   1.6072720787693991E-003   8.6058785806845083E-004  -2.3297999074167971E-003
   1.6517622557101900E-003   8.8867303347613265E-004  -2.3900647153653593E-003
   1.6965646958869624E-003   9.1610701152537624E-004  -2.4503981075014148E-003
   1.7420512614249404E-003   9.4371100919027567E-004  -2.5101391459375648E-003
   1.7873851870091836E-003   9.7182579023388966E-004  -2.5697578869997750E-003
   1.8334667123233452E-003   1.0000300298282721E-003  -2.6287580046303423E-003
   1.8794191977850373E-003   1.0272372058909335E-003  -2.6883242587967308E-003
   1.9260527199495582E-003   1.0539509040424059E-003  -2.7475837977257301E-003
   1.9729383202033920E-003   1.0803589490858854E-003  -2.8067813960582070E-003
   2.0203046767610566E-003   1.1066386051728583E-003  -2.8656525089142239E-003
   2.0677538443835230E-003   1.1332745820303274E-003  -2.9242963598634015E-003
   2.1153199238852041E-003   1.1597190741950349E-003  -2.9829321588237829E-003
   2.1625722041339504E-003   1.1861741492731517E-003  -3.0418163758269886E-003
   2.2094895594327434E-003   1.2140037929824511E-003  -3.1003336613212519E-003
   2.2560037075480079E-003   1.2430999465623484E-003  -3.1585560613428916E-003
   2.3030708700703673E-003   1.2722337526748077E-003  -3.2163133426751302E-003
   2.3506019283914817E-003   1.3006677600850753E-003  -3.2740394694486395E-003
   2.3981764307271832E-003   1.3301863308063295E-003  -3.3311824543403520E-003
   2.4457479498871323E-003   1.3598742915470110E-003  -3.3882401053759092E-003
   2.4937445158845460E-003   1.3904517811084026E-003  -3.4444659605426188E-003
   2.5417868526287353E-003   1.4210587195693082E-003  -3.5006366754497436E-003
   2.5899394853251038E-003   1.4511689235199847E-003  -3.5569811477979703E-003
   2.6382002808432829E-003   1.4818997058913099E-003  -3.6128963929308857E-003
   2.6876166914285714E-003   1.5121632863694414E-003  -3.6680519370656515E-003
   2.7374335296346352E-003   1.5433913093137828E-003  -3.7223022202067615E-003
   2.7883539488500657E-003   1.5738409893324970E-003  -3.7759671800150969E-003
   2.8389599994415927E-003   1.6041880878212400E-003  -3.8299864473033559E-003
   2.8905904192684001E-003   1.6340859968707541E-003  -3.8832819892630822E-003
   2.9417005224860121E-003   1.6649077412499115E-003  -3.9365527825144077E-003
   2.9924556979730441E-003   1.6948777152052822E-003  -3.9906426413099522E-003
   3.0431663376811837E-003   1.7253742507522811E-003  -4.0444793606462109E-003
   3.0947474714363319E-003   1.7558192717854995E-003  -4.0975122498431932E-003
   3.1462563111523097E-003   1.7872615125193020E-003  -4.1500310551834353E-003
   3.1980993111050352E-003   1.8197575033417595E-003  -4.2015704958637146E-003
   3.2501044293437027E-003   1.8526055835259079E-003  -4.2527219502709480E-003
   3.3033600421946393E-003   1.8849147817388641E-003  -4.3029211078765795E-003
   3.3570010994090731E-003   1.9182480808231409E-003  -4.3520284204464719E-003
   3.4116991292017112E-003   1.9519201723555348E-003  -4.3997182075206868E-003
   3.4668585253545417E-003   1.9876288528899856E-003  -4.4453507743800946E-003
   3.5220359570756221E-003   2.0237954608605820E-003  -4.4905992826628363E-003
   3.5773512927679487E-003   2.0604660450914999E-003  -4.5352700995864980E-003
   3.6326907453702924E-003   2.0989014429536653E-003  -4.5784008910002795E-003
   3.6880537215271451E-003   2.1386517424307524E-003  -4.6202918752991529E-003
   3.7434487611355421E-003   2.1790740559756491E-003  -4.6614917072057283E-003
   3.7984764346969640E-003   2.2199190763333857E-003  -4.7027668748482162E-003
   3.8534779514570569E-003   2.2609097458216871E-003  -4.7439323722041609E-003
   3.9085068249549906E-003   2.3027229436875340E-003  -4.7842247978871679E-003
   3.9637400480525518E-003   2.3451340594607285E-003  -4.8236023082620962E-003
   4.0187378654424353E-003   2.3878628232875832E-003  -4.8629659060129161E-003
   4.0740670812913380E-003   2.4311611990209011E-003  -4.9012272250458372E-003
   4.1290261901580760E-003   2.4757596114340025E-003  -4.9385163382780579E-003
   4.1843482548151291E-003   2.5202046364210971E-003  -4.9754501833542200E-003
   4.2395223118630492E-003   2.5655695428524168E-003  -5.0114758505155153E-003
   4.2943697482789780E-003   2.6125229608781313E-003  -5.0459306796998100E-003
   4.3494953583016185E-003   2.6597285894491723E-003  -5.0795877110955427E-003
   4.4049351887525011E-003   2.7069242446404892E-003  -5.1127388094403025E-003
   4.4612618248442626E-003   2.7545971881497446E-003  -5.1436354194785931E-003
   4.5176152652359955E-003   2.8026360834035708E-003  -5.1739100674961236E-003
   4.5746964812040380E-003   2.8507739459025152E-003  -5.2026238441364317E-003
   4.6311841900884233E-003   2.9002849843103181E-003  -5.2301519355705929E-003
   4.6879297211590643E-003   2.9500722474497336E-003  -5.2566316098294503E-003
   4.7454147539850089E-003   3.0000684429448829E-003  -5.2810416781353233E-003
   4.8038152838698880E-003   3.0496760202288671E-003  -5.3040300745326044E-003
   4.8623719270478073E-003   3.0992697004824333E-003  -5.3266483508224282E-003
   4.9215744056475812E-003   3.1485258258651932E-003  -5.3483024646713067E-003
   4.9814220115770580E-003   3.1976008193325051E-003  -5.3685486760891646E-003
   5.0418423386303169E-003   3.2466254980171479E-003  -5.3871488095660293E-003
   5.1030263532150233E-003   3.2951631454930116E-003  -5.4044870082404703E-003
   5.1644208423310611E-003   3.3433524716901491E-003  -5.4220513345077190E-003
   5.2251632169231267E-003   3.3919205783114349E-003  -5.4407997458160579E-003
   5.2855155225410245E-003   3.4409366541899820E-003  -5.4596418136594630E-003
   5.3460044681065966E-003   3.4895955682437882E-003  -5.4789653109281614E-003
   5.4066742933998263E-003   3.5386038066420162E-003  -5.4967800484161848E-003
   5.4677291361136075E-003   3.5875246207902763E-003  -5.5134851410539240E-003
   5.5287006964868241E-003   3.6367266578460487E-003  -5.5296600715350050E-003
   5.5896438614418771E-003   3.6863107586982387E-003  -5.5447381214223006E-003
   5.6507234949610217E-003   3.7358475915215683E-003  -5.5594139709157133E-003
   5.7116312894873516E-003   3.7860773445713460E-003  -5.5723450371968058E-003
   5.7724555176823268E-003   3.8367730727705347E-003  -5.5837624104421073E-003
   5.8329586129381127E-003   3.8879320416130301E-003  -5.5948138975544983E-003
   5.8938582946957670E-003   3.9390899033572074E-003  -5.6034221464580890E-003
   5.9549558732508263E-003   3.9900537151405140E-003  -5.6117753362829826E-003
   6.0151697309061402E-003   4.0422281904403702E-003  -5.6189944415799284E-003
   6.0755830456113149E-003   4.0943125246191668E-003  -5.6251143716025106E-003
   6.1357317260612963E-003   4.1467860841813160E-003  -5.6304680416612539E-003
   6.1959705501055673E-003   4.1993899382860777E-003  -5.6324974799843780E-003
   6.2558492112232368E-003   4.2524402603380295E-003  -5.6329549417545779E-003
   6.3158669799154464E-003   4.3053336108814580E-003  -5.6325538141716747E-003
   6.3761624875683636E-003   4.3578821821093575E-003  -5.6307932969747836E-003
   6.4356604645535477E-003   4.4112650573204636E-003  -5.6275902714914483E-003
   6.4951522975015248E-003   4.4645458839905477E-003  -5.6229131659064225E-003
   6.5547059336495796E-003   4.5176482568956809E-003  -5.6171250387803615E-003
   6.6146605007159250E-003   4.5702132262816749E-003  -5.6106155162017092E-003
   6.6733487154596116E-003   4.6238756094618676E-003  -5.6018953050132264E-003
   6.7319703489190060E-003   4.6775308643527899E-003  -5.5926965163779173E-003
   6.7913849394428023E-003   4.7303465586658825E-003  -5.5837294172635579E-003
   6.8508028654190372E-003   4.7828436158392678E-003  -5.5730725385650434E-003
   6.9098241056702167E-003   4.8356798186897434E-003  -5.5618998545066550E-003
   6.9682572530554380E-003   4.8889221757719000E-003  -5.5496190280315385E-003
   7.0262670459022890E-003   4.9422429244472838E-003  -5.5357712232977120E-003
   7.0839201454546237E-003   4.9957193933718785E-003  -5.5210611117797832E-003
   7.1407573517727717E-003   5.0495455494857597E-003  -5.5045602967423602E-003
   7.1979542375232262E-003   5.1028603932015111E-003  -5.4876474703566122E-003
   7.2552083197631552E-003   5.1559822434792393E-003  -5.4703258336968380E-003
   7.3125774031341552E-003   5.2087771796814836E-003  -5.4523958872261039E-003
   7.3704990148272271E-003   5.2606316715568232E-003  -5.4335226635924680E-003
   7.4275576859294690E-003   5.3131101095761938E-003  -5.4137661051780047E-003
   7.4848470898288217E-003   5.3647144327004254E-003  -5.3924372975253116E-003
   7.5426616648249720E-003   5.4151775346270659E-003  -5.3698330886063975E-003
   7.6004643417788538E-003   5.4651884470182941E-003  -5.3462161629059431E-003
   7.6584069048167402E-003   5.5145974190269351E-003  -5.3216924422675128E-003
   7.7154842643284280E-003   5.5640644189940431E-003  -5.2953259683541911E-003
   7.7724620979176271E-003   5.6131216445042473E-003  -5.2679962207756717E-003
   7.8294779136744586E-003   5.6622957783891512E-003  -5.2409573356138025E-003
   7.8857405247420437E-003   5.7115560864507628E-003  -5.2125330388314364E-003
   7.9401573568467169E-003   5.7622557580824518E-003  -5.1830652312369061E-003
   7.9945338815881322E-003   5.8131964033035872E-003  -5.1539405987844344E-003
   8.0487767048914183E-003   5.8633946767779757E-003  -5.1233162707745306E-003
   8.1033613508029317E-003   5.9126660263408059E-003  -5.0918067399106206E-003
   8.1568849317382400E-003   5.9622482185380946E-003  -5.0589916136648408E-003
   8.2096716206480885E-003   6.0117530254965449E-003  -5.0248911803542446E-003
   8.2616610188817399E-003   6.0618796291492310E-003  -4.9904756883171753E-003
   8.3130867176038382E-003   6.1116315783314012E-003  -4.9546966295460366E-003
   8.3646497144085376E-003   6.1611387996504934E-003  -4.9187759891391476E-003
   8.4151469102865563E-003   6.2112920578113228E-003  -4.8822426631506275E-003
   8.4660417054931020E-003   6.2604551258588197E-003  -4.8449235989459893E-003
   8.5153714715672686E-003   6.3100876893475953E-003  -4.8061526971333044E-003
   8.5650142962798177E-003   6.3589768210047552E-003  -4.7668405773487674E-003
   8.6144060717701469E-003   6.4075239670936630E-003  -4.7267952641450338E-003
   8.6629283914208093E-003   6.4564084664796165E-003  -4.6861026330932950E-003
   8.7108511118513116E-003   6.5052282481583169E-003  -4.6446292466950385E-003
   8.7582001160685565E-003   6.5542559115485260E-003  -4.6027441654719475E-003
   8.8051718517024140E-003   6.6040485131890871E-003  -4.5613394209470959E-003
   8.8522848273943581E-003   6.6528660542649566E-003  -4.5189458459781390E-003
   8.8993554856473620E-003   6.7017097010235501E-003  -4.4765353364867094E-003
   8.9458686861490846E-003   6.7506454899802166E-003  -4.4336190140184580E-003
   8.9931929266286650E-003   6.7993330568625185E-003  -4.3913113658637735E-003
   9.0411205344168057E-003   6.8464208795022711E-003  -4.3478869330257899E-003
   9.0889906915259649E-003   6.8932368403825401E-003  -4.3041066422154555E-003
   9.1367273663885609E-003   6.9387755397539936E-003  -4.2588580318286082E-003
   9.1842480150494763E-003   6.9843344244525651E-003  -4.2134028233472495E-003
   9.2326079103885322E-003   7.0298890401286679E-003  -4.1688371694112453E-003
   9.2813402245929006E-003   7.0747822438769160E-003  -4.1240068024445487E-003
   9.3300885202029712E-003   7.1193036442560144E-003  -4.0788244099679710E-003
   9.3789012933639688E-003   7.1633512141837420E-003  -4.0332489258112425E-003
   9.4279285943331074E-003   7.2072248146443658E-003  -3.9877359501672540E-003
   9.4772641678575950E-003   7.2512514613882091E-003  -3.9427064536593391E-003
   9.5261245162918343E-003   7.2955291747061430E-003  -3.8974057863732526E-003
   9.5752139064201654E-003   7.3394789702103816E-003  -3.8520334682182822E-003
   9.6234191331002403E-003   7.3831152261313922E-003  -3.8054273175074996E-003
   9.6705227015584910E-003   7.4264921880884812E-003  -3.7574722029805824E-003
   9.7171925076632894E-003   7.4689598021322277E-003  -3.7082946577304907E-003
   9.7642141532851296E-003   7.5110390016476149E-003  -3.6591183849188822E-003
   9.8113834316771141E-003   7.5532521940336311E-003  -3.6101990066352927E-003
   9.8579051017489323E-003   7.5957440016680153E-003  -3.5609021456792789E-003
   9.9039684288185926E-003   7.6367792389114173E-003  -3.5099680785394970E-003
   9.9491498616819177E-003   7.6772843375212283E-003  -3.4578338755337887E-003
   9.9940894136011944E-003   7.7174737807467319E-003  -3.4052482755385269E-003
   1.0038192744157362E-002   7.7574137273027557E-003  -3.3517721416187990E-003
   1.0081781651015226E-002   7.7977250206600424E-003  -3.2981530515703407E-003
   1.0124041537228960E-002   7.8375781537833554E-003  -3.2431455083654823E-003
   1.0165527311361602E-002   7.8778973324659125E-003  -3.1878888854965266E-003
   1.0207768697258349E-002   7.9178083496903948E-003  -3.1329091071960074E-003
   1.0250680980758506E-002   7.9569940613965426E-003  -3.0779271472014904E-003
   1.0292982023768051E-002   7.9963235249784319E-003  -3.0225754078230713E-003
   1.0335895844977584E-002   8.0349828752755478E-003  -2.9672232752368070E-003
   1.0377501108695316E-002   8.0738491312045725E-003  -2.9110234871529512E-003
   1.0418630256962909E-002   8.1122482070482508E-003  -2.8541560611650622E-003
   1.0459276657341074E-002   8.1501002249901051E-003  -2.7965792005903664E-003
   1.0499985439089388E-002   8.1875689384842392E-003  -2.7387960664062329E-003
   1.0539739517162904E-002   8.2256582308537184E-003  -2.6807545375455389E-003
   1.0579086688334051E-002   8.2635212994200818E-003  -2.6222892643494185E-003
   1.0617589871084243E-002   8.3008321737615409E-003  -2.5629141553258489E-003
   1.0655622363833309E-002   8.3371980623914693E-003  -2.5026559472592852E-003
   1.0693820057006611E-002   8.3730951544255215E-003  -2.4422213957142154E-003
   1.0731005921864446E-002   8.4093401665238290E-003  -2.3813649207009594E-003
   1.0766819671564141E-002   8.4458598754164563E-003  -2.3198532454540019E-003
   1.0802192026341117E-002   8.4815071020725996E-003  -2.2575790795571178E-003
   1.0837709406944302E-002   8.5165101154513530E-003  -2.1950226671381711E-003
   1.0873103084756029E-002   8.5511604799142441E-003  -2.1322003795433216E-003
   1.0908443023659616E-002   8.5857909752809856E-003  -2.0693368964195954E-003
   1.0943456846719782E-002   8.6215861943915242E-003  -2.0069451142920303E-003
   1.0979162933087361E-002   8.6574665920996999E-003  -1.9449961638830272E-003
   1.1014679809328191E-002   8.6926211851334218E-003  -1.8825245215688137E-003
   1.1048475299348872E-002   8.7285434339460198E-003  -1.8195367695819570E-003
   1.1082893855242245E-002   8.7642575022729013E-003  -1.7567683991585163E-003
   1.1116108222050143E-002   8.7998843190183161E-003  -1.6933055299344349E-003
   1.1148932079833926E-002   8.8354122309921446E-003  -1.6295845613877734E-003
   1.1181345591966185E-002   8.8708355970638503E-003  -1.5655958954345006E-003
   1.1214868137055628E-002   8.9058740582018871E-003  -1.5019677160719416E-003
   1.1248595224171366E-002   8.9406637296596501E-003  -1.4383111189652878E-003
   1.1283917539335433E-002   8.9748991759378734E-003  -1.3752217516476057E-003
   1.1319164823585226E-002   9.0093490266138273E-003  -1.3122071760167232E-003
   1.1353921991468473E-002   9.0438945434685135E-003  -1.2489731144308958E-003
   1.1387289783647203E-002   9.0794662901871655E-003  -1.1855598565282224E-003
   1.1421089702270680E-002   9.1137212691595210E-003  -1.1216524084609045E-003
   1.1455425458855686E-002   9.1483628766557291E-003  -1.0582409359183925E-003
   1.1489461047509310E-002   9.1843748510843579E-003  -9.9543395853503433E-004
   1.1523824088948750E-002   9.2215209862822056E-003  -9.3347150202893454E-004
   1.1557952072030786E-002   9.2588915665658203E-003  -8.7151409327185865E-004
   1.1591419682499399E-002   9.2959609114333826E-003  -8.0901783161727047E-004
   1.1623767984938631E-002   9.3334724939932775E-003  -7.4619690753137283E-004
   1.1656171099273588E-002   9.3709302208496350E-003  -6.8337209653612980E-004
   1.1688931265525193E-002   9.4073536467670898E-003  -6.2012570887956878E-004
   1.1720843919802304E-002   9.4456977066754537E-003  -5.5758519744807556E-004
   1.1752175280490908E-002   9.4841544146151736E-003  -4.9482033905936206E-004
   1.1784061491524651E-002   9.5220852723941693E-003  -4.3201492868618361E-004
   1.1816687972737848E-002   9.5600478532640639E-003  -3.6961015982794161E-004
   1.1848712452543009E-002   9.5986327394418352E-003  -3.0727526386735925E-004
   1.1880182869781240E-002   9.6378520918957242E-003  -2.4505424466503186E-004
   1.1912766196630375E-002   9.6772307299304635E-003  -1.8351036051479316E-004
   1.1945524122066871E-002   9.7158286623964980E-003  -1.2156588592230480E-004
   1.1978079084427223E-002   9.7560743835082737E-003  -6.0570342159663732E-005
   1.2012500000009991E-002   9.7953991113083096E-003   7.9876588411869970E-015
