   3.5527136787927125E-015   3.5421283062122802E-015   7.1340190668717871E-015
   2.6064462672717846E-005   4.4690497647095184E-005  -6.1019695217825094E-005
   5.2604827217662987E-005   8.8875929100962892E-005  -1.2220185512829611E-004
   7.9344856190362780E-005   1.3281080010214016E-004  -1.8347744535569490E-004
   1.0579763231531552E-004   1.7647114526743500E-004  -2.4507310180509745E-004
   1.3230583282344144E-004   2.2004886875809910E-004  -3.0670342975908847E-004
   1.5811759216931084E-004   2.6359253680943392E-004  -3.6865261904591069E-004
   1.8264565411187699E-004   3.0684310441001194E-004  -4.3132448332344558E-004
   2.0744072672371176E-004   3.5153239512278805E-004  -4.9287179577681888E-004
   2.3238015601669530E-004   3.9588369942662814E-004  -5.5460498519452849E-004
   2.5862573562916350E-004   4.3961674637549465E-004  -6.1623768884605155E-004
   2.8518188443659885E-004   4.8299685984426894E-004  -6.7798667036177932E-004
   3.1210894801404125E-004   5.2768194477694115E-004  -7.3863464169728413E-004
   3.3923864792351552E-004   5.7186945416538783E-004  -7.9955625852879580E-004
   3.6572829039004665E-004   6.1528893362066566E-004  -8.6130613823335428E-004
   3.9214232229911855E-004   6.5921246302590446E-004  -9.2273107204015594E-004
   4.1837246819119114E-004   7.0265227466781704E-004  -9.8457735087634484E-004
   4.4369184815267100E-004   7.4608132963865090E-004  -1.0468095465564896E-003
   4.6921384803029731E-004   7.8930390985477322E-004  -1.1091026928918180E-003
   4.9416382452108730E-004   8.3305082023333048E-004  -1.1712614130910712E-003
   5.1913671696882579E-004   8.7691028198505819E-004  -1.2333315529525039E-003
   5.4335157947577874E-004   9.2089403291991344E-004  -1.2956137342681883E-003
   5.6688124780345699E-004   9.6563446767630420E-004  -1.3576189614093260E-003
   5.9065265602380960E-004   1.0099848213386622E-003  -1.4198119375122330E-003
   6.1465376765696463E-004   1.0539346769518913E-003  -1.4822006931510324E-003
   6.3845833932992468E-004   1.0981550044190840E-003  -1.5444735203474201E-003
   6.6265777514954805E-004   1.1424847487882439E-003  -1.6065159337997376E-003
   6.8661037063517060E-004   1.1873045858877501E-003  -1.6683014934206878E-003
   7.1090019672528503E-004   1.2312810063514060E-003  -1.7305596558139765E-003
   7.3661324203724030E-004   1.2750185074222019E-003  -1.7924132757326200E-003
   7.6261067734249713E-004   1.3205151566327209E-003  -1.8528631581246741E-003
   7.8903540224481851E-004   1.3658233282259082E-003  -1.9132693125591452E-003
   8.1629872002278664E-004   1.4107159100167322E-003  -1.9736130578798029E-003
   8.4352468419638359E-004   1.4553808925246263E-003  -2.0341422756208153E-003
   8.7029381504303020E-004   1.5005189297575587E-003  -2.0945241539727091E-003
   8.9779988243744507E-004   1.5452184434444315E-003  -2.1549010513838328E-003
   9.2615070791131555E-004   1.5899397969960302E-003  -2.2148696366627555E-003
   9.5388282342421572E-004   1.6345039459187032E-003  -2.2752431937900510E-003
   9.8242052252019954E-004   1.6792284825127208E-003  -2.3351206983786730E-003
   1.0111452793098159E-003   1.7248226092268747E-003  -2.3942482212472587E-003
   1.0407373484020222E-003   1.7703861333659330E-003  -2.4529702334729082E-003
   1.0717061990916669E-003   1.8161444273454765E-003  -2.5108244366643254E-003
   1.1025135004547107E-003   1.8609588338991986E-003  -2.5694979326804663E-003
   1.1331690835904491E-003   1.9060022917691021E-003  -2.6280754207673308E-003
   1.1642811187032552E-003   1.9508730072529206E-003  -2.6865447304568434E-003
   1.1958098730280903E-003   1.9951997201610237E-003  -2.7452054513525475E-003
   1.2279680433659507E-003   2.0397315633266318E-003  -2.8033670109199227E-003
   1.2608587273190638E-003   2.0844630150257250E-003  -2.8609630191438495E-003
   1.2936671122802178E-003   2.1295523297584964E-003  -2.9183264532976036E-003
   1.3267997772107641E-003   2.1746734738187288E-003  -2.9754780838207968E-003
   1.3600296447651141E-003   2.2197928988489436E-003  -3.0325746107387531E-003
   1.3932078216263920E-003   2.2648698417651793E-003  -3.0897347173677631E-003
   1.4266074287808239E-003   2.3110899956323093E-003  -3.1458432159377639E-003
   1.4608162523595480E-003   2.3578289725304947E-003  -3.2010267680409070E-003
   1.4949864873578960E-003   2.4049854802099045E-003  -3.2558780108332651E-003
   1.5294153902195588E-003   2.4520164617249643E-003  -3.3106752499542642E-003
   1.5643486007547540E-003   2.5000513237451358E-003  -3.3642693059403733E-003
   1.6004747295233640E-003   2.5474041283722370E-003  -3.4176791807680731E-003
   1.6376589445509105E-003   2.5939326582252831E-003  -3.4710873266281194E-003
   1.6753323554430828E-003   2.6414711340382022E-003  -3.5232486862406169E-003
   1.7135633637277551E-003   2.6890497002175734E-003  -3.5749658983964244E-003
   1.7516174197540174E-003   2.7361492466847757E-003  -3.6272489888685110E-003
   1.7898481646717067E-003   2.7832391954211518E-003  -3.6794116851998969E-003
   1.8288854833666227E-003   2.8302475511499982E-003  -3.7310479343114693E-003
   1.8678090159944998E-003   2.8776074567834820E-003  -3.7824483035316706E-003
   1.9072594958070845E-003   2.9264717910943358E-003  -3.8320057092952053E-003
   1.9471578768495402E-003   2.9756308399464622E-003  -3.8809087471178370E-003
   1.9876700928127310E-003   3.0253292162265490E-003  -3.9287504837269092E-003
   2.0283054883880203E-003   3.0754461153627700E-003  -3.9760480634658231E-003
   2.0688296819435974E-003   3.1256637621764247E-003  -4.0233341890290059E-003
   2.1085780564771726E-003   3.1758883694198796E-003  -4.0712670124218777E-003
   2.1498775681441729E-003   3.2257162758765391E-003  -4.1182939202198060E-003
   2.1922518919742836E-003   3.2756234111324983E-003  -4.1642688540868842E-003
   2.2354442687803656E-003   3.3250176618834716E-003  -4.2100359445928302E-003
   2.2789931625319458E-003   3.3739826458981555E-003  -4.2559262942974694E-003
   2.3232956264949431E-003   3.4230066591430597E-003  -4.3010254940660346E-003
   2.3679178421735685E-003   3.4730489299893124E-003  -4.3446675494914185E-003
   2.4114964706410912E-003   3.5237999667666348E-003  -4.3885450540025418E-003
   2.4553529539003472E-003   3.5741885460823623E-003  -4.4325632314044516E-003
   2.4993798844183640E-003   3.6244567367165895E-003  -4.4765488927326217E-003
   2.5433635292911360E-003   3.6752897529586750E-003  -4.5199245015253896E-003
   2.5880030278082724E-003   3.7268312958877651E-003  -4.5617668787781181E-003
   2.6319611064715711E-003   3.7795177616652509E-003  -4.6028986626887435E-003
   2.6759910227688241E-003   3.8324382350797609E-003  -4.6436514535884467E-003
   2.7205919683999727E-003   3.8857141369561441E-003  -4.6833053805851645E-003
   2.7670648528104985E-003   3.9383113449012836E-003  -4.7216955451411472E-003
   2.8155107198672533E-003   3.9897657987938715E-003  -4.7591847054603729E-003
   2.8643039061319550E-003   4.0412787835899322E-003  -4.7961392366356577E-003
   2.9138044939650931E-003   4.0926979184254262E-003  -4.8322745984453663E-003
   2.9641932819664883E-003   4.1439918669688392E-003  -4.8673445412399912E-003
   3.0149401898010601E-003   4.1956916639495434E-003  -4.9012839333566231E-003
   3.0666807863201405E-003   4.2467854806421054E-003  -4.9346355836777656E-003
   3.1191608581044960E-003   4.2972196557460214E-003  -4.9678355240085790E-003
   3.1715796088615453E-003   4.3478304622441583E-003  -5.0008631007101116E-003
   3.2241047871626066E-003   4.3987852774649101E-003  -5.0331851127765918E-003
   3.2770225827727403E-003   4.4496179585109125E-003  -5.0650558742477390E-003
   3.3297226564771767E-003   4.5006267469426724E-003  -5.0970059248188907E-003
   3.3838654255372051E-003   4.5509185863766254E-003  -5.1276537870799188E-003
   3.4385885890297514E-003   4.6018025575408584E-003  -5.1562229462134334E-003
   3.4931771357589489E-003   4.6535427408008366E-003  -5.1834817793871037E-003
   3.5481426750390782E-003   4.7047837887502749E-003  -5.2109252576716210E-003
   3.6027692045760879E-003   4.7565922287649918E-003  -5.2379775740353518E-003
   3.6581281627898047E-003   4.8087053528790644E-003  -5.2628695011720699E-003
   3.7136202500337918E-003   4.8612767054949969E-003  -5.2864678304384190E-003
   3.7698351723645064E-003   4.9139037953795633E-003  -5.3081535841512104E-003
   3.8266844493778690E-003   4.9667944835800077E-003  -5.3274080593483904E-003
   3.8841732212702377E-003   5.0198039709093544E-003  -5.3442910489498122E-003
   3.9422647807562210E-003   5.0722201571452956E-003  -5.3609618061439910E-003
   4.0002073648791958E-003   5.1251715351352412E-003  -5.3764152366166549E-003
   4.0580402134936843E-003   5.1783091942861886E-003  -5.3916386004002267E-003
   4.1157693019229658E-003   5.2316689548834077E-003  -5.4064739734618738E-003
   4.1741078897684107E-003   5.2845147934672074E-003  -5.4207542575438602E-003
   4.2323714854938287E-003   5.3377461628092886E-003  -5.4338605434975608E-003
   4.2910613225644652E-003   5.3907432208629381E-003  -5.4459772616026574E-003
   4.3498401051282739E-003   5.4437626745192603E-003  -5.4575527639687546E-003
   4.4103507295275429E-003   5.4952638950290494E-003  -5.4668311596133487E-003
   4.4714153696362715E-003   5.5463734786992420E-003  -5.4745071078549593E-003
   4.5331380408091156E-003   5.5969120464553178E-003  -5.4805208453013307E-003
   4.5945002460455369E-003   5.6480191970477338E-003  -5.4852893800700448E-003
   4.6561224341200727E-003   5.6989220438203522E-003  -5.4886961579080932E-003
   4.7179872363424516E-003   5.7495712141302554E-003  -5.4914178847302736E-003
   4.7803038742271547E-003   5.7997172468754058E-003  -5.4928363482673352E-003
   4.8427795316261912E-003   5.8496785552700770E-003  -5.4936486935304590E-003
   4.9056803135660932E-003   5.8991091988090287E-003  -5.4939697995214061E-003
   4.9690672209374495E-003   5.9478980948813607E-003  -5.4952902493333265E-003
   5.0326756477115479E-003   5.9964119610991873E-003  -5.4946796513349865E-003
   5.0968716016201914E-003   6.0441323343841877E-003  -5.4933968891920943E-003
   5.1615430529326168E-003   6.0911423207953572E-003  -5.4906283954480684E-003
   5.2265147397417685E-003   6.1375616434696375E-003  -5.4857369337134761E-003
   5.2916661336997540E-003   6.1837132507409145E-003  -5.4807045372234752E-003
   5.3576693176027434E-003   6.2286613591915384E-003  -5.4758829956673425E-003
   5.4231867159335503E-003   6.2743844520070941E-003  -5.4717757705036200E-003
   5.4892735488634419E-003   6.3191871111014201E-003  -5.4667506087322810E-003
   5.5552572092844978E-003   6.3640082132653637E-003  -5.4606493497632363E-003
   5.6218353192119749E-003   6.4078023738594432E-003  -5.4536189317207990E-003
   5.6878021996049763E-003   6.4522075589282576E-003  -5.4448696328803772E-003
   5.7540175163041003E-003   6.4962304637666887E-003  -5.4360653336224841E-003
   5.8205004022817931E-003   6.5395900700630115E-003  -5.4260668131616849E-003
   5.8873299789126213E-003   6.5822308808165860E-003  -5.4153165133280978E-003
   5.9545417398285672E-003   6.6241809965141138E-003  -5.4042364869797636E-003
   6.0212425684704569E-003   6.6667245100281098E-003  -5.3923600850397007E-003
   6.0874971886258665E-003   6.7092951807698753E-003  -5.3782865887957217E-003
   6.1532595398202765E-003   6.7520024578421808E-003  -5.3624309383984523E-003
   6.2186462000791004E-003   6.7950550863987817E-003  -5.3459671648400818E-003
   6.2827620072971905E-003   6.8392826885355458E-003  -5.3277166176097226E-003
   6.3468883664087213E-003   6.8827860004194111E-003  -5.3078351709550161E-003
   6.4109209468702069E-003   6.9261532716013126E-003  -5.2873630330476824E-003
   6.4747491144339512E-003   6.9691710040934180E-003  -5.2655584528637379E-003
   6.5377777216785640E-003   7.0128525250052320E-003  -5.2427698723726875E-003
   6.6006571834185557E-003   7.0560249786654275E-003  -5.2186387195985754E-003
   6.6634649368322542E-003   7.0980922198462552E-003  -5.1924560281562107E-003
   6.7269392273514488E-003   7.1394412538354386E-003  -5.1667408218904563E-003
   6.7892274376294554E-003   7.1808855840756027E-003  -5.1384115727726217E-003
   6.8512293062657830E-003   7.2215926875977242E-003  -5.1084332472283167E-003
   6.9127223956544567E-003   7.2617971218771980E-003  -5.0767756505495911E-003
   6.9741343822324504E-003   7.3017463627315024E-003  -5.0446411511450920E-003
   7.0352729651297422E-003   7.3407286256546873E-003  -5.0108409016133924E-003
   7.0960828109733563E-003   7.3787222361308778E-003  -4.9753634693290331E-003
   7.1564255006816976E-003   7.4164950788464124E-003  -4.9388672754646376E-003
   7.2167101900734512E-003   7.4533564778375147E-003  -4.9013573638100735E-003
   7.2770222527023679E-003   7.4896924070501939E-003  -4.8633816431562348E-003
   7.3372194018966113E-003   7.5260609068808831E-003  -4.8252550716812569E-003
   7.3973581643068248E-003   7.5617780555747331E-003  -4.7864270594076570E-003
   7.4575673696495584E-003   7.5967617017844869E-003  -4.7470443716318032E-003
   7.5177178163360692E-003   7.6303661655121400E-003  -4.7063914039337535E-003
   7.5774621551088564E-003   7.6632072368325805E-003  -4.6645335730282657E-003
   7.6374391073214202E-003   7.6951472627474881E-003  -4.6223127256385318E-003
   7.6971471238282962E-003   7.7259810294978927E-003  -4.5789049891301276E-003
   7.7566479482565967E-003   7.7564815229690985E-003  -4.5349803741945036E-003
   7.8157006125155557E-003   7.7862184930147420E-003  -4.4899415525822160E-003
   7.8745063846243721E-003   7.8165298904162867E-003  -4.4449626647774616E-003
   7.9311961245165687E-003   7.8476462053486754E-003  -4.3978665041232070E-003
   7.9874378739521103E-003   7.8793166932888820E-003  -4.3506029260755689E-003
   8.0431265741288359E-003   7.9097860402148352E-003  -4.3019162998945704E-003
   8.0989079841592652E-003   7.9404121223702936E-003  -4.2534345777366566E-003
   8.1541803646346042E-003   7.9699954590128665E-003  -4.2037375944496700E-003
   8.2093324418355922E-003   7.9988280561891258E-003  -4.1534690184811384E-003
   8.2642630701678568E-003   8.0267216204512153E-003  -4.1024339800666181E-003
   8.3187132460598116E-003   8.0545334412144790E-003  -4.0508424985168648E-003
   8.3731849954372349E-003   8.0823113612094773E-003  -3.9992555265820177E-003
   8.4274053295658301E-003   8.1104103597012429E-003  -3.9475776622950156E-003
   8.4810234250237773E-003   8.1386181870156133E-003  -3.8953338271188157E-003
   8.5345908962314015E-003   8.1663910744991207E-003  -3.8428058083195909E-003
   8.5887435955410291E-003   8.1933860697492398E-003  -3.7904726889483255E-003
   8.6430612596009697E-003   8.2202509645972876E-003  -3.7382436855275592E-003
   8.6958206663994113E-003   8.2480372743847386E-003  -3.6849110877525786E-003
   8.7492487423994399E-003   8.2755333726530367E-003  -3.6320962672087421E-003
   8.8028162627964129E-003   8.3026594341936173E-003  -3.5792313682377810E-003
   8.8561728886880284E-003   8.3300819244237906E-003  -3.5263061615373771E-003
   8.9094445745214624E-003   8.3572229781805358E-003  -3.4731508166890141E-003
   8.9625184475015541E-003   8.3845212700964025E-003  -3.4198782414513436E-003
   9.0150414219051268E-003   8.4116011413385792E-003  -3.3659522019551360E-003
   9.0676191693714360E-003   8.4385544970742975E-003  -3.3120161557736913E-003
   9.1191260060181027E-003   8.4654869894818154E-003  -3.2570462854505564E-003
   9.1709146876452919E-003   8.4924722340707481E-003  -3.2023678707868639E-003
   9.2216021642290008E-003   8.5204503552669553E-003  -3.1471591355361579E-003
   9.2719551570097127E-003   8.5484803075096486E-003  -3.0916713180790052E-003
   9.3235125257745827E-003   8.5765496585977728E-003  -3.0373210718288050E-003
   9.3740664473386179E-003   8.6051951188751610E-003  -2.9823325401524938E-003
   9.4258169285147582E-003   8.6328780358701004E-003  -2.9279676267890665E-003
   9.4784076987951965E-003   8.6597644941801243E-003  -2.8740108918721835E-003
   9.5311287419174006E-003   8.6870669603631746E-003  -2.8203912410910427E-003
   9.5833029893459404E-003   8.7141621977143320E-003  -2.7661354025460198E-003
   9.6354033717941986E-003   8.7401547010068775E-003  -2.7112724831835863E-003
   9.6877454861489711E-003   8.7655349144905512E-003  -2.6563530164181279E-003
   9.7410253931369990E-003   8.7901536099443886E-003  -2.6019915287174792E-003
   9.7938865728364605E-003   8.8142668431819508E-003  -2.5469983685771991E-003
   9.8469895976635354E-003   8.8383362509327039E-003  -2.4922194277896608E-003
   9.8996908305674300E-003   8.8615583356144740E-003  -2.4366918234489162E-003
   9.9532873243280921E-003   8.8840111530905548E-003  -2.3817073998225985E-003
   1.0007281879871656E-002   8.9071292478175353E-003  -2.3273921932236746E-003
   1.0060713151369036E-002   8.9289441843737952E-003  -2.2719917620895131E-003
   1.0113544527137842E-002   8.9498451648143788E-003  -2.2156712973431586E-003
   1.0167106154882944E-002   8.9698391823187888E-003  -2.1597124616312309E-003
   1.0219804069662062E-002   8.9911150561540320E-003  -2.1034073378915969E-003
   1.0272467707997083E-002   9.0123181122105742E-003  -2.0470427069924960E-003
   1.0325627512455429E-002   9.0335816001699664E-003  -1.9911687481668034E-003
   1.0378332773097240E-002   9.0553038374413461E-003  -1.9350412156171823E-003
   1.0431157901969967E-002   9.0781302643408324E-003  -1.8794673009796593E-003
   1.0483863237462839E-002   9.1005966190253872E-003  -1.8236335251987962E-003
   1.0535776304194559E-002   9.1226768400641464E-003  -1.7669105374069325E-003
   1.0587514228668287E-002   9.1438914716184937E-003  -1.7096992921396292E-003
   1.0638747172335409E-002   9.1654296103964149E-003  -1.6521554475250071E-003
   1.0689816071748225E-002   9.1870272811690242E-003  -1.5944882286391588E-003
   1.0741160025091666E-002   9.2092857915734364E-003  -1.5373186810528731E-003
   1.0791938904864084E-002   9.2319014210810128E-003  -1.4797857454936876E-003
   1.0843234468794496E-002   9.2548235786026906E-003  -1.4228354179015358E-003
   1.0894155606640199E-002   9.2775600932103620E-003  -1.3654761237583697E-003
   1.0945153543853683E-002   9.3007177714447536E-003  -1.3083540410076967E-003
   1.0995847164803745E-002   9.3232108308747910E-003  -1.2506979999287551E-003
   1.1046267934347350E-002   9.3447520939710111E-003  -1.1924423565834842E-003
   1.1096873450633331E-002   9.3667571461353519E-003  -1.1345212084768741E-003
   1.1147458162733695E-002   9.3877672593951390E-003  -1.0762137300167423E-003
   1.1197644243708268E-002   9.4096255359567577E-003  -1.0178735806992991E-003
   1.1246639689966373E-002   9.4318877740500566E-003  -9.5868034623518034E-004
   1.1295345410976298E-002   9.4546932733968279E-003  -8.9945482864518041E-004
   1.1344757641829786E-002   9.4766276449949477E-003  -8.4048606755475030E-004
   1.1393611469835059E-002   9.4988108952380745E-003  -7.8114630939827537E-004
   1.1442880225995098E-002   9.5212685625124475E-003  -7.2225452009897883E-004
   1.1491723076310929E-002   9.5435915578485075E-003  -6.6295814711776161E-004
   1.1540350828882058E-002   9.5667014238588789E-003  -6.0378656802073487E-004
   1.1588773704543311E-002   9.5903372441764473E-003  -5.4465473975561310E-004
   1.1636264413162843E-002   9.6150095626062384E-003  -4.8519122745764625E-004
   1.1683479027186017E-002   9.6391912692247970E-003  -4.2530779664623161E-004
   1.1730349367846405E-002   9.6630342637472107E-003  -3.6501946628707575E-004
   1.1776670404413683E-002   9.6854157511168520E-003  -3.0375421841345864E-004
   1.1822807294695573E-002   9.7072275168685433E-003  -2.4214549964299970E-004
   1.1869319676815909E-002   9.7291454856599947E-003  -1.8085764642660623E-004
   1.1917014398388123E-002   9.7514123363651607E-003  -1.2061313716712863E-004
   1.1964614549267394E-002   9.7733994681202998E-003  -6.0191355710001663E-005
   1.2012500000010189E-002   9.7953991113083616E-003   7.9870079730758838E-015
