   3.5527136787926313E-015   3.5421283062123338E-015   7.1340190668716562E-015
   2.2134742003728492E-005   4.6526032954416155E-005  -6.1199521671121931E-005
   4.5348233612232932E-005   9.3302519735484544E-005  -1.2180557818378452E-004
   6.9333396302308415E-005   1.4081707052034223E-004  -1.8153061005075381E-004
   9.2798210915956495E-005   1.8885195099641099E-004  -2.4104575712189061E-004
   1.1580229131414526E-004   2.3599186347834840E-004  -3.0144973827175511E-004
   1.3906842922081514E-004   2.8316767449438929E-004  -3.6172518669875067E-004
   1.6190662071644059E-004   3.3026176395608718E-004  -4.2222777953105690E-004
   1.8605019402841329E-004   3.7658487825354201E-004  -4.8281867777482182E-004
   2.1079636602890154E-004   4.2302526352491385E-004  -5.4307577353756068E-004
   2.3475761858098837E-004   4.6981616015821283E-004  -6.0337892745516855E-004
   2.5867685859443324E-004   5.1687222249617159E-004  -6.6349212864014011E-004
   2.8308639372694584E-004   5.6420781997161356E-004  -7.2318731941548747E-004
   3.0760818786690119E-004   6.1123204322248838E-004  -7.8308226110761821E-004
   3.3119909439519642E-004   6.5770071954230345E-004  -8.4377930591179905E-004
   3.5481071309468681E-004   7.0520948070682834E-004  -9.0365759150246049E-004
   3.7797737339794862E-004   7.5249968724535655E-004  -9.6388169141962640E-004
   4.0154410957504217E-004   7.9911940164471373E-004  -1.0244722118972012E-003
   4.2541720750160019E-004   8.4590558190508747E-004  -1.0848139762953235E-003
   4.4928692756107295E-004   8.9292020354939431E-004  -1.1449792636900977E-003
   4.7382876905110912E-004   9.3968896003338584E-004  -1.2050657133936783E-003
   4.9930064242179821E-004   9.8618431772775923E-004  -1.2649770261972378E-003
   5.2429004726203170E-004   1.0328698074052575E-003  -1.3249436392909085E-003
   5.4936816107698276E-004   1.0792422005237864E-003  -1.3851158036132900E-003
   5.7422358366031984E-004   1.1256168543704798E-003  -1.4453785570106290E-003
   5.9907805557773454E-004   1.1721408530808296E-003  -1.5055264810857943E-003
   6.2492794819984964E-004   1.2186356586756171E-003  -1.5652760928079881E-003
   6.5205541666042742E-004   1.2648329792024342E-003  -1.6246891219922276E-003
   6.7834467581987261E-004   1.3127888998903340E-003  -1.6830766593327019E-003
   7.0455877843500784E-004   1.3612294529434380E-003  -1.7410967734327375E-003
   7.3134595697523755E-004   1.4093196862106632E-003  -1.7991465498595482E-003
   7.5913105850459583E-004   1.4563071697840085E-003  -1.8576287224703731E-003
   7.8612714193555984E-004   1.5039272476038276E-003  -1.9159685858853846E-003
   8.1347353004811249E-004   1.5506733760166662E-003  -1.9748496059474110E-003
   8.4067957475922827E-004   1.5972845462791357E-003  -2.0339023784714657E-003
   8.6879223676382953E-004   1.6436445327817199E-003  -2.0927277972530465E-003
   8.9654061022322149E-004   1.6901594813493344E-003  -2.1516038307389821E-003
   9.2432194165187982E-004   1.7360667940219342E-003  -2.2109394546715312E-003
   9.5275719879608716E-004   1.7820100743495978E-003  -2.2699364981808925E-003
   9.8250114958158300E-004   1.8273807443250148E-003  -2.3287310532153333E-003
   1.0116603593766703E-003   1.8733487433047647E-003  -2.3873542871665440E-003
   1.0409880917366067E-003   1.9191718638037164E-003  -2.4460068723632694E-003
   1.0694200726598683E-003   1.9666511174130995E-003  -2.5037766129217065E-003
   1.0979583160483036E-003   2.0149002448420165E-003  -2.5608519171390850E-003
   1.1281018175729543E-003   2.0619466670773372E-003  -2.6181057683910308E-003
   1.1576729888793482E-003   2.1101685937450747E-003  -2.6746760045448861E-003
   1.1864906286048890E-003   2.1591625938614553E-003  -2.7309710449994100E-003
   1.2158307179663704E-003   2.2083446716066905E-003  -2.7868305330947920E-003
   1.2453575713402051E-003   2.2577237639613960E-003  -2.8424171337534982E-003
   1.2760343791215203E-003   2.3073209554087025E-003  -2.8971807353800217E-003
   1.3070211607851376E-003   2.3570644795486537E-003  -2.9516362325046432E-003
   1.3385520765071557E-003   2.4067641151246507E-003  -3.0058187718481131E-003
   1.3715285660855178E-003   2.4556637388549367E-003  -3.0598685445344092E-003
   1.4037596928448395E-003   2.5051395988478550E-003  -3.1138434807606967E-003
   1.4350054728855092E-003   2.5548458739058058E-003  -3.1681848780717439E-003
   1.4667378213358412E-003   2.6045973309657931E-003  -3.2222020102808629E-003
   1.5000841696651578E-003   2.6537406481236380E-003  -3.2758019677106174E-003
   1.5346417829193986E-003   2.7029474042636979E-003  -3.3285700123144944E-003
   1.5692171587967185E-003   2.7523368246240715E-003  -3.3811554525148744E-003
   1.6048429519299112E-003   2.8019630530371777E-003  -3.4328085291384721E-003
   1.6410258108855488E-003   2.8515302426255439E-003  -3.4841300102296550E-003
   1.6782920728861720E-003   2.9006181689408810E-003  -3.5351359041379043E-003
   1.7149513445890840E-003   2.9503069820390406E-003  -3.5859996404209176E-003
   1.7517594168073903E-003   2.9998238010911882E-003  -3.6369236075884572E-003
   1.7890400045969671E-003   3.0498950375398549E-003  -3.6869538890621553E-003
   1.8272005581991839E-003   3.1005124659228144E-003  -3.7357560210219891E-003
   1.8661317791602062E-003   3.1506935278051572E-003  -3.7843998393854088E-003
   1.9064374974046892E-003   3.2014510498841334E-003  -3.8312946476064765E-003
   1.9466219652356420E-003   3.2529588114413371E-003  -3.8774699553606080E-003
   1.9877496275262042E-003   3.3045488335029906E-003  -3.9227135737383394E-003
   2.0287512449144686E-003   3.3566196670390207E-003  -3.9675186591146879E-003
   2.0701574318739997E-003   3.4089414040513492E-003  -4.0116543986044272E-003
   2.1121707679651815E-003   3.4611364771952699E-003  -4.0553642824246519E-003
   2.1547160586514961E-003   3.5134084280302245E-003  -4.0984634864908755E-003
   2.1970454719935561E-003   3.5656067569789203E-003  -4.1418634314644362E-003
   2.2408204214611131E-003   3.6186571565423689E-003  -4.1827218322265311E-003
   2.2848472520633875E-003   3.6717350760278869E-003  -4.2232726972656733E-003
   2.3290339813561768E-003   3.7252621105621502E-003  -4.2630519572343295E-003
   2.3731490637993271E-003   3.7792856336558009E-003  -4.3022350970357134E-003
   2.4176434329401236E-003   3.8333476847048843E-003  -4.3409332333481489E-003
   2.4630643436757329E-003   3.8865802337269568E-003  -4.3797048284558064E-003
   2.5083197155782088E-003   3.9396196928524318E-003  -4.4189319504404434E-003
   2.5546420239708303E-003   3.9928273050129758E-003  -4.4566571907574222E-003
   2.6017847542660127E-003   4.0459068575780053E-003  -4.4935370508630695E-003
   2.6497975151030940E-003   4.0989686890876504E-003  -4.5293031917215060E-003
   2.6984625250094847E-003   4.1519757788367568E-003  -4.5642598112773719E-003
   2.7483937233191177E-003   4.2044680966305233E-003  -4.5981925684560167E-003
   2.7989524502815516E-003   4.2563337579911804E-003  -4.6321597335198623E-003
   2.8501828010713583E-003   4.3079129712457085E-003  -4.6655518870005689E-003
   2.9022663430688656E-003   4.3584889312336837E-003  -4.6991580906751464E-003
   2.9552083760737979E-003   4.4084175515459257E-003  -4.7323887093090964E-003
   3.0087314896188300E-003   4.4585110889876966E-003  -4.7644185990138562E-003
   3.0615491815954975E-003   4.5096517178714653E-003  -4.7959610701050481E-003
   3.1142706065982041E-003   4.5610912182267758E-003  -4.8271769176333476E-003
   3.1667528831315203E-003   4.6132438394264159E-003  -4.8576024786937538E-003
   3.2186426279376184E-003   4.6665884524978935E-003  -4.8869590219408360E-003
   3.2708640885565471E-003   4.7196748705011357E-003  -4.9161951515007416E-003
   3.3244704103833202E-003   4.7717587734087928E-003  -4.9447193400856586E-003
   3.3788529250792236E-003   4.8238382553505241E-003  -4.9717428419627776E-003
   3.4337643632726925E-003   4.8756487467568870E-003  -4.9982080440124695E-003
   3.4878375725048184E-003   4.9282871821193092E-003  -5.0247652119627317E-003
   3.5414991584331074E-003   4.9814477052263200E-003  -5.0511165494128473E-003
   3.5947446815106860E-003   5.0354697112721019E-003  -5.0765436438380369E-003
   3.6481177781450790E-003   5.0900189918834894E-003  -5.1005371543591145E-003
   3.7021711074414240E-003   5.1443801382611469E-003  -5.1234086071534537E-003
   3.7558600426928794E-003   5.1993705861948228E-003  -5.1456245671391964E-003
   3.8094282349203342E-003   5.2548421510575944E-003  -5.1669166842640427E-003
   3.8633716626589516E-003   5.3105479517536790E-003  -5.1865882470163637E-003
   3.9179294165622314E-003   5.3659322717148931E-003  -5.2054569669165328E-003
   3.9730108777980815E-003   5.4213121561438012E-003  -5.2227515045652588E-003
   4.0293091434426276E-003   5.4756612692400354E-003  -5.2393851808535041E-003
   4.0855968419689923E-003   5.5302843729429776E-003  -5.2551335629078978E-003
   4.1421541859805542E-003   5.5849958831002688E-003  -5.2695529073844708E-003
   4.1981421755431314E-003   5.6402990157039699E-003  -5.2839372233001742E-003
   4.2538784367238576E-003   5.6958294625134246E-003  -5.2984230324696537E-003
   4.3094265284019636E-003   5.7514230239433537E-003  -5.3133818239813092E-003
   4.3654459806296946E-003   5.8068322887195618E-003  -5.3272250297144563E-003
   4.4217943433405979E-003   5.8623103235522084E-003  -5.3393514338213859E-003
   4.4776643224455018E-003   5.9183592033391604E-003  -5.3510590598142994E-003
   4.5341285599860811E-003   5.9740262750577842E-003  -5.3616876539431925E-003
   4.5908911078750116E-003   6.0297094753843251E-003  -5.3704850605172097E-003
   4.6482956040662269E-003   6.0848584829263398E-003  -5.3784418676930991E-003
   4.7058592001299219E-003   6.1399781875743414E-003  -5.3853881311775294E-003
   4.7640315236689894E-003   6.1946354058613762E-003  -5.3907331533074622E-003
   4.8220404251677583E-003   6.2496387618556411E-003  -5.3938312446539689E-003
   4.8802463516338900E-003   6.3044871867732966E-003  -5.3957600811570250E-003
   4.9391636111228371E-003   6.3585868401866575E-003  -5.3971686401313012E-003
   4.9981187136790483E-003   6.4126611284493675E-003  -5.3976855794650664E-003
   5.0581166618030955E-003   6.4655731377007870E-003  -5.3969335819262030E-003
   5.1184805776558016E-003   6.5179992143620811E-003  -5.3941579465652152E-003
   5.1793901390655124E-003   6.5697738007114356E-003  -5.3910891456870492E-003
   5.2399142901904013E-003   6.6218456537749642E-003  -5.3860543419887745E-003
   5.3005992799581587E-003   6.6737237864111093E-003  -5.3809561687296658E-003
   5.3614452227162468E-003   6.7251997097308872E-003  -5.3740279242990062E-003
   5.4224046689564376E-003   6.7764113351117148E-003  -5.3661975129730630E-003
   5.4828727403319465E-003   6.8281283482769274E-003  -5.3578931229624465E-003
   5.5439865692065438E-003   6.8788226319850959E-003  -5.3481366112469271E-003
   5.6048914464876818E-003   6.9293700598576586E-003  -5.3364938685996717E-003
   5.6658452290589247E-003   6.9793811698093261E-003  -5.3229467186198800E-003
   5.7269034915640189E-003   7.0288829499094065E-003  -5.3080651077156054E-003
   5.7877485254457222E-003   7.0782971705411991E-003  -5.2920614625718591E-003
   5.8485002286313070E-003   7.1274343805354757E-003  -5.2748927366447988E-003
   5.9088650568188406E-003   7.1764180135600805E-003  -5.2560064661668687E-003
   5.9696570279758696E-003   7.2242247884214510E-003  -5.2355406770217550E-003
   6.0305490203038338E-003   7.2713135548933472E-003  -5.2137504649312641E-003
   6.0909141549077648E-003   7.3185222092073243E-003  -5.1907854158174454E-003
   6.1506127265837330E-003   7.3662386276379761E-003  -5.1671374993564664E-003
   6.2091383260570662E-003   7.4146843382559063E-003  -5.1420822139032129E-003
   6.2665368743448331E-003   7.4635883961132179E-003  -5.1153651822419422E-003
   6.3244944467551649E-003   7.5111990732453010E-003  -5.0875417528820936E-003
   6.3823439935259607E-003   7.5576535256168826E-003  -5.0576182872760474E-003
   6.4406441404773135E-003   7.6026097653546076E-003  -5.0263128664014695E-003
   6.4979215155395540E-003   7.6483236981835165E-003  -4.9942264416156963E-003
   6.5555299198514355E-003   7.6929317928435765E-003  -4.9611902548293632E-003
   6.6135128957398150E-003   7.7360735052695020E-003  -4.9268862148066457E-003
   6.6708112276286117E-003   7.7803425360825074E-003  -4.8928692474821027E-003
   6.7284325690997009E-003   7.8236031901813795E-003  -4.8581086832791371E-003
   6.7849225628418284E-003   7.8675830958154017E-003  -4.8224064634970918E-003
   6.8415546987975091E-003   7.9105966604054428E-003  -4.7857644868450231E-003
   6.8982660940901620E-003   7.9523571127846100E-003  -4.7478187065255559E-003
   6.9554371487160526E-003   7.9917954916471964E-003  -4.7081187720760687E-003
   7.0122703861092914E-003   8.0314964739001196E-003  -4.6681961576963346E-003
   7.0692222237703417E-003   8.0709630621509584E-003  -4.6282102027739658E-003
   7.1264089781459244E-003   8.1097943861217908E-003  -4.5879385823781966E-003
   7.1839880713923691E-003   8.1479934288643929E-003  -4.5476213260708855E-003
   7.2421498846587003E-003   8.1855875301547025E-003  -4.5075727678607755E-003
   7.2999107595011839E-003   8.2225376489715694E-003  -4.4663614822298553E-003
   7.3584055449574430E-003   8.2579893202246509E-003  -4.4248700484661148E-003
   7.4175175132274581E-003   8.2925348816850677E-003  -4.3834891422717586E-003
   7.4769714638742270E-003   8.3262516884809890E-003  -4.3419150555382893E-003
   7.5356860594811758E-003   8.3592452965801905E-003  -4.2987407798486333E-003
   7.5936899240806920E-003   8.3916852767680680E-003  -4.2542076529735670E-003
   7.6508852621457830E-003   8.4244441835871937E-003  -4.2088695087296969E-003
   7.7084728718194795E-003   8.4569930263816342E-003  -4.1638779534867842E-003
   7.7666188237924426E-003   8.4880212968518349E-003  -4.1185315677709101E-003
   7.8251611026539727E-003   8.5169982864302610E-003  -4.0723456861743567E-003
   7.8836331772466767E-003   8.5453115888008951E-003  -4.0256619265672151E-003
   7.9416853586816282E-003   8.5736630392258435E-003  -3.9784799438658891E-003
   7.9997869221970670E-003   8.6020971120494196E-003  -3.9314085957105624E-003
   8.0573262418481666E-003   8.6294784871527967E-003  -3.8830403521581780E-003
   8.1151093548169056E-003   8.6561572651001166E-003  -3.8345702101180478E-003
   8.1728478067929263E-003   8.6822773342911299E-003  -3.7857438530430388E-003
   8.2305898277585283E-003   8.7073399315812719E-003  -3.7363705278400188E-003
   8.2883046620013268E-003   8.7320713889345817E-003  -3.6867988330965390E-003
   8.3458062186882852E-003   8.7568645284446210E-003  -3.6370105692772616E-003
   8.4039988135163248E-003   8.7814395535810771E-003  -3.5879219753934188E-003
   8.4622125010633559E-003   8.8045388657926223E-003  -3.5381465964218345E-003
   8.5203858888318884E-003   8.8279178017451089E-003  -3.4884547227553983E-003
   8.5785980003172824E-003   8.8511502215027661E-003  -3.4387394861591742E-003
   8.6363967169401229E-003   8.8737549285002153E-003  -3.3882584444212415E-003
   8.6942442096247831E-003   8.8959016171720369E-003  -3.3376304701583370E-003
   8.7516074923813629E-003   8.9194512617884591E-003  -3.2870847677458361E-003
   8.8089237812001477E-003   8.9428526936932359E-003  -3.2364170658790072E-003
   8.8664371564584309E-003   8.9653699856931252E-003  -3.1855723686190465E-003
   8.9238521811076475E-003   8.9874613814895053E-003  -3.1344305542531895E-003
   8.9811228287190979E-003   9.0092756489414810E-003  -3.0830086653940133E-003
   9.0384686973131109E-003   9.0303312111243046E-003  -3.0313548693374930E-003
   9.0961372949532691E-003   9.0507600193209924E-003  -2.9798088059197580E-003
   9.1539651592959029E-003   9.0705574550609021E-003  -2.9281948578077752E-003
   9.2119834046611830E-003   9.0913970069381803E-003  -2.8772086216003884E-003
   9.2696813853604398E-003   9.1113954439643926E-003  -2.8255268497485706E-003
   9.3280876922820812E-003   9.1303414028674149E-003  -2.7742457230992700E-003
   9.3848476138775651E-003   9.1499657657004452E-003  -2.7213950307478788E-003
   9.4409871189605268E-003   9.1692242131807718E-003  -2.6677529934126059E-003
   9.4968484927675460E-003   9.1870386559747604E-003  -2.6133273326850938E-003
   9.5521424183915224E-003   9.2037175981012423E-003  -2.5579703577115914E-003
   9.6072715508942509E-003   9.2202430879504537E-003  -2.5024033987050575E-003
   9.6626942188900947E-003   9.2373747377496283E-003  -2.4473140672840138E-003
   9.7177055263753340E-003   9.2535058720824136E-003  -2.3915149403692538E-003
   9.7724646733572534E-003   9.2693811081602517E-003  -2.3353953119066343E-003
   9.8274285691968121E-003   9.2851306709346160E-003  -2.2794406746850958E-003
   9.8822376718776493E-003   9.3000524461946798E-003  -2.2231085977931688E-003
   9.9366868699466322E-003   9.3141491846379550E-003  -2.1662177655511305E-003
   9.9914803534924372E-003   9.3279335314590487E-003  -2.1095815056064913E-003
   1.0044974641196488E-002   9.3416757451412185E-003  -2.0517065305740920E-003
   1.0098628595618388E-002   9.3556172863028652E-003  -1.9940273609361145E-003
   1.0151028079354340E-002   9.3704735836846881E-003  -1.9354305646297359E-003
   1.0203931319670807E-002   9.3846442996019033E-003  -1.8771172901903865E-003
   1.0257263991048114E-002   9.3977408194950950E-003  -1.8189442094392130E-003
   1.0310687278272680E-002   9.4109844371595575E-003  -1.7608876940990986E-003
   1.0363648876786334E-002   9.4244026650547544E-003  -1.7024495195413392E-003
   1.0417353537108062E-002   9.4383687617479659E-003  -1.6448235045064910E-003
   1.0471662037116245E-002   9.4524655573539861E-003  -1.5877983594176804E-003
   1.0525218056792268E-002   9.4662714952447654E-003  -1.5299956878579322E-003
   1.0579297722257743E-002   9.4796195024304392E-003  -1.4725742590280641E-003
   1.0633250686488708E-002   9.4917783456620417E-003  -1.4147707973229801E-003
   1.0688415326724755E-002   9.5052186657033338E-003  -1.3584128319408715E-003
   1.0744163180446135E-002   9.5186133244333435E-003  -1.3026207184880113E-003
   1.0799648352337732E-002   9.5322588501426577E-003  -1.2466279035270641E-003
   1.0854546303735368E-002   9.5466508956595815E-003  -1.1902445375519002E-003
   1.0908891642690578E-002   9.5617263437277177E-003  -1.1335055298232212E-003
   1.0963275316893749E-002   9.5760331969611517E-003  -1.0766044759833809E-003
   1.1017177383611697E-002   9.5903098134944419E-003  -1.0192394568013083E-003
   1.1070825767024452E-002   9.6041302007524448E-003  -9.6152595878390434E-004
   1.1125614058392705E-002   9.6179293049415658E-003  -9.0488826940927968E-004
   1.1180770895609555E-002   9.6312142596623566E-003  -8.4848584676839504E-004
   1.1236011816427905E-002   9.6435435433840852E-003  -7.9194887276077175E-004
   1.1290947386716254E-002   9.6570307749263961E-003  -7.3537875960458157E-004
   1.1346862052724753E-002   9.6700289996187617E-003  -6.7965985545268709E-004
   1.1402381722653947E-002   9.6826080866028088E-003  -6.2345191279300049E-004
   1.1457288839425895E-002   9.6968763194765998E-003  -5.6704600832902451E-004
   1.1512230902142550E-002   9.7100603527559178E-003  -5.1041076299271077E-004
   1.1568152720989442E-002   9.7216749585257393E-003  -4.5439423769547029E-004
   1.1623382904680058E-002   9.7330104484213871E-003  -3.9763920728960966E-004
   1.1678553166706289E-002   9.7435490088507003E-003  -3.4067271774537413E-004
   1.1733138629731868E-002   9.7541581739944358E-003  -2.8315860779190257E-004
   1.1787445285728891E-002   9.7637111091492899E-003  -2.2519716765229160E-004
   1.1842469542870699E-002   9.7718470678759464E-003  -1.6769814766181385E-004
   1.1898080200069057E-002   9.7800266065392674E-003  -1.1077231911826944E-004
   1.1954939146639787E-002   9.7880244643756675E-003  -5.5066893297606585E-005
   1.2012500000010249E-002   9.7953991113082107E-003   7.9844096534508933E-015
