   3.5527136787926068E-015   3.5421283062123287E-015   7.1340190668716388E-015
   2.6313166033140924E-005   3.7381479956998353E-005  -6.5652435204334377E-005
   5.2171677841950009E-005   7.4935462024775440E-005  -1.3138702117047827E-004
   7.8680572757162484E-005   1.1332690323178458E-004  -1.9637452558086271E-004
   1.0454002311139733E-004   1.5217633101469969E-004  -2.6135152756170623E-004
   1.2970302354364555E-004   1.9152737309372777E-004  -3.2630011414421601E-004
   1.5511002439373478E-004   2.3090903789205970E-004  -3.9113504906902399E-004
   1.8028913570388705E-004   2.7164202237455663E-004  -4.5521965190955193E-004
   2.0575658350084817E-004   3.1228267090937508E-004  -5.1924891701427792E-004
   2.3208684505583764E-004   3.5363013218260049E-004  -5.8247157731338068E-004
   2.5961100862757471E-004   3.9551604935793397E-004  -6.4482532913378969E-004
   2.8688849118495453E-004   4.3774184136330813E-004  -7.0705812946552987E-004
   3.1338858603722743E-004   4.8007512382387699E-004  -7.6955323458890394E-004
   3.4073732914450969E-004   5.2278081394499206E-004  -8.3142625198927051E-004
   3.6739595320577973E-004   5.6524551195336211E-004  -8.9376458035891784E-004
   3.9384159533136859E-004   6.0858140019475566E-004  -9.5559199186198533E-004
   4.2048511014017710E-004   6.5140032636275171E-004  -1.0176940262517445E-003
   4.4636128331156691E-004   6.9411947055475324E-004  -1.0801880129862160E-003
   4.7201974537093274E-004   7.3648375811520442E-004  -1.1430124545904923E-003
   4.9692694077274797E-004   7.7935953404180902E-004  -1.2057922240013091E-003
   5.2245261634150926E-004   8.2223201080756599E-004  -1.2683253402477584E-003
   5.4875113933355879E-004   8.6576687116259954E-004  -1.3300756733989985E-003
   5.7514636057731129E-004   9.0846287477958272E-004  -1.3923680770872213E-003
   6.0203812201521613E-004   9.5023847791126509E-004  -1.4550708054572468E-003
   6.2999710461686582E-004   9.9243458219574750E-004  -1.5170206567348429E-003
   6.5816216183386608E-004   1.0345569515994601E-003  -1.5789273247814217E-003
   6.8745694240239573E-004   1.0756588070506615E-003  -1.6409954591720365E-003
   7.1727724861766844E-004   1.1172875282759226E-003  -1.7024592608130217E-003
   7.4697394746954364E-004   1.1583431117159879E-003  -1.7643668139754574E-003
   7.7641982091444307E-004   1.1991707365443594E-003  -1.8265443467676836E-003
   8.0563626627286626E-004   1.2401616203415887E-003  -1.8887226933135958E-003
   8.3567633282589471E-004   1.2814075642177596E-003  -1.9503373547837960E-003
   8.6564643434065467E-004   1.3222660380480501E-003  -2.0122435590521591E-003
   8.9663037166115719E-004   1.3623027539617775E-003  -2.0741875417695991E-003
   9.2831349564464561E-004   1.4041612989420798E-003  -2.1345534416769224E-003
   9.6087914761768694E-004   1.4467329052688168E-003  -2.1939431432645355E-003
   9.9310576021412514E-004   1.4894713455534030E-003  -2.2533979256754064E-003
   1.0252031844190453E-003   1.5328892464512348E-003  -2.3124287755869003E-003
   1.0570642125357463E-003   1.5764993741753754E-003  -2.3714459904161352E-003
   1.0884568993533331E-003   1.6196350313367070E-003  -2.4310598671536798E-003
   1.1203597104807242E-003   1.6635059993661829E-003  -2.4898607924125405E-003
   1.1528450214905175E-003   1.7074423015093418E-003  -2.5482928549336787E-003
   1.1860986427376604E-003   1.7506612109641482E-003  -2.6068276525006489E-003
   1.2201988382459707E-003   1.7945057282586544E-003  -2.6644022558805929E-003
   1.2536556078086337E-003   1.8393654146011326E-003  -2.7215708934730789E-003
   1.2872416152008761E-003   1.8849037581191968E-003  -2.7781238719938009E-003
   1.3204845535854722E-003   1.9312582814094161E-003  -2.8342145593190813E-003
   1.3538015449268540E-003   1.9773568402571668E-003  -2.8904720120295885E-003
   1.3873893864566806E-003   2.0237359434458935E-003  -2.9463364523606411E-003
   1.4224950256441604E-003   2.0693320071408037E-003  -3.0019115643352859E-003
   1.4580506614464896E-003   2.1153959383338914E-003  -3.0568106627299513E-003
   1.4935196643898608E-003   2.1618880582329569E-003  -3.1114040012417076E-003
   1.5294240506235105E-003   2.2077533799458229E-003  -3.1662423756402811E-003
   1.5649256039703991E-003   2.2531736751166915E-003  -3.2217098119556344E-003
   1.6005180751055142E-003   2.2986117188443329E-003  -3.2771043982696064E-003
   1.6361191542301368E-003   2.3447963672886289E-003  -3.3318724674623991E-003
   1.6722418452420926E-003   2.3917529293317904E-003  -3.3856333498936118E-003
   1.7100169677921090E-003   2.4390321933908357E-003  -3.4379564931606675E-003
   1.7478471352042836E-003   2.4867931604975494E-003  -3.4898001855085369E-003
   1.7863999241095696E-003   2.5345848846696087E-003  -3.5410801384711801E-003
   1.8255884989696256E-003   2.5821355838848482E-003  -3.5921015711428135E-003
   1.8654110649148005E-003   2.6287239985676647E-003  -3.6435183278055055E-003
   1.9059202118735738E-003   2.6756207039950746E-003  -3.6941118852044396E-003
   1.9457124052490128E-003   2.7227483204692420E-003  -3.7450586131992604E-003
   1.9871766135861994E-003   2.7698128589836650E-003  -3.7947139115185715E-003
   2.0300959400119212E-003   2.8167828536610202E-003  -3.8432087670222000E-003
   2.0727569214274121E-003   2.8634862689270635E-003  -3.8921866362008552E-003
   2.1163397492456170E-003   2.9100581375829894E-003  -3.9404732614521402E-003
   2.1603104782508559E-003   2.9568792139387625E-003  -3.9881635309136475E-003
   2.2049486272877001E-003   3.0039371658882297E-003  -4.0349928464606926E-003
   2.2494542091645157E-003   3.0516572510192936E-003  -4.0812750964714668E-003
   2.2956490414475250E-003   3.0997350670471458E-003  -4.1254855144648769E-003
   2.3416271683294760E-003   3.1485541297789667E-003  -4.1691055898432031E-003
   2.3873404371141738E-003   3.1980515805376916E-003  -4.2122367783292607E-003
   2.4327674950432808E-003   3.2471782749430239E-003  -4.2560882356291619E-003
   2.4781640496060226E-003   3.2964939323089034E-003  -4.2997588067266411E-003
   2.5247301787186065E-003   3.3450730848722057E-003  -4.3430215107673337E-003
   2.5727535144060656E-003   3.3936327302488485E-003  -4.3846834846238822E-003
   2.6213123917295548E-003   3.4424630130553209E-003  -4.4253975964922100E-003
   2.6703567686670138E-003   3.4901112601145061E-003  -4.4669222114323568E-003
   2.7208559713146237E-003   3.5376269399347337E-003  -4.5068232226705019E-003
   2.7719130461554792E-003   3.5846881274170586E-003  -4.5465525537874401E-003
   2.8237171235456961E-003   3.6316605178377185E-003  -4.5854103986520288E-003
   2.8748859987454715E-003   3.6795042206056758E-003  -4.6240462151681200E-003
   2.9259387910726027E-003   3.7287970955180065E-003  -4.6609762148530883E-003
   2.9772785593275451E-003   3.7788617309280968E-003  -4.6964411338636276E-003
   3.0289940361455242E-003   3.8287118659455967E-003  -4.7316614901647992E-003
   3.0813922164049726E-003   3.8780594028886973E-003  -4.7665792693903841E-003
   3.1344853349688229E-003   3.9271435796643462E-003  -4.8008117736444466E-003
   3.1876807568792524E-003   3.9770871932184645E-003  -4.8336124223277823E-003
   3.2405134321146197E-003   4.0280682458528902E-003  -4.8653872661442435E-003
   3.2944521664215296E-003   4.0787539859434745E-003  -4.8957446162311803E-003
   3.3486015183495799E-003   4.1296653086674824E-003  -4.9253399688254989E-003
   3.4023096449315566E-003   4.1810532789205530E-003  -4.9549155269832954E-003
   3.4563799050986318E-003   4.2324258307531327E-003  -4.9838511088444414E-003
   3.5098517363147666E-003   4.2852223237167279E-003  -5.0112973032678185E-003
   3.5650867914097596E-003   4.3370731239333240E-003  -5.0369991164881008E-003
   3.6203773421648686E-003   4.3888020827921670E-003  -5.0628268114853176E-003
   3.6751102353710001E-003   4.4408001900504545E-003  -5.0892939088048655E-003
   3.7293118465970485E-003   4.4931396391356179E-003  -5.1161782424166110E-003
   3.7835156273959172E-003   4.5456142645142221E-003  -5.1427933479411174E-003
   3.8374479886964658E-003   4.5982543457238111E-003  -5.1696321679888507E-003
   3.8924612487294245E-003   4.6505348091526169E-003  -5.1949362064045695E-003
   3.9482866141339031E-003   4.7025731100382735E-003  -5.2189267008780661E-003
   4.0038334471845047E-003   4.7553191418677771E-003  -5.2420006138691006E-003
   4.0595897771731745E-003   4.8083036572976450E-003  -5.2639977227999834E-003
   4.1150285774017737E-003   4.8620591897066594E-003  -5.2848994486416334E-003
   4.1707349136558729E-003   4.9160315665586936E-003  -5.3044899220048751E-003
   4.2264148984994974E-003   4.9698549646671562E-003  -5.3245593291474979E-003
   4.2820134149957846E-003   5.0241297296630188E-003  -5.3436133274621855E-003
   4.3373337273388459E-003   5.0790122115923235E-003  -5.3617123941603322E-003
   4.3930288047257142E-003   5.1339264430899567E-003  -5.3785197001540346E-003
   4.4490349843336850E-003   5.1885746299520329E-003  -5.3951595174264516E-003
   4.5053432429393381E-003   5.2431921834452640E-003  -5.4108535563778797E-003
   4.5625109571097965E-003   5.2970310156507765E-003  -5.4261255111920361E-003
   4.6214899304548611E-003   5.3489030320892335E-003  -5.4413167790394162E-003
   4.6804401978063678E-003   5.4012173253110054E-003  -5.4550310307437339E-003
   4.7398730900083353E-003   5.4532616230849639E-003  -5.4676454034743617E-003
   4.7997264080447749E-003   5.5051575619363769E-003  -5.4787985128030023E-003
   4.8594477422171396E-003   5.5574297202192046E-003  -5.4888475784840834E-003
   4.9196424437643856E-003   5.6093134066421821E-003  -5.4980498060759313E-003
   4.9805832931821984E-003   5.6606098442141851E-003  -5.5054584740350633E-003
   5.0419460105550233E-003   5.7116108677038426E-003  -5.5112474746656457E-003
   5.1033709622913615E-003   5.7626368910115517E-003  -5.5160765789284668E-003
   5.1651657649020985E-003   5.8132946207287602E-003  -5.5199748841897999E-003
   5.2276469076953293E-003   5.8632073997635769E-003  -5.5221706269461190E-003
   5.2906495613154079E-003   5.9124422259616057E-003  -5.5247391926143566E-003
   5.3537595725089305E-003   5.9615834034351832E-003  -5.5262462289347595E-003
   5.4166448983924221E-003   6.0110336039107416E-003  -5.5265830729167966E-003
   5.4797706101021616E-003   6.0601764142223557E-003  -5.5269418467460583E-003
   5.5439101443054166E-003   6.1079890338375424E-003  -5.5266706285709332E-003
   5.6084155692944582E-003   6.1553028292485263E-003  -5.5259961584478417E-003
   5.6731629995276584E-003   6.2022849988957992E-003  -5.5253283164498042E-003
   5.7378594263218377E-003   6.2492521546363439E-003  -5.5224199415859895E-003
   5.8027654779996230E-003   6.2958596513791971E-003  -5.5185539741078376E-003
   5.8676065012480084E-003   6.3424749706413024E-003  -5.5137943822914752E-003
   5.9328255123589592E-003   6.3883922782963301E-003  -5.5076233654633502E-003
   5.9978138959497582E-003   6.4344243386010910E-003  -5.5000365730025983E-003
   6.0630866241654828E-003   6.4797981809737414E-003  -5.4910540688664165E-003
   6.1287144028002649E-003   6.5242582533443262E-003  -5.4802699772230450E-003
   6.1931143676842654E-003   6.5700572893620836E-003  -5.4678163500649990E-003
   6.2575318912029458E-003   6.6152852329452406E-003  -5.4535049637278793E-003
   6.3226453824764117E-003   6.6590561819235483E-003  -5.4378736720767477E-003
   6.3875051423095798E-003   6.7025602604356763E-003  -5.4205356585707871E-003
   6.4525641114632883E-003   6.7456474607310874E-003  -5.4029054656104204E-003
   6.5170362069835357E-003   6.7894637399817164E-003  -5.3849198443937842E-003
   6.5814943550256194E-003   6.8332625694337915E-003  -5.3668419659077858E-003
   6.6457891460726514E-003   6.8765316789898686E-003  -5.3469934394487920E-003
   6.7095657149235923E-003   6.9195211355384603E-003  -5.3249830806949422E-003
   6.7726257716336476E-003   6.9627277555196010E-003  -5.3013903437712662E-003
   6.8349776337077632E-003   7.0064079577720189E-003  -5.2768081301263446E-003
   6.8976368011269395E-003   7.0492424384530116E-003  -5.2515289686455241E-003
   6.9602674934570903E-003   7.0910517322890221E-003  -5.2245219449030787E-003
   7.0226801149773765E-003   7.1329565970565927E-003  -5.1971605308729109E-003
   7.0850857182263426E-003   7.1745924029855898E-003  -5.1693756365317287E-003
   7.1471748808197731E-003   7.2155436610293498E-003  -5.1399149789457914E-003
   7.2097501579191873E-003   7.2553201831886726E-003  -5.1098789507371747E-003
   7.2722888817943043E-003   7.2946472670633970E-003  -5.0791822329991094E-003
   7.3339366866312268E-003   7.3333268793104684E-003  -5.0459642292991326E-003
   7.3950784536615894E-003   7.3712408294442531E-003  -5.0109754211932096E-003
   7.4563196009472619E-003   7.4079536988552264E-003  -4.9748965200403991E-003
   7.5175785016226571E-003   7.4429579219142542E-003  -4.9371864224611439E-003
   7.5790502277359173E-003   7.4776198722768675E-003  -4.8995065063531613E-003
   7.6396650316399627E-003   7.5130435979254432E-003  -4.8611528205399056E-003
   7.6999249302090655E-003   7.5485674836556476E-003  -4.8223353223105893E-003
   7.7601476272213836E-003   7.5834690930408647E-003  -4.7829005100777826E-003
   7.8198136520721846E-003   7.6182070567255046E-003  -4.7424871538193540E-003
   7.8789484894107933E-003   7.6520964587806399E-003  -4.7005994535094060E-003
   7.9379119380279736E-003   7.6855728087576918E-003  -4.6581418779047031E-003
   7.9968811276016800E-003   7.7178848363032952E-003  -4.6147994327423846E-003
   8.0560394041919742E-003   7.7489382482369227E-003  -4.5707996155592576E-003
   8.1147866053058043E-003   7.7803492479772193E-003  -4.5265038429736053E-003
   8.1730057988616839E-003   7.8109771439538820E-003  -4.4809795913535134E-003
   8.2304251355722457E-003   7.8415606376310860E-003  -4.4344213516467794E-003
   8.2865854849655998E-003   7.8726541609419071E-003  -4.3866803005394453E-003
   8.3430325804623780E-003   7.9025468445513211E-003  -4.3385123353056288E-003
   8.3993860934145608E-003   7.9321342823577782E-003  -4.2900472436276805E-003
   8.4549168845258846E-003   7.9615052321041161E-003  -4.2405126238981468E-003
   8.5099697023504270E-003   7.9904304918245930E-003  -4.1901885084353208E-003
   8.5644197811986181E-003   8.0193065595800337E-003  -4.1391849632917239E-003
   8.6177761233689944E-003   8.0490466275881887E-003  -4.0875261875458809E-003
   8.6709756996143379E-003   8.0789501613480700E-003  -4.0358001423427279E-003
   8.7235889327406946E-003   8.1080573896870206E-003  -3.9830306723043019E-003
   8.7763971040858198E-003   8.1365712889236164E-003  -3.9301321412873744E-003
   8.8294264798814918E-003   8.1654325722993748E-003  -3.8776448892452035E-003
   8.8826101578276806E-003   8.1940533626412067E-003  -3.8251820761001573E-003
   8.9343614662158385E-003   8.2224433766761272E-003  -3.7711838430045117E-003
   8.9858145337336943E-003   8.2505732072817445E-003  -3.7167660658328160E-003
   9.0370719798539053E-003   8.2767271285061079E-003  -3.6611904720616675E-003
   9.0876945737316406E-003   8.3024862803577279E-003  -3.6048538136444568E-003
   9.1387186743830257E-003   8.3273046343566859E-003  -3.5484570897638653E-003
   9.1888925536861184E-003   8.3532127080668366E-003  -3.4917882839277650E-003
   9.2380136764010981E-003   8.3797146705528302E-003  -3.4344754469779683E-003
   9.2873471271767080E-003   8.4060901440539664E-003  -3.3772867676416267E-003
   9.3362167991140714E-003   8.4328551588332828E-003  -3.3198812875117724E-003
   9.3852119912303869E-003   8.4595755456293859E-003  -3.2625620754178769E-003
   9.4336558484834354E-003   8.4854424903999387E-003  -3.2043891104480094E-003
   9.4819254550946083E-003   8.5116181674438299E-003  -3.1462093973095616E-003
   9.5294266708574587E-003   8.5381180817649133E-003  -3.0875460438592054E-003
   9.5759446044170905E-003   8.5649807252968641E-003  -3.0282629919798553E-003
   9.6223684747797876E-003   8.5915312506854580E-003  -2.9687659847935062E-003
   9.6689394317131614E-003   8.6179642199052144E-003  -2.9093316167398782E-003
   9.7150568404020601E-003   8.6450619891866795E-003  -2.8498430000644306E-003
   9.7612170736745916E-003   8.6727818179533431E-003  -2.7906750699236817E-003
   9.8067030305218992E-003   8.7008135922881421E-003  -2.7311330901225207E-003
   9.8516269449564816E-003   8.7287256869419474E-003  -2.6711101204900051E-003
   9.8970571136676611E-003   8.7562000472497514E-003  -2.6112664968110889E-003
   9.9427047528205907E-003   8.7836509289686143E-003  -2.5515777866418955E-003
   9.9880124141545380E-003   8.8108682977200495E-003  -2.4915242216083980E-003
   1.0033971172795144E-002   8.8386459991334852E-003  -2.4322267359455458E-003
   1.0080757475562347E-002   8.8657778987935917E-003  -2.3732784374610023E-003
   1.0127683436353981E-002   8.8924517518709605E-003  -2.3142321863831219E-003
   1.0175711417236749E-002   8.9201812504654601E-003  -2.2565746807287749E-003
   1.0224804837460027E-002   8.9463558798309924E-003  -2.1990879442997497E-003
   1.0274588571180833E-002   8.9729507073235681E-003  -2.1423931914889022E-003
   1.0325450277374023E-002   8.9988086134891575E-003  -2.0863177464432816E-003
   1.0376168792502085E-002   9.0241755549600507E-003  -2.0298894688807832E-003
   1.0426158027385972E-002   9.0497619588595056E-003  -1.9729121722386099E-003
   1.0475614932563427E-002   9.0749456929675679E-003  -1.9152945181706330E-003
   1.0523990405650356E-002   9.1002299394450717E-003  -1.8568093022281640E-003
   1.0572168866191545E-002   9.1241400879276766E-003  -1.7975881848625633E-003
   1.0619737661967289E-002   9.1480921621390418E-003  -1.7378930609802889E-003
   1.0668150729117381E-002   9.1711546352560621E-003  -1.6785272690226052E-003
   1.0716253935876293E-002   9.1946646930156847E-003  -1.6190852074192291E-003
   1.0764521943839346E-002   9.2186321244959856E-003  -1.5599602411439108E-003
   1.0813226079223170E-002   9.2415692734507584E-003  -1.5007842798296330E-003
   1.0862124393531899E-002   9.2645215591983469E-003  -1.4417745566144564E-003
   1.0910846703625241E-002   9.2882370616326187E-003  -1.3829212521701195E-003
   1.0959327583710649E-002   9.3120698662771638E-003  -1.3239161533403279E-003
   1.1007780560345353E-002   9.3358881573621794E-003  -1.2648822811521662E-003
   1.1056144228550191E-002   9.3602302398223796E-003  -1.2059889995495313E-003
   1.1104199583704396E-002   9.3849919791941325E-003  -1.1470183364900850E-003
   1.1151219158879557E-002   9.4096419628305200E-003  -1.0871723854247099E-003
   1.1198050079486989E-002   9.4339192890859971E-003  -1.0270269258695799E-003
   1.1245475105785488E-002   9.4565442597990424E-003  -9.6670298712212596E-004
   1.1292629131243483E-002   9.4794896200368160E-003  -9.0628768839646481E-004
   1.1339816248476421E-002   9.5017919481381174E-003  -8.4565781021426394E-004
   1.1388070090540358E-002   9.5231684764794881E-003  -7.8553617715069080E-004
   1.1436777071764808E-002   9.5453955519944848E-003  -7.2609219432705847E-004
   1.1484732648452994E-002   9.5676488312061627E-003  -6.6605009055593933E-004
   1.1533690192984903E-002   9.5895300297245724E-003  -6.0668366919890452E-004
   1.1582965671697990E-002   9.6112544859879492E-003  -5.4752308095769222E-004
   1.1632393046487308E-002   9.6321923078186589E-003  -4.8820577964405593E-004
   1.1681426685027108E-002   9.6533218902100908E-003  -4.2863025583140331E-004
   1.1730078313101494E-002   9.6743166440060226E-003  -3.6869496240815548E-004
   1.1777712903819806E-002   9.6953884513744561E-003  -3.0797491049926434E-004
   1.1824483628334579E-002   9.7163945692002145E-003  -2.4656446887101673E-004
   1.1870584544034255E-002   9.7370174551267806E-003  -1.8452091847304477E-004
   1.1917218655727306E-002   9.7568932639233007E-003  -1.2263221309455206E-004
   1.1964745151057126E-002   9.7760966407626233E-003  -6.1211837317436531E-005
   1.2012500000010203E-002   9.7953991113081951E-003   7.9839545244252674E-015
