   3.5527136787926159E-015   3.5421283062123184E-015   7.1340190668716751E-015
   3.7817304480385539E-005   3.0061040301768368E-005  -6.3766647525117563E-005
   7.4647113670116389E-005   6.0221935512765207E-005  -1.2806194711515614E-004
   1.1078909460988637E-004   9.0850961951036634E-005  -1.9252604526489537E-004
   1.4762649396249958E-004   1.2090300806995405E-004  -2.5686794864911708E-004
   1.8406595243027537E-004   1.5095751718656962E-004  -3.2143490885988709E-004
   2.2017465435508177E-004   1.8150314517588725E-004  -3.8595720157512912E-004
   2.5625215467084557E-004   2.1207016524897864E-004  -4.5048681684800644E-004
   2.9199312919159833E-004   2.4243561637131788E-004  -5.1529825194181666E-004
   3.2774945686317832E-004   2.7258084743855143E-004  -5.8020395337039256E-004
   3.6309913429930955E-004   3.0326561027306889E-004  -6.4507957004551048E-004
   3.9760430261007916E-004   3.3472563829294629E-004  -7.1003848012805100E-004
   4.3239337741783390E-004   3.6575749129277586E-004  -7.7505189696535173E-004
   4.6771701692550021E-004   3.9569976956853916E-004  -8.4028762693054090E-004
   5.0291930102030883E-004   4.2640031326785145E-004  -9.0523588178604609E-004
   5.3794585425057497E-004   4.5628250390181277E-004  -9.7065908303757597E-004
   5.7308893601530641E-004   4.8556992295127323E-004  -1.0362884277272876E-003
   6.0870378706290621E-004   5.1420345088043083E-004  -1.1019519903754393E-003
   6.4381881190825622E-004   5.4287791405281498E-004  -1.1678664060257682E-003
   6.7972619775948247E-004   5.7208470414042960E-004  -1.2331168699741930E-003
   7.1507469594899711E-004   6.0149293855700384E-004  -1.2985816653149171E-003
   7.5106225018092062E-004   6.3025425803375031E-004  -1.3639856595686970E-003
   7.8872180004565617E-004   6.5932660567420611E-004  -1.4283017298255900E-003
   8.2671030857891408E-004   6.8791645674925106E-004  -1.4926406265383999E-003
   8.6567826854077354E-004   7.1646329030526429E-004  -1.5564103402633590E-003
   9.0502504575133594E-004   7.4523990165934037E-004  -1.6198432793640405E-003
   9.4464231586758912E-004   7.7463197389770458E-004  -1.6828240541679536E-003
   9.8494307216778244E-004   8.0404732141956578E-004  -1.7453587355663331E-003
   1.0264688243197832E-003   8.3243002703162119E-004  -1.8075683322793955E-003
   1.0675070755607580E-003   8.6120683007829657E-004  -1.8699202170759086E-003
   1.1085358317288393E-003   8.8966788778521504E-004  -1.9324230920061884E-003
   1.1500360448277237E-003   9.1939827118388696E-004  -1.9940172200425001E-003
   1.1919786263702048E-003   9.4894131937631133E-004  -2.0554014863696439E-003
   1.2349718531479671E-003   9.7727834563022913E-004  -2.1166272602092073E-003
   1.2783128174194505E-003   1.0046565700179803E-003  -2.1780438186460656E-003
   1.3214971144692815E-003   1.0327288088146100E-003  -2.2392571007472870E-003
   1.3644473654675451E-003   1.0609148563963844E-003  -2.3005826472171352E-003
   1.4087927908110146E-003   1.0886900800789760E-003  -2.3610972752069015E-003
   1.4523716190611006E-003   1.1164741072660922E-003  -2.4221622697665249E-003
   1.4959705634822642E-003   1.1445854686323426E-003  -2.4830628724857745E-003
   1.5409754141056586E-003   1.1720395346694703E-003  -2.5432362692933662E-003
   1.5853712289515217E-003   1.2001996381830534E-003  -2.6035356905357728E-003
   1.6299492525303392E-003   1.2278264031141124E-003  -2.6639472925668499E-003
   1.6746077120968802E-003   1.2555032192894066E-003  -2.7242765211414558E-003
   1.7198683037337992E-003   1.2831519903165937E-003  -2.7841682928455703E-003
   1.7656500856583293E-003   1.3107122839026886E-003  -2.8437036492628600E-003
   1.8118906480461506E-003   1.3378871855333149E-003  -2.9030613370377889E-003
   1.8583229074884478E-003   1.3658949446155762E-003  -2.9618797928118537E-003
   1.9053011999481651E-003   1.3935841149841299E-003  -3.0204148240887008E-003
   1.9522349031960745E-003   1.4222945779865249E-003  -3.0784918144708523E-003
   2.0004825435323177E-003   1.4507203283488819E-003  -3.1356244839091424E-003
   2.0498090537289281E-003   1.4792579947633738E-003  -3.1917715851684614E-003
   2.0992722098162149E-003   1.5072373510802920E-003  -3.2480792383187667E-003
   2.1497543778549000E-003   1.5353396233951310E-003  -3.3034128898854981E-003
   2.1997568726982407E-003   1.5640760322937434E-003  -3.3588562783576077E-003
   2.2494383155513414E-003   1.5933710863300810E-003  -3.4142959215283171E-003
   2.2997042431175726E-003   1.6222376361023016E-003  -3.4694326500745534E-003
   2.3506654430696045E-003   1.6505510148151618E-003  -3.5242168512667434E-003
   2.4027762474492114E-003   1.6786983728078061E-003  -3.5779959390853989E-003
   2.4556618807288788E-003   1.7067139939739976E-003  -3.6310829880788773E-003
   2.5083256711112400E-003   1.7357854412611683E-003  -3.6838217415955700E-003
   2.5611838625410081E-003   1.7650259301867231E-003  -3.7362717693650259E-003
   2.6142427164079505E-003   1.7935530627974791E-003  -3.7889116852929143E-003
   2.6670129497756720E-003   1.8224162134734194E-003  -3.8416584480838178E-003
   2.7204743453296842E-003   1.8518220973277938E-003  -3.8933998550024769E-003
   2.7750035291151959E-003   1.8801467192697599E-003  -3.9446276199224051E-003
   2.8298646037084024E-003   1.9095685860817046E-003  -3.9948731794268218E-003
   2.8858490988204152E-003   1.9381296583784967E-003  -4.0443706689105210E-003
   2.9423483711854387E-003   1.9681592857770085E-003  -4.0923920568763155E-003
   2.9988613890189388E-003   1.9995601556422288E-003  -4.1395117361286548E-003
   3.0555098810577464E-003   2.0316628251385842E-003  -4.1859914840848937E-003
   3.1134816457652264E-003   2.0638463036574237E-003  -4.2307519375002342E-003
   3.1720429062166641E-003   2.0963572359991530E-003  -4.2744968579618084E-003
   3.2308218564991056E-003   2.1287613686398555E-003  -4.3180285382221455E-003
   3.2896242331242340E-003   2.1614766855756963E-003  -4.3612950211349786E-003
   3.3487356587050179E-003   2.1950643415969422E-003  -4.4034579045317381E-003
   3.4086145073553920E-003   2.2293673371192786E-003  -4.4439279920996666E-003
   3.4682055800498907E-003   2.2643753377963355E-003  -4.4842187346959307E-003
   3.5280306783919079E-003   2.2991740468855737E-003  -4.5243436327671053E-003
   3.5882565086396544E-003   2.3344303687819375E-003  -4.5634568164807550E-003
   3.6489644296891985E-003   2.3696664013165320E-003  -4.6018361120411053E-003
   3.7099843973732172E-003   2.4045737311460410E-003  -4.6400204265896186E-003
   3.7715083274151686E-003   2.4394706877376247E-003  -4.6773970028969620E-003
   3.8342000958272960E-003   2.4736664354484831E-003  -4.7134579653558299E-003
   3.8976823816150347E-003   2.5071878885775680E-003  -4.7487611035947749E-003
   3.9612047423479204E-003   2.5408284363495049E-003  -4.7838783819087087E-003
   4.0240772340304374E-003   2.5755336598492808E-003  -4.8191288748581692E-003
   4.0870756397119899E-003   2.6106113392624451E-003  -4.8537808198466552E-003
   4.1506275627957593E-003   2.6460238634059578E-003  -4.8870540253165961E-003
   4.2133632054719965E-003   2.6830292765301030E-003  -4.9201423697692688E-003
   4.2755855058807185E-003   2.7206930084078631E-003  -4.9534564603717574E-003
   4.3384763868827975E-003   2.7580391755578182E-003  -4.9858601777120568E-003
   4.4015011798179352E-003   2.7955108743236462E-003  -5.0178562283741115E-003
   4.4645215780480590E-003   2.8335980446612076E-003  -5.0491259717476431E-003
   4.5270173029422637E-003   2.8729094318409526E-003  -5.0799301796086533E-003
   4.5898932034289779E-003   2.9128590123608192E-003  -5.1090961211408192E-003
   4.6521051677493111E-003   2.9535847950428848E-003  -5.1386102214588765E-003
   4.7143915613319055E-003   2.9945721486850569E-003  -5.1676005997276986E-003
   4.7771081454234922E-003   3.0355992893092544E-003  -5.1955899514478810E-003
   4.8397962058226917E-003   3.0769688688184501E-003  -5.2231356400118884E-003
   4.9031402421148788E-003   3.1177039197198054E-003  -5.2501206117161530E-003
   4.9665345493671359E-003   3.1592285473679544E-003  -5.2757500306216815E-003
   5.0299798221264767E-003   3.2006467718174274E-003  -5.3014254672072410E-003
   5.0931349214340870E-003   3.2435072696379158E-003  -5.3253923436150574E-003
   5.1558448095675750E-003   3.2873267510539822E-003  -5.3487872784351497E-003
   5.2185266949950591E-003   3.3315559049811156E-003  -5.3714756717803940E-003
   5.2809407864465429E-003   3.3767191132804968E-003  -5.3930340989706378E-003
   5.3432518132691450E-003   3.4220793116274298E-003  -5.4144767748939135E-003
   5.4060232845674861E-003   3.4675180262916877E-003  -5.4343530320824221E-003
   5.4694128102123702E-003   3.5124926033709264E-003  -5.4533017908492193E-003
   5.5329814375027478E-003   3.5582070797753689E-003  -5.4697096020175770E-003
   5.5970137676149018E-003   3.6041711145062870E-003  -5.4833905454237239E-003
   5.6605658018997014E-003   3.6510776372529513E-003  -5.4960758543507755E-003
   5.7236123879466690E-003   3.6987668006078700E-003  -5.5083588377694784E-003
   5.7869623996270750E-003   3.7465291215050618E-003  -5.5186319445618380E-003
   5.8504704390010690E-003   3.7943272937391789E-003  -5.5276908446639378E-003
   5.9133399198855567E-003   3.8431875013098049E-003  -5.5354438108967926E-003
   5.9768932556108845E-003   3.8914190537439044E-003  -5.5413337067804144E-003
   6.0406964214947349E-003   3.9394833921011290E-003  -5.5456897828154838E-003
   6.1040242316831020E-003   3.9882450515563673E-003  -5.5491378303592163E-003
   6.1680379069330750E-003   4.0361801293318719E-003  -5.5512538888766449E-003
   6.2320851328489689E-003   4.0840987893618619E-003  -5.5525786037832073E-003
   6.2962349847121247E-003   4.1318963993109553E-003  -5.5530087174689609E-003
   6.3609126016379303E-003   4.1789771746509547E-003  -5.5534630968224231E-003
   6.4250827001175797E-003   4.2267494485061386E-003  -5.5533719620085003E-003
   6.4890997838833288E-003   4.2747208505522476E-003  -5.5526252533701246E-003
   6.5528196230312799E-003   4.3230751795159811E-003  -5.5513442486959481E-003
   6.6157575710899894E-003   4.3724379318986041E-003  -5.5498836439791463E-003
   6.6786408875661061E-003   4.4218365941726939E-003  -5.5475468348444327E-003
   6.7417049029187704E-003   4.4708892572719594E-003  -5.5434521781693481E-003
   6.8052704031189423E-003   4.5192237005040777E-003  -5.5386346286543722E-003
   6.8684419512156335E-003   4.5678736200851222E-003  -5.5321122950957955E-003
   6.9311531306422624E-003   4.6167963311070743E-003  -5.5235171615541489E-003
   6.9930445193952676E-003   4.6665909824081982E-003  -5.5140330325628255E-003
   7.0543793556899380E-003   4.7171017089221133E-003  -5.5047215146803424E-003
   7.1151504141570687E-003   4.7680549147528012E-003  -5.4942025190798643E-003
   7.1750385894267174E-003   4.8196976845113508E-003  -5.4821016597815667E-003
   7.2349169561008878E-003   4.8712028864434983E-003  -5.4693817786554662E-003
   7.2946458824464377E-003   4.9226177861248733E-003  -5.4556353809705757E-003
   7.3542519957187661E-003   4.9739683076040868E-003  -5.4411358913035897E-003
   7.4134740740456825E-003   5.0254973100231949E-003  -5.4257246176678915E-003
   7.4724040339530012E-003   5.0769118198691725E-003  -5.4088780156793742E-003
   7.5311966944022375E-003   5.1282944636057044E-003  -5.3914640270825232E-003
   7.5897397403626547E-003   5.1793372025737529E-003  -5.3722976353125628E-003
   7.6483562555172179E-003   5.2302070678247716E-003  -5.3528976105456233E-003
   7.7073579794882515E-003   5.2805703239130822E-003  -5.3333441197230338E-003
   7.7664609527394171E-003   5.3309574584672493E-003  -5.3141614393765859E-003
   7.8246626734070623E-003   5.3818965659710857E-003  -5.2937220891372616E-003
   7.8817080747389523E-003   5.4339039154138137E-003  -5.2727207131808874E-003
   7.9394557452321067E-003   5.4841880998528483E-003  -5.2495537680656307E-003
   7.9967821219262374E-003   5.5338125063840180E-003  -5.2240370125496670E-003
   8.0537707535805591E-003   5.5839303073954606E-003  -5.1987288738191452E-003
   8.1104494583227934E-003   5.6336085581774340E-003  -5.1719035903680507E-003
   8.1665985719404782E-003   5.6838000465254373E-003  -5.1449204191071785E-003
   8.2222864505419897E-003   5.7345441466055847E-003  -5.1180150945477117E-003
   8.2773130019642531E-003   5.7852292793485150E-003  -5.0896761469706522E-003
   8.3323138938911842E-003   5.8354876973491206E-003  -5.0605386570810075E-003
   8.3855963102213837E-003   5.8867487328977761E-003  -5.0299888561923410E-003
   8.4383729580721142E-003   5.9381153968867482E-003  -4.9987463965111938E-003
   8.4901622305565434E-003   5.9901726150437973E-003  -4.9669986835825406E-003
   8.5422410156573703E-003   6.0419652110930387E-003  -4.9352917892756679E-003
   8.5942546543047518E-003   6.0932356774684544E-003  -4.9026433486440034E-003
   8.6457220441848413E-003   6.1451081698520524E-003  -4.8700802974210120E-003
   8.6976258657871092E-003   6.1962031670920051E-003  -4.8369850626151997E-003
   8.7501698017673508E-003   6.2462228396789818E-003  -4.8032631535991485E-003
   8.8019630505327927E-003   6.2965776875946204E-003  -4.7688851277300380E-003
   8.8530714230796708E-003   6.3475976842546234E-003  -4.7344628354926768E-003
   8.9036605533818688E-003   6.3984849473630052E-003  -4.6990901575528245E-003
   8.9537598789185824E-003   6.4492353283279328E-003  -4.6628347245876020E-003
   9.0036366179514198E-003   6.4997410291034070E-003  -4.6259364171969903E-003
   9.0525503215842101E-003   6.5500676874300284E-003  -4.5875348931041747E-003
   9.1004878523042627E-003   6.6001082853034496E-003  -4.5475607548979080E-003
   9.1486803098666854E-003   6.6491858857881479E-003  -4.5067088741503024E-003
   9.1966254382236674E-003   6.6979120502594766E-003  -4.4651513771002214E-003
   9.2445769797807331E-003   6.7456818667321894E-003  -4.4225052249519019E-003
   9.2915492249258623E-003   6.7938128046664496E-003  -4.3791806245748093E-003
   9.3375276403341676E-003   6.8418344542851891E-003  -4.3346844843623672E-003
   9.3819953089432102E-003   6.8895932360597675E-003  -4.2884057072167196E-003
   9.4269937584870785E-003   6.9365939325132823E-003  -4.2418646063591111E-003
   9.4706922849789980E-003   6.9837773992980452E-003  -4.1942814240629248E-003
   9.5132421472208933E-003   7.0311821542609352E-003  -4.1458841262398708E-003
   9.5556361286053704E-003   7.0784884888382051E-003  -4.0972542892296401E-003
   9.5975775908268175E-003   7.1249502567899458E-003  -4.0474324278107219E-003
   9.6389092888200575E-003   7.1715245818741967E-003  -3.9972077030415417E-003
   9.6800677749834668E-003   7.2177470240192164E-003  -3.9465178138996682E-003
   9.7214606405953748E-003   7.2637761234662515E-003  -3.8958428429244582E-003
   9.7624785902765184E-003   7.3095289359447107E-003  -3.8446158193097281E-003
   9.8023149882690581E-003   7.3557792942999809E-003  -3.7929054166211925E-003
   9.8429556585527649E-003   7.4014475090506942E-003  -3.7413035747791584E-003
   9.8834610054224503E-003   7.4475063597214120E-003  -3.6899430924362030E-003
   9.9245513973628338E-003   7.4927980794589248E-003  -3.6383655796961597E-003
   9.9656169177556268E-003   7.5375566200170628E-003  -3.5863050756220673E-003
   1.0005696091150273E-002   7.5828374913772568E-003  -3.5339285299106869E-003
   1.0045427145978815E-002   7.6276532818884369E-003  -3.4808909185856133E-003
   1.0084460226866451E-002   7.6730499282606701E-003  -3.4278290387198527E-003
   1.0122680414230313E-002   7.7182885712592537E-003  -3.3740453752739907E-003
   1.0159714526616933E-002   7.7639872878599546E-003  -3.3198226695919705E-003
   1.0196924195450284E-002   7.8085309083291083E-003  -3.2647653682336200E-003
   1.0233014770884369E-002   7.8525317408197036E-003  -3.2085390656613876E-003
   1.0268648693308161E-002   7.8956059166100535E-003  -3.1513128570409389E-003
   1.0303497468124950E-002   7.9389017213699030E-003  -3.0937712530850221E-003
   1.0337543048852364E-002   7.9826853898931766E-003  -3.0361180762345434E-003
   1.0370667161269215E-002   8.0267310134152035E-003  -2.9781286269927780E-003
   1.0404227850406142E-002   8.0696879109580684E-003  -2.9195762137377967E-003
   1.0438732947528853E-002   8.1119655760785760E-003  -2.8610783735576956E-003
   1.0473055583241381E-002   8.1540593549264181E-003  -2.8023410731450706E-003
   1.0508204701086675E-002   8.1959124593283684E-003  -2.7439214089475866E-003
   1.0542730500271852E-002   8.2381785596961181E-003  -2.6854274268688955E-003
   1.0576482750732844E-002   8.2797445117721979E-003  -2.6259879010685208E-003
   1.0610172451618629E-002   8.3213362366461735E-003  -2.5665309210436455E-003
   1.0644086684892818E-002   8.3638707403205607E-003  -2.5078739455097281E-003
   1.0678157810717731E-002   8.4067319122672624E-003  -2.4495466077951774E-003
   1.0712233732267285E-002   8.4492936977138607E-003  -2.3910032393533692E-003
   1.0747313215420789E-002   8.4904169327499127E-003  -2.3320260454670399E-003
   1.0782409880725524E-002   8.5305804089994535E-003  -2.2724012247221496E-003
   1.0816692183218875E-002   8.5708729604150775E-003  -2.2123909419248322E-003
   1.0851110382403160E-002   8.6103890641565598E-003  -2.1519437326007504E-003
   1.0885265760613456E-002   8.6513346842079595E-003  -2.0923042629573110E-003
   1.0919520976144572E-002   8.6915612677909895E-003  -2.0322342856327873E-003
   1.0954393297190827E-002   8.7309255576978016E-003  -1.9719485169552671E-003
   1.0989272279551605E-002   8.7707473818364277E-003  -1.9119678624539872E-003
   1.1024411716005938E-002   8.8098922691896894E-003  -1.8516943375392679E-003
   1.1059655062903283E-002   8.8482872537151633E-003  -1.7910005845274090E-003
   1.1094894823361968E-002   8.8863324773923828E-003  -1.7300849031124856E-003
   1.1129843491975657E-002   8.9245183574038420E-003  -1.6690895825422964E-003
   1.1165919948489018E-002   8.9609480716504562E-003  -1.6076781405432298E-003
   1.1202113581242070E-002   8.9974597828488528E-003  -1.5463844549734253E-003
   1.1237654961533608E-002   9.0328487267035025E-003  -1.4840592358370361E-003
   1.1271762968452601E-002   9.0678401827094367E-003  -1.4207169760917437E-003
   1.1305882781223232E-002   9.1025198713498429E-003  -1.3572098302517825E-003
   1.1339996634220516E-002   9.1373628276798808E-003  -1.2937889076275505E-003
   1.1373742068895094E-002   9.1714182645863326E-003  -1.2297461652351137E-003
   1.1408040235745678E-002   9.2050987399885219E-003  -1.1657988327719725E-003
   1.1443320099444909E-002   9.2390219376500236E-003  -1.1025173356501551E-003
   1.1478071820173685E-002   9.2722815986386996E-003  -1.0385946255811866E-003
   1.1512697650618875E-002   9.3054760347736007E-003  -9.7456977674048855E-004
   1.1546705342754426E-002   9.3384744373239854E-003  -9.1011372733796237E-004
   1.1580026337382192E-002   9.3721089577857731E-003  -8.4562783469160582E-004
   1.1612956203594838E-002   9.4052306243079045E-003  -7.8067724487237945E-004
   1.1645213654563252E-002   9.4387001892150251E-003  -7.1556775955431751E-004
   1.1677769349248935E-002   9.4715071398119351E-003  -6.5026974476037650E-004
   1.1709802261918232E-002   9.5028096035410358E-003  -5.8398212695919037E-004
   1.1742555701447305E-002   9.5352327263205413E-003  -5.1859135310705650E-004
   1.1776643462839170E-002   9.5676166648861506E-003  -4.5386651209282938E-004
   1.1810640283847377E-002   9.5992856738039960E-003  -3.8874132468847485E-004
   1.1844876635104190E-002   9.6317953990398362E-003  -3.2415812238190909E-004
   1.1878876558342607E-002   9.6646438253740249E-003  -2.5962141882576647E-004
   1.1912088078944357E-002   9.6988880189641247E-003  -1.9540047128578338E-004
   1.1946574911258180E-002   9.7320387759179759E-003  -1.3127804375471797E-004
   1.1979822551796603E-002   9.7646732275645035E-003  -6.6242768977437181E-005
   1.2012500000010111E-002   9.7953991113081933E-003   7.9864512573624885E-015
