   3.5527136787926305E-015   3.5421283062123614E-015   7.1340190668717098E-015
   2.9096301584103381E-005   4.0389639167671883E-005  -6.2626530167646160E-005
   5.8836766514144316E-005   8.1111260325648099E-005  -1.2473332778485237E-004
   8.8859576763527289E-005   1.2165274338251843E-004  -1.8682212720427696E-004
   1.1904574974010208E-004   1.6200750281276986E-004  -2.4895334601138756E-004
   1.4997741308275816E-004   2.0223600109839252E-004  -3.1079912299789757E-004
   1.8057091040443715E-004   2.4219699895813333E-004  -3.7298558915308308E-004
   2.1023652863184710E-004   2.8206565306808341E-004  -4.3567882249684147E-004
   2.3995789444358745E-004   3.2088485109548577E-004  -4.9900109566567384E-004
   2.7015561506445716E-004   3.6016797495199234E-004  -5.6180980407437341E-004
   2.9905832573203986E-004   4.0081728125589995E-004  -6.2435792328752518E-004
   3.2951593767891840E-004   4.4070744276052728E-004  -6.8665646975456381E-004
   3.6034185945120700E-004   4.8015433149994891E-004  -7.4905603314335352E-004
   3.9135311123844417E-004   5.2008464474029585E-004  -8.1105500368012378E-004
   4.2202181309452548E-004   5.5995117747590511E-004  -8.7326505344544200E-004
   4.5151008116062067E-004   6.0059301377075175E-004  -9.3554412857764729E-004
   4.8202716480440368E-004   6.4099947785714020E-004  -9.9747978277471192E-004
   5.1225200696075395E-004   6.8246463010851151E-004  -1.0588564889575469E-003
   5.4334320807628228E-004   7.2345803105747567E-004  -1.1201172291625911E-003
   5.7341687311927045E-004   7.6412188444764943E-004  -1.1821013052605643E-003
   6.0345512201035476E-004   8.0576108392842497E-004  -1.2434517793818837E-003
   6.3473325275929153E-004   8.4678019710112188E-004  -1.3046000492950287E-003
   6.6502971939084510E-004   8.8768409750821994E-004  -1.3663171055093460E-003
   6.9495651995651344E-004   9.2975334999460899E-004  -1.4274281895975320E-003
   7.2504905418230346E-004   9.7173489907161786E-004  -1.4885181963023616E-003
   7.5510770884742778E-004   1.0143190128672026E-003  -1.5492065026949241E-003
   7.8545136386165061E-004   1.0570642827553434E-003  -1.6096391470140166E-003
   8.1622856789292952E-004   1.0993857792357326E-003  -1.6701507546069093E-003
   8.4665841526894187E-004   1.1418399622972390E-003  -1.7307450342222543E-003
   8.7672963619954934E-004   1.1851936380504991E-003  -1.7908797202745897E-003
   9.0754026420409911E-004   1.2289599198502777E-003  -1.8503374177782008E-003
   9.3767094352240673E-004   1.2729234884372943E-003  -1.9099976792069692E-003
   9.6701733210906066E-004   1.3161026226541105E-003  -1.9706141113081271E-003
   9.9609179372306031E-004   1.3595479831125864E-003  -2.0311713266042402E-003
   1.0252213633184489E-003   1.4021048599197426E-003  -2.0923299761679273E-003
   1.0549674255088543E-003   1.4447271809057670E-003  -2.1531453487827444E-003
   1.0847072246911553E-003   1.4876079387696997E-003  -2.2137818471852999E-003
   1.1145749108372092E-003   1.5300711364587708E-003  -2.2746489003961142E-003
   1.1448117642792769E-003   1.5719076739663367E-003  -2.3357671204473980E-003
   1.1758256143619339E-003   1.6144383371695836E-003  -2.3960106578154927E-003
   1.2070855035362785E-003   1.6563885797012080E-003  -2.4565333517848889E-003
   1.2384122433253448E-003   1.6984471887984630E-003  -2.5169461714748022E-003
   1.2705589960975579E-003   1.7408849123418551E-003  -2.5766590335178411E-003
   1.3020316828038013E-003   1.7834854426795896E-003  -2.6366145569606128E-003
   1.3337977292383581E-003   1.8265681685030036E-003  -2.6960687161256946E-003
   1.3662662057871131E-003   1.8711275603214570E-003  -2.7540364539964052E-003
   1.3994358091678060E-003   1.9158276666911133E-003  -2.8114966827522871E-003
   1.4323771382754680E-003   1.9611492724050943E-003  -2.8686002808656318E-003
   1.4661381251196914E-003   2.0064777269082111E-003  -2.9252176543863194E-003
   1.4987797308550640E-003   2.0521137796792616E-003  -2.9822428791619962E-003
   1.5315000912402444E-003   2.0984649907914250E-003  -3.0386427306114791E-003
   1.5647756161716664E-003   2.1445383890357798E-003  -3.0949453185372859E-003
   1.5986675513310650E-003   2.1900505961413336E-003  -3.1513365920541425E-003
   1.6328086277103732E-003   2.2355306447911878E-003  -3.2076033857546056E-003
   1.6686774596363189E-003   2.2799237307835514E-003  -3.2636630042382976E-003
   1.7057348209680988E-003   2.3238770277997337E-003  -3.3192944669405257E-003
   1.7439773066373707E-003   2.3684665140386038E-003  -3.3736018330286477E-003
   1.7826758178410677E-003   2.4128652370873273E-003  -3.4277421935485293E-003
   1.8231563696704143E-003   2.4569610288296623E-003  -3.4808165381592609E-003
   1.8627455162904844E-003   2.5018134210290405E-003  -3.5339292710155012E-003
   1.9027438093142640E-003   2.5468092656297124E-003  -3.5866123851142841E-003
   1.9433133014129258E-003   2.5923676559347444E-003  -3.6383670891566178E-003
   1.9840189122992376E-003   2.6377779327561687E-003  -3.6901450769404424E-003
   2.0254921964922715E-003   2.6821300665042743E-003  -3.7422301507310640E-003
   2.0666645872785242E-003   2.7261261906547695E-003  -3.7948531049093260E-003
   2.1088816889093705E-003   2.7709759106446397E-003  -3.8459042453263281E-003
   2.1517825604894627E-003   2.8151944558701203E-003  -3.8969359558399760E-003
   2.1947917093386835E-003   2.8601265693512751E-003  -3.9472481641223793E-003
   2.2388961642599986E-003   2.9054235168819121E-003  -3.9962684007815779E-003
   2.2830864475749733E-003   2.9507786006985064E-003  -4.0451574099586189E-003
   2.3272586726799920E-003   2.9957271198729602E-003  -4.0944366668772651E-003
   2.3714271615832621E-003   3.0412741788891345E-003  -4.1431666369756851E-003
   2.4159772677455065E-003   3.0870352904296457E-003  -4.1913455610515394E-003
   2.4612435669901229E-003   3.1336279742598082E-003  -4.2380369302858585E-003
   2.5069830276267177E-003   3.1806565149491502E-003  -4.2838214047714708E-003
   2.5541293530947288E-003   3.2274252554323900E-003  -4.3284297999002935E-003
   2.6016103302721359E-003   3.2739536913249218E-003  -4.3729344228617744E-003
   2.6503701110321440E-003   3.3202363256888924E-003  -4.4162980197121754E-003
   2.6991267510648475E-003   3.3661073055593431E-003  -4.4601003398514749E-003
   2.7473029781244981E-003   3.4126955108586244E-003  -4.5037877553872323E-003
   2.7957659419772115E-003   3.4591052033154574E-003  -4.5473478469310949E-003
   2.8438187887907056E-003   3.5053769298697668E-003  -4.5915049669044391E-003
   2.8927752145544070E-003   3.5520494671587707E-003  -4.6342243143137739E-003
   2.9415736915146999E-003   3.5997408696079461E-003  -4.6759883991280447E-003
   2.9904707724226565E-003   3.6480814476817810E-003  -4.7168817236251069E-003
   3.0394862213941518E-003   3.6968118265204839E-003  -4.7571661616130547E-003
   3.0900977922887498E-003   3.7448504324937518E-003  -4.7962911054398646E-003
   3.1402622431287754E-003   3.7934010598909018E-003  -4.8353598199592195E-003
   3.1912479963053966E-003   3.8416045237909006E-003  -4.8737900038925046E-003
   3.2431220493969173E-003   3.8902386128474705E-003  -4.9104479907248902E-003
   3.2955615194830215E-003   3.9384131606080659E-003  -4.9469077620478428E-003
   3.3480209061019419E-003   3.9871910087254953E-003  -4.9825270587857389E-003
   3.4015789908875948E-003   4.0355419521028368E-003  -5.0170772804848940E-003
   3.4556668450176197E-003   4.0836746615221346E-003  -5.0511029517879575E-003
   3.5104438617770987E-003   4.1320878786040901E-003  -5.0835935482844144E-003
   3.5659910642193544E-003   4.1804029825984702E-003  -5.1149010396891320E-003
   3.6215899120425870E-003   4.2290428908888494E-003  -5.1456081632835198E-003
   3.6769298049484419E-003   4.2785657271440774E-003  -5.1753568600400278E-003
   3.7329885043335034E-003   4.3276664193288390E-003  -5.2044522934944762E-003
   3.7883633532321639E-003   4.3779509596831414E-003  -5.2328264206990688E-003
   3.8437043585601801E-003   4.4280140713519904E-003  -5.2616544969950278E-003
   3.8998715596605385E-003   4.4775865483488702E-003  -5.2897225402416988E-003
   3.9560192027189526E-003   4.5276751290634640E-003  -5.3168992997413107E-003
   4.0128638229980362E-003   4.5776373527035173E-003  -5.3428312368267927E-003
   4.0702279425317229E-003   4.6281178532427214E-003  -5.3665182976816873E-003
   4.1280867202099130E-003   4.6787889620873808E-003  -5.3885364852653203E-003
   4.1861394034575948E-003   4.7295570273930519E-003  -5.4098082856450930E-003
   4.2442792160627416E-003   4.7810200489820853E-003  -5.4290779407449655E-003
   4.3023835971016510E-003   4.8332371912952225E-003  -5.4463189079986358E-003
   4.3604202724420605E-003   4.8861233664402714E-003  -5.4616419885548375E-003
   4.4187684475018420E-003   4.9392297890172854E-003  -5.4748782396902484E-003
   4.4772000429941297E-003   4.9925846009130680E-003  -5.4866686042567810E-003
   4.5356274954005682E-003   5.0462598580471923E-003  -5.4969252887783369E-003
   4.5938653638963383E-003   5.0999851106455669E-003  -5.5079682911614147E-003
   4.6517103197086353E-003   5.1545280317756769E-003  -5.5168582204208191E-003
   4.7096928797751517E-003   5.2090866235861254E-003  -5.5246929375776365E-003
   4.7678157341227538E-003   5.2636186857242303E-003  -5.5316202745400696E-003
   4.8258960843818805E-003   5.3183097477297915E-003  -5.5375835501516530E-003
   4.8851286910513115E-003   5.3718765525797105E-003  -5.5422841588637821E-003
   4.9446831327779120E-003   5.4252335504538143E-003  -5.5447939908115562E-003
   5.0040583824860797E-003   5.4787794358401561E-003  -5.5475175701275191E-003
   5.0643527813517032E-003   5.5313478598502412E-003  -5.5485882048458687E-003
   5.1258962997070227E-003   5.5824334026215085E-003  -5.5502199759421156E-003
   5.1869012335007915E-003   5.6341811874756663E-003  -5.5509715169568628E-003
   5.2482217348745865E-003   5.6855577469990736E-003  -5.5514667306337667E-003
   5.3092487134726741E-003   5.7372801093104990E-003  -5.5507560112521620E-003
   5.3707216512771496E-003   5.7884252977779566E-003  -5.5484652432883389E-003
   5.4314156720129325E-003   5.8404196146066038E-003  -5.5448837828035872E-003
   5.4927008925881411E-003   5.8917330189298183E-003  -5.5415586845709479E-003
   5.5542345338514968E-003   5.9426187871245220E-003  -5.5366342972011061E-003
   5.6166543636548237E-003   5.9922194977840224E-003  -5.5300362405963010E-003
   5.6795392921891053E-003   6.0409844669468207E-003  -5.5218226211117801E-003
   5.7421280267419741E-003   6.0899747513888528E-003  -5.5127340383416363E-003
   5.8057782033749273E-003   6.1375127496946392E-003  -5.5033109956067810E-003
   5.8702752156276428E-003   6.1835988825389267E-003  -5.4925312102908899E-003
   5.9350567848380758E-003   6.2292075240639377E-003  -5.4814316558417465E-003
   5.9997725706070933E-003   6.2749892902574144E-003  -5.4706661109074151E-003
   6.0643766592834471E-003   6.3205982889000733E-003  -5.4585776467121960E-003
   6.1287590241907103E-003   6.3662509623090028E-003  -5.4455107228002560E-003
   6.1934461540655511E-003   6.4113409111875878E-003  -5.4320025128931056E-003
   6.2575761552874434E-003   6.4566283529602000E-003  -5.4166275147563498E-003
   6.3219098351762837E-003   6.5019119488465517E-003  -5.4021163614071345E-003
   6.3864556543383449E-003   6.5466921300230364E-003  -5.3869977436998284E-003
   6.4502942988546256E-003   6.5919930561472639E-003  -5.3704915762529410E-003
   6.5144085829540611E-003   6.6362720738279771E-003  -5.3523607415197245E-003
   6.5781879181222832E-003   6.6806784129145097E-003  -5.3333798708029810E-003
   6.6423830147564209E-003   6.7239204905934222E-003  -5.3131533464573213E-003
   6.7063588982007802E-003   6.7675265453900164E-003  -5.2930138746972088E-003
   6.7696721979058740E-003   6.8115805737419422E-003  -5.2717849164642741E-003
   6.8322890589837988E-003   6.8558908808538446E-003  -5.2490753283915385E-003
   6.8947511131601281E-003   6.8994216585631860E-003  -5.2245078055080298E-003
   6.9569509113021413E-003   6.9425451386735801E-003  -5.1985935126120722E-003
   7.0195035714352792E-003   6.9847196316985116E-003  -5.1719762841194927E-003
   7.0822704891569327E-003   7.0254220850061895E-003  -5.1436280155944215E-003
   7.1455266156152265E-003   7.0655497802836458E-003  -5.1155490102178175E-003
   7.2088305462343540E-003   7.1048370586828200E-003  -5.0864093102099394E-003
   7.2715772800245795E-003   7.1436751810511068E-003  -5.0555151738850062E-003
   7.3341182409376584E-003   7.1828326977278157E-003  -5.0246069697045693E-003
   7.3971059355094019E-003   7.2208719535813131E-003  -4.9932132543893549E-003
   7.4608510936361675E-003   7.2576804425227466E-003  -4.9618813227513669E-003
   7.5240078667784529E-003   7.2941325319525532E-003  -4.9289804535813846E-003
   7.5868352805293386E-003   7.3299400092917523E-003  -4.8947672886977866E-003
   7.6482713715627796E-003   7.3670620928545797E-003  -4.8594465069601109E-003
   7.7094143994636717E-003   7.4033619439552714E-003  -4.8227879342116441E-003
   7.7702116181848366E-003   7.4403813947980478E-003  -4.7862741223493209E-003
   7.8308563031710635E-003   7.4777641488683599E-003  -4.7498769813907951E-003
   7.8916042356777742E-003   7.5154636822205014E-003  -4.7139822201064680E-003
   7.9517396736429949E-003   7.5533251151465352E-003  -4.6772365946043618E-003
   8.0114836256328179E-003   7.5914508741177344E-003  -4.6401274756392216E-003
   8.0710559795104612E-003   7.6293932938446430E-003  -4.6025574419104537E-003
   8.1301167138579586E-003   7.6667838504325021E-003  -4.5636501684199575E-003
   8.1894356277369736E-003   7.7030004836633045E-003  -4.5240317138063937E-003
   8.2480473165176069E-003   7.7386157373332065E-003  -4.4828464781000157E-003
   8.3064196929547342E-003   7.7737277841716541E-003  -4.4408963906842911E-003
   8.3640838683539578E-003   7.8087249853035111E-003  -4.3978843134837671E-003
   8.4213153686953646E-003   7.8435377538487016E-003  -4.3541507278413204E-003
   8.4774301302108501E-003   7.8774510348343079E-003  -4.3083138112544111E-003
   8.5330938794677871E-003   7.9105389671081765E-003  -4.2613379051032081E-003
   8.5880138197016020E-003   7.9440449448348709E-003  -4.2137863581377666E-003
   8.6429924100317954E-003   7.9768095211272365E-003  -4.1657880546415033E-003
   8.6974816327558754E-003   8.0100903909878420E-003  -4.1175873459882145E-003
   8.7522387539375780E-003   8.0423699955655369E-003  -4.0690107589876796E-003
   8.8069550022975007E-003   8.0745154132643576E-003  -4.0202993199193963E-003
   8.8625705931270476E-003   8.1067700053329955E-003  -3.9726910502449909E-003
   8.9175542666726192E-003   8.1397124651717001E-003  -3.9248204957721038E-003
   8.9719675205132497E-003   8.1708094797984000E-003  -3.8750995395203437E-003
   9.0265267031243764E-003   8.2021996944883872E-003  -3.8257239381702781E-003
   9.0798893256423211E-003   8.2324819105981436E-003  -3.7743876166747184E-003
   9.1333914355618551E-003   8.2610393515829810E-003  -3.7222148575020574E-003
   9.1869289254914600E-003   8.2885762919012052E-003  -3.6695322789151554E-003
   9.2398355219606206E-003   8.3150233500869208E-003  -3.6156672144442990E-003
   9.2918958232890269E-003   8.3405340935668263E-003  -3.5605407507886219E-003
   9.3441071398610107E-003   8.3666747083893239E-003  -3.5058539455214968E-003
   9.3968495967268872E-003   8.3921780373637060E-003  -3.4513763036216906E-003
   9.4493557335134076E-003   8.4184057261289056E-003  -3.3970144241278798E-003
   9.5023328088009260E-003   8.4442987458205210E-003  -3.3429498236823762E-003
   9.5546517895347093E-003   8.4700222284748647E-003  -3.2881681964171418E-003
   9.6071974601715220E-003   8.4954303931264654E-003  -3.2334564273136996E-003
   9.6591486895851435E-003   8.5200115793720374E-003  -3.1778072131132653E-003
   9.7106895533828654E-003   8.5449694850775748E-003  -3.1219445037070151E-003
   9.7623494244949340E-003   8.5699905896333348E-003  -3.0662201639141350E-003
   9.8134191930805310E-003   8.5943408532870857E-003  -3.0096609613561635E-003
   9.8648032994448093E-003   8.6192106258132090E-003  -2.9536148372633839E-003
   9.9152721518494195E-003   8.6457614789422280E-003  -2.8975082678178968E-003
   9.9658727782245479E-003   8.6712483331669952E-003  -2.8410282105110654E-003
   1.0016087724673774E-002   8.6974428443557586E-003  -2.7845277084211648E-003
   1.0065154773555808E-002   8.7243519254129546E-003  -2.7273584328529657E-003
   1.0114518345027792E-002   8.7507613919781402E-003  -2.6702114480125160E-003
   1.0163785992937650E-002   8.7769842293264674E-003  -2.6128959904000116E-003
   1.0211244780183953E-002   8.8034502765306170E-003  -2.5541830288329636E-003
   1.0258563156956909E-002   8.8294905361890209E-003  -2.4951671318501397E-003
   1.0305568908970046E-002   8.8557171010217040E-003  -2.4359841395700716E-003
   1.0351316251253835E-002   8.8811492815905283E-003  -2.3754830250032393E-003
   1.0396078305610134E-002   8.9064013257208370E-003  -2.3141748464792053E-003
   1.0440861166031342E-002   8.9316893613455416E-003  -2.2528967047356131E-003
   1.0486058954336498E-002   8.9571185372779409E-003  -2.1919826919883276E-003
   1.0531047708779754E-002   8.9812693163132482E-003  -2.1303973702737839E-003
   1.0576039718414377E-002   9.0056519878282618E-003  -2.0689058716721860E-003
   1.0621129263382370E-002   9.0303903016923093E-003  -2.0076282350063551E-003
   1.0665773432519555E-002   9.0555033504928668E-003  -1.9461771736479822E-003
   1.0710051959394768E-002   9.0808631138859300E-003  -1.8845630968386455E-003
   1.0754578934198938E-002   9.1055303102185094E-003  -1.8228469891700607E-003
   1.0798704282641732E-002   9.1306438664860226E-003  -1.7610225368209498E-003
   1.0842565313630150E-002   9.1554911737939133E-003  -1.6989031253276928E-003
   1.0886492349088886E-002   9.1793924040044442E-003  -1.6364599771702649E-003
   1.0929590660646681E-002   9.2042839824892763E-003  -1.5738265606543591E-003
   1.0972581709760268E-002   9.2290980661916214E-003  -1.5110887654798766E-003
   1.1016347314217929E-002   9.2543084543311119E-003  -1.4490483899417767E-003
   1.1059055788280118E-002   9.2797023605818586E-003  -1.3863496198770261E-003
   1.1102543644718896E-002   9.3048265412217050E-003  -1.3240793871010354E-003
   1.1145922857898951E-002   9.3291885313734283E-003  -1.2614316632924782E-003
   1.1189648347945802E-002   9.3532018317720421E-003  -1.1988901337177075E-003
   1.1233029234812441E-002   9.3778933818497202E-003  -1.1363727280519704E-003
   1.1276375516048815E-002   9.4015020971437782E-003  -1.0734145795297701E-003
   1.1319204254158364E-002   9.4246585932631060E-003  -1.0099364267157900E-003
   1.1361529414882519E-002   9.4482998954709702E-003  -9.4629941238469047E-004
   1.1403616012643837E-002   9.4727096551953053E-003  -8.8279443683997793E-004
   1.1445737882780745E-002   9.4963332782824345E-003  -8.1901612948963374E-004
   1.1488383787149800E-002   9.5204684871222616E-003  -7.5577991727957179E-004
   1.1531985976224610E-002   9.5441386547067998E-003  -6.9302187181273902E-004
   1.1575383270842331E-002   9.5674053478595252E-003  -6.2997160766126658E-004
   1.1618710809529229E-002   9.5904698324356247E-003  -5.6679919322339474E-004
   1.1661862315740103E-002   9.6133048828082081E-003  -5.0342326732901463E-004
   1.1706544503611260E-002   9.6353209924638777E-003  -4.4082300374550593E-004
   1.1750919030030414E-002   9.6575877637521939E-003  -3.7809268969862835E-004
   1.1794726170374052E-002   9.6795939049638662E-003  -3.1487351376014019E-004
   1.1838496035867523E-002   9.7018692367195833E-003  -2.5172283309402802E-004
   1.1881935798465073E-002   9.7242931107275696E-003  -1.8839703346871259E-004
   1.1925980854999022E-002   9.7476049477220501E-003  -1.2581435812650550E-004
   1.1969602753289668E-002   9.7716066443295033E-003  -6.3196081637207610E-005
   1.2012500000010196E-002   9.7953991113081985E-003   7.9870268223553033E-015
