   3.5527136787925867E-015   3.5421283062123594E-015   7.1340190668717493E-015
   2.2836410564785802E-005   4.5739924841549511E-005  -6.1533386277873927E-005
   4.5930408131198544E-005   9.1306841721581279E-005  -1.2309898833538904E-004
   6.8016345388852685E-005   1.3589084684421810E-004  -1.8574464149458545E-004
   8.9719634921009105E-005   1.7992863322943719E-004  -2.4890824329084092E-004
   1.0985688006025633E-004   2.2401417025476919E-004  -3.1255537037380070E-004
   1.2881878604870291E-004   2.6820829899553870E-004  -3.7648756185288209E-004
   1.4855635150616762E-004   3.1212297485011807E-004  -4.4037754343723585E-004
   1.6787923927825458E-004   3.5695977448600301E-004  -5.0375172908907078E-004
   1.8674825749082110E-004   4.0166750892097429E-004  -5.6735344790213762E-004
   2.0576813141124443E-004   4.4597003571697567E-004  -6.3119332979087739E-004
   2.2528904497035398E-004   4.9084953436661033E-004  -6.9447653875701109E-004
   2.4541800794760288E-004   5.3695793840313646E-004  -7.5667653813087045E-004
   2.6700466888527610E-004   5.8293697057309720E-004  -8.1848223908781166E-004
   2.8791017161406871E-004   6.2826240299257072E-004  -8.8100075737917202E-004
   3.0872497320697391E-004   6.7274898566937601E-004  -9.4414890071423433E-004
   3.2986721626464808E-004   7.1819072316459272E-004  -1.0065031631732704E-003
   3.5131001416759301E-004   7.6291950084399587E-004  -1.0692689409654776E-003
   3.7219610611432044E-004   8.0808018615020839E-004  -1.1319130441557012E-003
   3.9214674875741453E-004   8.5437200425743517E-004  -1.1940342114485926E-003
   4.1241913009741290E-004   9.0142950395866194E-004  -1.2554721661787605E-003
   4.3192422695979398E-004   9.4872038609986921E-004  -1.3169792688961378E-003
   4.5287066742747507E-004   9.9572974310840065E-004  -1.3782276727285156E-003
   4.7454950320153393E-004   1.0432015600482425E-003  -1.4388614477322708E-003
   4.9585093604592647E-004   1.0903900520120504E-003  -1.4998491119209147E-003
   5.1830287895504362E-004   1.1370872980798758E-003  -1.5608021878902004E-003
   5.4098660665062419E-004   1.1836925578740309E-003  -1.6217398466422035E-003
   5.6365415449032247E-004   1.2299178942096632E-003  -1.6829721956205096E-003
   5.8639325771641358E-004   1.2755995114589675E-003  -1.7445848811877267E-003
   6.0972082487058190E-004   1.3212098835626257E-003  -1.8060301296893176E-003
   6.3278509214612067E-004   1.3661920134649746E-003  -1.8680353518688811E-003
   6.5738076044605991E-004   1.4106266714398773E-003  -1.9298464695126157E-003
   6.8210862341471390E-004   1.4567554789213051E-003  -1.9903499066779113E-003
   7.0694257000037894E-004   1.5026209833769045E-003  -2.0510098653487223E-003
   7.3230132331758590E-004   1.5487821250908963E-003  -2.1112268283301739E-003
   7.5823394840037980E-004   1.5944715988116664E-003  -2.1715590001440354E-003
   7.8459302612141979E-004   1.6403567283663041E-003  -2.2315569492453191E-003
   8.1040748703189666E-004   1.6881779317681677E-003  -2.2902659444109419E-003
   8.3699121349658763E-004   1.7369024385418305E-003  -2.3478786854137742E-003
   8.6308991790138439E-004   1.7867708225474278E-003  -2.4047293838187446E-003
   8.8903070143260012E-004   1.8373211130784804E-003  -2.4610476213797285E-003
   9.1634020262711807E-004   1.8874003340445813E-003  -2.5171391784968508E-003
   9.4518784044902808E-004   1.9365955581417478E-003  -2.5732430438257289E-003
   9.7443939390529999E-004   1.9853326080974407E-003  -2.6295373292096534E-003
   1.0037213588414921E-003   2.0331389878514680E-003  -2.6866084830158322E-003
   1.0335033352298073E-003   2.0810753069022761E-003  -2.7433107157827630E-003
   1.0632741059641252E-003   2.1294188224777453E-003  -2.7996721005977008E-003
   1.0938986373933124E-003   2.1782327504962715E-003  -2.8551638885621114E-003
   1.1259326162502501E-003   2.2266545182941214E-003  -2.9102016629235562E-003
   1.1595516323349687E-003   2.2748584474978147E-003  -2.9644800468810154E-003
   1.1945526606349541E-003   2.3222834478674485E-003  -3.0185706870760687E-003
   1.2287475392920237E-003   2.3698935779757893E-003  -3.0730131868081565E-003
   1.2631022387967858E-003   2.4177388259758337E-003  -3.1271480818305364E-003
   1.2987187159165326E-003   2.4657021175655590E-003  -3.1803551228335382E-003
   1.3355260018585743E-003   2.5132460840298176E-003  -3.2331262794120263E-003
   1.3731917982352018E-003   2.5611140763035735E-003  -3.2849909406839953E-003
   1.4109478353321733E-003   2.6090166680501929E-003  -3.3367579511379740E-003
   1.4479219220584856E-003   2.6576159063674450E-003  -3.3884399689071728E-003
   1.4851603825408839E-003   2.7067174857357359E-003  -3.4394530255307042E-003
   1.5225305890588059E-003   2.7552575357383548E-003  -3.4909052482050241E-003
   1.5602314244787332E-003   2.8034594901888395E-003  -3.5424340613398608E-003
   1.5982327029368875E-003   2.8512937374305233E-003  -3.5940846918607692E-003
   1.6367590408899607E-003   2.8990104900376164E-003  -3.6454542628354888E-003
   1.6767403056617859E-003   2.9462923183121007E-003  -3.6961092444642977E-003
   1.7168689722454377E-003   2.9940410570917131E-003  -3.7462066303537100E-003
   1.7581646778545524E-003   3.0408922423736003E-003  -3.7962029414883186E-003
   1.8007758271209374E-003   3.0866369181513560E-003  -3.8461200187096959E-003
   1.8438058857238491E-003   3.1322735551720516E-003  -3.8957759491405476E-003
   1.8868642381727164E-003   3.1786666426349757E-003  -3.9447009910072378E-003
   1.9306538812558108E-003   3.2252379881513812E-003  -3.9928006471519019E-003
   1.9747614065040268E-003   3.2715762542364474E-003  -4.0408349195189940E-003
   2.0199626863370529E-003   3.3184026435541239E-003  -4.0873551683119182E-003
   2.0660559231399176E-003   3.3662549463000873E-003  -4.1319149108666213E-003
   2.1125195710566913E-003   3.4141577821399675E-003  -4.1760334753891265E-003
   2.1591200628551712E-003   3.4616956496209953E-003  -4.2204017672440586E-003
   2.2060405928395711E-003   3.5099763070962136E-003  -4.2636156768941745E-003
   2.2530365823740742E-003   3.5590125408229015E-003  -4.3058865268366759E-003
   2.3005386352788521E-003   3.6088165475060279E-003  -4.3466678446595812E-003
   2.3481085713441250E-003   3.6586267377708382E-003  -4.3873623912188521E-003
   2.3957516737053469E-003   3.7088740510768017E-003  -4.4274291143919335E-003
   2.4441515389523765E-003   3.7590150682043797E-003  -4.4667143716788675E-003
   2.4920777194064403E-003   3.8099497282989810E-003  -4.5055568952539985E-003
   2.5407987742231781E-003   3.8611524016537151E-003  -4.5430341558597371E-003
   2.5899406300168020E-003   3.9121576056004581E-003  -4.5802302199136760E-003
   2.6386686814534382E-003   3.9643985877052387E-003  -4.6162365636626054E-003
   2.6875330691120678E-003   4.0164735825762316E-003  -4.6522985454660534E-003
   2.7366617581290088E-003   4.0688830399367220E-003  -4.6875067930279785E-003
   2.7859688959648724E-003   4.1215087361263208E-003  -4.7221383142468636E-003
   2.8362771301377781E-003   4.1737781281102216E-003  -4.7558576296631147E-003
   2.8869727846652046E-003   4.2265936037383751E-003  -4.7881140421615464E-003
   2.9384466485540980E-003   4.2788101216898015E-003  -4.8201121138085907E-003
   2.9910858665299924E-003   4.3298593671738115E-003  -4.8520978493469934E-003
   3.0452354230301611E-003   4.3803249029211559E-003  -4.8824467409808846E-003
   3.0990587377684440E-003   4.4314765967511304E-003  -4.9122218143973616E-003
   3.1532332481409627E-003   4.4829647218848703E-003  -4.9407541716450405E-003
   3.2062932682280351E-003   4.5357213887517013E-003  -4.9690626219853901E-003
   3.2606481000642036E-003   4.5877302997736954E-003  -4.9962770561628464E-003
   3.3152664763200354E-003   4.6395446176859872E-003  -5.0233345773121147E-003
   3.3705467334579388E-003   4.6909311504099828E-003  -5.0498584801740107E-003
   3.4267325106013768E-003   4.7416913079554191E-003  -5.0756763971426533E-003
   3.4833972103143211E-003   4.7918030251012508E-003  -5.1017134402682003E-003
   3.5410702551456372E-003   4.8413110038828941E-003  -5.1266689996398050E-003
   3.5991616913354100E-003   4.8908418114672128E-003  -5.1505872800416547E-003
   3.6572708735338362E-003   4.9407923463195818E-003  -5.1735713401466921E-003
   3.7157034954909615E-003   4.9912968537780180E-003  -5.1944261576743686E-003
   3.7742093970748961E-003   5.0422919664666757E-003  -5.2138312593785320E-003
   3.8326572357075812E-003   5.0941467392437304E-003  -5.2310048634836553E-003
   3.8913325973705705E-003   5.1458739883303312E-003  -5.2477826358082336E-003
   3.9501157015457058E-003   5.1974595943516536E-003  -5.2646192599974688E-003
   4.0082957387923106E-003   5.2499221960817079E-003  -5.2808290931072588E-003
   4.0668619672859542E-003   5.3025663439759136E-003  -5.2949213096959756E-003
   4.1253954045807279E-003   5.3553126839565686E-003  -5.3087654542314953E-003
   4.1836152642603644E-003   5.4086039537775792E-003  -5.3218225787324460E-003
   4.2414536481192536E-003   5.4623730367737051E-003  -5.3346134763410128E-003
   4.3003784614398981E-003   5.5152222699888951E-003  -5.3462248898765580E-003
   4.3596061508851007E-003   5.5677547609945099E-003  -5.3577322004597378E-003
   4.4183512194422361E-003   5.6208997564441811E-003  -5.3688958188152607E-003
   4.4768036130185696E-003   5.6746215681735650E-003  -5.3787591161961103E-003
   4.5358957857819680E-003   5.7279878418973708E-003  -5.3865151424920309E-003
   4.5948089827850683E-003   5.7817244892880383E-003  -5.3929655652695078E-003
   4.6531733478829369E-003   5.8361021627934108E-003  -5.3990211011527827E-003
   4.7119193476634147E-003   5.8901930898385595E-003  -5.4038251741505951E-003
   4.7706514393415110E-003   5.9444264684123428E-003  -5.4068718221936055E-003
   4.8291067220555609E-003   5.9990383176543125E-003  -5.4075969729112132E-003
   4.8875438165697487E-003   6.0536608008989207E-003  -5.4063761933692608E-003
   4.9461193994657414E-003   6.1080842520796139E-003  -5.4037325118534794E-003
   5.0049637976737190E-003   6.1621864444650811E-003  -5.4005247739998498E-003
   5.0643993274062651E-003   6.2154850331146280E-003  -5.3953596749558149E-003
   5.1235478725061767E-003   6.2689966338784148E-003  -5.3891986524172786E-003
   5.1836997493094261E-003   6.3210391293581029E-003  -5.3806353362286568E-003
   5.2441306611547989E-003   6.3727806744583570E-003  -5.3722140889478024E-003
   5.3046592720498650E-003   6.4244205034857914E-003  -5.3638705093585750E-003
   5.3657391856071811E-003   6.4751278321793721E-003  -5.3539704600628043E-003
   5.4261937517226739E-003   6.5263946913069748E-003  -5.3431559053492179E-003
   5.4868872138284378E-003   6.5775483609942891E-003  -5.3331756379836536E-003
   5.5477751379697194E-003   6.6282191175358806E-003  -5.3219892567400156E-003
   5.6086241271742212E-003   6.6786620545037957E-003  -5.3096235532008335E-003
   5.6694909624663455E-003   6.7288309498479779E-003  -5.2962702652535913E-003
   5.7307636135901377E-003   6.7782954240811618E-003  -5.2821660809788829E-003
   5.7926391323431465E-003   6.8265308774900484E-003  -5.2665212348726896E-003
   5.8549080353062144E-003   6.8740395928961889E-003  -5.2502268895047687E-003
   5.9168979321698014E-003   6.9217511274242798E-003  -5.2334679469428734E-003
   5.9788096413876512E-003   6.9691098816624230E-003  -5.2154654844012854E-003
   6.0409471770920559E-003   7.0159839064129906E-003  -5.1969789361708107E-003
   6.1039692989528771E-003   7.0615658421619779E-003  -5.1782573099063223E-003
   6.1669580246765275E-003   7.1060457306437209E-003  -5.1569509739684532E-003
   6.2299242219000994E-003   7.1497823426080109E-003  -5.1340956292525173E-003
   6.2929765122948086E-003   7.1933736349963215E-003  -5.1112000422536413E-003
   6.3557945723868589E-003   7.2368887916090634E-003  -5.0875289106264024E-003
   6.4182327580434850E-003   7.2800894671095030E-003  -5.0623262400090897E-003
   6.4804942552642549E-003   7.3230009773488924E-003  -5.0362090377599989E-003
   6.5421622540556019E-003   7.3660021795113337E-003  -5.0088602802065710E-003
   6.6041477179421843E-003   7.4085520113559289E-003  -4.9815232342611763E-003
   6.6659734274613931E-003   7.4508793481446699E-003  -4.9534879315748003E-003
   6.7274475224992948E-003   7.4934414455916564E-003  -4.9250379138960189E-003
   6.7890986991019633E-003   7.5350828923209327E-003  -4.8956249519536785E-003
   6.8502564066575729E-003   7.5773985083742255E-003  -4.8661440521335876E-003
   6.9115906508406570E-003   7.6188259697764840E-003  -4.8357816424435037E-003
   6.9724570424704937E-003   7.6597732662949487E-003  -4.8038661087261778E-003
   7.0331131229461425E-003   7.7000971486172222E-003  -4.7707779779430854E-003
   7.0941777374760786E-003   7.7400955307484441E-003  -4.7380481400444603E-003
   7.1544753004213436E-003   7.7799647213543594E-003  -4.7037749501336887E-003
   7.2141028118439853E-003   7.8198614834474080E-003  -4.6683799187291009E-003
   7.2732724110539035E-003   7.8595109371290377E-003  -4.6319535634515461E-003
   7.3329775901903481E-003   7.8985409710176212E-003  -4.5957327401501442E-003
   7.3927747289450835E-003   7.9361666781476992E-003  -4.5582013086748708E-003
   7.4519860531071644E-003   7.9733477048604031E-003  -4.5193221323710231E-003
   7.5108707311691888E-003   8.0109222501590638E-003  -4.4803253603108110E-003
   7.5692191560971572E-003   8.0480709857190767E-003  -4.4401329137366136E-003
   7.6273136728815978E-003   8.0850103228676182E-003  -4.3993835274070423E-003
   7.6857271554251986E-003   8.1215013454128942E-003  -4.3586862262090719E-003
   7.7440313294250378E-003   8.1575984295178885E-003  -4.3174839953756990E-003
   7.8022006407736724E-003   8.1928925698591774E-003  -4.2754048453056276E-003
   7.8599313984656170E-003   8.2283227303536523E-003  -4.2328388572165747E-003
   7.9172408968472760E-003   8.2629529483043522E-003  -4.1890625006233305E-003
   7.9748769010070455E-003   8.2961540275283754E-003  -4.1446127609046819E-003
   8.0316320680036708E-003   8.3290664514807638E-003  -4.0988347817221445E-003
   8.0881667031499627E-003   8.3610587759346006E-003  -4.0521408184376311E-003
   8.1451632339551872E-003   8.3920578202498347E-003  -4.0053385244205623E-003
   8.2013455752338819E-003   8.4234976159317920E-003  -3.9578508021252939E-003
   8.2571827149853227E-003   8.4546076977566192E-003  -3.9097428335579491E-003
   8.3125560137458435E-003   8.4855653238303675E-003  -3.8610045204083669E-003
   8.3679073446463678E-003   8.5152362695633723E-003  -3.8114478341128013E-003
   8.4239829500178404E-003   8.5442711576041060E-003  -3.7623306095080551E-003
   8.4802307491883902E-003   8.5725230799819190E-003  -3.7129543604332176E-003
   8.5364472759777814E-003   8.5999471521692288E-003  -3.6630782901866318E-003
   8.5920546557219039E-003   8.6277249746934109E-003  -3.6127174731955831E-003
   8.6471163003703604E-003   8.6548832882894222E-003  -3.5614276955544546E-003
   8.7015828527385493E-003   8.6815944047226676E-003  -3.5092749302101734E-003
   8.7554752154430197E-003   8.7092913002440875E-003  -3.4570399302840979E-003
   8.8093330873170918E-003   8.7362303605389401E-003  -3.4043747930986783E-003
   8.8641363339527490E-003   8.7624802698809904E-003  -3.3523407040787594E-003
   8.9190640267789185E-003   8.7872673843097469E-003  -3.2997237152737036E-003
   8.9741116147806325E-003   8.8118854601397477E-003  -3.2471526832351890E-003
   9.0291014089531850E-003   8.8354153328109013E-003  -3.1940257820525500E-003
   9.0837143058309956E-003   8.8570183991302977E-003  -3.1397050768264640E-003
   9.1379410498809831E-003   8.8783620727433659E-003  -3.0848971593583534E-003
   9.1920569222233781E-003   8.8998191543252503E-003  -3.0300239780883232E-003
   9.2465293602205269E-003   8.9210597233299032E-003  -2.9754200247246350E-003
   9.3010145209163689E-003   8.9433244195635912E-003  -2.9212383805455365E-003
   9.3555912826191606E-003   8.9655480784267012E-003  -2.8671321325641121E-003
   9.4106830793759064E-003   8.9877820110897677E-003  -2.8135546544048149E-003
   9.4652603313546656E-003   9.0100731362190954E-003  -2.7594766616071201E-003
   9.5194783063411587E-003   9.0317341203704424E-003  -2.7047846790702553E-003
   9.5737176396571387E-003   9.0519347326330300E-003  -2.6495576024965412E-003
   9.6283616769531274E-003   9.0717637431824254E-003  -2.5945954379795106E-003
   9.6832811563163385E-003   9.0917371015357355E-003  -2.5399610555730569E-003
   9.7385557502866725E-003   9.1122161764040713E-003  -2.4858747657854553E-003
   9.7940495325179195E-003   9.1314913615555323E-003  -2.4315709226293068E-003
   9.8490615372280703E-003   9.1510939235995067E-003  -2.3768953440167959E-003
   9.9035407149036837E-003   9.1704226748976110E-003  -2.3215923732723717E-003
   9.9579530740845235E-003   9.1899328394485693E-003  -2.2662873224356585E-003
   1.0012014624258511E-002   9.2095343141958812E-003  -2.2106713986470342E-003
   1.0066220712098636E-002   9.2290239934901975E-003  -2.1551569641367085E-003
   1.0119743312231828E-002   9.2483112453083435E-003  -2.0989134473450304E-003
   1.0173182515828928E-002   9.2670510375922940E-003  -2.0424061760491051E-003
   1.0226884604928647E-002   9.2856079693940819E-003  -1.9860880980145964E-003
   1.0280168333377328E-002   9.3037060709982890E-003  -1.9292259576892251E-003
   1.0333457698115911E-002   9.3212530054711494E-003  -1.8721965907811838E-003
   1.0386818276365752E-002   9.3380358164654575E-003  -1.8150040567923803E-003
   1.0440562252837130E-002   9.3548414137623413E-003  -1.7581783856994056E-003
   1.0495119705612904E-002   9.3715135762520701E-003  -1.7020934202410490E-003
   1.0549366004551993E-002   9.3884456663076432E-003  -1.6457849540073366E-003
   1.0602965222273731E-002   9.4057952987407836E-003  -1.5889860621326290E-003
   1.0656094445284718E-002   9.4217750314831913E-003  -1.5313498425720601E-003
   1.0709200846419100E-002   9.4359125228054702E-003  -1.4732134383082971E-003
   1.0763134739075810E-002   9.4503784949909863E-003  -1.4159258229894933E-003
   1.0816159405770753E-002   9.4654138686535941E-003  -1.3579402880580498E-003
   1.0869280841372599E-002   9.4805807061707457E-003  -1.3000776911724951E-003
   1.0922188919050000E-002   9.4965086698501500E-003  -1.2422241235212205E-003
   1.0975523931502390E-002   9.5108547405308008E-003  -1.1843486822580944E-003
   1.1028450038419867E-002   9.5258862430520133E-003  -1.1262721712068104E-003
   1.1081604350974904E-002   9.5397251030992607E-003  -1.0681077060140268E-003
   1.1133733372573599E-002   9.5552397990918848E-003  -1.0094403444265816E-003
   1.1185435265457955E-002   9.5700824432434425E-003  -9.5022370662939143E-004
   1.1237220456195133E-002   9.5857309094132884E-003  -8.9128798299566549E-004
   1.1288714909385621E-002   9.6020199927644746E-003  -8.3227114595671762E-004
   1.1340147749491150E-002   9.6175656681366517E-003  -7.7300062262553612E-004
   1.1390959087779810E-002   9.6327013624091448E-003  -7.1309136908264564E-004
   1.1442032668160395E-002   9.6472981461300077E-003  -6.5327144524008165E-004
   1.1493135368337438E-002   9.6609813594586546E-003  -5.9326074863015306E-004
   1.1543284280687998E-002   9.6756686941779114E-003  -5.3268543358999168E-004
   1.1593564786943200E-002   9.6898725767112087E-003  -4.7210391488590410E-004
   1.1644563196036517E-002   9.7030624624994712E-003  -4.1189437095084355E-004
   1.1696071816080495E-002   9.7158741553569593E-003  -3.5203852256281512E-004
   1.1748754123762506E-002   9.7286838932677880E-003  -2.9321263477164643E-004
   1.1801642195637799E-002   9.7410611208195025E-003  -2.3447886177723859E-004
   1.1854781162909479E-002   9.7547122706250090E-003  -1.7625604610743597E-004
   1.1907575985513770E-002   9.7687875891084401E-003  -1.1782153474734670E-004
   1.1960305536051376E-002   9.7817488501937451E-003  -5.9071213793563755E-005
   1.2012500000010359E-002   9.7953991113083286E-003   7.9906730840242962E-015
