   29.789198538733970        29.151664795770809        29.928393077806728     
   29.902645890223610        29.128435990127507        29.868560898647182     
   30.204585190428709        29.068324157308606        29.723111489177445     
   30.322612796311176        29.007678351471437        29.661148967461187     
   30.420229199304011        28.919963238319099        29.623643858009515     
   30.462020268182727        28.800162631179273        29.590753546700448     
   30.448318986646647        28.668133910219179        29.614629777171157     
   30.378873475389643        28.582787642074717        29.674400854433454     
   30.251253761581413        28.557405407766506        29.843641006538004     
   30.190297109153729        28.602288146240163        29.915789223111251     
   30.133898149724569        28.731138134676208        29.959503420283248     
   30.109604786085562        29.007523881462582        29.935876877654824     
   30.144862981752929        29.129038680404836        29.859117043096745     
   30.219649528798001        29.201331936893016        29.704172344718412     
   30.287945664375520        29.192837341633329        29.611226988885473     
   30.388268849635921        29.116728648219055        29.543587810894955     
   30.501679647012732        28.938192163366796        29.541709851676533     
   30.517230812449540        28.832886588274214        29.590727222770546     
   30.426186988686975        28.677559790388351        29.806606485715371     
   30.189854978321957        28.647234271059993        30.014525399370662     
   30.096659075323196        28.689247424712651        30.021566227689547     
   30.027765830177710        28.775330893975301        29.939424473682543     
   30.051398299540839        29.041771080145466        29.627401505290972     
   30.141367519890252        29.133381948315083        29.605741257782210     
   30.222128877538523        29.204544643901805        29.661058859662170     
   30.274241851253901        29.194036042741072        29.747743427986560     
   30.274136467617144        29.124604140599764        29.853951269094374     
   30.269217450145099        28.978753918132306        29.911681660649297     
   30.296857840333065        28.832258475824581        29.926864117790764     
   30.371141469097402        28.749204880678285        29.901038225580468     
   30.500181998040318        28.718024562113385        29.914264410367338     
   30.598721958635835        28.765273292548486        29.960343828262001     
   30.607379144992372        28.845704283253522        30.035610646522432     
   30.491573481711146        28.941522810704249        30.121688470875792     
   30.354954482136964        28.963603781972370        30.129118969705626     
   30.143869167922222        28.932868684657024        30.045482863177046     
   30.000528914501590        28.844009592500001        29.809474195203844     
   29.994070052780437        28.868060604542642        29.722065393701286     
   30.073266813083233        28.938108424337248        29.647260039909124     
   30.132172378590454        29.010666279627507        29.649167316451681     
   30.328163329365573        29.155875241682306        29.813280563194038     
   30.477732296739326        29.192062403452383        29.995154596842180     
   30.551387911222079        29.159705264770576        30.066314566534654     
   30.641962088458438        29.018309736125097        30.120511255099593     
   30.673603071073909        28.876892444234066        30.093094254212843     
   30.631577116780463        28.738295944085934        29.983098012982541     
   30.495487590111999        28.641954181063184        29.855367972911626     
   30.254821906010989        28.683964194882137        29.699871052001470     
   30.152393868053334        28.835910813692092        29.675608889420388     
   30.140745785892786        28.993992038276573        29.746349176209247     
   30.264352172334544        29.129529179573691        29.898063692403426     
   30.378641164003689        29.145970209892660        29.960859068109254     
   30.589605058165464        29.057885124246393        30.009174537149676     
   30.677986534810458        28.936191005934539        29.967321949169364     
   30.662034343083789        28.808410910869153        29.859692072170823     
   30.546550760004088        28.771959287704945        29.771449335294648     
   30.222106776250900        28.921255753196082        29.713536132996595     
   30.149511874080527        29.041896794189505        29.756433857830640     
   30.166200027789348        29.114886994135130        29.806945274571770     
   30.295131505103836        29.172343729922837        29.897535692837579     
   30.513294578236096        29.133236760075349        29.974493884754960     
   30.677664758278443        28.997432908831936        29.994430898680292     
   30.702015898732597        28.889941546572047        29.989419400119164     
   30.645676943334994        28.771042885447823        29.989452158954236     
   30.514201426014413        28.702390772893093        29.984263261518159     
   30.374335856343965        28.725086882863870        30.004847450869288     
   30.243594467391940        28.866828551176312        30.047283883300437     
   30.196965993983284        29.059682043671259        30.036940109403925     
   30.214922611088404        29.175429708029039        29.973460034951611     
   30.295167788457515        29.236835476167119        29.912602757502132     
   30.354316017478624        29.230087885712631        29.827891777396321     
   30.504392017609820        29.102908876448815        29.696348639240295     
   30.583214213872164        28.964283361216705        29.673897256509097     
   30.645941447805750        28.865099536599946        29.703462135862708     
   30.674003326791045        28.782935430695414        29.773216711024528     
   30.711239423829870        28.750258381168010        29.977461299708686     
   30.696978541397169        28.814637246795279        30.160330872294200     
   30.649760148985376        28.924402157454356        30.253632789471020     
   30.555344164141136        29.013301721621716        30.257682736418239     
   30.471409861277170        29.085531094039538        30.191042385328924     
   30.391189530122546        29.097717862423107        30.078890173048102     
   30.361526764442623        29.048193748999182        29.962714566918102     
   30.348647257888729        28.926420276464857        29.812276190249268     
   30.364565243697260        28.804750446667242        29.680022692955625     
   30.454204903614919        28.615660938628491        29.477304711154076     
   30.516581261980342        29.049463358810126        29.733552807472041     
   30.525535137647001        29.187005461174810        29.895795117521256     
   30.557104631093178        29.212613762792085        30.004273853808524     
   30.646622131637489        29.179306394162204        30.162435592969281     
   30.700804002119106        29.118070866514795        30.204879033771000     
   30.812009392157936        29.012262421852238        30.171348449949093     
   30.897067077329428        28.885927711983346        30.048663055265397     
   30.915994376086800        28.781208426195771        29.863791205342679     
   30.814704597982583        28.730621505332085        29.761412249007751     
   30.495896237439148        28.835639216553286        30.153763459095270     
   30.399024096541158        28.879763902739604        30.235214934099758     
   30.323312230363623        28.952686590144413        30.254836797144559     
   30.241534406513043        29.026292274345202        30.190668221685574     
   30.228510416524653        29.097968691593177        30.089898487857845     
   30.370552753418352        29.211583185069578        29.869882618301819     
   30.501840651664324        29.238432451318168        29.831180740699597     
   30.712114892050604        29.242581352853055        29.874036464839715     
   30.890840184670846        29.180151399168381        30.023503590023061     
   30.922066816504195        29.092591687173826        30.104718972034014     
   30.871704646746458        28.920157031783400        30.188593497857592     
   30.712957688762891        28.759850614078747        30.241803354483711     
   30.579974981814324        28.706769692684869        30.222642883577880     
   30.475591335801695        28.744584411267954        30.196918746343876     
   30.409738131880786        28.835297704129076        30.138089799923947     
   30.395986836894615        28.935077695409397        30.130661915547002     
   30.472944343611058        29.153099167457981        30.093848959055020     
   30.564166143310988        29.298147821405621        30.069248806759230     
   30.639829114154878        29.386154892567561        30.009729793604308     
   30.736630909900430        29.422628272480882        29.932371896711555     
   30.817515760091268        29.358802011540099        29.854941880881203     
   30.857963730713237        29.217073957303182        29.815437987372320     
   30.836449748531926        29.095133525106917        29.835628441912220     
   30.802812533026490        29.029158803929892        29.923214966670912     
   30.521151885171093        28.956697013485904        30.352186300286025     
   30.363798469305483        29.037008667983930        30.426986476152514     
   30.296090996997112        29.073916795488977        30.392323726023957     
   30.277827861336409        29.124531343000200        30.266835680890878     
   30.401632653402537        29.095808305926283        29.987618862430423     
   30.591732048007181        29.022861880616880        29.854098837688174     
   30.690319400236795        29.011858700243646        29.857566159380710     
   30.786684437996460        29.013418365450555        29.938042992858851     
   30.825306943536486        29.058495090612293        30.032816392894219     
   30.791219012265216        29.137032885571010        30.206679487738690     
   30.602889361222111        29.476284366398975        30.618273673771895     
   30.796468724075591        29.263508177158958        30.363907252958217     
   30.859106755594514        29.075120256229180        30.195230140318337     
   30.822462868118638        28.888023486490692        30.038450584753495     
   30.755579242533646        28.836788171906754        29.946043264637705     
   30.650665188703730        28.845423029210579        29.864956149076118     
   30.566145715688510        28.936801432541859        29.804955287418291     
   30.475835905296741        29.158670869398183        29.807109994606851     
   30.465290207712130        29.270142634344477        29.857647487955443     
   30.465270933697749        29.407523698186715        30.013660699679878     
   30.486161208272399        29.453472377482978        30.215191625936072     
   30.500869032994483        29.405288568858825        30.350598808139143     
   30.503236847671786        29.234152638909471        30.448106765421038     
   30.480417289991614        28.988614763954775        30.400476982081997     
   30.439093659393997        28.744547614816902        30.020209386045440     
   30.528964573099550        29.180345815552823        29.640107221416145     
   30.678094758277364        29.444112703520773        29.729895239609089     
   30.863228442558551        29.426948013578503        30.220522420108015     
   30.849860191113077        29.328124838843504        30.351221811811733     
   30.748525176291341        29.093348211723665        30.407443160114191     
   30.609946820830832        28.944879930949106        30.321019228458841     
   30.518978549371052        28.941346230423182        30.151807123622799     
   30.463056036738141        29.077663549155059        29.896741382332461     
   30.487572024916762        29.184620612788830        29.837187790883732     
   30.560651369271824        29.393294093529043        29.859794088074636     
   30.607471463917705        29.463187315959836        29.944762933216914     
   30.635135702654008        29.476077850032159        30.080103558916917     
   30.627295751953703        29.437226023021715        30.206553774615379     
   30.572529689513317        29.312938371094603        30.326409204666966     
   30.529641487980388        29.204936045958739        30.379202785325997     
   30.397699316349446        28.772317059606067        30.557724197322734     
   31.048744160645757        29.422014835346793        30.268997219206632     
   31.050066533949412        29.482787140894455        30.227882294657288     
   30.857478147339290        29.611730049776533        30.075269804186647     
   30.616418492504216        29.570246519425012        29.956278708389647     
   30.418583681514281        29.363053749301553        29.935979344159332     
   30.337885810191942        29.034417103347213        30.066825012307095     
   30.369315293828404        28.922403804873809        30.193078425530324     
   30.408673965854241        28.915197769331034        30.292174913541285     
   30.473118800400091        28.991078535612676        30.422560752927765     
   30.602821554548498        29.395375307477490        30.537984524631756     
   30.604903490645398        29.532722954786127        30.492871219161138     
   30.606609320640271        29.585742143043969        30.417806265141575     
   30.596641588199621        29.562690464953604        30.304418679346679     
   30.609407049377062        29.375927138445153        30.096774404663869     
   30.622306000628797        29.324885863234833        30.005207662434717     
   30.659235516873864        29.316712287129437        29.855520372014613     
   30.684537155865986        29.375908102160871        29.703046462903494     
   30.713115569301102        29.478259276141625        29.548629948930202     
   30.745523752260340        29.136311860274098        30.312541876041109     
   30.862513468928409        29.398271611680240        30.251084249491235     
   30.879241180809494        29.618092414975230        30.153010509321216     
   30.797292269275054        29.752806130430823        30.106801631673054     
   30.688674838073553        29.782625095479215        30.097842140570222     
   30.574233860315285        29.724914935481820        30.160419482473372     
   30.540605188954970        29.611169832236833        30.218461418059388     
   30.567338679482084        29.501817433168441        30.252861479658510     
   30.632914070429063        29.357235508532582        30.238165302586218     
   30.803834718773334        28.975001503686485        30.187005360428724     
   30.768031804389267        28.918593208368009        30.190704474065186     
   30.273715318473005        28.878523971554550        30.317069983192585     
   30.275235751933309        29.508798644981248        30.408110105344004     
   30.350905336627459        29.595803653012648        30.404550962341492     
   30.507289463351437        29.620396151463641        30.378919695773511     
   30.856566424984869        29.404367163957772        30.215583388268527     
   30.905108073187293        29.305098696169878        30.132085208018800     
   30.883384997220055        29.236734528297486        30.019874643893857     
   30.793418687192819        29.233748606624040        29.959551611551692     
   30.690765518937269        29.317477471560373        29.947426888900416     
   30.586095891179003        29.464306289859202        30.034954987571190     
   30.536036974082961        29.561509372382414        30.125633606701125     
   30.471658390596257        29.736829433567017        30.352789795701629     
   30.447278882051076        29.809053871617994        30.445453857737913     
