   3.5527136787925106E-015   3.5421283062123145E-015   7.1340190668715868E-015
  -4.9848658471558606E-006   7.8673718147835372E-005  -1.3623405771538245E-005
  -1.0684939385768291E-005   1.5724748818126609E-004  -2.7540008037958785E-005
  -1.6148023763880880E-005   2.3579180609579955E-004  -4.1715509069085852E-005
  -2.2508779334969282E-005   3.1433093119525137E-004  -5.5541087367282011E-005
  -2.8252431251742043E-005   3.9294229251719300E-004  -6.9225543377388700E-005
  -3.4180564419777024E-005   4.7158240321319494E-004  -8.2663929740832884E-005
  -4.0003365391978301E-005   5.5003148392871316E-004  -9.7218541249714159E-005
  -4.5870341782569931E-005   6.2830383852440299E-004  -1.1267871895103511E-004
  -5.1495182568214670E-005   7.0639981441887264E-004  -1.2909151023760023E-004
  -5.7236721761493344E-005   7.8442363924716510E-004  -1.4580430446480491E-004
  -6.3928049228531653E-005   8.6237046017939481E-004  -1.6252313353758304E-004
  -7.0299279717022520E-005   9.4044523164027883E-004  -1.7876312980716989E-004
  -7.6559362140897887E-005   1.0186945602564689E-003  -1.9418564385853478E-004
  -8.3189930378983090E-005   1.0969517638968317E-003  -2.0941212214231042E-004
  -8.9830217488220791E-005   1.1754117612650500E-003  -2.2355197399322790E-004
  -9.6510760065531641E-005   1.2536301661450586E-003  -2.3895494396031184E-004
  -1.0436778760362902E-004   1.3315925099898736E-003  -2.5508380185375296E-004
  -1.1242731384985088E-004   1.4094729821607398E-003  -2.7150561934677396E-004
  -1.1927827148132657E-004   1.4874766220464449E-003  -2.8789148323870570E-004
  -1.2560595509994668E-004   1.5655371436121557E-003  -3.0421678255171462E-004
  -1.3170395589187138E-004   1.6435947625334378E-003  -3.2064305835222026E-004
  -1.3798802061778924E-004   1.7218230819193514E-003  -3.3616209708543858E-004
  -1.4457535187276463E-004   1.8002042396446758E-003  -3.5075665688917991E-004
  -1.5146894501683229E-004   1.8785078258873444E-003  -3.6562362542117896E-004
  -1.5860888166000967E-004   1.9568379670766973E-003  -3.8023219437272759E-004
  -1.6525372789580160E-004   2.0350869721709485E-003  -3.9549454075471659E-004
  -1.7160981542833532E-004   2.1134422920824451E-003  -4.1032842084929775E-004
  -1.7802607157597894E-004   2.1916524896663215E-003  -4.2588466216161272E-004
  -1.8383487602306433E-004   2.2700631443606499E-003  -4.4065040012147242E-004
  -1.8874308520663483E-004   2.3484959302818211E-003  -4.5562396310047426E-004
  -1.9350836109024985E-004   2.4270445629755847E-003  -4.7002550609254477E-004
  -1.9747126887835370E-004   2.5058804216838539E-003  -4.8303330141184785E-004
  -2.0051703563872070E-004   2.5846326569510104E-003  -4.9677407042849481E-004
  -2.0178167596133833E-004   2.6632432071755393E-003  -5.1156535445348182E-004
  -2.0311095836598572E-004   2.7417320500222582E-003  -5.2698399788316864E-004
  -2.0356598177032319E-004   2.8201293699794219E-003  -5.4291049047062783E-004
  -2.0290754344499861E-004   2.8987292508006841E-003  -5.5779757192183635E-004
  -2.0202882910471423E-004   2.9771942015336763E-003  -5.7336932090917207E-004
  -2.0090122311535054E-004   3.0558364060159493E-003  -5.8800257697024861E-004
  -2.0060073457552776E-004   3.1344146125217801E-003  -6.0301507755927024E-004
  -2.0064163191015747E-004   3.2130429104435302E-003  -6.1776597926803411E-004
  -1.9963490743591872E-004   3.2917255571361056E-003  -6.3218914126500654E-004
  -1.9772737956292295E-004   3.3703691783927279E-003  -6.4673363018408279E-004
  -1.9609566093926041E-004   3.4490089868143966E-003  -6.6133219306563188E-004
  -1.9426766079204470E-004   3.5276435337520153E-003  -6.7593583801779579E-004
  -1.9142267045922599E-004   3.6063216091840981E-003  -6.9013676977813842E-004
  -1.8828637175318487E-004   3.6851428160338340E-003  -7.0345521587888700E-004
  -1.8451573861840619E-004   3.7640199741628736E-003  -7.1626834414544147E-004
  -1.8029702159871899E-004   3.8429041711881898E-003  -7.2889711623797351E-004
  -1.7566063736254575E-004   3.9218874408452238E-003  -7.4073548835427690E-004
  -1.6863663674964170E-004   4.0007886031323938E-003  -7.5192789638299279E-004
  -1.6013796636348541E-004   4.0795903969313672E-003  -7.6279297296237851E-004
  -1.5105485213011345E-004   4.1582932988734308E-003  -7.7389928902833229E-004
  -1.4231226597081570E-004   4.2370382926532691E-003  -7.8498049627544653E-004
  -1.3269116735879525E-004   4.3156613366279904E-003  -7.9619884764738438E-004
  -1.2230228050353489E-004   4.3941323918336586E-003  -8.0779041913159528E-004
  -1.1202247368076348E-004   4.4725008020608413E-003  -8.2014832612084575E-004
  -9.9902476240112253E-005   4.5508139669459633E-003  -8.3110979725061070E-004
  -8.7870971904945491E-005   4.6293427399049219E-003  -8.4051589785416494E-004
  -7.5213723489856159E-005   4.7078273520355166E-003  -8.4945791711869693E-004
  -6.1169290771209787E-005   4.7862026838079675E-003  -8.5720783879899036E-004
  -4.6244974721771232E-005   4.8643924548388284E-003  -8.6518433641297448E-004
  -2.8854055705134050E-005   4.9420940414114656E-003  -8.7293155277711170E-004
  -1.1435915263235795E-005   5.0197904543237606E-003  -8.8066949913767265E-004
   6.8460802325129249E-006   5.0973400714326806E-003  -8.8786849337646793E-004
   2.6445261931757874E-005   5.1746956189181355E-003  -8.9352458320139411E-004
   4.6808594635386452E-005   5.2518368420155972E-003  -8.9940390196137734E-004
   6.8879144089018361E-005   5.3284552910144852E-003  -9.0592342045891215E-004
   9.2122637031471041E-005   5.4047587496939917E-003  -9.1204895840758240E-004
   1.1579340114526969E-004   5.4808140733154202E-003  -9.1948419103909571E-004
   1.3983301240736877E-004   5.5566470151741012E-003  -9.2793771114812074E-004
   1.6532680022897790E-004   5.6319883612599379E-003  -9.3652539803567312E-004
   1.9179528145164967E-004   5.7070732744888284E-003  -9.4437876049111957E-004
   2.1856561188397897E-004   5.7820803632705701E-003  -9.5194751492724003E-004
   2.4620913512470743E-004   5.8567541904275258E-003  -9.5967119074093460E-004
   2.7515601410526143E-004   5.9309414640998483E-003  -9.6730837789496776E-004
   3.0452629597725703E-004   6.0049471270534763E-003  -9.7508966241365762E-004
   3.3495465762094738E-004   6.0784350226411573E-003  -9.8367127070740547E-004
   3.6647555058957139E-004   6.1511541797446339E-003  -9.9455049400127573E-004
   3.9835707425621718E-004   6.2237921530934022E-003  -1.0049087405303780E-003
   4.3059230746987762E-004   6.2963615333596961E-003  -1.0146336979609649E-003
   4.6310730488191825E-004   6.3688504377719460E-003  -1.0240216521555541E-003
   4.9546333444937848E-004   6.4413573890636754E-003  -1.0338108996599449E-003
   5.2867578753307178E-004   6.5134568067534183E-003  -1.0437410017331685E-003
   5.6214370794840669E-004   6.5856026723056273E-003  -1.0523938850942581E-003
   5.9706645517500136E-004   6.6569669471667724E-003  -1.0617502733621712E-003
   6.3385441485896759E-004   6.7273965929238212E-003  -1.0710406460007246E-003
   6.7145025306984067E-004   6.7975620903314958E-003  -1.0790002891390821E-003
   7.0848447890683184E-004   6.8681020774227506E-003  -1.0862512434833555E-003
   7.4658056913925065E-004   6.9380464744279620E-003  -1.0937658450194036E-003
   7.8519553910031065E-004   7.0077388200053409E-003  -1.1009673083745846E-003
   8.2505852366365024E-004   7.0767468090577124E-003  -1.1079558632682066E-003
   8.6633280619393337E-004   7.1449691578854436E-003  -1.1144477589913504E-003
   9.0745074157554584E-004   7.2132730515906997E-003  -1.1210729766232025E-003
   9.4891076291254268E-004   7.2813557793132058E-003  -1.1278411970574210E-003
   9.9031350034953680E-004   7.3494708959655321E-003  -1.1346341502704864E-003
   1.0333464826938717E-003   7.4165867391761302E-003  -1.1412391511799781E-003
   1.0782707273195970E-003   7.4824573828622858E-003  -1.1477867112489716E-003
   1.1237550409055254E-003   7.5481247322700395E-003  -1.1521429049048502E-003
   1.1697727030566948E-003   7.6134244216384131E-003  -1.1564237158351854E-003
   1.2167968826444317E-003   7.6780212051416981E-003  -1.1604214779357468E-003
   1.2645004477818450E-003   7.7421058079959540E-003  -1.1646087856887286E-003
   1.3134368563719021E-003   7.8053093666834300E-003  -1.1678550281515646E-003
   1.3625027388445416E-003   7.8684456508763909E-003  -1.1703747090899522E-003
   1.4112148608083281E-003   7.9318619687680312E-003  -1.1727198762895349E-003
   1.4609203959172405E-003   7.9945142589099918E-003  -1.1747324115331536E-003
   1.5112974837448762E-003   8.0566267978669781E-003  -1.1767772916691465E-003
   1.5614922662485920E-003   8.1189120151696648E-003  -1.1777948938462035E-003
   1.6106702719554588E-003   8.1819815043477889E-003  -1.1797348148012633E-003
   1.6606560753582183E-003   8.2444162001654043E-003  -1.1815591536308572E-003
   1.7116156372796391E-003   8.3060840826242651E-003  -1.1820011068300424E-003
   1.7640523237376223E-003   8.3664992433609298E-003  -1.1826353519863275E-003
   1.8172015190365016E-003   8.4262887270798673E-003  -1.1820183665579122E-003
   1.8712809634352789E-003   8.4852390067791193E-003  -1.1814909033324838E-003
   1.9257133552253339E-003   8.5438620860286470E-003  -1.1808205985051072E-003
   1.9806292928234931E-003   8.6020163717221033E-003  -1.1792978217662420E-003
   2.0356868859204226E-003   8.6600253289203372E-003  -1.1773945790944701E-003
   2.0918373043684901E-003   8.7169742580064536E-003  -1.1754071231745429E-003
   2.1489781400466849E-003   8.7729063326560455E-003  -1.1728521415154333E-003
   2.2066192875937105E-003   8.8283393677768343E-003  -1.1706895664807778E-003
   2.2659576526621516E-003   8.8819490116048994E-003  -1.1684614471276908E-003
   2.3260630687605760E-003   8.9346514155574496E-003  -1.1653316577006543E-003
   2.3866056250496817E-003   8.9868311686623695E-003  -1.1618860456630059E-003
   2.4481517062928640E-003   9.0378792589483163E-003  -1.1594016230804215E-003
   2.5111669226864182E-003   9.0871104887763725E-003  -1.1570846175944307E-003
   2.5751741122926799E-003   9.1349509837620208E-003  -1.1532942717329526E-003
   2.6390423684141220E-003   9.1828977169316692E-003  -1.1486084811795400E-003
   2.7031488339190252E-003   9.2305634726647153E-003  -1.1443263306267523E-003
   2.7677803884588164E-003   9.2774849281332065E-003  -1.1397285945245253E-003
   2.8326628129510967E-003   9.3241271221947020E-003  -1.1358845436835626E-003
   2.8973107210644054E-003   9.3710002150888278E-003  -1.1310305619813504E-003
   2.9627313005326852E-003   9.4166238524056624E-003  -1.1248151376704889E-003
   3.0284246671192982E-003   9.4619062428290962E-003  -1.1189939086935637E-003
   3.0951187496022102E-003   9.5057263786755899E-003  -1.1133640723075418E-003
   3.1621161218799293E-003   9.5490471623181153E-003  -1.1074766439661511E-003
   3.2298315739849649E-003   9.5911502664790763E-003  -1.1010000578729603E-003
   3.2981589657675773E-003   9.6323573138447412E-003  -1.0952253910331065E-003
   3.3669692044880077E-003   9.6727555253803225E-003  -1.0894690421095427E-003
   3.4364029391815054E-003   9.7120269270764281E-003  -1.0834098762008643E-003
   3.5065603295897983E-003   9.7500102659061998E-003  -1.0774763654969116E-003
   3.5777648774652682E-003   9.7859416911143474E-003  -1.0712437865533942E-003
   3.6491588409562729E-003   9.8211897879545602E-003  -1.0634673063144246E-003
   3.7207622020505112E-003   9.8562037530828782E-003  -1.0566130425810614E-003
   3.7927366942556396E-003   9.8904094951296276E-003  -1.0495674990839046E-003
   3.8652036574798395E-003   9.9232676821711871E-003  -1.0412681747573812E-003
   3.9377917983347156E-003   9.9555683286002890E-003  -1.0319070824915380E-003
   4.0104364067294158E-003   9.9874898932722743E-003  -1.0217201015728689E-003
   4.0839947884939477E-003   1.0017258393296830E-002  -1.0115711666657714E-003
   4.1577752575962879E-003   1.0046283377613013E-002  -1.0008944320291824E-003
   4.2317310503875143E-003   1.0074756270009649E-002  -9.8994750955214129E-004
   4.3058274081864533E-003   1.0102933058261076E-002  -9.7918654459393174E-004
   4.3800037303715804E-003   1.0130849480728827E-002  -9.6829863441964012E-004
   4.4541806577323446E-003   1.0158453826396418E-002  -9.5664601491251796E-004
   4.5285303793178725E-003   1.0185584501268708E-002  -9.4498216533476663E-004
   4.6031118720929612E-003   1.0212206887717909E-002  -9.3363097739872724E-004
   4.6780650075515517E-003   1.0237813805329000E-002  -9.2239205997185058E-004
   4.7531040029052448E-003   1.0262957370240222E-002  -9.1068948291308334E-004
   4.8284768951018138E-003   1.0287137451564192E-002  -8.9910281800129619E-004
   4.9039755736300242E-003   1.0310938630897765E-002  -8.8755061536491351E-004
   4.9801892797791923E-003   1.0332276563239226E-002  -8.7588169732777995E-004
   5.0567061604370935E-003   1.0352480567066702E-002  -8.6417848379103453E-004
   5.1335518643361366E-003   1.0371433437701610E-002  -8.5253689975030354E-004
   5.2107957256042762E-003   1.0389021150510365E-002  -8.4139875532548590E-004
   5.2881720306916765E-003   1.0405488925072634E-002  -8.2949414220122840E-004
   5.3653546431311127E-003   1.0422940261201701E-002  -8.1773424452956454E-004
   5.4426962601071592E-003   1.0439490929133073E-002  -8.0571968332051745E-004
   5.5199453994553655E-003   1.0456089228330273E-002  -7.9318704872995745E-004
   5.5973102718182765E-003   1.0472178897690664E-002  -7.8070509892314119E-004
   5.6748571239990065E-003   1.0487614976229159E-002  -7.6853081487916872E-004
   5.7523227351014726E-003   1.0502966987464920E-002  -7.5574821571190373E-004
   5.8298142964651077E-003   1.0517539178494711E-002  -7.4223121980440633E-004
   5.9075260733886551E-003   1.0530702353787285E-002  -7.2853412013576481E-004
   5.9851460789905912E-003   1.0544403167063966E-002  -7.1484388842374250E-004
   6.0628190807290603E-003   1.0557583778922325E-002  -7.0094510183542043E-004
   6.1408615367473550E-003   1.0568340494548528E-002  -6.8702863224950200E-004
   6.2191950944940873E-003   1.0577720894136474E-002  -6.7376734107699664E-004
   6.2976843826420556E-003   1.0585490004583429E-002  -6.6038554107695222E-004
   6.3763699180513439E-003   1.0591609074981091E-002  -6.4730335882893088E-004
   6.4549119327304855E-003   1.0597569222228376E-002  -6.3331663055323667E-004
   6.5331767352679523E-003   1.0604453996767155E-002  -6.1824279329445006E-004
   6.6117638209117055E-003   1.0610351859769751E-002  -6.0448469828023839E-004
   6.6905383893545558E-003   1.0615506050832085E-002  -5.9152315165847077E-004
   6.7694972335908743E-003   1.0619197318157348E-002  -5.7919937558469276E-004
   6.8485792768464030E-003   1.0621992522462785E-002  -5.6744279148951264E-004
   6.9276964777521778E-003   1.0623635616451370E-002  -5.5570529746969176E-004
   7.0069453904930317E-003   1.0622842645126300E-002  -5.4479745533626681E-004
   7.0861440372715617E-003   1.0622086684065253E-002  -5.3352790030221592E-004
   7.1654588089332776E-003   1.0620966943049920E-002  -5.2313977355664674E-004
   7.2447970404919265E-003   1.0620867251606233E-002  -5.1287161542604403E-004
   7.3241238137457618E-003   1.0620293337483593E-002  -5.0253074143597875E-004
   7.4034154279694264E-003   1.0619016956402553E-002  -4.9198508984032042E-004
   7.4829073030940278E-003   1.0617394707727211E-002  -4.8313014262686449E-004
   7.5623758497134069E-003   1.0614497486131578E-002  -4.7439193816007573E-004
   7.6416695950989894E-003   1.0609855795367872E-002  -4.6485481858069369E-004
   7.7210058872692949E-003   1.0606350254018440E-002  -4.5518714458073884E-004
   7.8002326659218938E-003   1.0603418224668312E-002  -4.4448570827562196E-004
   7.8794181104247119E-003   1.0599101049281405E-002  -4.3394875484632534E-004
   7.9588126727057895E-003   1.0594739193822282E-002  -4.2514661345221681E-004
   8.0382285176660885E-003   1.0589186241324681E-002  -4.1725432049763531E-004
   8.1175375410073216E-003   1.0582258313714661E-002  -4.0937506687405644E-004
   8.1967878483452678E-003   1.0574626209333304E-002  -4.0155587465760280E-004
   8.2759258334361811E-003   1.0566211304851565E-002  -3.9340917615687527E-004
   8.3549695476304395E-003   1.0558572843671947E-002  -3.8372696788155174E-004
   8.4338927161493188E-003   1.0549597149636367E-002  -3.7421012024439716E-004
   8.5127622738639924E-003   1.0540393129991757E-002  -3.6446954080310398E-004
   8.5916310604702509E-003   1.0530351797104707E-002  -3.5558775430406765E-004
   8.6704373980501584E-003   1.0519206063251078E-002  -3.4750482393582343E-004
   8.7493432923864030E-003   1.0507998584812862E-002  -3.4055843808050647E-004
   8.8282420410598968E-003   1.0496759915538818E-002  -3.3358134926224153E-004
   8.9070143735466584E-003   1.0484975244191404E-002  -3.2609528516068878E-004
   8.9854535095174048E-003   1.0471666549572834E-002  -3.1771789915907903E-004
   9.0636509588504742E-003   1.0457373996907606E-002  -3.0872446518831541E-004
   9.1418345828098314E-003   1.0443211374346374E-002  -2.9941097692370963E-004
   9.2204491749584457E-003   1.0430539451088450E-002  -2.9171888676757951E-004
   9.2989722542042765E-003   1.0417947223890651E-002  -2.8302625510278321E-004
   9.3773152157179858E-003   1.0404844333344482E-002  -2.7350288145242479E-004
   9.4555017293774298E-003   1.0390843311905890E-002  -2.6397185412635531E-004
   9.5337663063278077E-003   1.0376273480694856E-002  -2.5607400588127714E-004
   9.6119911345607188E-003   1.0361326193628666E-002  -2.4849410763908426E-004
   9.6902225688938505E-003   1.0346324858204900E-002  -2.4109122844905205E-004
   9.7683579134878983E-003   1.0331309673536199E-002  -2.3275983237996600E-004
   9.8463923244967444E-003   1.0315870834130617E-002  -2.2425848377095173E-004
   9.9241611779992706E-003   1.0300267886475863E-002  -2.1383958491108952E-004
   1.0002204057686865E-002   1.0286190471907179E-002  -2.0329751060020417E-004
   1.0080194151750335E-002   1.0271400863313036E-002  -1.9335705243008023E-004
   1.0158063393575056E-002   1.0255576008269022E-002  -1.8408585306265490E-004
   1.0235640262317257E-002   1.0238636226504023E-002  -1.7434556402878826E-004
   1.0313096545390412E-002   1.0220915921997085E-002  -1.6504421898030290E-004
   1.0390638239504967E-002   1.0203645383112730E-002  -1.5560948735200288E-004
   1.0468325763603112E-002   1.0186620290341102E-002  -1.4696108782995721E-004
   1.0546057547109930E-002   1.0169781546530527E-002  -1.3834560542095228E-004
   1.0623709445644497E-002   1.0152650932395748E-002  -1.2958634089103055E-004
   1.0700969627060143E-002   1.0134103229896040E-002  -1.2026716175541591E-004
   1.0778280127952011E-002   1.0114977003096562E-002  -1.1269920921797874E-004
   1.0855451230865782E-002   1.0095298297153174E-002  -1.0512495012342973E-004
   1.0932478849636513E-002   1.0075206050240652E-002  -9.7184700726487153E-005
   1.1009348434294689E-002   1.0054998693232080E-002  -8.8089115134602579E-005
   1.1086378238224380E-002   1.0035008540179701E-002  -7.9915799571389075E-005
   1.1163312129752101E-002   1.0014311831164526E-002  -7.2647886068504658E-005
   1.1240464020126718E-002   9.9944015843781240E-003  -6.5494713027461842E-005
   1.1317659925874525E-002   9.9746423462007110E-003  -5.8397907711811575E-005
   1.1394842493969423E-002   9.9551043841176901E-003  -5.0580029691885710E-005
   1.1472135605118269E-002   9.9355723665095590E-003  -4.3926064324392498E-005
   1.1549320606291068E-002   9.9153721053853415E-003  -3.8058778462335928E-005
   1.1626372664086556E-002   9.8946617246906815E-003  -3.2222639030164753E-005
   1.1703488639203150E-002   9.8741884271726088E-003  -2.6394219925028853E-005
   1.1780633905630248E-002   9.8541367105429122E-003  -1.9572451361362997E-005
   1.1857943163170020E-002   9.8349606454316962E-003  -1.2118779271548359E-005
   1.1935203511707531E-002   9.8151783047053451E-003  -5.8340724189719977E-006
   1.2012500000010497E-002   9.7953991113083356E-003   7.9890356185438284E-015
