   3.5527136787925169E-015   3.5421283062123149E-015   7.1340190668716325E-015
  -8.6693412758323887E-007   7.5377210037471716E-005  -2.6786650248551714E-005
  -2.2908461488061618E-006   1.5065298937935249E-004  -5.3833452523175654E-005
  -3.3404151080437662E-006   2.2586561895138532E-004  -8.1072372379235573E-005
  -5.1509403983259903E-006   3.0099406104050854E-004  -1.0850299733631444E-004
  -6.5302881093745511E-006   3.7592144781747547E-004  -1.3650271364182867E-004
  -7.3087229945898748E-006   4.5100327328632966E-004  -1.6410911732982320E-004
  -7.8696821930058567E-006   5.2579948611970078E-004  -1.9248537259737640E-004
  -9.9646483302305709E-006   6.0086221244230406E-004  -2.2007519380703799E-004
  -1.1892585528352802E-005   6.7588280514028825E-004  -2.4779150185826775E-004
  -1.2271817227278155E-005   7.5127132112302788E-004  -2.7455767164892710E-004
  -1.3201717559101670E-005   8.2670985620135755E-004  -3.0116899842699531E-004
  -1.3793498140209485E-005   9.0188834484598065E-004  -3.2851574661200408E-004
  -1.4132307126255517E-005   9.7730496087840833E-004  -3.5520318251715591E-004
  -1.3591785634538369E-005   1.0526464807613703E-003  -3.8209859506170378E-004
  -1.3001888855916804E-005   1.1279650044001912E-003  -4.0905730476622408E-004
  -1.2051373875247256E-005   1.2028909169045905E-003  -4.3707879922245870E-004
  -1.1038810632190288E-005   1.2775444114580968E-003  -4.6581606532569524E-004
  -9.5984130839216443E-006   1.3522483294647297E-003  -4.9440364808474085E-004
  -8.7081412033283254E-006   1.4272500398833105E-003  -5.2222362007669912E-004
  -6.9723171010434446E-006   1.5023172811008487E-003  -5.4982608763707132E-004
  -4.1194863907983752E-006   1.5772233776230032E-003  -5.7777135705322513E-004
  -1.2572443329028040E-006   1.6526235055398641E-003  -6.0435383750844017E-004
   2.4075456513863778E-006   1.7279149437943329E-003  -6.3114504194630001E-004
   6.7945787882181769E-006   1.8027476610396093E-003  -6.5908816933362444E-004
   1.2265855049182266E-005   1.8776580604628718E-003  -6.8662899711979168E-004
   1.6792693108701568E-005   1.9531316064603597E-003  -7.1276807875196449E-004
   2.1811592211138694E-005   2.0284193536541321E-003  -7.3934938383832857E-004
   2.7125641528116984E-005   2.1042240282499363E-003  -7.6435762612169357E-004
   3.1629816082135203E-005   2.1798872304912786E-003  -7.8994653454684811E-004
   3.5129185152363346E-005   2.2555415454338602E-003  -8.1571820619800246E-004
   3.8814828171968169E-005   2.3311317431175616E-003  -8.4165154463592936E-004
   4.2455947965113978E-005   2.4067314925021958E-003  -8.6756332062913393E-004
   4.7855892891984933E-005   2.4824859429724388E-003  -8.9270499552606482E-004
   5.2339035822915565E-005   2.5578936739652633E-003  -9.1904081791385935E-004
   5.6291619080233970E-005   2.6330923130782270E-003  -9.4605084881885855E-004
   6.1116561095626832E-005   2.7080034380080366E-003  -9.7371026466947798E-004
   6.7635234641627321E-005   2.7828217857981674E-003  -1.0012733147445984E-003
   7.4350513623126050E-005   2.8573703769415003E-003  -1.0295118094937757E-003
   8.1167827277299931E-005   2.9319063396699924E-003  -1.0577591898810242E-003
   8.8199535173298473E-005   3.0067664057894000E-003  -1.0850818103555042E-003
   9.4629958749544943E-005   3.0815147894515211E-003  -1.1128546172073331E-003
   1.0292865100286741E-004   3.1563984147836622E-003  -1.1397539545732070E-003
   1.1273905037223060E-004   3.2314308907439456E-003  -1.1657132226744807E-003
   1.2199930132199487E-004   3.3068521954031592E-003  -1.1907307079259642E-003
   1.3057817805734156E-004   3.3824310712370536E-003  -1.2155145011009032E-003
   1.3936370184861974E-004   3.4579659496065326E-003  -1.2403599575863864E-003
   1.4833327188245349E-004   3.5336992691373981E-003  -1.2645262802608030E-003
   1.5852251674165069E-004   3.6091939391039943E-003  -1.2889544218308230E-003
   1.6851801662989526E-004   3.6846593692831699E-003  -1.3135523654044753E-003
   1.7858201254350315E-004   3.7604870256601557E-003  -1.3369806071967770E-003
   1.8976241303272321E-004   3.8364324285483659E-003  -1.3595038045149214E-003
   2.0129958143131396E-004   3.9124143493565909E-003  -1.3817218478348310E-003
   2.1379770754644553E-004   3.9885469486081364E-003  -1.4028789783026832E-003
   2.2678005488338022E-004   4.0644576948906611E-003  -1.4245357848228692E-003
   2.3999192030334170E-004   4.1401448860550142E-003  -1.4468269421649108E-003
   2.5385757682439903E-004   4.2154795577724448E-003  -1.4699014044794640E-003
   2.6753847346105899E-004   4.2908968764768804E-003  -1.4928156166990273E-003
   2.8186488772696295E-004   4.3662905988205696E-003  -1.5154107592540913E-003
   2.9644793432822067E-004   4.4419047993003039E-003  -1.5370862625978838E-003
   3.1175055320933269E-004   4.5173692858238449E-003  -1.5587874403630319E-003
   3.2834872864852553E-004   4.5930151165699774E-003  -1.5788425860797878E-003
   3.4649226206470024E-004   4.6682003553542737E-003  -1.5992874407307056E-003
   3.6434905049132231E-004   4.7438597175933428E-003  -1.6181764850207638E-003
   3.8176978727949985E-004   4.8195857478605863E-003  -1.6372050498501211E-003
   3.9934664965904799E-004   4.8952275435326740E-003  -1.6564241197417765E-003
   4.1745152545689707E-004   4.9705874821236043E-003  -1.6762506961012309E-003
   4.3658207211043571E-004   5.0454586309839214E-003  -1.6969469098105424E-003
   4.5538601095411100E-004   5.1206124786477994E-003  -1.7169046418185892E-003
   4.7507160570840317E-004   5.1955944317295336E-003  -1.7366577189706566E-003
   4.9614601321589847E-004   5.2699574609509012E-003  -1.7572977103083795E-003
   5.1847313645818815E-004   5.3443425000934243E-003  -1.7764905605989253E-003
   5.4123440244761942E-004   5.4184546014929089E-003  -1.7962217848472278E-003
   5.6398300261484887E-004   5.4921387239223393E-003  -1.8175091352431794E-003
   5.8842373884445776E-004   5.5651318639995230E-003  -1.8392956429229711E-003
   6.1351466577638564E-004   5.6382801640896011E-003  -1.8597839709940547E-003
   6.4049634330418787E-004   5.7110737825073719E-003  -1.8790992033438992E-003
   6.6816714094331724E-004   5.7837249573181176E-003  -1.8979707096915144E-003
   6.9661007949649485E-004   5.8564968623246961E-003  -1.9151535231787917E-003
   7.2571575689973564E-004   5.9292790282730887E-003  -1.9311415144713791E-003
   7.5574446107782114E-004   6.0018478199782444E-003  -1.9463746162733879E-003
   7.8596338986365935E-004   6.0743417603361808E-003  -1.9615879316261602E-003
   8.1698940718205582E-004   6.1466982401051865E-003  -1.9757980015885604E-003
   8.4810810232008999E-004   6.2191278429494685E-003  -1.9894207563182801E-003
   8.7881192290176940E-004   6.2917197573410140E-003  -2.0031207331395748E-003
   9.1004108241387390E-004   6.3641642795522532E-003  -2.0164072225708107E-003
   9.4246720708121752E-004   6.4361789361689912E-003  -2.0291522479981422E-003
   9.7593428710154905E-004   6.5076995342957808E-003  -2.0419880807091536E-003
   1.0099790697684829E-003   6.5790190067456233E-003  -2.0544173050937855E-003
   1.0434506646643043E-003   6.6505230825008501E-003  -2.0673331669166547E-003
   1.0793729953100573E-003   6.7209125469321245E-003  -2.0797794297162352E-003
   1.1165504668988768E-003   6.7905761947320720E-003  -2.0926173342605092E-003
   1.1555257721164176E-003   6.8594000313637743E-003  -2.1046258764428395E-003
   1.1948234700840318E-003   6.9280535618566124E-003  -2.1165583394473684E-003
   1.2350184884138075E-003   6.9961649904918960E-003  -2.1286079786445402E-003
   1.2749885941193866E-003   7.0644900430126946E-003  -2.1401871771973935E-003
   1.3160609019442731E-003   7.1321439422207984E-003  -2.1518497433414777E-003
   1.3582448935399573E-003   7.1989863575210927E-003  -2.1642029771782494E-003
   1.4019284068887757E-003   7.2649346710442833E-003  -2.1761432704173055E-003
   1.4460104591251140E-003   7.3307927983258924E-003  -2.1870739485900076E-003
   1.4901113238606179E-003   7.3968110544222129E-003  -2.1969077472115670E-003
   1.5349065422921204E-003   7.4624397529453133E-003  -2.2061954994972671E-003
   1.5811561669749113E-003   7.5270836381990747E-003  -2.2152586287580039E-003
   1.6271281313118794E-003   7.5918584954320504E-003  -2.2247873417883691E-003
   1.6734473233199034E-003   7.6561447256930908E-003  -2.2358242366024386E-003
   1.7207249693068341E-003   7.7195975533386526E-003  -2.2475955094318420E-003
   1.7686032546148328E-003   7.7825488445472761E-003  -2.2596289922923937E-003
   1.8159734313765448E-003   7.8459470749821323E-003  -2.2713221843161787E-003
   1.8635574389148453E-003   7.9092149918532570E-003  -2.2828518382829810E-003
   1.9126190416131805E-003   7.9715140679570799E-003  -2.2934246459062444E-003
   1.9624514107579333E-003   8.0333579037282672E-003  -2.3030202156331028E-003
   2.0131103473952821E-003   8.0946497750849257E-003  -2.3117939631350005E-003
   2.0649687468910173E-003   8.1550725774025366E-003  -2.3195264505926367E-003
   2.1174830666485559E-003   8.2149591566909284E-003  -2.3269993239921948E-003
   2.1708167028344997E-003   8.2741315508558788E-003  -2.3343580616855797E-003
   2.2241426287436545E-003   8.3331759838431007E-003  -2.3427306696705225E-003
   2.2775916049378722E-003   8.3921889982541374E-003  -2.3505198332787851E-003
   2.3326508492106071E-003   8.4497621112787288E-003  -2.3578557914511094E-003
   2.3880867973354665E-003   8.5069209210030961E-003  -2.3655840592650304E-003
   2.4446682608976955E-003   8.5631396589492936E-003  -2.3717477832032163E-003
   2.5015700251747259E-003   8.6189655430126723E-003  -2.3785049937733280E-003
   2.5584292209911074E-003   8.6748035273118817E-003  -2.3855157966333205E-003
   2.6164795850292448E-003   8.7295675252508989E-003  -2.3910889262218327E-003
   2.6760313075098519E-003   8.7827922806517217E-003  -2.3956406028918086E-003
   2.7361000678179500E-003   8.8355422270187285E-003  -2.3986716401921356E-003
   2.7974027895347840E-003   8.8868226594263633E-003  -2.4021778581144902E-003
   2.8594254462022007E-003   8.9372897502530378E-003  -2.4046804181810134E-003
   2.9220646200392810E-003   8.9870184999184827E-003  -2.4065203509184238E-003
   2.9852621652164848E-003   9.0360614268778176E-003  -2.4074485757522085E-003
   3.0499900634946469E-003   9.0830648609546202E-003  -2.4084366912568182E-003
   3.1152569405917797E-003   9.1293267105751700E-003  -2.4087124182894755E-003
   3.1810199392890036E-003   9.1748715304645345E-003  -2.4077651153220142E-003
   3.2472495100862218E-003   9.2196719166651800E-003  -2.4052020414506402E-003
   3.3140354597771138E-003   9.2635690147331185E-003  -2.4016409028966997E-003
   3.3809492522035942E-003   9.3071810249062449E-003  -2.3971091313506176E-003
   3.4488600002329198E-003   9.3491601293262550E-003  -2.3920213917561083E-003
   3.5172719109004551E-003   9.3902321408809216E-003  -2.3862855093485414E-003
   3.5858904516386210E-003   9.4308906514182639E-003  -2.3800902381517345E-003
   3.6542506964553981E-003   9.4718222256460725E-003  -2.3729150614352156E-003
   3.7231298207585895E-003   9.5119078739425208E-003  -2.3659288584601474E-003
   3.7924618473652682E-003   9.5510794770904597E-003  -2.3582701640388420E-003
   3.8620753266694172E-003   9.5898438490836097E-003  -2.3511086726340984E-003
   3.9316968561710838E-003   9.6286953424160257E-003  -2.3445204942533137E-003
   4.0020065343904440E-003   9.6663983088762142E-003  -2.3386014171208943E-003
   4.0725740199257466E-003   9.7035731134867288E-003  -2.3324156360313517E-003
   4.1430700227468083E-003   9.7408544552581768E-003  -2.3260583456574473E-003
   4.2145737790590361E-003   9.7761912656957606E-003  -2.3198516829232465E-003
   4.2866798163063279E-003   9.8102436716218499E-003  -2.3134366191465078E-003
   4.3585475025813124E-003   9.8445063853052212E-003  -2.3056198345237167E-003
   4.4311413139137695E-003   9.8772349808340810E-003  -2.2979401477531917E-003
   4.5046605102868316E-003   9.9075815456676208E-003  -2.2893370222696521E-003
   4.5779767145602904E-003   9.9379668776384510E-003  -2.2792639991914077E-003
   4.6516719215515343E-003   9.9672294812010263E-003  -2.2686471963009346E-003
   4.7250906508110885E-003   9.9967793289926204E-003  -2.2569640168013101E-003
   4.7987704101029862E-003   1.0025577078239697E-002  -2.2450483668048616E-003
   4.8727452207548046E-003   1.0053068686661991E-002  -2.2319358213706078E-003
   4.9470240282603120E-003   1.0079610108655225E-002  -2.2185862264842799E-003
   5.0216019898803596E-003   1.0104595240416448E-002  -2.2039619035442220E-003
   5.0965201602702357E-003   1.0128436033022626E-002  -2.1891671623173155E-003
   5.1718088343028733E-003   1.0151197409111806E-002  -2.1745543150971641E-003
   5.2476014410401351E-003   1.0172858735004476E-002  -2.1609063213141634E-003
   5.3239261190139772E-003   1.0193189775103357E-002  -2.1482101666185252E-003
   5.4006396385144996E-003   1.0212259283264307E-002  -2.1359061113393916E-003
   5.4776744555960211E-003   1.0229544864109584E-002  -2.1229892363786502E-003
   5.5549822854402062E-003   1.0245141809917343E-002  -2.1095640835706933E-003
   5.6321376332353831E-003   1.0261339764638720E-002  -2.0959744346291413E-003
   5.7090432909455936E-003   1.0277454943635423E-002  -2.0809470987192464E-003
   5.7864619630950947E-003   1.0292076941005543E-002  -2.0670709900568042E-003
   5.8633955054509489E-003   1.0307387174602837E-002  -2.0513602671376110E-003
   5.9402263007717676E-003   1.0321771150406098E-002  -2.0343270605624451E-003
   6.0171388194462791E-003   1.0334634936264811E-002  -2.0164668400025707E-003
   6.0941951412478001E-003   1.0345342667059707E-002  -1.9978209883449592E-003
   6.1714857502551549E-003   1.0355134945186634E-002  -1.9796475724849893E-003
   6.2488733608875970E-003   1.0365324841236817E-002  -1.9621169211121768E-003
   6.3263149088181973E-003   1.0375612245332871E-002  -1.9448839304339364E-003
   6.4039274253538513E-003   1.0384993425829282E-002  -1.9279048042005690E-003
   6.4814941467658833E-003   1.0394119424392414E-002  -1.9105808355776291E-003
   6.5590089159449335E-003   1.0402597289528012E-002  -1.8927038569679100E-003
   6.6365925197780663E-003   1.0411287390195405E-002  -1.8752319777266763E-003
   6.7142643140194122E-003   1.0418806234589666E-002  -1.8576092835160887E-003
   6.7916426203620955E-003   1.0426935380928710E-002  -1.8389943783665786E-003
   6.8689960785919936E-003   1.0434376013045761E-002  -1.8199922866400471E-003
   6.9462238463185244E-003   1.0442170863221346E-002  -1.8006244728144018E-003
   7.0236383553418918E-003   1.0448424050050562E-002  -1.7814439764320151E-003
   7.1008586549518539E-003   1.0453494225922060E-002  -1.7611629841729473E-003
   7.1779874523006295E-003   1.0457568341608606E-002  -1.7403171163872251E-003
   7.2550071599469211E-003   1.0460984092947802E-002  -1.7189560005229239E-003
   7.3324239259549067E-003   1.0463409090168832E-002  -1.6989369164095111E-003
   7.4098385945937251E-003   1.0464814673187769E-002  -1.6788124681721534E-003
   7.4869423099673642E-003   1.0466662879414439E-002  -1.6575615574636821E-003
   7.5638588296720174E-003   1.0467949711961794E-002  -1.6356026625518288E-003
   7.6405184590117303E-003   1.0469605239151532E-002  -1.6127868684254244E-003
   7.7171348171959069E-003   1.0470176742937761E-002  -1.5897736758226047E-003
   7.7936145556246634E-003   1.0469582466962056E-002  -1.5663110148907262E-003
   7.8700144727418316E-003   1.0468766245656588E-002  -1.5425963264550839E-003
   7.9464075836338088E-003   1.0467488500643376E-002  -1.5188800878851866E-003
   8.0228386391922920E-003   1.0464628492860032E-002  -1.4954255767534277E-003
   8.0992829384201812E-003   1.0461723033812842E-002  -1.4720198630203101E-003
   8.1758016405321689E-003   1.0457636966517784E-002  -1.4490374289196240E-003
   8.2519843079268060E-003   1.0452367599771199E-002  -1.4251955547711812E-003
   8.3279349233883661E-003   1.0447274332944326E-002  -1.4005873722685179E-003
   8.4035140975222671E-003   1.0441907348900239E-002  -1.3749166902202758E-003
   8.4791473840206098E-003   1.0436448545801894E-002  -1.3494253693388230E-003
   8.5548908395669827E-003   1.0430077668094584E-002  -1.3244786088460008E-003
   8.6304819641913524E-003   1.0422433620566674E-002  -1.2994276524401613E-003
   8.7055853878657448E-003   1.0414429256253500E-002  -1.2730571025041078E-003
   8.7803665927924969E-003   1.0406233063210205E-002  -1.2458432492753904E-003
   8.8546678706320058E-003   1.0397128353071784E-002  -1.2176222579038378E-003
   8.9291186099278233E-003   1.0388111297323055E-002  -1.1897694279891836E-003
   9.0037691591448501E-003   1.0378415445979958E-002  -1.1626901745644595E-003
   9.0782091624126773E-003   1.0368017135880129E-002  -1.1352938050889221E-003
   9.1529151954586503E-003   1.0358028670081256E-002  -1.1084751701860096E-003
   9.2273993545306313E-003   1.0347772802242649E-002  -1.0811452009089541E-003
   9.3013934042630794E-003   1.0337694907872340E-002  -1.0524517060693868E-003
   9.3754288825358151E-003   1.0327983395536833E-002  -1.0237387390718347E-003
   9.4494078466618395E-003   1.0318802368228344E-002  -9.9470734899599622E-004
   9.5232714901979064E-003   1.0308912373416098E-002  -9.6561525090525422E-004
   9.5973150466792771E-003   1.0298195315368193E-002  -9.3728335347831489E-004
   9.6712016250688551E-003   1.0286964483403929E-002  -9.0874142045166493E-004
   9.7453385025049553E-003   1.0276156329502602E-002  -8.8068955396570603E-004
   9.8192252189039080E-003   1.0265350024615486E-002  -8.5198455584605285E-004
   9.8930195461205371E-003   1.0254083148671623E-002  -8.2321904206479743E-004
   9.9664212082353279E-003   1.0241920761699806E-002  -7.9382053302527234E-004
   1.0039392394617994E-002   1.0228009546450185E-002  -7.6412736794891057E-004
   1.0112781888133420E-002   1.0213559473427303E-002  -7.3575171583521769E-004
   1.0186213488190855E-002   1.0199074659847832E-002  -7.0750299388967514E-004
   1.0259621142817494E-002   1.0184723467663175E-002  -6.7912413693003862E-004
   1.0333135562175090E-002   1.0170186279607038E-002  -6.5111877475574308E-004
   1.0406557096440778E-002   1.0155645797618252E-002  -6.2287248847545541E-004
   1.0479941684480187E-002   1.0140871975916625E-002  -5.9465128313228462E-004
   1.0553376013496910E-002   1.0126567673332126E-002  -5.6631780032228955E-004
   1.0626286178930583E-002   1.0111004444262852E-002  -5.3730239622779615E-004
   1.0699140200043719E-002   1.0095364277531790E-002  -5.0818750666958748E-004
   1.0771892872889375E-002   1.0080069357345055E-002  -4.7863900399249822E-004
   1.0844729962863744E-002   1.0063453572988825E-002  -4.5002652350535996E-004
   1.0917590172338502E-002   1.0046502402951725E-002  -4.2167078858141828E-004
   1.0990789540952844E-002   1.0031036422490591E-002  -3.9333960641719704E-004
   1.1063623206981475E-002   1.0013767171120548E-002  -3.6510788578313991E-004
   1.1136373594652901E-002   9.9963942520634903E-003  -3.3672544795738165E-004
   1.1209271881690165E-002   9.9795612623594741E-003  -3.0839718996269984E-004
   1.1281518879372414E-002   9.9623301836461332E-003  -2.7867411387237455E-004
   1.1354062975311817E-002   9.9461751510311457E-003  -2.4907058251491906E-004
   1.1426962327040437E-002   9.9296394790037903E-003  -2.2057047611244367E-004
   1.1500004891523516E-002   9.9124598906754676E-003  -1.9282799034427861E-004
   1.1573271912805017E-002   9.8951419719722246E-003  -1.6577187674243380E-004
   1.1646585882044275E-002   9.8772497611921643E-003  -1.3922134548002176E-004
   1.1719995784120711E-002   9.8601586548964486E-003  -1.1240940110000136E-004
   1.1793274133172891E-002   9.8430233000349615E-003  -8.5267861494174089E-005
   1.1866306483078121E-002   9.8266922575395363E-003  -5.6991141025834779E-005
   1.1939344877315799E-002   9.8108294816545410E-003  -2.8464569038585217E-005
   1.2012500000010584E-002   9.7953991113084570E-003   7.9879149066091674E-015
