   3.5527136787925117E-015   3.5421283062123125E-015   7.1340190668716388E-015
  -4.4784606681598000E-006   7.7403177499196199E-005  -1.9715260650422551E-005
  -9.1780139341305752E-006   1.5500308421395807E-004  -3.8587692163471180E-005
  -1.3038710623129351E-005   2.3292413905837351E-004  -5.6290918707630687E-005
  -1.7436907474688307E-005   3.1079459762870849E-004  -7.4091130633407526E-005
  -2.2100689277899909E-005   3.8869001690532661E-004  -9.1713638897955463E-005
  -2.7527547765582200E-005   4.6654804842207408E-004  -1.0928282033830017E-004
  -3.2339829187902100E-005   5.4428706945303909E-004  -1.2754443442647130E-004
  -3.6418817401244343E-005   6.2202141522516366E-004  -1.4600339818436470E-004
  -3.9339353183208059E-005   6.9958656650768091E-004  -1.6537135573940255E-004
  -4.0055192277995712E-005   7.7731631974600247E-004  -1.8428095753117703E-004
  -4.0910689192166898E-005   8.5484503278184659E-004  -2.0399305489081853E-004
  -4.2395167825111070E-005   9.3233630549567051E-004  -2.2381473422989761E-004
  -4.5869361532218846E-005   1.0095447857299332E-003  -2.4447340210817764E-004
  -4.9047733643997339E-005   1.0866980172005521E-003  -2.6538456711775967E-004
  -5.1709550735836258E-005   1.1638033314206914E-003  -2.8654314124408787E-004
  -5.4830003372316263E-005   1.2408047483517658E-003  -3.0801508947552397E-004
  -5.7499870158814049E-005   1.3175877483804807E-003  -3.3031402923496862E-004
  -6.1401925704888981E-005   1.3940279661134875E-003  -3.5358777139412998E-004
  -6.4934180268203087E-005   1.4703683474170262E-003  -3.7724510327011692E-004
  -6.8104790009873001E-005   1.5470583532887503E-003  -3.9979704859670248E-004
  -7.1102240666130468E-005   1.6239393385483558E-003  -4.2171346748899429E-004
  -7.4530356114071316E-005   1.7007202716703134E-003  -4.4391563675302912E-004
  -7.7908172721976844E-005   1.7772797964224854E-003  -4.6687711579876796E-004
  -8.1752232697938906E-005   1.8537550010246518E-003  -4.9004533286870324E-004
  -8.5702408123249050E-005   1.9303402831632563E-003  -5.1282889437008342E-004
  -8.9617217922013936E-005   2.0070242079009790E-003  -5.3528440478246202E-004
  -9.2530113598880990E-005   2.0836816557042201E-003  -5.5798133719361270E-004
  -9.4614874764105389E-005   2.1606963651658209E-003  -5.7953100749847178E-004
  -9.5857736793360509E-005   2.2378249766182930E-003  -6.0073554912550670E-004
  -9.6676940775909941E-005   2.3147212604103995E-003  -6.2278754352091163E-004
  -9.7763586928394211E-005   2.3916163582710257E-003  -6.4483211468951095E-004
  -9.9379903168196303E-005   2.4684009353046609E-003  -6.6722667311476969E-004
  -1.0047537916011988E-004   2.5450678253126600E-003  -6.9005183240748312E-004
  -1.0180517029458386E-004   2.6217707747056974E-003  -7.1274300282279002E-004
  -1.0331711650911194E-004   2.6986117116225409E-003  -7.3495075914159155E-004
  -1.0475525698897163E-004   2.7753290898261786E-003  -7.5758647477940533E-004
  -1.0548006720808302E-004   2.8523701370673595E-003  -7.7913065474545149E-004
  -1.0573107086936383E-004   2.9297171789530460E-003  -7.9956034166545379E-004
  -1.0586995410415872E-004   3.0070777777879880E-003  -8.1993970533070215E-004
  -1.0525226075273512E-004   3.0845760837108272E-003  -8.3977984240054290E-004
  -1.0381502631204480E-004   3.1617438309027184E-003  -8.6082914543856009E-004
  -1.0163807403114210E-004   3.2388940088507161E-003  -8.8187934515461357E-004
  -9.8087783116978015E-005   3.3158754587816904E-003  -9.0335611832506200E-004
  -9.3946488744226932E-005   3.3924753242055902E-003  -9.2605656568647365E-004
  -8.9155667636932416E-005   3.4688969388622969E-003  -9.4922518344580037E-004
  -8.2921655770621332E-005   3.5451326593186291E-003  -9.7266130959991460E-004
  -7.6012951488311348E-005   3.6215092151644832E-003  -9.9544050070978830E-004
  -6.9247536357906151E-005   3.6981653088689987E-003  -1.0173053688962948E-003
  -6.2412883903855001E-005   3.7748417980028792E-003  -1.0390769912090913E-003
  -5.4700364367995033E-005   3.8515402251526843E-003  -1.0604748489054211E-003
  -4.6635567305525890E-005   3.9284615522653769E-003  -1.0809215717715686E-003
  -3.7306067902044595E-005   4.0050570736247446E-003  -1.1020423326925253E-003
  -2.7177873346945849E-005   4.0819166505706040E-003  -1.1217913858745279E-003
  -1.5493435925183635E-005   4.1586176400867153E-003  -1.1412960556126913E-003
  -2.4740811057205999E-006   4.2349233590865745E-003  -1.1614934227148518E-003
   1.0141728623643757E-005   4.3113256574808922E-003  -1.1815814825906050E-003
   2.3929097340534051E-005   4.3875031785375225E-003  -1.2017530904723244E-003
   3.8695783141567147E-005   4.4638746964421822E-003  -1.2204436288546809E-003
   5.3031173836587853E-005   4.5400654335061800E-003  -1.2401785767094794E-003
   6.9013287371443317E-005   4.6161341541266143E-003  -1.2591026824323704E-003
   8.5038572509317211E-005   4.6922127309789122E-003  -1.2779505042509738E-003
   1.0130663419184630E-004   4.7681166691539694E-003  -1.2972880934541853E-003
   1.1721932155225423E-004   4.8441929051047288E-003  -1.3162404728833503E-003
   1.3385191308835763E-004   4.9198817944118159E-003  -1.3361037290110709E-003
   1.5098037087638166E-004   4.9955465751633154E-003  -1.3556346501040388E-003
   1.6904668996591839E-004   5.0708979326477199E-003  -1.3755288965596605E-003
   1.8896461266626068E-004   5.1457828326945225E-003  -1.3954167850626961E-003
   2.0980782088706921E-004   5.2206366077670319E-003  -1.4144555095496668E-003
   2.3195659619714088E-004   5.2952488862224104E-003  -1.4329606342916327E-003
   2.5422557238386200E-004   5.3700209881265958E-003  -1.4506588117580859E-003
   2.7709035920778761E-004   5.4445626505391200E-003  -1.4685680850837972E-003
   3.0067475985344738E-004   5.5188203774569526E-003  -1.4867220392754501E-003
   3.2438910135617607E-004   5.5929441198998633E-003  -1.5052504177252709E-003
   3.4864882267115804E-004   5.6669028678071756E-003  -1.5237320175576904E-003
   3.7333510839425741E-004   5.7406787984892104E-003  -1.5423787158371518E-003
   3.9947021003182176E-004   5.8140020475092044E-003  -1.5608356283863586E-003
   4.2588545478285117E-004   5.8872697150413253E-003  -1.5791135859950607E-003
   4.5327185918507339E-004   5.9604674889898136E-003  -1.5962036630589589E-003
   4.8203133433439324E-004   6.0330273022722782E-003  -1.6137526256598275E-003
   5.1065941935801739E-004   6.1058334325315875E-003  -1.6304768637354292E-003
   5.3954336789273935E-004   6.1787569794572164E-003  -1.6462208730872957E-003
   5.7006136985933106E-004   6.2512733924534169E-003  -1.6607129883802836E-003
   6.0108669801054490E-004   6.3237449257546223E-003  -1.6743256984622498E-003
   6.3296600167829834E-004   6.3957302056160828E-003  -1.6885323686971143E-003
   6.6471537604453608E-004   6.4678074426132558E-003  -1.7025626622747738E-003
   6.9790384714300282E-004   6.5394392066649128E-003  -1.7155015867548688E-003
   7.3230647518546493E-004   6.6105057541380784E-003  -1.7283858801738134E-003
   7.6802353451443939E-004   6.6810925919248577E-003  -1.7402934408105425E-003
   8.0414440667932825E-004   6.7513637163922205E-003  -1.7528334432531148E-003
   8.4115815835287047E-004   6.8211660305778458E-003  -1.7653880886478622E-003
   8.7934340214935265E-004   6.8902501848473610E-003  -1.7783983460120971E-003
   9.1776010481820045E-004   6.9593439025161111E-003  -1.7906545740460247E-003
   9.5647913412882967E-004   7.0282714165076808E-003  -1.8028952673358396E-003
   9.9545301957310647E-004   7.0969741231459759E-003  -1.8155828347936234E-003
   1.0348601477650668E-003   7.1655989152333410E-003  -1.8273180872349730E-003
   1.0751990532363958E-003   7.2338335069961303E-003  -1.8381261022929819E-003
   1.1160044786005282E-003   7.3017544805206074E-003  -1.8491559995142397E-003
   1.1581466980324058E-003   7.3688893775602686E-003  -1.8599698304042798E-003
   1.2007096124417062E-003   7.4359298685140445E-003  -1.8696636879133629E-003
   1.2446153118637292E-003   7.5019640980051247E-003  -1.8802358257058356E-003
   1.2892162848408566E-003   7.5675664132855494E-003  -1.8905842287725708E-003
   1.3352327664936329E-003   7.6321299112348121E-003  -1.9012630931720027E-003
   1.3814711912661837E-003   7.6966399032297921E-003  -1.9112865164365184E-003
   1.4285948743085919E-003   7.7606306335485445E-003  -1.9204813479407694E-003
   1.4777136821320818E-003   7.8230903102243232E-003  -1.9297620546950577E-003
   1.5275996516457520E-003   7.8850562572251801E-003  -1.9382244087762933E-003
   1.5781423144273377E-003   7.9464933722008871E-003  -1.9466458190396775E-003
   1.6302104338742976E-003   8.0067922090260452E-003  -1.9539232646085614E-003
   1.6838853977999911E-003   8.0655450489002158E-003  -1.9621148491958864E-003
   1.7383239576505274E-003   8.1236749134608963E-003  -1.9696886225889281E-003
   1.7940218515600603E-003   8.1806304499426347E-003  -1.9770242533709414E-003
   1.8500142148731200E-003   8.2373268770060057E-003  -1.9841214647446643E-003
   1.9073088968878638E-003   8.2927302419695502E-003  -1.9910342470290006E-003
   1.9651300938577673E-003   8.3474808803859230E-003  -1.9987203887400964E-003
   2.0235768425189977E-003   8.4016469228410592E-003  -2.0057926882969083E-003
   2.0827009216244211E-003   8.4550374293580841E-003  -2.0131273375464023E-003
   2.1419137460163911E-003   8.5084956726317364E-003  -2.0191321405494908E-003
   2.2015396472740735E-003   8.5615671948125471E-003  -2.0244392517861989E-003
   2.2618800398874978E-003   8.6138979977856706E-003  -2.0289696035769274E-003
   2.3238454088522591E-003   8.6643750359920411E-003  -2.0324855198064354E-003
   2.3861735535268551E-003   8.7144093007946507E-003  -2.0359169514768869E-003
   2.4495395166191005E-003   8.7631873378489784E-003  -2.0382531516352008E-003
   2.5139832326967790E-003   8.8105259818409797E-003  -2.0407149074095467E-003
   2.5786098929796697E-003   8.8576073051851618E-003  -2.0433117837249360E-003
   2.6440033199118546E-003   8.9036045325013718E-003  -2.0461322083776654E-003
   2.7098741601501728E-003   8.9490026023503998E-003  -2.0463505286916601E-003
   2.7763521269362243E-003   8.9935074315728170E-003  -2.0463403970035067E-003
   2.8441687251644053E-003   9.0359292184657904E-003  -2.0451997813463909E-003
   2.9122490883884394E-003   9.0778657958620074E-003  -2.0426724067502716E-003
   2.9805695267314234E-003   9.1193631802821383E-003  -2.0394654155415316E-003
   3.0493982559830408E-003   9.1599045182742152E-003  -2.0351058349697341E-003
   3.1188867100237138E-003   9.1993917919403669E-003  -2.0316258963441946E-003
   3.1889698504846079E-003   9.2377809946437954E-003  -2.0278019531435459E-003
   3.2583992068533872E-003   9.2772180812211221E-003  -2.0228744103401143E-003
   3.3285350652278028E-003   9.3153691109445231E-003  -2.0178285901739077E-003
   3.3984995316908456E-003   9.3537596087732329E-003  -2.0122479889249766E-003
   3.4691034994069518E-003   9.3910478485836786E-003  -2.0072814094226291E-003
   3.5407360947087014E-003   9.4262548186741946E-003  -2.0018739563735697E-003
   3.6128822447267124E-003   9.4603217658746769E-003  -1.9960108392725173E-003
   3.6851134058598321E-003   9.4941252997573760E-003  -1.9896878285009063E-003
   3.7573024286747720E-003   9.5277583764559401E-003  -1.9821009231495951E-003
   3.8299563770957954E-003   9.5603153382032378E-003  -1.9742620444482850E-003
   3.9028183198884393E-003   9.5924818892158831E-003  -1.9667487033973329E-003
   3.9754334955326683E-003   9.6252662184827514E-003  -1.9595220844794928E-003
   4.0482937134973659E-003   9.6577072559540806E-003  -1.9532796710979437E-003
   4.1215633169014087E-003   9.6891519237207041E-003  -1.9467376464089960E-003
   4.1951208747462079E-003   9.7199651693819864E-003  -1.9404265786829727E-003
   4.2688198187810986E-003   9.7504149270737413E-003  -1.9340017902835466E-003
   4.3425495123131297E-003   9.7807642193464186E-003  -1.9274555892355922E-003
   4.4162652872998948E-003   9.8108875018986137E-003  -1.9198023306490346E-003
   4.4901122714902583E-003   9.8404574871257620E-003  -1.9113029835184188E-003
   4.5645992477027887E-003   9.8685108314586246E-003  -1.9032593369048977E-003
   4.6390255578415045E-003   9.8963094972989701E-003  -1.8938807159816487E-003
   4.7136934735825071E-003   9.9234979142405200E-003  -1.8846345087082425E-003
   4.7886994997509503E-003   9.9497325248281924E-003  -1.8753694540322276E-003
   4.8639344113640378E-003   9.9751782917915192E-003  -1.8657662760325695E-003
   4.9394494521331463E-003   9.9999517827898798E-003  -1.8566146231007948E-003
   5.0150798721021418E-003   1.0024677511909092E-002  -1.8483274094882401E-003
   5.0909915173336685E-003   1.0048434818296164E-002  -1.8397826745941022E-003
   5.1672890421778153E-003   1.0071009747812210E-002  -1.8314724237079485E-003
   5.2438023677042461E-003   1.0092248199331442E-002  -1.8217441557588769E-003
   5.3204213648580774E-003   1.0113258203780038E-002  -1.8123575173729779E-003
   5.3972831401964197E-003   1.0133295205134167E-002  -1.8028293446590801E-003
   5.4742449201986157E-003   1.0152822247909494E-002  -1.7930528922867300E-003
   5.5513336607886585E-003   1.0172004589200430E-002  -1.7835996470363293E-003
   5.6284736252145019E-003   1.0191033832559766E-002  -1.7742554621043491E-003
   5.7056188917877920E-003   1.0209352904843207E-002  -1.7636244023232714E-003
   5.7828480944712018E-003   1.0226591336001052E-002  -1.7518563629373991E-003
   5.8603846298404035E-003   1.0242430109442579E-002  -1.7401423143392413E-003
   5.9382936348584599E-003   1.0257689604860063E-002  -1.7302764777992275E-003
   6.0164149049078460E-003   1.0271564786307938E-002  -1.7200516786294801E-003
   6.0946050311821640E-003   1.0285076409001233E-002  -1.7098663852573969E-003
   6.1729171856957227E-003   1.0297865595156165E-002  -1.6996858562239516E-003
   6.2512087487865972E-003   1.0310212636533669E-002  -1.6888239174183406E-003
   6.3293331785114239E-003   1.0322574919865976E-002  -1.6768344458225691E-003
   6.4074073578520062E-003   1.0333874828065149E-002  -1.6635402890527063E-003
   6.4856135975663786E-003   1.0342873544107291E-002  -1.6492992504077331E-003
   6.5639469155565908E-003   1.0351385361303304E-002  -1.6354630566313749E-003
   6.6423444957263234E-003   1.0359015446688706E-002  -1.6214773062579609E-003
   6.7208723489483044E-003   1.0365230776656388E-002  -1.6075221656960408E-003
   6.7992481826076572E-003   1.0371224284928916E-002  -1.5926457900222019E-003
   6.8775605849452142E-003   1.0377033598264817E-002  -1.5773677165716335E-003
   6.9559515957556863E-003   1.0382929778164117E-002  -1.5625324720158899E-003
   7.0343920972715879E-003   1.0387525619058119E-002  -1.5475003074796791E-003
   7.1126569269262885E-003   1.0391944968155101E-002  -1.5315289019214747E-003
   7.1909507648829744E-003   1.0394729462699395E-002  -1.5153325590553902E-003
   7.2690633086291701E-003   1.0396803102820089E-002  -1.4981823250757413E-003
   7.3473171390233336E-003   1.0399240215544619E-002  -1.4817385265137944E-003
   7.4254508540399404E-003   1.0400825826232593E-002  -1.4646327259461112E-003
   7.5034962601445458E-003   1.0401648941410078E-002  -1.4470760441814532E-003
   7.5814552826773841E-003   1.0402690398002023E-002  -1.4291510288038261E-003
   7.6593504034699073E-003   1.0403045609933131E-002  -1.4109240166249085E-003
   7.7374051517161563E-003   1.0404047610848545E-002  -1.3934182380808517E-003
   7.8154767502993886E-003   1.0405748670577033E-002  -1.3760420506166232E-003
   7.8936075478408183E-003   1.0407358842664699E-002  -1.3589252221326402E-003
   7.9714869109849835E-003   1.0408640621985906E-002  -1.3406725009984862E-003
   8.0491379269834080E-003   1.0408444774156991E-002  -1.3214298044608727E-003
   8.1264715179236672E-003   1.0407287442216839E-002  -1.3009804452742775E-003
   8.2038200164138379E-003   1.0405949409322077E-002  -1.2805986041045066E-003
   8.2810465493873067E-003   1.0405085408273299E-002  -1.2597343737304448E-003
   8.3583206495204312E-003   1.0404997513969193E-002  -1.2390291637443492E-003
   8.4356239058995790E-003   1.0404346139616263E-002  -1.2184431912685453E-003
   8.5129527468138337E-003   1.0402748410580738E-002  -1.1980055391365369E-003
   8.5902198690558929E-003   1.0399561339070298E-002  -1.1775205593455437E-003
   8.6673355898047554E-003   1.0395068065693600E-002  -1.1567124814102216E-003
   8.7440938035382391E-003   1.0390020021016104E-002  -1.1347421862914818E-003
   8.8210056948032876E-003   1.0385229562762470E-002  -1.1132570174291593E-003
   8.8978516361211679E-003   1.0380951470205414E-002  -1.0914304456115292E-003
   8.9746589491842294E-003   1.0376713270393863E-002  -1.0694605953579098E-003
   9.0515472065887826E-003   1.0370737267289652E-002  -1.0481889414478561E-003
   9.1284382410431412E-003   1.0365902002141417E-002  -1.0266392539327622E-003
   9.2049767999724842E-003   1.0359788222281438E-002  -1.0041788289299417E-003
   9.2812115994644340E-003   1.0353890818494976E-002  -9.8065275888202606E-004
   9.3573820679269046E-003   1.0348711197966289E-002  -9.5675231423960803E-004
   9.4332635929288353E-003   1.0342874894106858E-002  -9.3209604270529567E-004
   9.5089364127010616E-003   1.0335082888090083E-002  -9.0733904379424260E-004
   9.5843778421006547E-003   1.0326013362373473E-002  -8.8231236932751508E-004
   9.6596077588274442E-003   1.0316435916205293E-002  -8.5684214852385524E-004
   9.7347162651528537E-003   1.0305247629128898E-002  -8.3167203708363823E-004
   9.8097100333198583E-003   1.0294928842387552E-002  -8.0579816263621064E-004
   9.8844539139168429E-003   1.0285203668390067E-002  -7.7898821466864992E-004
   9.9590919455472375E-003   1.0275071778979126E-002  -7.5203438297262318E-004
   1.0033537232183417E-002   1.0264074256634054E-002  -7.2488748989082779E-004
   1.0107794699373708E-002   1.0252066186326920E-002  -6.9765451694094320E-004
   1.0181740436636336E-002   1.0239094056542041E-002  -6.7001845729935635E-004
   1.0255528500380674E-002   1.0224888985788936E-002  -6.4256781776161225E-004
   1.0329113785361020E-002   1.0210051379775218E-002  -6.1490825734022959E-004
   1.0402914946535726E-002   1.0194162417171835E-002  -5.8843318461699592E-004
   1.0477052600205303E-002   1.0177951729324992E-002  -5.6311872415886941E-004
   1.0551024220644654E-002   1.0160039850737006E-002  -5.3847396865703981E-004
   1.0624561172460360E-002   1.0140980633968939E-002  -5.1339284086724356E-004
   1.0698074902696657E-002   1.0121733737857946E-002  -4.8838707236118254E-004
   1.0771508847626680E-002   1.0102707594170562E-002  -4.6298113627222788E-004
   1.0845271115582634E-002   1.0084812220697207E-002  -4.3770499258735782E-004
   1.0919173335256291E-002   1.0066819154364425E-002  -4.1291161676493401E-004
   1.0992484602790639E-002   1.0048432920816140E-002  -3.8669321734018732E-004
   1.1065628202332809E-002   1.0030113828051081E-002  -3.5996449334729981E-004
   1.1139011386166926E-002   1.0012165320814044E-002  -3.3364417005601676E-004
   1.1212535793362201E-002   9.9941784285597478E-003  -3.0774758244413386E-004
   1.1285572732838664E-002   9.9753119556388707E-003  -2.8110810663338346E-004
   1.1358013081693668E-002   9.9564178505322457E-003  -2.5290511648566946E-004
   1.1430550880104693E-002   9.9371171087940698E-003  -2.2523294333564887E-004
   1.1503075958758812E-002   9.9173795885333458E-003  -1.9783689876463808E-004
   1.1575542846404463E-002   9.8980511920935127E-003  -1.6999873638007769E-004
   1.1648239210782863E-002   9.8794773995989574E-003  -1.4224530702360830E-004
   1.1721101865222579E-002   9.8620202629503308E-003  -1.1420458722619300E-004
   1.1793965952188120E-002   9.8447396928341268E-003  -8.6058420074239752E-005
   1.1866614191284319E-002   9.8278295636074087E-003  -5.7139898537486050E-005
   1.1939420543922484E-002   9.8116523398997738E-003  -2.8199745642697298E-005
   1.2012500000010548E-002   9.7953991113084830E-003   7.9881808046901065E-015
