   3.5527136787923185E-015   3.5421283062121946E-015   7.1340190668713107E-015
  -8.5983897352683530E-006   7.9488523331286179E-005   2.7644804792821107E-006
  -1.6089151554283163E-005   1.5911389891625231E-004   4.6849087067202929E-006
  -2.2600713736870133E-005   2.3883403981217734E-004   6.2010520178222679E-006
  -2.9605483123276999E-005   3.1849180105677783E-004   8.5620427934623267E-006
  -3.7293100914435713E-005   3.9810350971321122E-004   1.0258032186965096E-005
  -4.5092384767512896E-005   4.7770085828067489E-004   1.2110941683302107E-005
  -5.1067844204886820E-005   5.5746524419494404E-004   1.3502565437906302E-005
  -5.6633682074864116E-005   6.3726663513716199E-004   1.4374031430706855E-005
  -6.2735176610513786E-005   7.1702868161832264E-004   1.5261560671842099E-005
  -6.8159682710813754E-005   7.9684149024728023E-004   1.4561334738892851E-005
  -7.4326340109822893E-005   8.7660287095106028E-004   1.4253947323820619E-005
  -8.0509139145645091E-005   9.5636292079487794E-004   1.4581728410180231E-005
  -8.7329812929382586E-005   1.0360694061855491E-003   1.3986248507814624E-005
  -9.3661954855198541E-005   1.1157787550584455E-003   1.1471555962781791E-005
  -1.0099829549648153E-004   1.1954281398406366E-003   1.0004034214626222E-005
  -1.0865405685777243E-004   1.2750379004522220E-003   8.0869196509204702E-006
  -1.1782029467488355E-004   1.3544706152509823E-003   5.5523781835737265E-006
  -1.2650350822930058E-004   1.4339421018548268E-003   2.5716705528800297E-006
  -1.3547182645507334E-004   1.5134240536212448E-003   1.0922777775065990E-006
  -1.4364170390358130E-004   1.5930040113667119E-003   5.5989404527806549E-007
  -1.5276460870275446E-004   1.6724818613606163E-003   3.5015524105756457E-007
  -1.6120775414821834E-004   1.7520328468634612E-003   9.4512343321415306E-007
  -1.6889911220227647E-004   1.8316497388571405E-003   2.3570426346827720E-006
  -1.7688696558814757E-004   1.9112269800616618E-003   4.2693393703904841E-006
  -1.8485482540372722E-004   1.9908226481756904E-003   5.2905289927824684E-006
  -1.9279612438786108E-004   2.0704023795319279E-003   7.2910600572415033E-006
  -2.0083541986412875E-004   2.1499848821351733E-003   8.7035095271167670E-006
  -2.0889657752953751E-004   2.2295516968251447E-003   1.0738142163278523E-005
  -2.1709046940784847E-004   2.3090844377023040E-003   1.3459035529399143E-005
  -2.2399780750973589E-004   2.3887452539526825E-003   1.5997351442502991E-005
  -2.2968263757980155E-004   2.4684954388876417E-003   1.8752474452659959E-005
  -2.3397522310879973E-004   2.5483121045054877E-003   2.2049987840436768E-005
  -2.3714236233588797E-004   2.6281785427475775E-003   2.5414695785086279E-005
  -2.3951318058966069E-004   2.7080799155995358E-003   2.8600577459854830E-005
  -2.4149810274447163E-004   2.7879813831452253E-003   3.2037956753119098E-005
  -2.4370595198094721E-004   2.8678388254414862E-003   3.6270485615007682E-005
  -2.4596864207709549E-004   2.9476774297128648E-003   4.0817737736605996E-005
  -2.4742127815150010E-004   3.0275439296682887E-003   4.5203171837583389E-005
  -2.4845536069241324E-004   3.1074870275592183E-003   4.8037210816594963E-005
  -2.4848961300462272E-004   3.1874448343823455E-003   5.0634894353446888E-005
  -2.4914078178628666E-004   3.2674059401393402E-003   5.3042705230054887E-005
  -2.4891738488924241E-004   3.3473449338874686E-003   5.6158368734774065E-005
  -2.4814690422794857E-004   3.4272274058854838E-003   6.0424164310949059E-005
  -2.4565680513967397E-004   3.5070815240543425E-003   6.4561703489500656E-005
  -2.4125099362056661E-004   3.5868496459535142E-003   6.8761174411364394E-005
  -2.3595108079081653E-004   3.6665180913837705E-003   7.3746123090293297E-005
  -2.3041855490608555E-004   3.7461786808653877E-003   7.8602218858830544E-005
  -2.2497359248805368E-004   3.8258598097432876E-003   8.3214169604782143E-005
  -2.1866165615786948E-004   3.9055544446664112E-003   8.6201580267894089E-005
  -2.1074744298342716E-004   3.9850897941132793E-003   8.9591774506402131E-005
  -2.0222948037087936E-004   4.0645582595693853E-003   9.3085669662893247E-005
  -1.9226866157881522E-004   4.1438680381045735E-003   9.6363033095932596E-005
  -1.8196064060070223E-004   4.2231198968792861E-003   9.9952960544292646E-005
  -1.7071280253396181E-004   4.3022489790380094E-003   1.0342779977997913E-004
  -1.5965202065218532E-004   4.3814442516690302E-003   1.0582944232583082E-004
  -1.4841695394488046E-004   4.4605991772607590E-003   1.0870538309255275E-004
  -1.3578726357898885E-004   4.5395789899777056E-003   1.1034249016696913E-004
  -1.2205865731524152E-004   4.6183818201721710E-003   1.1162284360702362E-004
  -1.0759725206594489E-004   4.6970372696402956E-003   1.1366931248117350E-004
  -9.2854768493762634E-005   4.7756196154757364E-003   1.1640319038793024E-004
  -7.7706875660186794E-005   4.8541072354112945E-003   1.1960238815530232E-004
  -6.1742830724610079E-005   4.9324526132639643E-003   1.2227653402029247E-004
  -4.5526920486955800E-005   5.0107397880995302E-003   1.2513354171967781E-004
  -2.8950784376338988E-005   5.0889689145198263E-003   1.2746495777732748E-004
  -1.0917089543199021E-005   5.1668804544495271E-003   1.2960453426621296E-004
   9.3619992909325410E-006   5.2442419197591995E-003   1.3159507274090705E-004
   3.0473043325279939E-005   5.3213716136624933E-003   1.3390464998257423E-004
   5.1829142395991396E-005   5.3984393743160474E-003   1.3602061358213298E-004
   7.4353120695163144E-005   5.4751487249616471E-003   1.3890954258122728E-004
   9.7740223567348400E-005   5.5516212636383244E-003   1.4114432597239616E-004
   1.2262257436060814E-004   5.6276487919081448E-003   1.4197109503615257E-004
   1.4819726445190699E-004   5.7034382105726747E-003   1.4334923102864963E-004
   1.7587738665600407E-004   5.7784731558811232E-003   1.4523809625799692E-004
   2.0392256214294595E-004   5.8533831119278040E-003   1.4664045843625607E-004
   2.3258343802011710E-004   5.9280559046180157E-003   1.4823050035512878E-004
   2.6213835203045554E-004   6.0023840859771607E-003   1.4958272776303532E-004
   2.9238506064645871E-004   6.0763979387515946E-003   1.5224472150273413E-004
   3.2257796727961784E-004   6.1504306647313465E-003   1.5499133108147931E-004
   3.5372791093847203E-004   6.2240862330566046E-003   1.5712165206885261E-004
   3.8463860165942321E-004   6.2978388483318623E-003   1.5937574475397915E-004
   4.1523141690465989E-004   6.3716877758308518E-003   1.6260306133368673E-004
   4.4738443004567452E-004   6.4448501102408835E-003   1.6627138154375791E-004
   4.8095094704650535E-004   6.5174311572040533E-003   1.6856932842148587E-004
   5.1492307115763526E-004   6.5898131543360283E-003   1.7116572453716866E-004
   5.4982718154775200E-004   6.6617345135994502E-003   1.7416924967519291E-004
   5.8634429902507091E-004   6.7328539943037865E-003   1.7708808458459459E-004
   6.2436733208364858E-004   6.8032168890135502E-003   1.7890797686398137E-004
   6.6275881767624296E-004   6.8733409063305049E-003   1.8186026843131667E-004
   7.0194690220256705E-004   6.9430375420970747E-003   1.8444348252120993E-004
   7.4118751954550062E-004   7.0126677287113944E-003   1.8788020511966577E-004
   7.8121045834456571E-004   7.0818549668986786E-003   1.9124033214236954E-004
   8.2159499752947984E-004   7.1508372598636238E-003   1.9448567388180018E-004
   8.6268060785130011E-004   7.2194263750648656E-003   1.9722536152381862E-004
   9.0405354028596889E-004   7.2877830451584386E-003   2.0118088038416623E-004
   9.4600561542218520E-004   7.3557294106179208E-003   2.0600942094365518E-004
   9.8810443021757214E-004   7.4235793193285667E-003   2.1091652578242412E-004
   1.0318882321604069E-003   7.4902999054810727E-003   2.1651492620512747E-004
   1.0757708058584112E-003   7.5569061163165436E-003   2.2267385479767972E-004
   1.1209018555191988E-003   7.6227327204100616E-003   2.2815532666584323E-004
   1.1672578738506818E-003   7.6877526937149049E-003   2.3300534106122272E-004
   1.2139844182976357E-003   7.7525148930177512E-003   2.3774744946790101E-004
   1.2615584491400091E-003   7.8166599115297563E-003   2.4245151001784369E-004
   1.3102451083069960E-003   7.8799650087458470E-003   2.4714979609571062E-004
   1.3596075178754102E-003   7.9427695315034703E-003   2.5150231714866249E-004
   1.4094084164181075E-003   8.0052024776998080E-003   2.5619249237692773E-004
   1.4602314886022153E-003   8.0667665620357092E-003   2.6137697233579550E-004
   1.5119054798056818E-003   8.1277230522325671E-003   2.6513262731814828E-004
   1.5648135277952365E-003   8.1876202227992145E-003   2.6874751531327150E-004
   1.6186405819933636E-003   8.2467104319796907E-003   2.7206344944900651E-004
   1.6723876428289769E-003   8.3058625224547641E-003   2.7556825182655854E-004
   1.7268820270801676E-003   8.3643286621795602E-003   2.7904281533269477E-004
   1.7818177251341643E-003   8.4224022385479217E-003   2.8212969199555552E-004
   1.8373744322440772E-003   8.4798892061269150E-003   2.8507941214102534E-004
   1.8931236621955838E-003   8.5371914440244487E-003   2.8799092245995479E-004
   1.9496209932819285E-003   8.5937903969660716E-003   2.9013803946481711E-004
   2.0057952793507824E-003   8.6506582240365084E-003   2.9337838276202846E-004
   2.0610386629159472E-003   8.7084964163053943E-003   2.9508486826736332E-004
   2.1174197909710783E-003   8.7652260789186746E-003   2.9679184692192601E-004
   2.1747886370582187E-003   8.8209355231960874E-003   2.9908821902409328E-004
   2.2327792777647329E-003   8.8760120645493597E-003   3.0100138052720145E-004
   2.2910439047994242E-003   8.9308127936589578E-003   3.0245510737107381E-004
   2.3500266791648570E-003   8.9848416514794107E-003   3.0383889184628759E-004
   2.4093632290462389E-003   9.0384757620797038E-003   3.0543764966741707E-004
   2.4689920278395594E-003   9.0918083692655138E-003   3.0563604131994603E-004
   2.5293609985160693E-003   9.1443002588248151E-003   3.0607068125958117E-004
   2.5902202621527971E-003   9.1962179412096896E-003   3.0690990046731265E-004
   2.6516190079906347E-003   9.2474328076253085E-003   3.0959903834127414E-004
   2.7133232311265226E-003   9.2982990958914696E-003   3.1188148605251737E-004
   2.7757873928505074E-003   9.3482494126829515E-003   3.1366876196660669E-004
   2.8386661605119745E-003   9.3976945531436366E-003   3.1486820511730519E-004
   2.9020920866311738E-003   9.4464498054800013E-003   3.1514617113161130E-004
   2.9662017154822788E-003   9.4943024864778611E-003   3.1486974899127288E-004
   3.0309377712971881E-003   9.5413032192075940E-003   3.1445237274080340E-004
   3.0962306541349300E-003   9.5875240034426542E-003   3.1376059451128867E-004
   3.1614574311064807E-003   9.6338314316138079E-003   3.1271672572552969E-004
   3.2281407078620654E-003   9.6780071353206147E-003   3.1135738598332457E-004
   3.2956283733941972E-003   9.7209536640100545E-003   3.1035206418872992E-004
   3.3635193443796708E-003   9.7632610709569596E-003   3.0940370916855426E-004
   3.4316661436383650E-003   9.8051043033673298E-003   3.0713266350455197E-004
   3.5003264802135068E-003   9.8460642934358605E-003   3.0429763233599002E-004
   3.5702574729419467E-003   9.8848274956111881E-003   3.0163860824228153E-004
   3.6403983114853700E-003   9.9231906017986701E-003   2.9871716153356467E-004
   3.7108695260075976E-003   9.9608293085055241E-003   2.9457763421550332E-004
   3.7812242443876500E-003   9.9987366718859560E-003   2.9093821069927988E-004
   3.8522148321077760E-003   1.0035566869278693E-002   2.8897021321318175E-004
   3.9235915652326208E-003   1.0071635125185902E-002   2.8686239798025030E-004
   3.9955568214397625E-003   1.0106472594193810E-002   2.8415082050865369E-004
   4.0675474766225942E-003   1.0141278134623264E-002   2.8171773132184923E-004
   4.1397351375152061E-003   1.0175721480813294E-002   2.8010605018457223E-004
   4.2125712171964900E-003   1.0208742550576038E-002   2.7798132692292716E-004
   4.2864268008685515E-003   1.0239426798020288E-002   2.7602435953921300E-004
   4.3607400920901984E-003   1.0268923527255261E-002   2.7328981817218708E-004
   4.4352415355291015E-003   1.0297993900547411E-002   2.7118071499367450E-004
   4.5099564061924216E-003   1.0326531671748025E-002   2.6936861058667375E-004
   4.5849496230947846E-003   1.0354292868634778E-002   2.6705920407036509E-004
   4.6604273056488187E-003   1.0380801815473196E-002   2.6643056806495907E-004
   4.7359800065430394E-003   1.0407103607551838E-002   2.6650205958121198E-004
   4.8113657261683778E-003   1.0433879762327189E-002   2.6632648438555640E-004
   4.8873781052869133E-003   1.0458821565109491E-002   2.6648357544608551E-004
   4.9638643651479910E-003   1.0482266522496465E-002   2.6605225713637965E-004
   5.0405231175530731E-003   1.0505144465645818E-002   2.6586410769436925E-004
   5.1173284156580115E-003   1.0527524633138519E-002   2.6559156781583246E-004
   5.1946916472136381E-003   1.0547894463449749E-002   2.6557099684506398E-004
   5.2723027275051095E-003   1.0567297090617166E-002   2.6581240237532884E-004
   5.3503941949982169E-003   1.0584532634637827E-002   2.6797080825924076E-004
   5.4281993100031567E-003   1.0603102130819698E-002   2.6921092802216647E-004
   5.5062782121595242E-003   1.0620510823131202E-002   2.6999989330229221E-004
   5.5848195233377303E-003   1.0635707941633949E-002   2.7055670076447073E-004
   5.6635394827112343E-003   1.0649960782553545E-002   2.7071328208838066E-004
   5.7422623318979012E-003   1.0664181808475080E-002   2.7002376656719859E-004
   5.8213508747488501E-003   1.0676176005789989E-002   2.6895529440014307E-004
   5.9004711523075095E-003   1.0687864851828852E-002   2.6712429658013663E-004
   5.9795749839205601E-003   1.0699601767999764E-002   2.6492688417173704E-004
   6.0588540469835783E-003   1.0710074762767252E-002   2.6265828612752058E-004
   6.1382365865663042E-003   1.0719869263459081E-002   2.6108343253431648E-004
   6.2177935190541574E-003   1.0728029301899082E-002   2.5905654452691268E-004
   6.2972308109984446E-003   1.0737407992016923E-002   2.5773109267724725E-004
   6.3767871435494328E-003   1.0745471772373612E-002   2.5532996899623334E-004
   6.4565092776077424E-003   1.0751426224779800E-002   2.5234235610905882E-004
   6.5362175350090262E-003   1.0757443674851132E-002   2.4911993418745429E-004
   6.6159750978908851E-003   1.0762827378231560E-002   2.4599793203367932E-004
   6.6956652324977502E-003   1.0768793197708895E-002   2.4227080795241005E-004
   6.7754440089142446E-003   1.0773466468912748E-002   2.3859557135312668E-004
   6.8552798912861123E-003   1.0777467978999592E-002   2.3539872835227625E-004
   6.9351393456495219E-003   1.0780672313527955E-002   2.3190590830775228E-004
   7.0149578910318096E-003   1.0782956167079263E-002   2.2702904250067915E-004
   7.0947919255216962E-003   1.0784980737101168E-002   2.2229321600196385E-004
   7.1746400881832258E-003   1.0785355203599464E-002   2.1738091558267980E-004
   7.2544402096796131E-003   1.0784207686435057E-002   2.1184703717616859E-004
   7.3341734521413576E-003   1.0782066615891810E-002   2.0568052514076109E-004
   7.4138937925790228E-003   1.0778869314566482E-002   1.9981157403197429E-004
   7.4936488221124349E-003   1.0775453930571569E-002   1.9457035203848677E-004
   7.5734584441703333E-003   1.0771632316096114E-002   1.9059297830117090E-004
   7.6532899960270479E-003   1.0767528655392430E-002   1.8741755748960531E-004
   7.7330250503376968E-003   1.0762998414533239E-002   1.8274872167569568E-004
   7.8127114305986851E-003   1.0757865156435880E-002   1.7787733040583326E-004
   7.8923254665216897E-003   1.0751521120631933E-002   1.7325580404766331E-004
   7.9718399343222772E-003   1.0744165910198465E-002   1.6842359070046858E-004
   8.0512276802709570E-003   1.0735881569233691E-002   1.6304256031665168E-004
   8.1305647505751279E-003   1.0726812167690452E-002   1.5820776628278779E-004
   8.2097965502443727E-003   1.0717118283646116E-002   1.5288324464563492E-004
   8.2888966939328387E-003   1.0706506665150979E-002   1.4735506054333627E-004
   8.3677020048466295E-003   1.0694443131233512E-002   1.4070719463139781E-004
   8.4465612620515263E-003   1.0682542808968534E-002   1.3441435073142585E-004
   8.5251891990328500E-003   1.0669435330775960E-002   1.2764371256968551E-004
   8.6036261117167188E-003   1.0655052486354271E-002   1.2125743719623833E-004
   8.6820168223880143E-003   1.0640005513714416E-002   1.1592029523109879E-004
   8.7603908070261922E-003   1.0624943714808783E-002   1.1038307970577959E-004
   8.8387081502499000E-003   1.0609623927609049E-002   1.0475299370023066E-004
   8.9169971407973714E-003   1.0594211470835601E-002   9.8983233286922478E-005
   8.9950060691986033E-003   1.0577580064601416E-002   9.2818542154724575E-005
   9.0728292247026568E-003   1.0560235332145635E-002   8.6282739084940044E-005
   9.1505703913175446E-003   1.0542309358099359E-002   8.0369156009425392E-005
   9.2282610375919623E-003   1.0524359622325384E-002   7.3890695108363053E-005
   9.3057520097067446E-003   1.0505659269979584E-002   6.7149325208633355E-005
   9.3832762720525691E-003   1.0486768750529687E-002   6.1392848168449236E-005
   9.4607363023471933E-003   1.0467677306289950E-002   5.5437979140368311E-005
   9.5383422041076266E-003   1.0448853774532068E-002   5.0642287581853419E-005
   9.6160545111182542E-003   1.0430136332612768E-002   4.7408913615639194E-005
   9.6936643109429461E-003   1.0410918388162190E-002   4.4690534525489105E-005
   9.7711752862819565E-003   1.0391270914345862E-002   4.2235849076553300E-005
   9.8484719230398348E-003   1.0370870158716988E-002   3.9229338235010997E-005
   9.9257552467552947E-003   1.0350439623801581E-002   3.6085912901907264E-005
   1.0002831097897569E-002   1.0329111261061555E-002   3.3984933315437445E-005
   1.0079817875657369E-002   1.0307475820225015E-002   3.1761478163998132E-005
   1.0156845679333929E-002   1.0286040579963502E-002   2.9069279627468562E-005
   1.0233959428698371E-002   1.0264837669258895E-002   2.7092859327881376E-005
   1.0311124551877947E-002   1.0243896393784339E-002   2.4445833571372291E-005
   1.0388411283079187E-002   1.0223303832147703E-002   2.2800359224524772E-005
   1.0465953976518430E-002   1.0203637133994149E-002   2.2207336066912355E-005
   1.0543351610123781E-002   1.0183406603717677E-002   2.1631181114825699E-005
   1.0620724222096535E-002   1.0163079784493302E-002   2.1084062860837842E-005
   1.0697911375027075E-002   1.0142145652477208E-002   1.9107819099507786E-005
   1.0775094400274177E-002   1.0121280277250821E-002   1.6384450661346116E-005
   1.0852051871153271E-002   1.0099553551578511E-002   1.4039869473001236E-005
   1.0928832056626156E-002   1.0077262031849797E-002   1.1230729577497863E-005
   1.1005993648493872E-002   1.0056308415831331E-002   8.5784256640528521E-006
   1.1083053954672300E-002   1.0034999402187465E-002   5.8152483020984692E-006
   1.1160283846276934E-002   1.0014322038367194E-002   2.9885073253844637E-006
   1.1237637277775284E-002   9.9939456789212462E-003   1.8702000233764580E-006
   1.1314939359241485E-002   9.9733690427596684E-003   8.7508772556201201E-007
   1.1392336406997657E-002   9.9531281133942422E-003   8.3297112509934350E-007
   1.1469428400134735E-002   9.9317597711720152E-003   1.3004568334290883E-006
   1.1546530268296070E-002   9.9104270202037201E-003   1.7648500442264770E-006
   1.1623925295448942E-002   9.8901791880035266E-003   1.5775917198673000E-006
   1.1701340816752800E-002   9.8700373759609793E-003   5.0779374721830083E-007
   1.1778933344145270E-002   9.8505607746158380E-003   2.5941665388667394E-007
   1.1856780597773084E-002   9.8321354823063273E-003  -3.0067975541888424E-007
   1.1934496357298360E-002   9.8131551694395774E-003  -3.9258096057261870E-007
   1.2012500000010385E-002   9.7953991113083547E-003   7.9772996323675291E-015
