   3.5527136787923177E-015   3.5421283062121954E-015   7.1340190668714527E-015
  -5.5701502007865186E-006   7.3017224974348554E-005  -3.2209599237046190E-005
  -1.0193745852206496E-005   1.4611800710512360E-004  -6.4379429969786624E-005
  -1.4510915912236115E-005   2.1929993732772464E-004  -9.6407029452571174E-005
  -1.8081020320639176E-005   2.9210841038696683E-004  -1.2936428363728128E-004
  -2.1050709151130186E-005   3.6500100693274940E-004  -1.6219491445035414E-004
  -2.4019206335542675E-005   4.3797222697490037E-004  -1.9485052761595588E-004
  -2.7415775687157140E-005   5.1126602749484279E-004  -2.2673284425736939E-004
  -3.2103454867585473E-005   5.8463749551112307E-004  -2.5827096952688939E-004
  -3.5818266203775584E-005   6.5815096310944737E-004  -2.8960737425034246E-004
  -3.9166630262666083E-005   7.3185174628023840E-004  -3.2054251643807969E-004
  -4.1688893442582136E-005   8.0564655616542711E-004  -3.5133154410596165E-004
  -4.5460311633000758E-005   8.7942228602413128E-004  -3.8203851536815155E-004
  -4.8981580737590575E-005   9.5297602971749975E-004  -4.1330267141134492E-004
  -5.2628657392408574E-005   1.0265776504809626E-003  -4.4443947038892554E-004
  -5.4950222243835586E-005   1.1000233926989492E-003  -4.7606751643916145E-004
  -5.7214860623039249E-005   1.1734473369887299E-003  -5.0775025326606161E-004
  -5.9256059296654910E-005   1.2471706333276860E-003  -5.3874556067490665E-004
  -6.1143583077341083E-005   1.3209345739430864E-003  -5.6965378478274426E-004
  -6.2069851398472114E-005   1.3943547790153284E-003  -6.0141249233716231E-004
  -6.2009087786288799E-005   1.4682768526284140E-003  -6.3199881845299617E-004
  -6.2206188496787603E-005   1.5419265208065425E-003  -6.6323481612456112E-004
  -6.2434072713206257E-005   1.6156806335156694E-003  -6.9422318352139036E-004
  -6.1849993632099150E-005   1.6894331854239203E-003  -7.2521059925630582E-004
  -5.9730472965286299E-005   1.7630776737434187E-003  -7.5638746520762055E-004
  -5.6805263903060370E-005   1.8375151023491464E-003  -7.8555101052205968E-004
  -5.4422437759326159E-005   1.9119262928515325E-003  -8.1483064276735063E-004
  -5.2164359015783787E-005   1.9863201068030384E-003  -8.4416426736418754E-004
  -5.0558035014668864E-005   2.0604254006714425E-003  -8.7426119638814412E-004
  -4.9060331004523671E-005   2.1347981595448893E-003  -9.0369671263166825E-004
  -4.7040378788090118E-005   2.2091881505647390E-003  -9.3305738432152170E-004
  -4.4679060954868239E-005   2.2834514592994918E-003  -9.6271181310961663E-004
  -4.2314588607595609E-005   2.3578376534579455E-003  -9.9205637622762593E-004
  -4.0974592411231539E-005   2.4324833454360344E-003  -1.0208005072317651E-003
  -3.9023951622996694E-005   2.5068608355325243E-003  -1.0501975134113897E-003
  -3.6474435173664116E-005   2.5815291621137191E-003  -1.0788006772183101E-003
  -3.2555428426901319E-005   2.6563482715595463E-003  -1.1068496029869653E-003
  -2.9296001414576351E-005   2.7309797411899568E-003  -1.1354768605693240E-003
  -2.4257399864296705E-005   2.8053445634529692E-003  -1.1645368967559745E-003
  -1.9060598279040510E-005   2.8798930343020743E-003  -1.1930941856919941E-003
  -1.2947490773262607E-005   2.9541693505145939E-003  -1.2221743984053299E-003
  -5.8689089038962342E-006   3.0281114351751836E-003  -1.2518806570500115E-003
   2.9506836395038474E-006   3.1016560335546187E-003  -1.2821032781022480E-003
   1.2306609984345228E-005   3.1754560098326660E-003  -1.3115316679402152E-003
   2.1269111326945928E-005   3.2490131394256072E-003  -1.3416816640955164E-003
   3.2137520249797561E-005   3.3227488776066865E-003  -1.3707491477306416E-003
   4.1404141440926265E-005   3.3964697047548956E-003  -1.4004033103874722E-003
   5.0791302758338950E-005   3.4703891331626211E-003  -1.4295203042504808E-003
   6.1990180331454191E-005   3.5441928697428292E-003  -1.4582882310536526E-003
   7.2680757100307484E-005   3.6180008955789037E-003  -1.4872379614288727E-003
   8.4086172203914385E-005   3.6916444016434221E-003  -1.5163335026614254E-003
   9.4778595675511730E-005   3.7656240484732098E-003  -1.5448411144107145E-003
   1.0719867334921211E-004   3.8393296157494244E-003  -1.5733583200323773E-003
   1.2044677538061038E-004   3.9129555029844814E-003  -1.6017082144988946E-003
   1.3446549229866942E-004   3.9861307695685114E-003  -1.6308433470456011E-003
   1.4932824555205366E-004   4.0593228378151842E-003  -1.6595142329985846E-003
   1.6460838331200316E-004   4.1319969539357028E-003  -1.6892630185325864E-003
   1.8210330895522444E-004   4.2043729494283741E-003  -1.7185143923176165E-003
   1.9956800131629788E-004   4.2773984786573073E-003  -1.7461233869226305E-003
   2.1690989883204904E-004   4.3507027996070704E-003  -1.7730628584889465E-003
   2.3532446306885434E-004   4.4239430288322990E-003  -1.7994593096572146E-003
   2.5420463239941729E-004   4.4970068138692225E-003  -1.8260153358840158E-003
   2.7368518065706441E-004   4.5699477335389913E-003  -1.8524753150034568E-003
   2.9304774537301554E-004   4.6433065535715270E-003  -1.8778440870007608E-003
   3.1312188855578025E-004   4.7169394584223989E-003  -1.9018279171450364E-003
   3.3353743645450368E-004   4.7906516816748181E-003  -1.9252738877642316E-003
   3.5575181281829386E-004   4.8638491620953180E-003  -1.9486971741502139E-003
   3.7961441651720702E-004   4.9364906692664313E-003  -1.9722298660786921E-003
   4.0355867103260317E-004   5.0090605724801528E-003  -1.9959001390988679E-003
   4.2835689123285847E-004   5.0813665444838663E-003  -2.0194987550162177E-003
   4.5423848588657716E-004   5.1534578677797623E-003  -2.0425852049990819E-003
   4.8219515111322972E-004   5.2253210376754884E-003  -2.0638950540079505E-003
   5.1056909391069606E-004   5.2973475508669215E-003  -2.0840717926243831E-003
   5.3916935518499105E-004   5.3696329514236057E-003  -2.1029621583152558E-003
   5.6732284125534055E-004   5.4420709843576859E-003  -2.1219387915629500E-003
   5.9466026565229639E-004   5.5148203067632391E-003  -2.1409177621469584E-003
   6.2404937650702760E-004   5.5870141596542511E-003  -2.1589268646559872E-003
   6.5457790005515328E-004   5.6591811904064477E-003  -2.1750491758318101E-003
   6.8433342274628738E-004   5.7316155637029027E-003  -2.1914159233915316E-003
   7.1437212271220141E-004   5.8040402144677759E-003  -2.2073013402496293E-003
   7.4519493349482129E-004   5.8761616185876650E-003  -2.2230638717036584E-003
   7.7538553278175910E-004   5.9484832208753320E-003  -2.2391297849016167E-003
   8.0661591953131329E-004   6.0202919211086404E-003  -2.2555057892329404E-003
   8.3916649465235360E-004   6.0917131156044300E-003  -2.2709807056389636E-003
   8.7251319921567868E-004   6.1630713741681001E-003  -2.2849805709132644E-003
   9.0598373579807163E-004   6.2343107404798630E-003  -2.2992870684617754E-003
   9.3940172053074160E-004   6.3057006541984532E-003  -2.3129515668935618E-003
   9.7262617151885270E-004   6.3772341901803037E-003  -2.3263339840621311E-003
   1.0062317239421491E-003   6.4486384858245980E-003  -2.3394524217021503E-003
   1.0408325587061237E-003   6.5196176449725035E-003  -2.3522875766008892E-003
   1.0762531335283061E-003   6.5903001897147217E-003  -2.3645089000809984E-003
   1.1123037271389567E-003   6.6604582686733251E-003  -2.3778580075026006E-003
   1.1491324329160480E-003   6.7301219192969124E-003  -2.3916646074956193E-003
   1.1870756724745573E-003   6.7993081313205963E-003  -2.4048395316170141E-003
   1.2263199389693990E-003   6.8678748786950294E-003  -2.4174287617687593E-003
   1.2667215379238549E-003   6.9356415497479956E-003  -2.4306722162875946E-003
   1.3065397161101443E-003   7.0037409329743649E-003  -2.4439758506477971E-003
   1.3473706500210984E-003   7.0713346588219149E-003  -2.4567790954876266E-003
   1.3898188776911211E-003   7.1380112246648602E-003  -2.4691234679993079E-003
   1.4330681634332591E-003   7.2043035380285180E-003  -2.4807350335888539E-003
   1.4773417392389134E-003   7.2699099414287923E-003  -2.4923819354088382E-003
   1.5220517714979252E-003   7.3352131512096942E-003  -2.5040654200908451E-003
   1.5679399754101103E-003   7.3998392489629580E-003  -2.5149162369720430E-003
   1.6166897578124536E-003   7.4623074637611767E-003  -2.5259244549093798E-003
   1.6659653771176149E-003   7.5243344884781656E-003  -2.5370851692087088E-003
   1.7160760224211268E-003   7.5859249739759441E-003  -2.5468593870033394E-003
   1.7667067244807285E-003   7.6472400809656981E-003  -2.5556337611941952E-003
   1.8178463500408816E-003   7.7082675108845582E-003  -2.5634049582379582E-003
   1.8709395361557048E-003   7.7675382742516787E-003  -2.5716566366898114E-003
   1.9249716514212498E-003   7.8260113559527646E-003  -2.5794943174797949E-003
   1.9806079525028354E-003   7.8829372010463042E-003  -2.5874974517421244E-003
   2.0375824914595519E-003   7.9385867870784901E-003  -2.5950489738367751E-003
   2.0944823822542373E-003   7.9941562896664927E-003  -2.6036764189997200E-003
   2.1523563792232164E-003   8.0487484887050275E-003  -2.6120604678007203E-003
   2.2114109700945555E-003   8.1022631223654235E-003  -2.6190418202272341E-003
   2.2706506551089874E-003   8.1557797663175686E-003  -2.6242021055840128E-003
   2.3297694830651597E-003   8.2093573053613964E-003  -2.6300682360557745E-003
   2.3897991612849248E-003   8.2618050050788944E-003  -2.6368266776437650E-003
   2.4498328460556868E-003   8.3142724374742853E-003  -2.6433936577496880E-003
   2.5100581229209220E-003   8.3665153800103042E-003  -2.6499960050354872E-003
   2.5707131948479586E-003   8.4182488495588136E-003  -2.6566751054142488E-003
   2.6318367169228586E-003   8.4695746602905901E-003  -2.6621135057479156E-003
   2.6939353567561725E-003   8.5196662573718968E-003  -2.6679949036543908E-003
   2.7572701165652891E-003   8.5684195307437656E-003  -2.6714338764357677E-003
   2.8208868792012989E-003   8.6168641400188508E-003  -2.6738889401700496E-003
   2.8842293963060239E-003   8.6656869280804880E-003  -2.6759041063091084E-003
   2.9478566960070432E-003   8.7141752012665618E-003  -2.6765779755258158E-003
   3.0116702089546814E-003   8.7624195489105459E-003  -2.6771423163905695E-003
   3.0759688509125541E-003   8.8100187463828888E-003  -2.6771746379543786E-003
   3.1411024417408021E-003   8.8564613641385088E-003  -2.6763388123012492E-003
   3.2067670129632951E-003   8.9021553578689377E-003  -2.6758665572447111E-003
   3.2726374751762808E-003   8.9475532505816115E-003  -2.6755295934517858E-003
   3.3391170119218701E-003   8.9920555100729896E-003  -2.6753878417889888E-003
   3.4063308761894443E-003   9.0354341531703672E-003  -2.6746198731146626E-003
   3.4741367229983544E-003   9.0778180716254275E-003  -2.6721763927043674E-003
   3.5424951396169544E-003   9.1193204909869562E-003  -2.6700139717147609E-003
   3.6115505978965420E-003   9.1596027585393088E-003  -2.6670673458457574E-003
   3.6806819178812587E-003   9.1997298870058388E-003  -2.6638002132296692E-003
   3.7501356283635785E-003   9.2393366199398815E-003  -2.6610636446115221E-003
   3.8201405817708334E-003   9.2779004797380136E-003  -2.6575800814846533E-003
   3.8906640672861812E-003   9.3152722730688777E-003  -2.6521223291367259E-003
   3.9616491881542754E-003   9.3518853706649370E-003  -2.6475843013905450E-003
   4.0325139937061978E-003   9.3886287530826236E-003  -2.6422830580039060E-003
   4.1039184502824873E-003   9.4243113001261109E-003  -2.6369765127390410E-003
   4.1753255107689008E-003   9.4594688169191855E-003  -2.6289154503973118E-003
   4.2473153643630595E-003   9.4935247933356885E-003  -2.6213225952841121E-003
   4.3196927637009861E-003   9.5267549101032429E-003  -2.6137548079276851E-003
   4.3925532278601522E-003   9.5588538025033146E-003  -2.6059436704064976E-003
   4.4660912451754383E-003   9.5894279634265826E-003  -2.5983686658209723E-003
   4.5396641155165474E-003   9.6198236104173308E-003  -2.5904227617343733E-003
   4.6134306582339074E-003   9.6494238107042093E-003  -2.5813494316372677E-003
   4.6871234903333959E-003   9.6789636900426728E-003  -2.5715126624546269E-003
   4.7611405115105419E-003   9.7074668935444447E-003  -2.5610700588283709E-003
   4.8355161820096146E-003   9.7349334424828276E-003  -2.5504000859477285E-003
   4.9099109603413064E-003   9.7627911108306431E-003  -2.5409466592187140E-003
   4.9842598136250436E-003   9.7903555715784865E-003  -2.5303424849672557E-003
   5.0589043004771834E-003   9.8167807085295360E-003  -2.5189445584377105E-003
   5.1337288077940198E-003   9.8424809675339391E-003  -2.5070790714345451E-003
   5.2088627523403748E-003   9.8673958039489258E-003  -2.4954971321385143E-003
   5.2842090045834662E-003   9.8916443893287912E-003  -2.4838804044153826E-003
   5.3597640084264214E-003   9.9151187729380127E-003  -2.4720315766960949E-003
   5.4350773982882036E-003   9.9386308390454238E-003  -2.4587999457271947E-003
   5.5103808000649826E-003   9.9617890391530128E-003  -2.4449040671795279E-003
   5.5861276972770943E-003   9.9839464030484250E-003  -2.4318098396435952E-003
   5.6619947521473124E-003   1.0005600584135367E-002  -2.4185702615374359E-003
   5.7381271437724774E-003   1.0026608158220670E-002  -2.4058211139063404E-003
   5.8142455783478722E-003   1.0047081930230926E-002  -2.3921533202326765E-003
   5.8907711330919025E-003   1.0065380855912895E-002  -2.3776968757813995E-003
   5.9674385901117896E-003   1.0082688685723051E-002  -2.3627790988602839E-003
   6.0445248245258642E-003   1.0098964236988743E-002  -2.3488931746694082E-003
   6.1218194800973730E-003   1.0114272773909350E-002  -2.3350662114669228E-003
   6.1991934181841925E-003   1.0128738803600124E-002  -2.3207830849797280E-003
   6.2764958904338829E-003   1.0142862313635891E-002  -2.3057879442987517E-003
   6.3539684228044770E-003   1.0154775708202980E-002  -2.2897855145994871E-003
   6.4313770070676983E-003   1.0166509435370747E-002  -2.2733468186144669E-003
   6.5087117976810058E-003   1.0177175593985028E-002  -2.2558664519269430E-003
   6.5857373988179174E-003   1.0186346850797067E-002  -2.2362974757833649E-003
   6.6626287387854602E-003   1.0195092272268851E-002  -2.2160184362715308E-003
   6.7398004247359910E-003   1.0203394731153849E-002  -2.1966380322095561E-003
   6.8169643779424118E-003   1.0210483933818610E-002  -2.1767516669278122E-003
   6.8944100067507954E-003   1.0217585798239748E-002  -2.1579969846723269E-003
   6.9719868984382590E-003   1.0223948060031287E-002  -2.1395213927355317E-003
   7.0494322671166131E-003   1.0229903892308642E-002  -2.1203708590144359E-003
   7.1270271751599553E-003   1.0234705241132454E-002  -2.1015034985842540E-003
   7.2046197257098323E-003   1.0238921009857661E-002  -2.0824871005170617E-003
   7.2819608391308391E-003   1.0243093022141775E-002  -2.0624634522199473E-003
   7.3589473225085938E-003   1.0248366903401911E-002  -2.0413620885765559E-003
   7.4354888734933554E-003   1.0253026831099629E-002  -2.0185656843418787E-003
   7.5119803691722558E-003   1.0256105163722435E-002  -1.9953369315117105E-003
   7.5884209453023089E-003   1.0258047190948888E-002  -1.9718195581911336E-003
   7.6649995893880336E-003   1.0259340874485686E-002  -1.9487103033320561E-003
   7.7413624676617374E-003   1.0259521932150470E-002  -1.9248633319882639E-003
   7.8177681100766779E-003   1.0259975342486434E-002  -1.9011573787697754E-003
   7.8936842074396520E-003   1.0259888768618891E-002  -1.8759236973478570E-003
   7.9695078854155905E-003   1.0259449490168496E-002  -1.8504172884889949E-003
   8.0453027265821424E-003   1.0258444210007212E-002  -1.8248412946582392E-003
   8.1210569337044850E-003   1.0256954059499781E-002  -1.7991687500722281E-003
   8.1964313258354824E-003   1.0254331438976697E-002  -1.7724887409916543E-003
   8.2712374961018131E-003   1.0251316489110891E-002  -1.7442939371540055E-003
   8.3459938628877694E-003   1.0248593309030435E-002  -1.7159378105656394E-003
   8.4206699494776271E-003   1.0247418800520077E-002  -1.6872654785450457E-003
   8.4950756988364708E-003   1.0246254046219585E-002  -1.6578983573517336E-003
   8.5692631682946132E-003   1.0244685354649318E-002  -1.6280025619903656E-003
   8.6432703465382423E-003   1.0242391425243642E-002  -1.5977094034202337E-003
   8.7172702372009941E-003   1.0239487252789763E-002  -1.5674508184297536E-003
   8.7910586910357382E-003   1.0236489803757054E-002  -1.5366891640582888E-003
   8.8651974173506141E-003   1.0232912046486204E-002  -1.5068454224791707E-003
   8.9389412253925611E-003   1.0228143581419222E-002  -1.4762004798979645E-003
   9.0123496860325791E-003   1.0221824659036909E-002  -1.4450352887936293E-003
   9.0857714007104885E-003   1.0214238535013119E-002  -1.4141856123940102E-003
   9.1588482532672967E-003   1.0207085830319785E-002  -1.3824269531670095E-003
   9.2321862104424220E-003   1.0200083774134013E-002  -1.3512417764467101E-003
   9.3051406208165526E-003   1.0192023547313743E-002  -1.3194190369548199E-003
   9.3783256436957112E-003   1.0183397281742824E-002  -1.2882816002357579E-003
   9.4518052795224405E-003   1.0173289833820221E-002  -1.2583052328160392E-003
   9.5250360711640267E-003   1.0164218150678290E-002  -1.2274028748804956E-003
   9.5981805501500293E-003   1.0155037862683231E-002  -1.1963286490425707E-003
   9.6718381781220157E-003   1.0146898938903234E-002  -1.1661904380354051E-003
   9.7451231830105959E-003   1.0138201170783073E-002  -1.1353091025448972E-003
   9.8179704773386032E-003   1.0128335233210399E-002  -1.1037506649270200E-003
   9.8906152365151098E-003   1.0118009955607703E-002  -1.0718739083591304E-003
   9.9630849725702852E-003   1.0106295334955247E-002  -1.0400791756955093E-003
   1.0035268564535833E-002   1.0093989743225723E-002  -1.0078595938413351E-003
   1.0106937974039906E-002   1.0082874586664565E-002  -9.7409646246768040E-004
   1.0178471146517199E-002   1.0072528547466849E-002  -9.3980412061097902E-004
   1.0249507990310202E-002   1.0062222764747540E-002  -9.0448333821318769E-004
   1.0320726448607596E-002   1.0051487411266430E-002  -8.6965973442505577E-004
   1.0391594569260485E-002   1.0040049633434359E-002  -8.3434845132832579E-004
   1.0462272985949688E-002   1.0027833143153569E-002  -7.9891797322496428E-004
   1.0533223294970565E-002   1.0015425911795670E-002  -7.6410254187230409E-004
   1.0604127174161098E-002   1.0001783232129691E-002  -7.2965668281979210E-004
   1.0674972554212453E-002   9.9888643133820443E-003  -6.9481369699388412E-004
   1.0746025734940292E-002   9.9764364891959823E-003  -6.6021608586093092E-004
   1.0817005553266729E-002   9.9656032559255273E-003  -6.2493852291520117E-004
   1.0887926318685480E-002   9.9541248314037895E-003  -5.8974632479978726E-004
   1.0959026772549660E-002   9.9429683194836496E-003  -5.5481413769989450E-004
   1.1029804960598402E-002   9.9318802931051050E-003  -5.1921211854801213E-004
   1.1100526865288493E-002   9.9209226841034861E-003  -4.8345819566059448E-004
   1.1171218347024874E-002   9.9090533400495711E-003  -4.4793590573475271E-004
   1.1241914297057974E-002   9.8983195184361474E-003  -4.1206296720396480E-004
   1.1312717236817716E-002   9.8876945667165563E-003  -3.7636907245510370E-004
   1.1383200072845434E-002   9.8769541969332721E-003  -3.4008113664049915E-004
   1.1453698140621651E-002   9.8669787599242036E-003  -3.0360493764642298E-004
   1.1523481731564323E-002   9.8566258390040268E-003  -2.6588137125059682E-004
   1.1593293360257356E-002   9.8476173667306922E-003  -2.2786579647697276E-004
   1.1662915904581872E-002   9.8384226472097193E-003  -1.8954924056141883E-004
   1.1732896717578725E-002   9.8297524266521327E-003  -1.5176679640220431E-004
   1.1802444299973845E-002   9.8211515640606803E-003  -1.1317717417134613E-004
   1.1872797222526051E-002   9.8123301748088334E-003  -7.6127891019270232E-005
   1.1942441350329481E-002   9.8035193758434346E-003  -3.7760388037010270E-005
   1.2012500000010199E-002   9.7953991113083894E-003   7.9755750393041847E-015
