   3.5527136787922116E-015   3.5421283062121875E-015   7.1340190668714684E-015
  -8.3893305252379917E-006   7.3727084671857776E-005  -2.9898764495709279E-005
  -1.6883258201798132E-005   1.4764175200969988E-004  -5.9300722580372596E-005
  -2.5136650721479889E-005   2.2120389730945032E-004  -8.9640338396585874E-005
  -3.3249871431319310E-005   2.9487865802859824E-004  -1.1974358208873799E-004
  -4.2064239992216125E-005   3.6833908916454979E-004  -1.5017172640801826E-004
  -5.0634987161485405E-005   4.4180158917365482E-004  -1.8066440399737107E-004
  -5.9455525458212280E-005   5.1522935107957543E-004  -2.1116951632434961E-004
  -6.6367348759449770E-005   5.8898855541564493E-004  -2.4136564976626738E-004
  -7.2859588339515088E-005   6.6294746748155661E-004  -2.7116380665299076E-004
  -7.9586588481487465E-005   7.3737686375424237E-004  -2.9971222943962994E-004
  -8.7762941249436456E-005   8.1182987837647542E-004  -3.2781731565816974E-004
  -9.6506581437474990E-005   8.8648064573891865E-004  -3.5521825877889303E-004
  -1.0509113441912083E-004   9.6122005312648470E-004  -3.8242719911067756E-004
  -1.1224523619569499E-004   1.0361514685970565E-003  -4.0952151218636378E-004
  -1.2033832494756334E-004   1.1110143614371159E-003  -4.3654093483647165E-004
  -1.2795767932603907E-004   1.1854328765338042E-003  -4.6489283150221784E-004
  -1.3554059880993444E-004   1.2592759437146737E-003  -4.9472068355204204E-004
  -1.4328672736297832E-004   1.3335334304099724E-003  -5.2345782260198453E-004
  -1.5038158236093595E-004   1.4078354545134070E-003  -5.5224796393638575E-004
  -1.5691107565412931E-004   1.4825173184803070E-003  -5.8017617398499434E-004
  -1.6292011828990049E-004   1.5576183317651902E-003  -6.0707839010442049E-004
  -1.6810270564543531E-004   1.6325951717951846E-003  -6.3449397388605781E-004
  -1.7234718582454693E-004   1.7079728802670109E-003  -6.6095499141766677E-004
  -1.7600986538035253E-004   1.7835589683914026E-003  -6.8690355705756489E-004
  -1.7771034975066439E-004   1.8592411851306966E-003  -7.1277459149999027E-004
  -1.7831991163244217E-004   1.9354415336770194E-003  -7.3712896097584098E-004
  -1.7945709599639649E-004   2.0115212967445660E-003  -7.6183880656729888E-004
  -1.7907002388513709E-004   2.0879866494869677E-003  -7.8535263224408511E-004
  -1.7796735235301700E-004   2.1644693173972144E-003  -8.0878734199434348E-004
  -1.7556333198139918E-004   2.2408309127558107E-003  -8.3251764863657095E-004
  -1.7261747206380229E-004   2.3170447730848482E-003  -8.5665826577761286E-004
  -1.6939001349192473E-004   2.3933426084138823E-003  -8.8049571175551707E-004
  -1.6581498216526339E-004   2.4700121027242347E-003  -9.0305691254533461E-004
  -1.6140748456449779E-004   2.5466353428974836E-003  -9.2562797887131760E-004
  -1.5749578172122796E-004   2.6232259188189266E-003  -9.4840038035246411E-004
  -1.5416179462774901E-004   2.7001544643318141E-003  -9.7010022837649089E-004
  -1.5024683934237320E-004   2.7773832263216095E-003  -9.9060367801269921E-004
  -1.4610322585014194E-004   2.8545384415203635E-003  -1.0113377859942497E-003
  -1.4097942469710217E-004   2.9315655463267223E-003  -1.0323275880641445E-003
  -1.3627134281222436E-004   3.0086258760932522E-003  -1.0532927865185583E-003
  -1.3114306029719862E-004   3.0857445775529014E-003  -1.0739424018043264E-003
  -1.2616993168848282E-004   3.1632361884730625E-003  -1.0931860557071456E-003
  -1.2008922540920678E-004   3.2405471229802179E-003  -1.1128340683716524E-003
  -1.1269851798529661E-004   3.3175074446883369E-003  -1.1333885408482635E-003
  -1.0427630557100236E-004   3.3944621646998020E-003  -1.1535637089643343E-003
  -9.6010140266492103E-005   3.4717414872200594E-003  -1.1725262195714707E-003
  -8.7909113039921798E-005   3.5491868849418210E-003  -1.1908724386633645E-003
  -8.0848950832870280E-005   3.6263519545977480E-003  -1.2107648025060998E-003
  -7.2178919818934980E-005   3.7034855009184697E-003  -1.2301360851815974E-003
  -6.2533970258189431E-005   3.7805264695068537E-003  -1.2494146770825919E-003
  -5.2395066406042817E-005   3.8571115281288300E-003  -1.2701976368566135E-003
  -4.2092459578555885E-005   3.9335214475190641E-003  -1.2915372831689912E-003
  -3.1713373324946761E-005   4.0100278022329496E-003  -1.3124908568925698E-003
  -2.1167884512949845E-005   4.0866121220407853E-003  -1.3330732434758709E-003
  -1.0901228134313430E-005   4.1634615350887270E-003  -1.3527903292351602E-003
   9.0994239607278175E-007   4.2400250811915037E-003  -1.3727532865177915E-003
   1.4391206278827675E-005   4.3161928846959666E-003  -1.3931670379752749E-003
   2.8350307706942362E-005   4.3922511558848482E-003  -1.4136678392406524E-003
   4.2523788486841038E-005   4.4684394125069481E-003  -1.4335289067610156E-003
   5.6978164237696829E-005   4.5443941709636436E-003  -1.4540702230957795E-003
   7.1083313849014767E-005   4.6203314701683670E-003  -1.4749165981004827E-003
   8.6990802848243160E-005   4.6960756368447419E-003  -1.4951594493287478E-003
   1.0250075126882251E-004   4.7720180437918853E-003  -1.5149632951344781E-003
   1.1901268214002543E-004   4.8478216436433613E-003  -1.5344868808274655E-003
   1.3652904824295291E-004   4.9234335194459416E-003  -1.5538781455401592E-003
   1.5617515011087435E-004   4.9985355313546202E-003  -1.5732099455337436E-003
   1.7693998849085306E-004   5.0732629421059335E-003  -1.5928220738771345E-003
   1.9816239761093953E-004   5.1480115258261058E-003  -1.6118551657075657E-003
   2.1971160594638219E-004   5.2223851211492750E-003  -1.6319598896411037E-003
   2.4248906296016500E-004   5.2961831262041022E-003  -1.6528175479753656E-003
   2.6664654133886761E-004   5.3693951497929123E-003  -1.6741814386141520E-003
   2.9256247944627311E-004   5.4422082653732638E-003  -1.6948360837354000E-003
   3.1915284609999981E-004   5.5149056018637807E-003  -1.7150363229148076E-003
   3.4639374973679805E-004   5.5873812486550789E-003  -1.7351662457641239E-003
   3.7426206112893231E-004   5.6598056980728092E-003  -1.7546099170843222E-003
   4.0175403382145870E-004   5.7324007722383257E-003  -1.7739527878512622E-003
   4.2977879851080253E-004   5.8047913907194534E-003  -1.7932973197739225E-003
   4.5828295284236183E-004   5.8769875209850400E-003  -1.8126682245444409E-003
   4.8817108401861821E-004   5.9488624890728734E-003  -1.8311259757613245E-003
   5.1858657563884651E-004   6.0203562435154354E-003  -1.8501927253488943E-003
   5.4967344395088200E-004   6.0913783404355232E-003  -1.8699276785358568E-003
   5.8231703290088281E-004   6.1618265053318038E-003  -1.8892007729095486E-003
   6.1630245334069864E-004   6.2321275041717439E-003  -1.9066007947875492E-003
   6.5222618939610958E-004   6.3013238046033633E-003  -1.9245272331561299E-003
   6.8910627658691937E-004   6.3702882647376814E-003  -1.9413724820667262E-003
   7.2567665454553135E-004   6.4393310652550760E-003  -1.9585683872290834E-003
   7.6156705935028998E-004   6.5088447120857842E-003  -1.9752935703398417E-003
   7.9814398957372013E-004   6.5781110851991466E-003  -1.9915508064950039E-003
   8.3610893942099706E-004   6.6467283781888251E-003  -2.0073726169755105E-003
   8.7474336224995213E-004   6.7150291689046923E-003  -2.0229412829354176E-003
   9.1392681155801818E-004   6.7830376579187711E-003  -2.0384171588161233E-003
   9.5359334085126917E-004   6.8506710368527466E-003  -2.0543008768503126E-003
   9.9307074245108193E-004   6.9183985122019268E-003  -2.0702546799616760E-003
   1.0323389677100718E-003   6.9864684102770537E-003  -2.0852378530281882E-003
   1.0721434582049555E-003   7.0543534693489869E-003  -2.0996330356429301E-003
   1.1132672089599607E-003   7.1215558345628050E-003  -2.1135139300866041E-003
   1.1556648610675630E-003   7.1879724554334461E-003  -2.1273440271316509E-003
   1.1994941547444856E-003   7.2535983260625242E-003  -2.1404679791907520E-003
   1.2443415474290267E-003   7.3184579397494835E-003  -2.1539565619708369E-003
   1.2906007815972605E-003   7.3824362155267406E-003  -2.1668741270111694E-003
   1.3374403092705764E-003   7.4461591587947126E-003  -2.1789341914885485E-003
   1.3857994113385904E-003   7.5086715626988864E-003  -2.1913276010835062E-003
   1.4353446808933862E-003   7.5702622522290279E-003  -2.2036504755233977E-003
   1.4851978758491681E-003   7.6316482604720784E-003  -2.2157507623606263E-003
   1.5360983202864561E-003   7.6923188045022219E-003  -2.2270746244753771E-003
   1.5882245963607011E-003   7.7519283636611827E-003  -2.2384567059260487E-003
   1.6413054214398212E-003   7.8108465046894948E-003  -2.2489960927734986E-003
   1.6952225334688376E-003   7.8691121581720806E-003  -2.2588985497360137E-003
   1.7504221631587274E-003   7.9261649185565861E-003  -2.2687972071445926E-003
   1.8065362603834868E-003   7.9824654295692302E-003  -2.2778227568781969E-003
   1.8636047960326352E-003   8.0376217338833603E-003  -2.2878708578997404E-003
   1.9210956626537557E-003   8.0924094951008840E-003  -2.2975197685285668E-003
   1.9783659415412843E-003   8.1475001496970866E-003  -2.3067466275546703E-003
   2.0356885916430166E-003   8.2026457320753584E-003  -2.3152952256843412E-003
   2.0944089700312466E-003   8.2562480785719500E-003  -2.3241668443372797E-003
   2.1534932882265679E-003   8.3095565114619189E-003  -2.3323677175755299E-003
   2.2130660943149318E-003   8.3625104692377859E-003  -2.3392203912255666E-003
   2.2735913978148385E-003   8.4144798750220538E-003  -2.3452094225005935E-003
   2.3352066478192898E-003   8.4652532475605110E-003  -2.3502715975174762E-003
   2.3976223615362374E-003   8.5150874353757417E-003  -2.3548358510122975E-003
   2.4600729683574513E-003   8.5648851424936032E-003  -2.3593202762600581E-003
   2.5231227271005005E-003   8.6140145773910010E-003  -2.3626409023654650E-003
   2.5870798524539372E-003   8.6619588496519746E-003  -2.3659322352827146E-003
   2.6513821173077129E-003   8.7094995618502320E-003  -2.3681904230907136E-003
   2.7166295451021929E-003   8.7557374265019861E-003  -2.3703888408345649E-003
   2.7819355606573757E-003   8.8018854115462838E-003  -2.3727314487962800E-003
   2.8482165264166900E-003   8.8466726329543485E-003  -2.3737001445657000E-003
   2.9147115588579547E-003   8.8911263652134542E-003  -2.3752089027347764E-003
   2.9812184448064615E-003   8.9355871289875169E-003  -2.3749357566043420E-003
   3.0487882415399250E-003   8.9783876533417843E-003  -2.3733744475054313E-003
   3.1167691542509169E-003   9.0205200797736119E-003  -2.3715159132703116E-003
   3.1853042551474439E-003   9.0617354206319837E-003  -2.3694578504977375E-003
   3.2546314940507925E-003   9.1016213686266681E-003  -2.3677711077150628E-003
   3.3246461564261859E-003   9.1402880673065786E-003  -2.3660878171088790E-003
   3.3949857338216134E-003   9.1783201132323178E-003  -2.3636573162464578E-003
   3.4660446399268790E-003   9.2150446427584892E-003  -2.3622641918254732E-003
   3.5369934395858803E-003   9.2519812635885098E-003  -2.3608663842871968E-003
   3.6080955519682636E-003   9.2885931734240628E-003  -2.3588520173188918E-003
   3.6798259974896034E-003   9.3239038307250388E-003  -2.3560412056398668E-003
   3.7518308627019509E-003   9.3585903713086227E-003  -2.3525564825724004E-003
   3.8239857854635976E-003   9.3930214538555205E-003  -2.3496985686582796E-003
   3.8965636920712493E-003   9.4265768056409974E-003  -2.3471518378374487E-003
   3.9692637923586654E-003   9.4598877639245297E-003  -2.3448989548974790E-003
   4.0421486643860026E-003   9.4927331177806096E-003  -2.3419025970841090E-003
   4.1152314797824911E-003   9.5250435692975071E-003  -2.3380377794472136E-003
   4.1887550173028082E-003   9.5561104442297307E-003  -2.3326397507925389E-003
   4.2625809548143458E-003   9.5865466835521832E-003  -2.3278058821013807E-003
   4.3365129324437644E-003   9.6167068854615765E-003  -2.3228637261060135E-003
   4.4104583060277612E-003   9.6467497406678825E-003  -2.3174315465740230E-003
   4.4844976600917144E-003   9.6764326598466933E-003  -2.3113407043206533E-003
   4.5591298411340603E-003   9.7043726911655859E-003  -2.3043127455185447E-003
   4.6339728437502529E-003   9.7317609578738227E-003  -2.2973551733617170E-003
   4.7093798335311535E-003   9.7571257906418195E-003  -2.2889640384628675E-003
   4.7850415046256688E-003   9.7815905908936792E-003  -2.2802013287416714E-003
   4.8609202969619155E-003   9.8048485886676629E-003  -2.2701278782083978E-003
   4.9370370712458591E-003   9.8269451879621286E-003  -2.2592661572748448E-003
   5.0134233249569818E-003   9.8480740249848528E-003  -2.2483706315836842E-003
   5.0902417029866044E-003   9.8680867765400648E-003  -2.2384496141684435E-003
   5.1672292293336647E-003   9.8872245156779621E-003  -2.2281216080378193E-003
   5.2444375588431491E-003   9.9056004143523065E-003  -2.2180617764278841E-003
   5.3215598863728180E-003   9.9233628908745111E-003  -2.2063724211207072E-003
   5.3986299929805375E-003   9.9414878102994028E-003  -2.1948969710073440E-003
   5.4757950539660186E-003   9.9592326863763934E-003  -2.1834657530969159E-003
   5.5528711351973143E-003   9.9767902005176833E-003  -2.1711770834800426E-003
   5.6297267673495587E-003   9.9938423501300232E-003  -2.1569490833094544E-003
   5.7066970278151089E-003   1.0010160793119104E-002  -2.1424823135016971E-003
   5.7839784672504349E-003   1.0025540217704614E-002  -2.1286601423788024E-003
   5.8612391791789120E-003   1.0039713656052444E-002  -2.1134978191864246E-003
   5.9386288498556707E-003   1.0052674727180117E-002  -2.0979141898418690E-003
   6.0161809469230195E-003   1.0065774214365317E-002  -2.0832828648900763E-003
   6.0938479293619462E-003   1.0078663988672871E-002  -2.0690809787651701E-003
   6.1715832614169571E-003   1.0090897851556219E-002  -2.0546743571987149E-003
   6.2493444764035793E-003   1.0102826305160165E-002  -2.0401517735216344E-003
   6.3272793647121692E-003   1.0113554793815533E-002  -2.0256241201653314E-003
   6.4053878488008606E-003   1.0123517742453264E-002  -2.0114889029321627E-003
   6.4835078118156792E-003   1.0132291453157680E-002  -1.9966466191363125E-003
   6.5616097538348569E-003   1.0139920046872773E-002  -1.9810937668857708E-003
   6.6395935818950357E-003   1.0146803025380194E-002  -1.9646272200232839E-003
   6.7177294405649218E-003   1.0153064777806836E-002  -1.9486404117331989E-003
   6.7961136844355086E-003   1.0158132645146041E-002  -1.9334671774103298E-003
   6.8745022938966295E-003   1.0162700925307223E-002  -1.9181584635682830E-003
   6.9528432079218197E-003   1.0164915976587257E-002  -1.9021024756745791E-003
   7.0309056215702610E-003   1.0166320871292730E-002  -1.8846586847835163E-003
   7.1088828169525607E-003   1.0167735294194631E-002  -1.8668385722600900E-003
   7.1868268881273428E-003   1.0169374571515684E-002  -1.8488932513838004E-003
   7.2646183940650918E-003   1.0170834059058737E-002  -1.8302827303248198E-003
   7.3423989902043621E-003   1.0172854787409241E-002  -1.8116790876574866E-003
   7.4199615625557044E-003   1.0174168535998479E-002  -1.7921260460561383E-003
   7.4977116670347527E-003   1.0175327428574668E-002  -1.7733223704017639E-003
   7.5755370303077687E-003   1.0174853478245684E-002  -1.7548024295295241E-003
   7.6533327655391725E-003   1.0175862342800863E-002  -1.7361797075324593E-003
   7.7307399959495099E-003   1.0175819984832820E-002  -1.7159777552119941E-003
   7.8081598442683925E-003   1.0174363882167820E-002  -1.6958768382354956E-003
   7.8856043792492284E-003   1.0171788097897408E-002  -1.6759843940114664E-003
   7.9629002756125902E-003   1.0168585359158450E-002  -1.6556107132888408E-003
   8.0399642856167353E-003   1.0165038485930932E-002  -1.6344315243757945E-003
   8.1168259946388030E-003   1.0161774047196627E-002  -1.6124856560150976E-003
   8.1937391556021269E-003   1.0158381658936729E-002  -1.5907403721876706E-003
   8.2705583419013396E-003   1.0155115915048741E-002  -1.5686463111579661E-003
   8.3470617909428887E-003   1.0152331177739608E-002  -1.5454198709396491E-003
   8.4231282540409239E-003   1.0148324631875327E-002  -1.5209690881464251E-003
   8.4992586007595194E-003   1.0143216925831823E-002  -1.4969257596360898E-003
   8.5753387891906920E-003   1.0137040097314488E-002  -1.4729747321560122E-003
   8.6510069366318911E-003   1.0129905584242548E-002  -1.4480061481455279E-003
   8.7266322164830309E-003   1.0122747227864026E-002  -1.4229148153576435E-003
   8.8025476116465728E-003   1.0116128146665864E-002  -1.3985623916684935E-003
   8.8781143375132217E-003   1.0109902825409772E-002  -1.3730493497812123E-003
   8.9533352023100123E-003   1.0104926945953349E-002  -1.3462713339259787E-003
   9.0280221009849029E-003   1.0099838189178477E-002  -1.3180583631743942E-003
   9.1030658569683266E-003   1.0093977652939517E-002  -1.2909642899717119E-003
   9.1782488250634741E-003   1.0088245177821753E-002  -1.2642311637374518E-003
   9.2531474807725448E-003   1.0082261312963475E-002  -1.2367650986323713E-003
   9.3278300992433501E-003   1.0076319858261231E-002  -1.2087079139692684E-003
   9.4025332751889769E-003   1.0070896039800905E-002  -1.1806006607156187E-003
   9.4769678871825351E-003   1.0065603665057401E-002  -1.1517652777225068E-003
   9.5512743103503949E-003   1.0060530234295066E-002  -1.1225622679218628E-003
   9.6255604911479678E-003   1.0055503337108000E-002  -1.0932997723191733E-003
   9.6996852540826850E-003   1.0049764066851723E-002  -1.0637603022782634E-003
   9.7740223017093834E-003   1.0043128368475773E-002  -1.0349510874839822E-003
   9.8481780959961823E-003   1.0036064716180893E-002  -1.0057787891061246E-003
   9.9224601078379583E-003   1.0029395208313660E-002  -9.7683573488489849E-004
   9.9958358771063734E-003   1.0021275389528328E-002  -9.4601261013981105E-004
   1.0069035963643360E-002   1.0013438031531851E-002  -9.1470249748204285E-004
   1.0141796106630629E-002   1.0005317079121263E-002  -8.8245328468257596E-004
   1.0214775300089083E-002   9.9980752634850206E-003  -8.5049090943892073E-004
   1.0287539823334545E-002   9.9926414676563789E-003  -8.1769154942731555E-004
   1.0360348340896382E-002   9.9884017551130719E-003  -7.8481382735551719E-004
   1.0433299098815579E-002   9.9832546740171741E-003  -7.5238398809971850E-004
   1.0505981134325680E-002   9.9780597438748186E-003  -7.1936377587499315E-004
   1.0578347078866616E-002   9.9726588960432540E-003  -6.8568884584931794E-004
   1.0650615915109411E-002   9.9667271095082739E-003  -6.5189492311339419E-004
   1.0723099246000813E-002   9.9598161342909670E-003  -6.1875272695733729E-004
   1.0795949654474333E-002   9.9521775467832641E-003  -5.8658954977684080E-004
   1.0869155821030780E-002   9.9448808491567533E-003  -5.5516320116553346E-004
   1.0941459417999708E-002   9.9372807233389562E-003  -5.2178015237688011E-004
   1.1013485058430651E-002   9.9276830631026321E-003  -4.8831088231110454E-004
   1.1085313326389993E-002   9.9176867396950693E-003  -4.5453554456116526E-004
   1.1157050457952775E-002   9.9080406379113851E-003  -4.2046595877778142E-004
   1.1228578329983167E-002   9.8982919871408968E-003  -3.8598803356119075E-004
   1.1299504617882544E-002   9.8864737360286059E-003  -3.5091966283483877E-004
   1.1370432023978475E-002   9.8751850826968562E-003  -3.1567949578382374E-004
   1.1441357701043032E-002   9.8644370931065400E-003  -2.8026722319995928E-004
   1.1512660137856092E-002   9.8543079794253061E-003  -2.4543385473663399E-004
   1.1584126303576740E-002   9.8444799251168873E-003  -2.1085067234238329E-004
   1.1655172126885565E-002   9.8354300656797750E-003  -1.7520532149509351E-004
   1.1726242710585366E-002   9.8269640008511148E-003  -1.3946601711343825E-004
   1.1797656890920646E-002   9.8181964166073731E-003  -1.0449253699112298E-004
   1.1868989902439068E-002   9.8105665782736561E-003  -6.9089330402671181E-005
   1.1940499488049086E-002   9.8031108826193269E-003  -3.4006688408642454E-005
   1.2012500000010260E-002   9.7953991113084379E-003   7.9707812946714571E-015
