   3.5527136787922270E-015   3.5421283062121934E-015   7.1340190668714905E-015
  -9.6283855479768079E-006   7.7922951499657565E-005  -1.5339746438358236E-005
  -1.9218532657935796E-005   1.5565830498131576E-004  -3.1626056386949924E-005
  -2.7816471580849694E-005   2.3361013754701383E-004  -4.7424386773039870E-005
  -3.7070334347395198E-005   3.1151816386579159E-004  -6.3067450958477738E-005
  -4.5508602038430412E-005   3.8937625488383228E-004  -7.9404932524565990E-005
  -5.4307740688738174E-005   4.6726503420882899E-004  -9.5402220278153091E-005
  -6.2717566767988000E-005   5.4530237891005872E-004  -1.1087631636596797E-004
  -7.1172163331572946E-005   6.2335970958725276E-004  -1.2622470145948596E-004
  -7.9318472438670584E-005   7.0142746745129590E-004  -1.4168635831104422E-004
  -8.8042650141252380E-005   7.7936688395931078E-004  -1.5747673771861952E-004
  -9.7828603375948393E-005   8.5715357467682060E-004  -1.7339734916363731E-004
  -1.0820984907073600E-004   9.3492997405047378E-004  -1.8898777679542638E-004
  -1.1765686819308244E-004   1.0128251769943974E-003  -2.0457915866307211E-004
  -1.2706284518142520E-004   1.0908265949857974E-003  -2.1965584218183116E-004
  -1.3587166740865880E-004   1.1687995946648257E-003  -2.3523197720604527E-004
  -1.4298238586471829E-004   1.2469078799949348E-003  -2.5099692061579575E-004
  -1.4951502149399318E-004   1.3250095348381788E-003  -2.6704236168069169E-004
  -1.5417932890245342E-004   1.4032058287551925E-003  -2.8327762739067686E-004
  -1.5853071738123313E-004   1.4814082317849001E-003  -2.9957025056960541E-004
  -1.6380699725107882E-004   1.5596789903469304E-003  -3.1524983059004599E-004
  -1.6754088038735114E-004   1.6377108229519259E-003  -3.3248616543772933E-004
  -1.7021424434111705E-004   1.7157604970171186E-003  -3.4983844166169484E-004
  -1.7225668524938355E-004   1.7938061011536768E-003  -3.6729444651274062E-004
  -1.7337993278950274E-004   1.8721672156875261E-003  -3.8336535321455319E-004
  -1.7474197036984726E-004   1.9505472389331824E-003  -3.9932520316488717E-004
  -1.7486410875988125E-004   2.0290393330461890E-003  -4.1478405955216584E-004
  -1.7448746546251372E-004   2.1075971964528337E-003  -4.2990094556218892E-004
  -1.7378734147758431E-004   2.1860359320562818E-003  -4.4561318843665113E-004
  -1.7246561860678950E-004   2.2645439970585355E-003  -4.6093431027891815E-004
  -1.7040993965029296E-004   2.3430834045719134E-003  -4.7601196475470888E-004
  -1.6811252088185365E-004   2.4215423546742657E-003  -4.9146884052797459E-004
  -1.6576079619642987E-004   2.4999745102894833E-003  -5.0705301044576972E-004
  -1.6223295563801485E-004   2.5782591556428101E-003  -5.2314861949864973E-004
  -1.5861149304774203E-004   2.6566627365213901E-003  -5.3863291861041065E-004
  -1.5551889022860109E-004   2.7350365133022008E-003  -5.5438051935560435E-004
  -1.5207976396506377E-004   2.8133114670816349E-003  -5.7054232650399469E-004
  -1.4791728453319530E-004   2.8916529927395696E-003  -5.8620371606254366E-004
  -1.4357062712027957E-004   2.9699086957353372E-003  -6.0223966059045947E-004
  -1.4017051061443106E-004   3.0479382427950619E-003  -6.1955523154425094E-004
  -1.3590199313329239E-004   3.1260781599101580E-003  -6.3616646619871805E-004
  -1.3083135987939200E-004   3.2042875107088030E-003  -6.5221595634214191E-004
  -1.2518869255864605E-004   3.2824109007456520E-003  -6.6849158909036872E-004
  -1.1931902838112686E-004   3.3602816060446681E-003  -6.8586111077515290E-004
  -1.1139485227079618E-004   3.4378983392115000E-003  -7.0354868205932094E-004
  -1.0325507007536662E-004   3.5155849306419723E-003  -7.2082691866506908E-004
  -9.5190711962984161E-005   3.5931547776947804E-003  -7.3865624683565898E-004
  -8.5738731807263616E-005   3.6701962372539957E-003  -7.5802822674190618E-004
  -7.5059744577372740E-005   3.7469372315315020E-003  -7.7794753982500802E-004
  -6.4897353145659429E-005   3.8233741395513644E-003  -7.9925774608940016E-004
  -5.4671037056417632E-005   3.8998728298752579E-003  -8.2031416640977327E-004
  -4.4168101774057648E-005   3.9762312725994467E-003  -8.4174023855568291E-004
  -3.3455724579707680E-005   4.0523666951520045E-003  -8.6384549587243558E-004
  -2.1865026038217940E-005   4.1282781201361076E-003  -8.8627563762511759E-004
  -9.0095130656119154E-006   4.2040325673931471E-003  -9.0854668428117825E-004
   4.4929393589576525E-006   4.2797588952977741E-003  -9.3052865485838553E-004
   2.0274096229173280E-005   4.3552698791267819E-003  -9.5171937012722288E-004
   3.5112505216138583E-005   4.4306276476822727E-003  -9.7410303274606848E-004
   5.0523787374291882E-005   4.5059974147976601E-003  -9.9605503877302887E-004
   6.6818914918730237E-005   4.5810702753243870E-003  -1.0183829235419549E-003
   8.3038821464880873E-005   4.6563822945589950E-003  -1.0399471155692181E-003
   1.0008078989548445E-004   4.7314003175400890E-003  -1.0618985972253951E-003
   1.1848288655495118E-004   4.8062512386743859E-003  -1.0833159374316391E-003
   1.3777808693925774E-004   4.8807960450473510E-003  -1.1050131046791512E-003
   1.5665920900559589E-004   4.9554663986869562E-003  -1.1266427493063658E-003
   1.7574960497142422E-004   5.0303084217007141E-003  -1.1474808961552303E-003
   1.9411471555660288E-004   5.1058250915564712E-003  -1.1664533838513329E-003
   2.1232093619980266E-004   5.1812344110534802E-003  -1.1859973873207573E-003
   2.3085915457868788E-004   5.2568309951707857E-003  -1.2044768605482040E-003
   2.4972703131058660E-004   5.3322040843800456E-003  -1.2235268116328026E-003
   2.6930394323998073E-004   5.4073607667092863E-003  -1.2427158092568617E-003
   2.9060387011855431E-004   5.4820904052025835E-003  -1.2617366985227781E-003
   3.1365780005317411E-004   5.5563755597934856E-003  -1.2804511885126885E-003
   3.3624461829952679E-004   5.6306569494840196E-003  -1.2997413617004284E-003
   3.6085992059634627E-004   5.7044211848569521E-003  -1.3185276459362638E-003
   3.8657721720776695E-004   5.7778477676951297E-003  -1.3371598115486381E-003
   4.1264474118363063E-004   5.8511222643444841E-003  -1.3559036729347018E-003
   4.4029505830244295E-004   5.9239667554269859E-003  -1.3740458910313775E-003
   4.6878238606815807E-004   5.9964670365180075E-003  -1.3922717350326405E-003
   4.9752117803506153E-004   6.0690700516821770E-003  -1.4096752986967622E-003
   5.2624755114502651E-004   6.1420193812125462E-003  -1.4255872691487062E-003
   5.5507310352596601E-004   6.2149204375995231E-003  -1.4415410623412888E-003
   5.8487215452251095E-004   6.2873726733356488E-003  -1.4577487796409772E-003
   6.1528010705163075E-004   6.3594313994567971E-003  -1.4745683044413654E-003
   6.4691785334290448E-004   6.4312278328117669E-003  -1.4901992086143281E-003
   6.7883255175373003E-004   6.5029647284776939E-003  -1.5055377166652395E-003
   7.1099532428159037E-004   6.5745833173878809E-003  -1.5209108681808400E-003
   7.4382346459005665E-004   6.6460240223545596E-003  -1.5356939287771618E-003
   7.7715970745180637E-004   6.7173872003141238E-003  -1.5496936337605798E-003
   8.1151305766503110E-004   6.7883364858137884E-003  -1.5633335097576943E-003
   8.4538302600213242E-004   6.8595996077213213E-003  -1.5765392925962988E-003
   8.8048711952602959E-004   6.9303531040197331E-003  -1.5892532766816263E-003
   9.1709967519671017E-004   7.0003667779129451E-003  -1.6018074085131500E-003
   9.5521678799630509E-004   7.0695303317266688E-003  -1.6145936715973766E-003
   9.9430990554747346E-004   7.1381549516333796E-003  -1.6273368939868820E-003
   1.0343145646299786E-003   7.2064074963548407E-003  -1.6392203859833835E-003
   1.0755803747336170E-003   7.2740891127631418E-003  -1.6500061040337452E-003
   1.1178646088238142E-003   7.3412503293192313E-003  -1.6600765833918723E-003
   1.1612957323641970E-003   7.4076585033446257E-003  -1.6702595067579005E-003
   1.2046088122536305E-003   7.4742000089030643E-003  -1.6800679282501321E-003
   1.2481025491720629E-003   7.5408085199490191E-003  -1.6885296720982042E-003
   1.2922412758370934E-003   7.6070833316022879E-003  -1.6962382488374202E-003
   1.3376487363270571E-003   7.6725415271801829E-003  -1.7035449005789122E-003
   1.3841394848233299E-003   7.7373111442548773E-003  -1.7101408853262799E-003
   1.4311765393005215E-003   7.8017590052048801E-003  -1.7159708700513214E-003
   1.4795071223825957E-003   7.8652594730492728E-003  -1.7216140369380802E-003
   1.5283506229019463E-003   7.9284233840173895E-003  -1.7265771797768672E-003
   1.5787796938753276E-003   7.9903835589143230E-003  -1.7308015774768432E-003
   1.6296217032645548E-003   8.0520378970528519E-003  -1.7345208071253839E-003
   1.6806868772288399E-003   8.1135696075263688E-003  -1.7370101078436971E-003
   1.7320347718837166E-003   8.1748805642955780E-003  -1.7390982386246260E-003
   1.7843161985674682E-003   8.2353901889815773E-003  -1.7413868506843755E-003
   1.8370488715075629E-003   8.2955048676033524E-003  -1.7437300577190344E-003
   1.8907954587573002E-003   8.3547316087588634E-003  -1.7456002144670664E-003
   1.9450159102637823E-003   8.4134996790902420E-003  -1.7481411883923067E-003
   1.9993104735350270E-003   8.4721571347747410E-003  -1.7515180652595279E-003
   2.0546993888681405E-003   8.5298646896598725E-003  -1.7528987038781178E-003
   2.1106851306518419E-003   8.5869748443344190E-003  -1.7549054314490932E-003
   2.1675381204311131E-003   8.6432173050672492E-003  -1.7570322038486185E-003
   2.2250821402059221E-003   8.6987420894463346E-003  -1.7594163422121635E-003
   2.2837542921675755E-003   8.7531094038664249E-003  -1.7607481495867012E-003
   2.3431881864212803E-003   8.8066588496479945E-003  -1.7610109549212678E-003
   2.4028428189689630E-003   8.8599519427483512E-003  -1.7599288033360208E-003
   2.4628278706273227E-003   8.9128556559712330E-003  -1.7581994383523121E-003
   2.5230817304167930E-003   8.9654100018509014E-003  -1.7554584342646495E-003
   2.5847910653128592E-003   9.0162002217489250E-003  -1.7519496522304229E-003
   2.6465771401391362E-003   9.0668188046311281E-003  -1.7474507603643889E-003
   2.7090746617724252E-003   9.1165048932343225E-003  -1.7424156452830789E-003
   2.7726883376019405E-003   9.1646828458967471E-003  -1.7367424515572973E-003
   2.8371920823802624E-003   9.2115987102821869E-003  -1.7305643789350482E-003
   2.9022796847291321E-003   9.2576544497016532E-003  -1.7240472562032329E-003
   2.9677713540189935E-003   9.3031090193332212E-003  -1.7173597041243581E-003
   3.0340351709808974E-003   9.3475283348173465E-003  -1.7113571236051222E-003
   3.1007386070905809E-003   9.3912246269112036E-003  -1.7049317309327842E-003
   3.1676905047587954E-003   9.4343453061956871E-003  -1.6973126484226872E-003
   3.2353972259164111E-003   9.4762254710353457E-003  -1.6894480630559061E-003
   3.3043609597099852E-003   9.5160624525947434E-003  -1.6818970152517869E-003
   3.3735899208568640E-003   9.5554489287843422E-003  -1.6744099310931756E-003
   3.4439038685851980E-003   9.5928505649089217E-003  -1.6668557023845594E-003
   3.5145702439960185E-003   9.6294627756548425E-003  -1.6587434026736460E-003
   3.5851713866997853E-003   9.6660381402776871E-003  -1.6499274308942979E-003
   3.6563993419087394E-003   9.7013807454440493E-003  -1.6411252349856423E-003
   3.7282654391980622E-003   9.7350241675841463E-003  -1.6309574325692427E-003
   3.8000244968799698E-003   9.7690408547937042E-003  -1.6212877564127141E-003
   3.8721441130751991E-003   9.8023657344347096E-003  -1.6118955597964331E-003
   3.9441698793910010E-003   9.8358661615875840E-003  -1.6024081804905720E-003
   4.0166804159569008E-003   9.8679226452567607E-003  -1.5917028573913011E-003
   4.0894824394598689E-003   9.8995878212926047E-003  -1.5818447642432672E-003
   4.1628179560369849E-003   9.9300018127984752E-003  -1.5720014350138970E-003
   4.2364769829501998E-003   9.9597635591391585E-003  -1.5625894104262133E-003
   4.3106793672098255E-003   9.9883002478013197E-003  -1.5536639652872339E-003
   4.3850602400145244E-003   1.0016622268529245E-002  -1.5455800983356679E-003
   4.4597899497094071E-003   1.0044049297227844E-002  -1.5376284576306214E-003
   4.5344859190647241E-003   1.0071561005113094E-002  -1.5296523630132237E-003
   4.6094461636606646E-003   1.0098025273528490E-002  -1.5206743769806204E-003
   4.6844438688135245E-003   1.0124469113324444E-002  -1.5119527056301841E-003
   4.7596297270773294E-003   1.0150118834411507E-002  -1.5025092669148702E-003
   4.8346063606324935E-003   1.0176188130524563E-002  -1.4925646095112169E-003
   4.9098911656782311E-003   1.0200928153128256E-002  -1.4816042525247609E-003
   4.9854853948877271E-003   1.0224683059675169E-002  -1.4705943974762450E-003
   5.0612895618573689E-003   1.0247501514992475E-002  -1.4590598243731064E-003
   5.1374674193107603E-003   1.0269249387517845E-002  -1.4479259087209556E-003
   5.2141338790000352E-003   1.0289553527070854E-002  -1.4374380172418786E-003
   5.2906203477024747E-003   1.0309602029651831E-002  -1.4252775215061163E-003
   5.3675420281055590E-003   1.0327492901775072E-002  -1.4125114813847712E-003
   5.4445361054974656E-003   1.0345044454768033E-002  -1.3997108945694354E-003
   5.5217343192709338E-003   1.0360888460652605E-002  -1.3859485083603008E-003
   5.5988322234485971E-003   1.0376727893501324E-002  -1.3716297956120579E-003
   5.6762313412569518E-003   1.0391126861050983E-002  -1.3574154963728890E-003
   5.7537743226279197E-003   1.0404624742180695E-002  -1.3431014039835740E-003
   5.8310687800936876E-003   1.0419378677248056E-002  -1.3286830740180569E-003
   5.9085492286813516E-003   1.0432937105983116E-002  -1.3140902980905474E-003
   5.9859047886366978E-003   1.0446291393386304E-002  -1.2986701700859172E-003
   6.0632876432524163E-003   1.0459189225800082E-002  -1.2830004627260938E-003
   6.1407825001177736E-003   1.0470861286198632E-002  -1.2669284322999325E-003
   6.2184496662750482E-003   1.0481515238814508E-002  -1.2509815017745000E-003
   6.2964196675509678E-003   1.0491747177634578E-002  -1.2362850281089912E-003
   6.3743844879837093E-003   1.0501410676751371E-002  -1.2211819303438306E-003
   6.4526618531127447E-003   1.0509740769610336E-002  -1.2069248738776745E-003
   6.5310028715802014E-003   1.0516991302894295E-002  -1.1924295440992466E-003
   6.6096480798428781E-003   1.0522622783069176E-002  -1.1788937524814618E-003
   6.6883892916540129E-003   1.0528087711897366E-002  -1.1658570308157028E-003
   6.7670531395655261E-003   1.0532118835449562E-002  -1.1518659949553503E-003
   6.8456853194309398E-003   1.0534922605477981E-002  -1.1374050420965246E-003
   6.9242780596118882E-003   1.0537701553792467E-002  -1.1227265326590194E-003
   7.0026944672229603E-003   1.0539736775177855E-002  -1.1070190537367907E-003
   7.0812435608437578E-003   1.0540835335679524E-002  -1.0918918249679991E-003
   7.1600379714962170E-003   1.0541362663960323E-002  -1.0780656622995425E-003
   7.2389851412540092E-003   1.0540787487162796E-002  -1.0651422896804620E-003
   7.3179167246853957E-003   1.0538857631929808E-002  -1.0522550559805962E-003
   7.3967725591785162E-003   1.0537605622298839E-002  -1.0388315748486496E-003
   7.4755655553099343E-003   1.0535535209423569E-002  -1.0251429973604522E-003
   7.5542643641523617E-003   1.0532027214745856E-002  -1.0112077380667835E-003
   7.6329184605169915E-003   1.0529005417519579E-002  -9.9691081956664344E-004
   7.7113953143025443E-003   1.0527174250620198E-002  -9.8148259063673493E-004
   7.7897650768475575E-003   1.0525057944425738E-002  -9.6555457874207182E-004
   7.8680122891751671E-003   1.0523280134365183E-002  -9.4899519635304483E-004
   7.9462377110959149E-003   1.0520673765438665E-002  -9.3244254645929851E-004
   8.0243964318809230E-003   1.0516875361050998E-002  -9.1580564514059655E-004
   8.1026545766562964E-003   1.0511609896576112E-002  -9.0005960882030812E-004
   8.1807482839403173E-003   1.0504768512998211E-002  -8.8410441042828915E-004
   8.2585286018764578E-003   1.0496265185087545E-002  -8.6743361100412655E-004
   8.3362629166667916E-003   1.0487112202053310E-002  -8.5089277656410166E-004
   8.4141898603743367E-003   1.0479038525296643E-002  -8.3469996372711498E-004
   8.4916551081936145E-003   1.0470613272281718E-002  -8.1658503912151992E-004
   8.5692871036448515E-003   1.0462280004437103E-002  -7.9915432115227236E-004
   8.6470512292643482E-003   1.0454189025246289E-002  -7.8220507867010820E-004
   8.7246483940749461E-003   1.0444714675671679E-002  -7.6520752876790951E-004
   8.8023773900927065E-003   1.0434916919808574E-002  -7.4901471652027833E-004
   8.8798772550407537E-003   1.0424258537870211E-002  -7.3227644225674514E-004
   8.9570961718689213E-003   1.0413957121105806E-002  -7.1407974760398854E-004
   9.0344394543060858E-003   1.0402797306292120E-002  -6.9694862983659582E-004
   9.1119086799807212E-003   1.0391176632992771E-002  -6.8071659288938715E-004
   9.1896047562746892E-003   1.0379370664934894E-002  -6.6575200657260198E-004
   9.2671433174033816E-003   1.0366763974312933E-002  -6.5062445296471926E-004
   9.3447703472226661E-003   1.0354404475595842E-002  -6.3574873321030172E-004
   9.4223761260181487E-003   1.0342096794267713E-002  -6.2071995804025655E-004
   9.4995967858669695E-003   1.0329016646165517E-002  -6.0441414865074249E-004
   9.5766968687877908E-003   1.0314857273344542E-002  -5.8844263123835868E-004
   9.6540624993412087E-003   1.0300854372887107E-002  -5.7366163033414496E-004
   9.7312294605795911E-003   1.0286222266685893E-002  -5.5845763204544576E-004
   9.8080796446978393E-003   1.0271093200978715E-002  -5.4217388008368644E-004
   9.8852700451390919E-003   1.0257441213954100E-002  -5.2619685526989011E-004
   9.9621586473025592E-003   1.0243468035549924E-002  -5.0908273400554200E-004
   1.0039102997414331E-002   1.0229565309463225E-002  -4.9216288781958205E-004
   1.0115657558699099E-002   1.0214357163480969E-002  -4.7460978424500940E-004
   1.0192192673185349E-002   1.0199973429725893E-002  -4.5629354961087117E-004
   1.0268535346946059E-002   1.0185601691407685E-002  -4.3718205303294364E-004
   1.0344803920956939E-002   1.0170950085000286E-002  -4.1798739109390355E-004
   1.0420612526718036E-002   1.0154423195790864E-002  -3.9849592562683778E-004
   1.0496615817204742E-002   1.0137887642897076E-002  -3.7978562566688321E-004
   1.0572123634805662E-002   1.0120044034061793E-002  -3.6028754622040565E-004
   1.0647736935381069E-002   1.0102725778768380E-002  -3.4072465248395189E-004
   1.0723493065029538E-002   1.0085878063619914E-002  -3.2130395952062333E-004
   1.0799030841694715E-002   1.0068990451991045E-002  -3.0108384885897796E-004
   1.0874787551385897E-002   1.0053236399179391E-002  -2.8076807296265532E-004
   1.0950080683174736E-002   1.0036117318281646E-002  -2.5984245768199304E-004
   1.1025503259098724E-002   1.0018738660952336E-002  -2.3960839456351759E-004
   1.1101307742423419E-002   1.0001557322921970E-002  -2.2067477548947770E-004
   1.1177061464520509E-002   9.9840846521711928E-003  -2.0180471026577475E-004
   1.1252742705691463E-002   9.9667991116521894E-003  -1.8247701449498969E-004
   1.1328670560448669E-002   9.9494737272865699E-003  -1.6417969414790265E-004
   1.1404586926712609E-002   9.9316755735613747E-003  -1.4629307753010045E-004
   1.1480490725066645E-002   9.9136165029568065E-003  -1.2861587859051458E-004
   1.1556359970712275E-002   9.8956285757787164E-003  -1.1071917387221451E-004
   1.1632265744130741E-002   9.8781438670425634E-003  -9.2481889956085183E-005
   1.1708417342500494E-002   9.8610534505735748E-003  -7.4907712038656097E-005
   1.1784261096290544E-002   9.8435135109370842E-003  -5.6466575228239767E-005
   1.1860243646093650E-002   9.8266857169751476E-003  -3.7933429843667995E-005
   1.1936402296020717E-002   9.8109450276452903E-003  -1.9169348684005072E-005
   1.2012500000010433E-002   9.7953991113086461E-003   7.9681389571460657E-015
