   3.5527136787921564E-015   3.5421283062121607E-015   7.1340190668714416E-015
  -7.9458369059960215E-006   7.5580499794443561E-005   2.4989032128665543E-005
  -1.6148645775397487E-005   1.5132688784475038E-004   4.9385724901144335E-005
  -2.3462572691829299E-005   2.2729785759414688E-004   7.3363177340006377E-005
  -3.0390505446790791E-005   3.0331863179256348E-004   9.7297371208102099E-005
  -3.6581439059707680E-005   3.7939282736654782E-004   1.2126378752950170E-004
  -4.1984067540374447E-005   4.5550273920966358E-004   1.4530735061673433E-004
  -4.5907686706066020E-005   5.3148639937850700E-004   1.7002755677338781E-004
  -5.0162941196619955E-005   6.0781428559552101E-004   1.9360607656037065E-004
  -5.2392114972517545E-005   6.8416775466505621E-004   2.1737956069512582E-004
  -5.3626561206010311E-005   7.6034535929177737E-004   2.4178137824759104E-004
  -5.5285985865898497E-005   8.3679398030414587E-004   2.6529423977871664E-004
  -5.7010573075011407E-005   9.1326788311318582E-004   2.8872003717307832E-004
  -5.6641485264574877E-005   9.8946546255802349E-004   3.1308789841376291E-004
  -5.6285515108398346E-005   1.0657051767357663E-003   3.3732380700110347E-004
  -5.5819801623780798E-005   1.1421141497687149E-003   3.6101878455471059E-004
  -5.5033005961850330E-005   1.2186070870289624E-003   3.8443270128756224E-004
  -5.4467706493724538E-005   1.2951911453828152E-003   4.0755330766062067E-004
  -5.4099532157159056E-005   1.3713661073897420E-003   4.3199179389701725E-004
  -5.3403504298708915E-005   1.4475466984284016E-003   4.5640558273805763E-004
  -5.2022341305737183E-005   1.5235384480679888E-003   4.8137248843877661E-004
  -5.0426001423086395E-005   1.5999198169011312E-003   5.0510723545876574E-004
  -4.8289380316777316E-005   1.6765122759479056E-003   5.2810788879872233E-004
  -4.5388508115668118E-005   1.7532083749162526E-003   5.5067541721435175E-004
  -4.2961807725071531E-005   1.8298167259170471E-003   5.7359422347449127E-004
  -4.0324865765158541E-005   1.9061974680284930E-003   5.9723801277336921E-004
  -3.6928226366561498E-005   1.9826162756059543E-003   6.2066083681425752E-004
  -3.1538461331695883E-005   2.0586253619239484E-003   6.4502411319089861E-004
  -2.6519634116652648E-005   2.1345576929442775E-003   6.6970391205590639E-004
  -2.1836724989627521E-005   2.2105480143280341E-003   6.9427099194657054E-004
  -1.7660683754235052E-005   2.2864501712708853E-003   7.1919935458869446E-004
  -1.3514309347840756E-005   2.3623347989392045E-003   7.4418596812013784E-004
  -9.2759788107415466E-006   2.4380975249012234E-003   7.6952459287632394E-004
  -5.3445846578401146E-006   2.5133385648311341E-003   7.9641938862132233E-004
  -3.8273125581192654E-007   2.5886421379604143E-003   8.2296655211662754E-004
   4.9549564081373356E-006   2.6640045115414899E-003   8.4927285833669673E-004
   1.0166054960329530E-005   2.7393190545149924E-003   8.7574102898614658E-004
   1.6067416969829918E-005   2.8147545441664116E-003   9.0171526290762838E-004
   2.2428435725334512E-005   2.8901535489406723E-003   9.2768693051635412E-004
   3.0440549463991213E-005   2.9654159930711022E-003   9.5359774951147668E-004
   3.7961221063550371E-005   3.0408036110435989E-003   9.7929106693244177E-004
   4.4818168799999007E-005   3.1164367526353878E-003   1.0044428097852011E-003
   5.4362105587483288E-005   3.1917110675424428E-003   1.0297941563479670E-003
   6.5011344712310174E-005   3.2669664583811031E-003   1.0547585277737536E-003
   7.6608054094071584E-005   3.3420715727541313E-003   1.0797532900044837E-003
   8.9148755090443901E-005   3.4167577438765175E-003   1.1055351957542639E-003
   1.0299226088973834E-004   3.4915099539599404E-003   1.1304443190106139E-003
   1.1582380403734123E-004   3.5664288896761387E-003   1.1553943610345065E-003
   1.2984877164925860E-004   3.6407900328183636E-003   1.1813504909218820E-003
   1.4453949201077959E-004   3.7153220708684579E-003   1.2064335138183347E-003
   1.5850797828038035E-004   3.7896938009075588E-003   1.2323897685763325E-003
   1.7216338154742728E-004   3.8638989512026069E-003   1.2589816023546635E-003
   1.8643562276876571E-004   3.9378264551238129E-003   1.2860191186601835E-003
   2.0132907738374010E-004   4.0114772984827648E-003   1.3134734129859062E-003
   2.1683457729498878E-004   4.0851702216323851E-003   1.3404721641126576E-003
   2.3427937042438051E-004   4.1586719448029495E-003   1.3668003975037112E-003
   2.5189507419251414E-004   4.2322392800473209E-003   1.3928298840595670E-003
   2.6952416066281084E-004   4.3060737600717040E-003   1.4180823074072663E-003
   2.8681006363993189E-004   4.3796889171599145E-003   1.4441975555688274E-003
   3.0445622485682965E-004   4.4533455352849475E-003   1.4699524698240846E-003
   3.2365348824005610E-004   4.5265125204181095E-003   1.4959920042373833E-003
   3.4273787188813821E-004   4.5996532766208647E-003   1.5221877307923174E-003
   3.6240506122708693E-004   4.6725378126442852E-003   1.5486650057610412E-003
   3.8261043923177560E-004   4.7454463257299261E-003   1.5746667634119638E-003
   4.0317898458035406E-004   4.8183733949827608E-003   1.6003295287004742E-003
   4.2447484951282195E-004   4.8910950594654029E-003   1.6259819290313096E-003
   4.4601465662714388E-004   4.9642386152804630E-003   1.6501905422608464E-003
   4.6816214910591565E-004   5.0372346799265142E-003   1.6742957933859612E-003
   4.9055174468180048E-004   5.1104567586733769E-003   1.6974740848582884E-003
   5.1275916624232264E-004   5.1838072655267286E-003   1.7204204038997820E-003
   5.3650796901087456E-004   5.2567103852933566E-003   1.7432486649951657E-003
   5.6225966622799883E-004   5.3292898390965605E-003   1.7649067572224478E-003
   5.8848318178006788E-004   5.4019084169200102E-003   1.7858559672448929E-003
   6.1497211228950298E-004   5.4744637253993783E-003   1.8066901642885707E-003
   6.4350461084402817E-004   5.5463506191548370E-003   1.8271393949615407E-003
   6.7267827320045012E-004   5.6177988276067013E-003   1.8482119112185724E-003
   7.0170945015691100E-004   5.6893159485775294E-003   1.8692474092555146E-003
   7.3073684883333907E-004   5.7609624571675266E-003   1.8898432323334895E-003
   7.5972041760424304E-004   5.8329983264981712E-003   1.9090990434604961E-003
   7.8869919359967158E-004   5.9049672093874411E-003   1.9286108460506107E-003
   8.1866936704468767E-004   5.9766743392215506E-003   1.9475812500865674E-003
   8.5019625478200312E-004   6.0475112246604415E-003   1.9672838138934086E-003
   8.8201445721829749E-004   6.1183099832518026E-003   1.9866522877399267E-003
   9.1441945335861831E-004   6.1890637530414225E-003   2.0051946793718345E-003
   9.4761023356392665E-004   6.2599419912025304E-003   2.0217671705171718E-003
   9.8115161046886750E-004   6.3307127475476215E-003   2.0380912657521010E-003
   1.0151915676203406E-003   6.4014431248707437E-003   2.0535345504617336E-003
   1.0498473133048224E-003   6.4717778880244350E-003   2.0694090704865202E-003
   1.0858332722833604E-003   6.5414518940751171E-003   2.0852376406529168E-003
   1.1226123033022518E-003   6.6107634010703830E-003   2.1008330847402000E-003
   1.1588171063536381E-003   6.6805116594734638E-003   2.1158128272391590E-003
   1.1943426837697714E-003   6.7506031237511838E-003   2.1308168265915389E-003
   1.2300405402141787E-003   6.8205881929809947E-003   2.1459083182659550E-003
   1.2672878869200779E-003   6.8899688661605103E-003   2.1600135421395517E-003
   1.3052293259882062E-003   6.9591752066399271E-003   2.1730875489058008E-003
   1.3451804322704081E-003   7.0274749264286175E-003   2.1848798080161668E-003
   1.3856441217006883E-003   7.0955748455351041E-003   2.1960642102112401E-003
   1.4268806867060201E-003   7.1633786327498670E-003   2.2061732241201366E-003
   1.4680626373430763E-003   7.2312355452357592E-003   2.2161475094207837E-003
   1.5083573682492855E-003   7.2996533771173440E-003   2.2259114699623985E-003
   1.5491273752109920E-003   7.3678555674161796E-003   2.2351995146773738E-003
   1.5902377286855390E-003   7.4359628280824420E-003   2.2436458090320782E-003
   1.6309833979448716E-003   7.5041748331492325E-003   2.2529685123717940E-003
   1.6728793373477142E-003   7.5717509634949933E-003   2.2618114120940306E-003
   1.7155868349944773E-003   7.6388981321620286E-003   2.2700167385098914E-003
   1.7594211200265858E-003   7.7052019627545576E-003   2.2790918426125869E-003
   1.8032575827476372E-003   7.7715659194670323E-003   2.2877051906361632E-003
   1.8481965525644940E-003   7.8371736057415292E-003   2.2964298970445198E-003
   1.8955597811291095E-003   7.9011521762461772E-003   2.3043965208831476E-003
   1.9436329924480272E-003   7.9646250332596012E-003   2.3121529878552521E-003
   1.9929377839361514E-003   8.0272139098340554E-003   2.3193411768450485E-003
   2.0427300996303972E-003   8.0894400329304464E-003   2.3263150497426902E-003
   2.0928775123838037E-003   8.1511804206375240E-003   2.3348801837352767E-003
   2.1442970223241563E-003   8.2120515596475329E-003   2.3420032749405266E-003
   2.1967929094239592E-003   8.2720766015190027E-003   2.3484201422779034E-003
   2.2504821477747662E-003   8.3311797167464740E-003   2.3533483733408707E-003
   2.3047210677680837E-003   8.3898686321763442E-003   2.3570565749373097E-003
   2.3604184713887106E-003   8.4471282701207868E-003   2.3614307146263532E-003
   2.4166323261088940E-003   8.5038853352351635E-003   2.3657479005209214E-003
   2.4731060962456791E-003   8.5603279975487757E-003   2.3707418133559828E-003
   2.5294858189479639E-003   8.6169208189397183E-003   2.3750522006871972E-003
   2.5864951745708060E-003   8.6728556582712085E-003   2.3796594901971790E-003
   2.6444575623962847E-003   8.7278804157613493E-003   2.3832144402040119E-003
   2.7030703872449394E-003   8.7822130856609320E-003   2.3867496549596435E-003
   2.7623225668814699E-003   8.8358799141533152E-003   2.3897580966930941E-003
   2.8223403757557386E-003   8.8886726626805808E-003   2.3930426549292204E-003
   2.8834911404948026E-003   8.9401915930470595E-003   2.3955692710811733E-003
   2.9459303739857025E-003   8.9900971823519971E-003   2.3988516896951118E-003
   3.0099417839901292E-003   9.0379086027760139E-003   2.4029269159002429E-003
   3.0750630065204229E-003   9.0842870125686422E-003   2.4058025869828012E-003
   3.1408606866235741E-003   9.1297579675933965E-003   2.4075511703532263E-003
   3.2078597407346320E-003   9.1734529276949524E-003   2.4089212833162538E-003
   3.2755757541574246E-003   9.2160150425019405E-003   2.4106556156356851E-003
   3.3445479363256279E-003   9.2564630860358689E-003   2.4132621197695083E-003
   3.4134162224750599E-003   9.2970695270781761E-003   2.4161389427306851E-003
   3.4823021691097267E-003   9.3376716432586049E-003   2.4186278215584398E-003
   3.5513416039370418E-003   9.3780654968760885E-003   2.4200036958591641E-003
   3.6208758975246652E-003   9.4176250480006544E-003   2.4198490110957263E-003
   3.6902826155898495E-003   9.4574032486365051E-003   2.4192147848579463E-003
   3.7601997592067744E-003   9.4962811490556763E-003   2.4188955929076656E-003
   3.8308668967430687E-003   9.5337660844010616E-003   2.4178780953262027E-003
   3.9018542426083728E-003   9.5706444648456495E-003   2.4169939127630406E-003
   3.9731101174915193E-003   9.6070117130187625E-003   2.4168404400553506E-003
   4.0449479410882430E-003   9.6422157733098979E-003   2.4168757241458437E-003
   4.1170245425925147E-003   9.6769257961627116E-003   2.4164540256173075E-003
   4.1895808674667140E-003   9.7106060128919619E-003   2.4153482585646331E-003
   4.2622135456923445E-003   9.7440587173316644E-003   2.4130221845375735E-003
   4.3353823646112661E-003   9.7762758093893794E-003   2.4101268577295760E-003
   4.4091010574645517E-003   9.8071965872979835E-003   2.4070511758882813E-003
   4.4831445849560919E-003   9.8373261104292998E-003   2.4039258166467566E-003
   4.5571815198814222E-003   9.8675122579571593E-003   2.4012186474855900E-003
   4.6314391217220658E-003   9.8970974827723227E-003   2.3979747233627224E-003
   4.7061248971113547E-003   9.9255784798293195E-003   2.3946780939689953E-003
   4.7810530669745669E-003   9.9534151852105398E-003   2.3913785199678643E-003
   4.8560108406725784E-003   9.9810716275592574E-003   2.3873222452378598E-003
   4.9311116980339277E-003   1.0008318023850051E-002   2.3831395301898146E-003
   5.0063779123051908E-003   1.0034688253145173E-002   2.3768460410388652E-003
   5.0817794695197952E-003   1.0060616053279962E-002   2.3703380198507253E-003
   5.1577820578279287E-003   1.0084565291250356E-002   2.3632640827861073E-003
   5.2337898140557993E-003   1.0107944443454874E-002   2.3545327473558338E-003
   5.3097695813701220E-003   1.0131087410373074E-002   2.3449683314922666E-003
   5.3860620186282106E-003   1.0152657309969450E-002   2.3342817299763889E-003
   5.4623847967613329E-003   1.0173867939392419E-002   2.3231039515965966E-003
   5.5384711201869451E-003   1.0194845062549031E-002   2.3100336915195981E-003
   5.6144465439384389E-003   1.0215911496785787E-002   2.2964712309725918E-003
   5.6904767806497626E-003   1.0235487097201228E-002   2.2811024651573481E-003
   5.7665251722895522E-003   1.0253898040870403E-002   2.2644387534270219E-003
   5.8423921593449843E-003   1.0272217177972250E-002   2.2468714688524071E-003
   5.9184902517950893E-003   1.0288995779344418E-002   2.2287728813850270E-003
   5.9948451947710616E-003   1.0304324106349851E-002   2.2104708304019238E-003
   6.0712609779152646E-003   1.0317229824922081E-002   2.1906196211570507E-003
   6.1481299296667121E-003   1.0328436959941610E-002   2.1714998828303252E-003
   6.2251874860316360E-003   1.0339539764980943E-002   2.1530917128218556E-003
   6.3022554454781870E-003   1.0349789600131483E-002   2.1342377873876154E-003
   6.3792328147610758E-003   1.0360285597812853E-002   2.1151506543525475E-003
   6.4557897976485201E-003   1.0370783815235166E-002   2.0944427862688432E-003
   6.5323393020277742E-003   1.0380708955306623E-002   2.0734269593020234E-003
   6.6086017664842324E-003   1.0390006103070771E-002   2.0511200195565374E-003
   6.6851382236655836E-003   1.0398130819064154E-002   2.0292989354897041E-003
   6.7618025589837941E-003   1.0405439495703063E-002   2.0076387663117527E-003
   6.8382779621986110E-003   1.0412080283932413E-002   1.9851129446589013E-003
   6.9148271724530606E-003   1.0417887273022926E-002   1.9626074501404101E-003
   6.9915908062027224E-003   1.0422867554261431E-002   1.9406406264709747E-003
   7.0681869586361390E-003   1.0427160196447941E-002   1.9179557713963958E-003
   7.1447579409779057E-003   1.0430899283136253E-002   1.8950886794040710E-003
   7.2210591915656958E-003   1.0434793679559464E-002   1.8713620522092264E-003
   7.2971712632607143E-003   1.0436995320786131E-002   1.8468242179085913E-003
   7.3732158093139698E-003   1.0439931956327489E-002   1.8221543337038795E-003
   7.4492953475397954E-003   1.0442044545163485E-002   1.7975080189148998E-003
   7.5254764763870632E-003   1.0443964472513742E-002   1.7731615718817200E-003
   7.6016665005605990E-003   1.0445230162683488E-002   1.7488001628040851E-003
   7.6777834655459764E-003   1.0445558032991012E-002   1.7241810615812414E-003
   7.7536759138172456E-003   1.0444856573255029E-002   1.6988859189422220E-003
   7.8294985798657013E-003   1.0443566361335529E-002   1.6734053640327258E-003
   7.9050509996081517E-003   1.0441601150999182E-002   1.6471761852491216E-003
   7.9802217852186861E-003   1.0438683183928021E-002   1.6199578374840459E-003
   8.0554627125873062E-003   1.0434798576802786E-002   1.5930559292459386E-003
   8.1307858247642965E-003   1.0430457576557152E-002   1.5664554687042003E-003
   8.2058100221393711E-003   1.0426264313578598E-002   1.5390002988850409E-003
   8.2809176989095418E-003   1.0421470753729139E-002   1.5118735837523131E-003
   8.3559817824878074E-003   1.0417483941447233E-002   1.4844967927285658E-003
   8.4311288903963135E-003   1.0412845549500735E-002   1.4574524312041923E-003
   8.5058637375469807E-003   1.0408270488794547E-002   1.4292784815459986E-003
   8.5805351937322128E-003   1.0403237890637062E-002   1.4010146073168011E-003
   8.6546199817371210E-003   1.0397086789943369E-002   1.3714577443557892E-003
   8.7289114993667014E-003   1.0390329711709964E-002   1.3425594346871722E-003
   8.8027910789528329E-003   1.0383724976282272E-002   1.3125896968127677E-003
   8.8767313287671634E-003   1.0376497844336030E-002   1.2829146566186375E-003
   8.9504299335772773E-003   1.0369118052307788E-002   1.2526813251952976E-003
   9.0239806588974947E-003   1.0360579768681566E-002   1.2223929030581713E-003
   9.0977793417480694E-003   1.0351270337429847E-002   1.1929465297839724E-003
   9.1714954220353442E-003   1.0342230757546205E-002   1.1632106002828087E-003
   9.2448728432726734E-003   1.0333027297247391E-002   1.1326974822971076E-003
   9.3185562256578140E-003   1.0323065907648091E-002   1.1031757974799864E-003
   9.3923120480777691E-003   1.0312915063311848E-002   1.0739005689253537E-003
   9.4664453450416450E-003   1.0302098680535174E-002   1.0458424123540855E-003
   9.5399855389943361E-003   1.0290791956076788E-002   1.0164485718302816E-003
   9.6132651753278332E-003   1.0278969011703182E-002   9.8661046051488118E-004
   9.6859106505557922E-003   1.0266625434815758E-002   9.5546128665724298E-004
   9.7589886078994145E-003   1.0255181849882958E-002   9.2498742057114502E-004
   9.8314741419722358E-003   1.0243474391178441E-002   8.9322607986450802E-004
   9.9040774538315425E-003   1.0231932379777375E-002   8.6167388364891790E-004
   9.9772644968937930E-003   1.0219839571095393E-002   8.3171690286300596E-004
   1.0050458371428778E-002   1.0207635496633331E-002   8.0182179789230049E-004
   1.0123796680582879E-002   1.0194896484654284E-002   7.7250951401887195E-004
   1.0197155281390509E-002   1.0183106497265880E-002   7.4285294834251368E-004
   1.0270366131085923E-002   1.0170117234226471E-002   7.1333260738938836E-004
   1.0343786936499261E-002   1.0156293358717195E-002   6.8472691216977404E-004
   1.0417517108411050E-002   1.0142077105155198E-002   6.5712691428278670E-004
   1.0491273516837193E-002   1.0127791095532952E-002   6.2963323963507957E-004
   1.0565278052583985E-002   1.0113909029490819E-002   6.0260331306912136E-004
   1.0638909278336104E-002   1.0099409727724870E-002   5.7488666031536449E-004
   1.0712389111030268E-002   1.0084780828440392E-002   5.4683831821347099E-004
   1.0785413841466699E-002   1.0070353276515077E-002   5.1752561635495179E-004
   1.0858251676643694E-002   1.0056056697840890E-002   4.8768843133080751E-004
   1.0930942664968812E-002   1.0041701790448127E-002   4.5752294039168653E-004
   1.1003499304163895E-002   1.0026558683991873E-002   4.2741944498467856E-004
   1.1075767885503724E-002   1.0011035030856881E-002   3.9682094266223433E-004
   1.1147935672776013E-002   9.9955666565344388E-003   3.6595769792191154E-004
   1.1219908042496892E-002   9.9791098722845396E-003   3.3514938337539710E-004
   1.1291826858286943E-002   9.9625000661927553E-003   3.0429815524799322E-004
   1.1363857740282439E-002   9.9457773831129071E-003   2.7377105396262177E-004
   1.1435685832110772E-002   9.9280653468719858E-003   2.4332423157977649E-004
   1.1507313790168967E-002   9.9104163191071834E-003   2.1237350555553436E-004
   1.1578749658202070E-002   9.8931945907415244E-003   1.8074553013515177E-004
   1.1650392717932185E-002   9.8764756061841211E-003   1.4931707884687951E-004
   1.1722542286436526E-002   9.8599893846445259E-003   1.1894201896534806E-004
   1.1795105661924371E-002   9.8435132245615776E-003   8.9563579847579697E-005
   1.1867427086606921E-002   9.8268332741502443E-003   5.9707411502234742E-005
   1.1940062469003724E-002   9.8108877193318449E-003   3.0214352884322243E-005
   1.2012500000010246E-002   9.7953991113084813E-003   7.9650826024409786E-015
