   3.5527136787920901E-015   3.5421283062121350E-015   7.1340190668713407E-015
  -1.0941746606464184E-005   7.5955449431568134E-005  -2.2606368177854279E-005
  -2.0861475442961048E-005   1.5167392184620723E-004  -4.6445661566170627E-005
  -3.0310997826953245E-005   2.2774757397467396E-004  -6.9325914528330646E-005
  -4.0097214437124225E-005   3.0399434669800562E-004  -9.1476752251408683E-005
  -4.9929344261491861E-005   3.7999031967268115E-004  -1.1445372588303803E-004
  -6.0636452723374401E-005   4.5616475661180110E-004  -1.3642673174455586E-004
  -7.1086761997169265E-005   5.3214777064602547E-004  -1.5917255788466583E-004
  -8.0870738286857054E-005   6.0799716714660503E-004  -1.8264898987375530E-004
  -9.0175024431723744E-005   6.8383751610284651E-004  -2.0634860447211328E-004
  -9.8871429433582426E-005   7.6032228681382227E-004  -2.2813053260911008E-004
  -1.0682865977584271E-004   8.3733309112427967E-004  -2.4828043352723947E-004
  -1.1502438754523709E-004   9.1441401009847946E-004  -2.6806330419534548E-004
  -1.2158871634679204E-004   9.9187714045976508E-004  -2.8694114894860543E-004
  -1.2832769534889881E-004   1.0692664790311124E-003  -3.0605858693596625E-004
  -1.3533039344976040E-004   1.1465579439717925E-003  -3.2547486044300268E-004
  -1.4047026076924074E-004   1.2242293637775349E-003  -3.4393379606188881E-004
  -1.4504909408095468E-004   1.3020553029325719E-003  -3.6188254188527016E-004
  -1.4898848197032958E-004   1.3798813650792671E-003  -3.7998185879002005E-004
  -1.5276897345511587E-004   1.4575336064451406E-003  -3.9884550865813541E-004
  -1.5620452918994589E-004   1.5353420696903822E-003  -4.1712227010471726E-004
  -1.6064320896510116E-004   1.6132173231893413E-003  -4.3489142980001607E-004
  -1.6390230488391985E-004   1.6909812851728908E-003  -4.5338857814939510E-004
  -1.6701170465760221E-004   1.7689718076156339E-003  -4.7093309402867275E-004
  -1.6845342851057183E-004   1.8469146553587662E-003  -4.8890067361677229E-004
  -1.6908535000781014E-004   1.9246885004242577E-003  -5.0763112208318431E-004
  -1.6903053680943008E-004   2.0026132214380076E-003  -5.2573457057383485E-004
  -1.6903165307569412E-004   2.0805339339517791E-003  -5.4385534776259031E-004
  -1.6826563504917822E-004   2.1586570071495839E-003  -5.6106577028302868E-004
  -1.6725290431340612E-004   2.2368055852898159E-003  -5.7814716681181696E-004
  -1.6456769580243578E-004   2.3149868920385934E-003  -5.9489449326397611E-004
  -1.6121256449586646E-004   2.3931362417015959E-003  -6.1167013733559540E-004
  -1.5778383690849166E-004   2.4713147797880584E-003  -6.2829421641548487E-004
  -1.5435341325489130E-004   2.5496886079896686E-003  -6.4397143665605053E-004
  -1.5073803710042189E-004   2.6280916271992972E-003  -6.5946000143621286E-004
  -1.4623921293758948E-004   2.7065221946722838E-003  -6.7457313067370670E-004
  -1.4077174097251822E-004   2.7848332846501585E-003  -6.8998351437166627E-004
  -1.3498796931168209E-004   2.8632132423967926E-003  -7.0492105798951386E-004
  -1.3057233938557785E-004   2.9418703577456531E-003  -7.1883365718258601E-004
  -1.2577002334893453E-004   3.0205078530261358E-003  -7.3272905572695766E-004
  -1.2078540906633593E-004   3.0990253232631815E-003  -7.4722596895075927E-004
  -1.1485767702220908E-004   3.1774631059271786E-003  -7.6179910352750337E-004
  -1.0970368787943233E-004   3.2559890718092178E-003  -7.7619038786502922E-004
  -1.0328680412878278E-004   3.3343535794810681E-003  -7.9094936903541843E-004
  -9.6060401254579705E-005   3.4125548976532178E-003  -8.0619184095030380E-004
  -8.7723303368634819E-005   3.4907532997636177E-003  -8.2087185146497311E-004
  -7.9110374105429150E-005   3.5689028737550346E-003  -8.3565229533672392E-004
  -6.9955290171583773E-005   3.6468759505484580E-003  -8.5102707204769590E-004
  -5.9424747571624375E-005   3.7248140476231636E-003  -8.6568178806635803E-004
  -4.9814526194576194E-005   3.8028934603094380E-003  -8.8021619407171049E-004
  -3.9601978528827678E-005   3.8805948655588163E-003  -8.9628465669858908E-004
  -2.8330354513597167E-005   3.9584171799873094E-003  -9.1100327964350547E-004
  -1.6159321209787662E-005   4.0361928983490237E-003  -9.2524419166183059E-004
  -3.4890847630834451E-006   4.1141021764496107E-003  -9.3826761244943926E-004
   7.6911373939537442E-006   4.1922395699002489E-003  -9.5128876406817419E-004
   1.8282275621943680E-005   4.2706779106807058E-003  -9.6291865987769589E-004
   2.9778393458252543E-005   4.3489702071948582E-003  -9.7467262030795625E-004
   4.2434265785436670E-005   4.4272704567609534E-003  -9.8510812837779597E-004
   5.6243854484836773E-005   4.5054016817530343E-003  -9.9534565359611616E-004
   6.9488381573325843E-005   4.5836396196558609E-003  -1.0055146054849251E-003
   8.3312065215452197E-005   4.6618073533878732E-003  -1.0154499545534539E-003
   9.7806781351279879E-005   4.7397980146517650E-003  -1.0258114200209728E-003
   1.1242526845316783E-004   4.8177403887671956E-003  -1.0363606460451940E-003
   1.2634090117603770E-004   4.8958648134102964E-003  -1.0465060598733318E-003
   1.4168230582228838E-004   4.9738613572738151E-003  -1.0555160797733134E-003
   1.5930682806498763E-004   5.0514402237833191E-003  -1.0639360368936666E-003
   1.7796096807946979E-004   5.1288983797395911E-003  -1.0711649468018029E-003
   1.9703323299219579E-004   5.2063333673201071E-003  -1.0774951457108463E-003
   2.1610681799073519E-004   5.2837926334044910E-003  -1.0835168111480095E-003
   2.3524856373402961E-004   5.3612958946864155E-003  -1.0886973561098964E-003
   2.5455422849945280E-004   5.4387852869463666E-003  -1.0934602758510530E-003
   2.7377200458610112E-004   5.5162852101282786E-003  -1.0984038547143258E-003
   2.9409397301573959E-004   5.5934834904081141E-003  -1.1036424742411942E-003
   3.1480918360640389E-004   5.6705101557584696E-003  -1.1097884379328157E-003
   3.3652561631171299E-004   5.7472302276930535E-003  -1.1163020479611797E-003
   3.5730591800177565E-004   5.8242373421774915E-003  -1.1224732219257028E-003
   3.7917257507264352E-004   5.9009599017178765E-003  -1.1284312560969885E-003
   4.0169543183028988E-004   5.9775546643829449E-003  -1.1335266708094973E-003
   4.2502975796541238E-004   6.0538172645421898E-003  -1.1398135644666845E-003
   4.4945176938524612E-004   6.1298070755464555E-003  -1.1452093020988987E-003
   4.7563335286802624E-004   6.2051233412824033E-003  -1.1516888697209859E-003
   5.0327757787410957E-004   6.2799006087155204E-003  -1.1583339512642949E-003
   5.3150659954048014E-004   6.3544397525317139E-003  -1.1651924043261026E-003
   5.6120306027907711E-004   6.4283157780191408E-003  -1.1729675621696143E-003
   5.9140447821221323E-004   6.5020350642852670E-003  -1.1802710671838695E-003
   6.2211829633165546E-004   6.5754863198416221E-003  -1.1881180052666660E-003
   6.5464529123724052E-004   6.6482524310773018E-003  -1.1949800501376048E-003
   6.8841349372631387E-004   6.7204579748815912E-003  -1.2017673874233697E-003
   7.2176180373945023E-004   6.7929404533484186E-003  -1.2076137992186526E-003
   7.5576227011360834E-004   6.8651535464829107E-003  -1.2130209673496030E-003
   7.9019240197190400E-004   6.9371510102970513E-003  -1.2185825520264234E-003
   8.2564439261876513E-004   7.0086782967085839E-003  -1.2237790575541046E-003
   8.6119077071186267E-004   7.0802395947699498E-003  -1.2277078760863996E-003
   8.9743255663585957E-004   7.1513868539168158E-003  -1.2326677608520218E-003
   9.3362181650959630E-004   7.2225702188474889E-003  -1.2374912493142581E-003
   9.7073121990678664E-004   7.2933207309878925E-003  -1.2416454282571853E-003
   1.0086928289606985E-003   7.3635603068442149E-003  -1.2466771494949555E-003
   1.0478640052611560E-003   7.4331258373876094E-003  -1.2518012029496847E-003
   1.0885358617421059E-003   7.5019418547434694E-003  -1.2549880263343885E-003
   1.1295417699029526E-003   7.5706086453175203E-003  -1.2568285023223350E-003
   1.1706771623387997E-003   7.6392002748785796E-003  -1.2585800294027565E-003
   1.2133251262605527E-003   7.7068790232677547E-003  -1.2594392129686059E-003
   1.2558674825424989E-003   7.7746251465614872E-003  -1.2602206839249616E-003
   1.2996503664457508E-003   7.8415678328376866E-003  -1.2615381958634149E-003
   1.3435674219526772E-003   7.9084255246149506E-003  -1.2626963334498250E-003
   1.3892947070444025E-003   7.9740600758627048E-003  -1.2637551490823219E-003
   1.4361250802124479E-003   8.0389205449324132E-003  -1.2635662586371155E-003
   1.4839814060785034E-003   8.1030238558120037E-003  -1.2642994825671631E-003
   1.5331086423720783E-003   8.1661577062204609E-003  -1.2650942063974829E-003
   1.5829416681740060E-003   8.2287277018441470E-003  -1.2663846291421008E-003
   1.6336665213910644E-003   8.2905755245923675E-003  -1.2677396505233504E-003
   1.6860426859806401E-003   8.3510445641412374E-003  -1.2682219780760342E-003
   1.7395140753254652E-003   8.4105469971390324E-003  -1.2687425443873418E-003
   1.7934396174168255E-003   8.4696181243143556E-003  -1.2703666871313783E-003
   1.8489262603255542E-003   8.5271678959702359E-003  -1.2734090943216409E-003
   1.9042926372208073E-003   8.5847361815707835E-003  -1.2779320146434083E-003
   1.9608053511494211E-003   8.6411579395641938E-003  -1.2827172403229675E-003
   2.0178905280897109E-003   8.6970287721667844E-003  -1.2871593843461740E-003
   2.0760115183109679E-003   8.7517845171514400E-003  -1.2920336929072101E-003
   2.1347786880497629E-003   8.8058945995516790E-003  -1.2963370347923628E-003
   2.1945492565020892E-003   8.8589550892111488E-003  -1.2998103023995674E-003
   2.2555914438355524E-003   8.9106398611669239E-003  -1.3014026935433574E-003
   2.3173337248689834E-003   8.9614614024329797E-003  -1.3036525124291969E-003
   2.3802136981059020E-003   9.0108967309367217E-003  -1.3051549304776810E-003
   2.4443092108380957E-003   9.0587430925395136E-003  -1.3067331962218795E-003
   2.5085093777300429E-003   9.1064570017869908E-003  -1.3080452317525454E-003
   2.5735314784484029E-003   9.1530128798719725E-003  -1.3102077851882071E-003
   2.6379329949580001E-003   9.2003973751220748E-003  -1.3128825330122502E-003
   2.7025485305326039E-003   9.2475361332618761E-003  -1.3145468784749245E-003
   2.7683519610911958E-003   9.2929963746533183E-003  -1.3163565696757650E-003
   2.8349682795615703E-003   9.3372486274367218E-003  -1.3183576290554432E-003
   2.9027750614753949E-003   9.3796820946692883E-003  -1.3196387163829911E-003
   2.9711998217356777E-003   9.4211233323492002E-003  -1.3204609099083926E-003
   3.0394257872658195E-003   9.4628241247290811E-003  -1.3229632178356216E-003
   3.1078885023900628E-003   9.5041460739457278E-003  -1.3252769058742576E-003
   3.1773489647258075E-003   9.5437915338424488E-003  -1.3271428323463072E-003
   3.2475233775841618E-003   9.5821956959822874E-003  -1.3279626565597545E-003
   3.3180837719615310E-003   9.6198856731436709E-003  -1.3287971409275169E-003
   3.3891683180330332E-003   9.6565869862841255E-003  -1.3288275531409051E-003
   3.4607403070782148E-003   9.6923279995077896E-003  -1.3290017767268758E-003
   3.5324969664871169E-003   9.7276901891179650E-003  -1.3297070307560096E-003
   3.6046056431974834E-003   9.7623349166326649E-003  -1.3299926783016524E-003
   3.6767098208108566E-003   9.7969898329742806E-003  -1.3298366559350262E-003
   3.7490771971380329E-003   9.8310874950813618E-003  -1.3292778291538823E-003
   3.8219420669237227E-003   9.8641099837495604E-003  -1.3288024411548195E-003
   3.8953868403343982E-003   9.8958059569346224E-003  -1.3276931433942141E-003
   3.9692280635972100E-003   9.9265361241764067E-003  -1.3259238019091573E-003
   4.0439396228158916E-003   9.9550992828492044E-003  -1.3243977331825487E-003
   4.1187373496373962E-003   9.9834157871680380E-003  -1.3225334245508629E-003
   4.1940853359334757E-003   1.0010189425568083E-002  -1.3201140763100859E-003
   4.2693115530397967E-003   1.0037077116267662E-002  -1.3158633882145243E-003
   4.3448052140452192E-003   1.0063150743133051E-002  -1.3112946758898605E-003
   4.4203808933436835E-003   1.0088738868478412E-002  -1.3055011843572436E-003
   4.4962674479653913E-003   1.0113313420662132E-002  -1.2993919940104059E-003
   4.5725005407498964E-003   1.0136670406548486E-002  -1.2928370889297301E-003
   4.6487694528400776E-003   1.0159688995726680E-002  -1.2855434209036089E-003
   4.7251499205834191E-003   1.0182192505842177E-002  -1.2778222688332355E-003
   4.8016534675760728E-003   1.0204021585728000E-002  -1.2694140253252022E-003
   4.8785463517368090E-003   1.0224590285609804E-002  -1.2613882565062282E-003
   4.9553441877902282E-003   1.0245240729353731E-002  -1.2526904674975685E-003
   5.0322172478240957E-003   1.0265810155835803E-002  -1.2444788084075152E-003
   5.1093743199069445E-003   1.0285242673508116E-002  -1.2361623495588860E-003
   5.1865204039273352E-003   1.0304628207508978E-002  -1.2276369296961103E-003
   5.2634886921033002E-003   1.0324677195228263E-002  -1.2190392140967604E-003
   5.3409339579361011E-003   1.0342810119699734E-002  -1.2104702087893571E-003
   5.4184738397111748E-003   1.0360182258781004E-002  -1.2012087020722637E-003
   5.4962502781546159E-003   1.0376758651240320E-002  -1.1924881033232102E-003
   5.5740253333129049E-003   1.0392546956642237E-002  -1.1823999813965105E-003
   5.6518086170129159E-003   1.0407718990947341E-002  -1.1714651673238765E-003
   5.7296582219554101E-003   1.0422745920673309E-002  -1.1608054117413608E-003
   5.8076044062502106E-003   1.0437947358528606E-002  -1.1511457722602203E-003
   5.8858378344657739E-003   1.0452029766300731E-002  -1.1421337517625158E-003
   5.9642245565145538E-003   1.0464801756315556E-002  -1.1325213601129584E-003
   6.0426690183853068E-003   1.0476401967550035E-002  -1.1219430096151629E-003
   6.1212962770300474E-003   1.0486791725737748E-002  -1.1114641203942828E-003
   6.1999521722699265E-003   1.0496454103886450E-002  -1.1005147555275259E-003
   6.2784347909542286E-003   1.0506298559466932E-002  -1.0885328830509595E-003
   6.3568577802673278E-003   1.0516899074903902E-002  -1.0768083863863954E-003
   6.4354700500907627E-003   1.0525205588219568E-002  -1.0645155890064049E-003
   6.5142713813598346E-003   1.0532274379707388E-002  -1.0526672823787230E-003
   6.5927709807805301E-003   1.0540313153312103E-002  -1.0395070766042785E-003
   6.6712715724812389E-003   1.0547967203357196E-002  -1.0261252748972735E-003
   6.7498311921389701E-003   1.0554860160572836E-002  -1.0126763600752139E-003
   6.8286256382510983E-003   1.0561681013305967E-002  -1.0006384522792593E-003
   6.9073864150268191E-003   1.0566697868332807E-002  -9.8753993291240700E-004
   6.9861464973124615E-003   1.0571556628228175E-002  -9.7437779427647859E-004
   7.0650274635148174E-003   1.0575930263306504E-002  -9.6178158527775431E-004
   7.1440448727435914E-003   1.0580221778141576E-002  -9.5004140050028733E-004
   7.2229671225298832E-003   1.0583922189771760E-002  -9.3748809642119090E-004
   7.3018869971998969E-003   1.0586931993849196E-002  -9.2473684322226990E-004
   7.3810080335984475E-003   1.0587733884386863E-002  -9.1293775096006470E-004
   7.4600990114177257E-003   1.0587375881722889E-002  -9.0091739055825760E-004
   7.5392891600749344E-003   1.0586813145069634E-002  -8.8957703454238112E-004
   7.6184432548689956E-003   1.0586102665822253E-002  -8.7799582093814289E-004
   7.6975526510761347E-003   1.0584053609279673E-002  -8.6626957689690755E-004
   7.7767547022096145E-003   1.0581049367372634E-002  -8.5540635347971898E-004
   7.8558020339121511E-003   1.0577870956240090E-002  -8.4351446363664011E-004
   7.9347880109821110E-003   1.0572950048348670E-002  -8.3180975928036068E-004
   8.0137998337490024E-003   1.0566783249043039E-002  -8.2089635260350715E-004
   8.0926132670615311E-003   1.0559440498419077E-002  -8.0929778620616956E-004
   8.1714646139535493E-003   1.0551369386044653E-002  -7.9846624703934445E-004
   8.2502415309858423E-003   1.0542203696792849E-002  -7.8796922457535713E-004
   8.3290116473951764E-003   1.0532242975095472E-002  -7.7816857242669424E-004
   8.4075106308431485E-003   1.0520609728786968E-002  -7.6804053325436503E-004
   8.4859268383751726E-003   1.0508321615834388E-002  -7.5804550059244038E-004
   8.5643240312970430E-003   1.0496770111036394E-002  -7.4707085351084790E-004
   8.6427352105143147E-003   1.0485584651402506E-002  -7.3582041064748920E-004
   8.7211363992804238E-003   1.0474686985044855E-002  -7.2422323610767851E-004
   8.7993776538935840E-003   1.0463635193451153E-002  -7.1172667700189680E-004
   8.8772821816570247E-003   1.0451493764301880E-002  -6.9818155795068216E-004
   8.9551311701900269E-003   1.0439543314804635E-002  -6.8415580517402412E-004
   9.0328820388411342E-003   1.0427580738351499E-002  -6.6960591894582307E-004
   9.1105374004066819E-003   1.0414563845375925E-002  -6.5545652618462550E-004
   9.1883405927261907E-003   1.0401822078425505E-002  -6.4188042082239381E-004
   9.2658188279778463E-003   1.0388664208774377E-002  -6.2691400785660893E-004
   9.3432455929171772E-003   1.0376083119963171E-002  -6.1120374749471017E-004
   9.4204268574096962E-003   1.0362212524302023E-002  -5.9537153373270704E-004
   9.4972675629800048E-003   1.0347548575609352E-002  -5.7862415847585399E-004
   9.5742104575060240E-003   1.0333424521938377E-002  -5.6188193391438113E-004
   9.6506186208564042E-003   1.0318604628927631E-002  -5.4338427610356791E-004
   9.7271221940310251E-003   1.0304260052643165E-002  -5.2490627769144320E-004
   9.8038239774390704E-003   1.0288577446293558E-002  -5.0844747195578726E-004
   9.8805144262122894E-003   1.0273074500987450E-002  -4.9176713186095699E-004
   9.9573340746876571E-003   1.0258049015449341E-002  -4.7524513450475082E-004
   1.0034273005138655E-002   1.0243305988924751E-002  -4.5902649857270197E-004
   1.0110777745553207E-002   1.0228378144242049E-002  -4.4102138401899671E-004
   1.0187180128780289E-002   1.0213228421272699E-002  -4.2276866563188209E-004
   1.0263525636476666E-002   1.0198127712677854E-002  -4.0423944397610396E-004
   1.0339765866799789E-002   1.0182125412615909E-002  -3.8603632139171947E-004
   1.0415982770264426E-002   1.0166701521833256E-002  -3.6724570618356934E-004
   1.0492131237352624E-002   1.0150777802375343E-002  -3.4859507301450275E-004
   1.0568289314211094E-002   1.0134881649446181E-002  -3.2996016897438328E-004
   1.0644369678598357E-002   1.0118170958231651E-002  -3.1172473764979632E-004
   1.0720378549771170E-002   1.0101290362911561E-002  -2.9334820356936744E-004
   1.0796622302737173E-002   1.0084840557023784E-002  -2.7556354655566611E-004
   1.0872534628168002E-002   1.0067581660267375E-002  -2.5713939599231270E-004
   1.0948634995796349E-002   1.0050674148443278E-002  -2.3917080976777896E-004
   1.1025030989801577E-002   1.0034122745619779E-002  -2.2215014102565196E-004
   1.1101356505463896E-002   1.0016937372795510E-002  -2.0544449468627363E-004
   1.1177637941771503E-002   9.9993599573309725E-003  -1.8894670887351382E-004
   1.1253942974433950E-002   9.9815326632291049E-003  -1.7283058106907674E-004
   1.1330065835826198E-002   9.9639457454735476E-003  -1.5562563118210775E-004
   1.1405875199382147E-002   9.9457148955153594E-003  -1.3772098084356555E-004
   1.1481696370833407E-002   9.9272695211971834E-003  -1.2008811028534847E-004
   1.1557410148674768E-002   9.9082793086286060E-003  -1.0257252664407371E-004
   1.1632922629526499E-002   9.8883689287794958E-003  -8.5210441158128643E-005
   1.1708598696037457E-002   9.8688367339601138E-003  -6.8133371097200949E-005
   1.1784237494489666E-002   9.8494339660311278E-003  -5.0746457523539086E-005
   1.1860161719278291E-002   9.8310917387832968E-003  -3.3452678527676710E-005
   1.1936338586379595E-002   9.8132569915377905E-003  -1.6749184571748308E-005
   1.2012500000010124E-002   9.7953991113083529E-003   7.9660245502452576E-015
