   3.5527136787920412E-015   3.5421283062121188E-015   7.1340190668712854E-015
  -8.8292015653768447E-006   7.2262141796218776E-005  -3.3169685888224343E-005
  -1.7501517381201640E-005   1.4442366895074164E-004  -6.6598788947811136E-005
  -2.6804906623772587E-005   2.1699324442266032E-004  -9.8957770104315815E-005
  -3.4673829901448030E-005   2.8970301149132345E-004  -1.3138260344805670E-004
  -4.2974977459164544E-005   3.6227090833267989E-004  -1.6401680789320257E-004
  -5.0336318475264736E-005   4.3501758925295860E-004  -1.9647803206487182E-004
  -5.6344432847536976E-005   5.0811848730067952E-004  -2.2841799541403925E-004
  -6.2770619687113388E-005   5.8111567002195664E-004  -2.6051340689190979E-004
  -6.7478196180616992E-005   6.5437208728378086E-004  -2.9231491717212038E-004
  -7.2645167004191163E-005   7.2797413058168267E-004  -3.2323484018159426E-004
  -7.7545225627065144E-005   8.0161060347310885E-004  -3.5411621463088031E-004
  -8.3832574265362103E-005   8.7520502072770589E-004  -3.8484618357818157E-004
  -8.9022947923069536E-005   9.4902793324796650E-004  -4.1523100888347692E-004
  -9.4466166265795389E-005   1.0226117499938659E-003  -4.4614691554789490E-004
  -9.8936567639493369E-005   1.0962522390912648E-003  -4.7708384958028985E-004
  -1.0346901885169552E-004   1.1699786258270181E-003  -5.0780642726796100E-004
  -1.0816704452071278E-004   1.2443008331471288E-003  -5.3703206755816523E-004
  -1.1157190488246661E-004   1.3185497396277146E-003  -5.6662103190267116E-004
  -1.1425112344959888E-004   1.3928920993678902E-003  -5.9604951007418739E-004
  -1.1756660548489241E-004   1.4672733219603460E-003  -6.2531452859969231E-004
  -1.2078439245648411E-004   1.5418151575548420E-003  -6.5417905033743708E-004
  -1.2443172832934623E-004   1.6169001374753071E-003  -6.8154586816521385E-004
  -1.2828231171788318E-004   1.6922827166879380E-003  -7.0805322099598371E-004
  -1.3231918909359323E-004   1.7674879240019757E-003  -7.3503247992098169E-004
  -1.3587314799558563E-004   1.8431422609790577E-003  -7.6079661533211545E-004
  -1.3836591581111124E-004   1.9184221784732426E-003  -7.8775436240958487E-004
  -1.4093399662758684E-004   1.9934758493659541E-003  -8.1532883343393031E-004
  -1.4256612885051967E-004   2.0687632493753142E-003  -8.4233149139688118E-004
  -1.4294839987946385E-004   2.1436820644796586E-003  -8.7038545739927264E-004
  -1.4170220204973559E-004   2.2185583388320135E-003  -8.9852778393908724E-004
  -1.4073886880245208E-004   2.2935464557912286E-003  -9.2638194515078521E-004
  -1.3878073251231304E-004   2.3685815131453407E-003  -9.5405694949803391E-004
  -1.3555558099646894E-004   2.4436493112612420E-003  -9.8152373073646416E-004
  -1.3116848889999791E-004   2.5191248779277910E-003  -1.0076807998418722E-003
  -1.2647413822740826E-004   2.5943963643040484E-003  -1.0343672461926503E-003
  -1.2080847074095843E-004   2.6694234519954166E-003  -1.0615487898090227E-003
  -1.1367646967300462E-004   2.7445121286437126E-003  -1.0882100951093245E-003
  -1.0652084698988818E-004   2.8193492039826650E-003  -1.1155635083819572E-003
  -9.9855923124748800E-005   2.8942226713111357E-003  -1.1429412855761547E-003
  -9.3780932734293895E-005   2.9690967580864973E-003  -1.1704542938869701E-003
  -8.8264477916683029E-005   3.0436350322720056E-003  -1.1989782209574651E-003
  -8.2743363687222215E-005   3.1185470090601942E-003  -1.2265048084330597E-003
  -7.6117975782910111E-005   3.1936326759000899E-003  -1.2533049363281095E-003
  -6.8218831246073469E-005   3.2684619945493169E-003  -1.2804743418887527E-003
  -6.0775823368437165E-005   3.3434341804146218E-003  -1.3073773711387820E-003
  -5.2569083294602746E-005   3.4179731263772519E-003  -1.3352448241746755E-003
  -4.4015980883892831E-005   3.4924120006950233E-003  -1.3632751373159173E-003
  -3.5474272025503569E-005   3.5672745652601144E-003  -1.3901570204565379E-003
  -2.5138428618012829E-005   3.6420181846430386E-003  -1.4167382488118304E-003
  -1.5015492104631991E-005   3.7165947607881024E-003  -1.4438649965999998E-003
  -4.7585192276115601E-006   3.7910994738349557E-003  -1.4711384678413400E-003
   6.6792408492480517E-006   3.8650845531584708E-003  -1.4993410506204616E-003
   1.9224587988116195E-005   3.9389899259528295E-003  -1.5272804516894267E-003
   3.2017395023908029E-005   4.0129148889415100E-003  -1.5550553314824878E-003
   4.5776854320981841E-005   4.0865539192633605E-003  -1.5831261434224209E-003
   6.1643674124573918E-005   4.1597920353080194E-003  -1.6111336851225109E-003
   7.7943613948121070E-005   4.2328745759324399E-003  -1.6392984544775304E-003
   9.5713966958146051E-005   4.3056048812695645E-003  -1.6674856363318345E-003
   1.1435998772079667E-004   4.3785471356822632E-003  -1.6945365778772937E-003
   1.3332287208904579E-004   4.4515453238257183E-003  -1.7212137878429724E-003
   1.5177477395441594E-004   4.5247409080648492E-003  -1.7477078206102475E-003
   1.7183577642563793E-004   4.5973210192096726E-003  -1.7747204780823212E-003
   1.9280039730215452E-004   4.6698510291633653E-003  -1.8011757669534401E-003
   2.1413580714663835E-004   4.7422563628957146E-003  -1.8276761055099457E-003
   2.3577954850036672E-004   4.8147177238399052E-003  -1.8537701588833720E-003
   2.5839281625785712E-004   4.8870328757285751E-003  -1.8794442495368036E-003
   2.8191558158584945E-004   4.9588847713526226E-003  -1.9055973490715687E-003
   3.0513048935081977E-004   5.0309941706306628E-003  -1.9313131534506366E-003
   3.2916638171311309E-004   5.1029301669709096E-003  -1.9567589447415366E-003
   3.5449180662303786E-004   5.1748378239727189E-003  -1.9810058358209425E-003
   3.8020440668803777E-004   5.2466096396532437E-003  -2.0052477139392124E-003
   4.0714745069820598E-004   5.3179943848771323E-003  -2.0292953862250840E-003
   4.3475147329255623E-004   5.3892336856091660E-003  -2.0530225850132339E-003
   4.6297339028861961E-004   5.4605060581740406E-003  -2.0759086574761157E-003
   4.9116486655668631E-004   5.5316968099613601E-003  -2.0990844537593497E-003
   5.1911905505236530E-004   5.6029154218528833E-003  -2.1224612086845739E-003
   5.4713968657061100E-004   5.6747044212777237E-003  -2.1439363982357412E-003
   5.7680311022795467E-004   5.7460537535666788E-003  -2.1646572589781280E-003
   6.0686959816169076E-004   5.8174414491890085E-003  -2.1846523388689676E-003
   6.3882368382365380E-004   5.8879332142775190E-003  -2.2048970285163181E-003
   6.7025324667766061E-004   5.9589678975119457E-003  -2.2240348540528291E-003
   7.0192762127164142E-004   6.0299065562316265E-003  -2.2431251839758874E-003
   7.3433489158161367E-004   6.1007655551239921E-003  -2.2612572304358991E-003
   7.6774809837803614E-004   6.1711791918306075E-003  -2.2792982219706319E-003
   8.0176769750542906E-004   6.2414030316318824E-003  -2.2969413283385519E-003
   8.3640745872328815E-004   6.3113071657887937E-003  -2.3146472305281113E-003
   8.7111715826475907E-004   6.3812409734522318E-003  -2.3320971390160491E-003
   9.0552266559256757E-004   6.4514569586288251E-003  -2.3490079783657961E-003
   9.4091137197757039E-004   6.5214864510173510E-003  -2.3646127743305254E-003
   9.7769134358761923E-004   6.5906759464230032E-003  -2.3807387599892923E-003
   1.0151772474892384E-003   6.6596234826957227E-003  -2.3962643602183208E-003
   1.0536160277699695E-003   6.7279417424744225E-003  -2.4122354447836569E-003
   1.0933190910989662E-003   6.7957217881981719E-003  -2.4273857633274067E-003
   1.1329240013139002E-003   6.8639323432734397E-003  -2.4407563009811537E-003
   1.1741087024984191E-003   6.9313084353202934E-003  -2.4535735783892455E-003
   1.2172329022307094E-003   6.9976540452185050E-003  -2.4653448757574236E-003
   1.2612214869588392E-003   7.0633456276683552E-003  -2.4775768185822272E-003
   1.3066514385192537E-003   7.1279490154653978E-003  -2.4903252217745703E-003
   1.3536075898934767E-003   7.1916491210853983E-003  -2.5020476948865006E-003
   1.4015504202465321E-003   7.2548000050903297E-003  -2.5126990267675688E-003
   1.4501581476423053E-003   7.3175907892984622E-003  -2.5224256018346147E-003
   1.4995623966749720E-003   7.3797767770769004E-003  -2.5320236796509779E-003
   1.5499287524786704E-003   7.4411197127183474E-003  -2.5420373930664527E-003
   1.6018568957836753E-003   7.5012667396185092E-003  -2.5513003885231020E-003
   1.6537244442216389E-003   7.5615967806266001E-003  -2.5596695928426943E-003
   1.7062363801271531E-003   7.6215541093144481E-003  -2.5665699770837150E-003
   1.7592846422017246E-003   7.6811360592863274E-003  -2.5725593958277988E-003
   1.8126762214260609E-003   7.7405636160162725E-003  -2.5767670992770391E-003
   1.8671168055812712E-003   7.7990459643949355E-003  -2.5807718125894219E-003
   1.9222746867319140E-003   7.8568756807517390E-003  -2.5844231203676965E-003
   1.9785481206835635E-003   7.9136874963192921E-003  -2.5868144054394982E-003
   2.0342835002129995E-003   7.9710098461814264E-003  -2.5895921158927923E-003
   2.0908073095250810E-003   8.0275847131909168E-003  -2.5916761981564307E-003
   2.1482160485074347E-003   8.0832597418404872E-003  -2.5938040782600268E-003
   2.2063775263912525E-003   8.1381639581716760E-003  -2.5954682673167357E-003
   2.2646440620586444E-003   8.1929802839011221E-003  -2.5958940022117773E-003
   2.3242111383074966E-003   8.2463813502190418E-003  -2.5961932493985158E-003
   2.3841849647670160E-003   8.2993237858720696E-003  -2.5966817614385997E-003
   2.4447938756923387E-003   8.3515394167518811E-003  -2.5969780992948243E-003
   2.5055790492656284E-003   8.4035492491525230E-003  -2.5966039185395026E-003
   2.5671683617497377E-003   8.4546032387526511E-003  -2.5971006375721892E-003
   2.6295915486228734E-003   8.5046311670006133E-003  -2.5978437019948289E-003
   2.6919383085255186E-003   8.5547595101153548E-003  -2.5980190437209882E-003
   2.7544271565533227E-003   8.6046988168604500E-003  -2.5991188199425011E-003
   2.8171030361338993E-003   8.6543754238832850E-003  -2.6011110135509838E-003
   2.8798375479546336E-003   8.7039883527259467E-003  -2.6028251669340343E-003
   2.9425498935644573E-003   8.7536404308086492E-003  -2.6041789929444926E-003
   3.0055270206494665E-003   8.8029725594988527E-003  -2.6046507401106121E-003
   3.0691666481165460E-003   8.8514393079681848E-003  -2.6036647829036507E-003
   3.1329733026359517E-003   8.8996625022615544E-003  -2.6018663467079423E-003
   3.1975742896009378E-003   8.9468043571061164E-003  -2.5997787632808986E-003
   3.2630612698928041E-003   8.9927167556311423E-003  -2.5979060451349375E-003
   3.3288067165562693E-003   9.0381851274036057E-003  -2.5947180341703768E-003
   3.3953599123672197E-003   9.0824558702829565E-003  -2.5914357401825342E-003
   3.4625519163893515E-003   9.1257672047906670E-003  -2.5883758547798116E-003
   3.5301010290906014E-003   9.1684966972910946E-003  -2.5850131407943611E-003
   3.5984589233169681E-003   9.2098001982077668E-003  -2.5804067206883332E-003
   3.6676306597473599E-003   9.2495617718064693E-003  -2.5745511126507446E-003
   3.7371995329355881E-003   9.2884553303088802E-003  -2.5676617740545481E-003
   3.8071072122640012E-003   9.3265686313431639E-003  -2.5598969390915505E-003
   3.8779977352075804E-003   9.3629187179918773E-003  -2.5526027665209571E-003
   3.9497782739791737E-003   9.3975225914017385E-003  -2.5455227808112765E-003
   4.0218835151742752E-003   9.4310852848848662E-003  -2.5368984081753712E-003
   4.0939056113425210E-003   9.4644903179430633E-003  -2.5270535399533546E-003
   4.1660443483907935E-003   9.4974603575712704E-003  -2.5166142342738841E-003
   4.2382814230468458E-003   9.5304295311259106E-003  -2.5068757209839097E-003
   4.3107680034744616E-003   9.5623297412547239E-003  -2.4955588198310205E-003
   4.3832028357073732E-003   9.5941789001386963E-003  -2.4837763685164964E-003
   4.4560365232067644E-003   9.6249623960521936E-003  -2.4716260457819722E-003
   4.5297026856908973E-003   9.6537272629911366E-003  -2.4595480105357144E-003
   4.6037864541328523E-003   9.6814922033979459E-003  -2.4476861666687701E-003
   4.6782901592187969E-003   9.7084334997251699E-003  -2.4365792100702662E-003
   4.7529476121564969E-003   9.7351719438441217E-003  -2.4260283655059885E-003
   4.8277408066214863E-003   9.7608611616530096E-003  -2.4139435752354426E-003
   4.9028015173070852E-003   9.7858100178884796E-003  -2.4019667527718806E-003
   4.9779615592743416E-003   9.8099849865066324E-003  -2.3890617539975064E-003
   5.0533051538933548E-003   9.8334521450772587E-003  -2.3759226821654408E-003
   5.1289576354309483E-003   9.8556300157878942E-003  -2.3623269437750218E-003
   5.2046720265569810E-003   9.8771512817417573E-003  -2.3480382744490917E-003
   5.2806302493654334E-003   9.8978496260032339E-003  -2.3338281744357814E-003
   5.3567972690109090E-003   9.9174212499466945E-003  -2.3191470076621948E-003
   5.4329674195790090E-003   9.9369056763628071E-003  -2.3043664365728052E-003
   5.5091492303087249E-003   9.9563643508081192E-003  -2.2896120572373901E-003
   5.5852875350431395E-003   9.9752333089256837E-003  -2.2738983379616234E-003
   5.6611085168369116E-003   9.9943442189938045E-003  -2.2569882278234434E-003
   5.7365296910080483E-003   1.0013690314311461E-002  -2.2386204547136268E-003
   5.8123160080361053E-003   1.0031757299699873E-002  -2.2204540520245580E-003
   5.8884276549529989E-003   1.0048315046634976E-002  -2.2022096494042596E-003
   5.9642084044662031E-003   1.0064189268152463E-002  -2.1820779060582616E-003
   6.0401207322046437E-003   1.0079458114735608E-002  -2.1619736573721838E-003
   6.1158370924149445E-003   1.0094123033054946E-002  -2.1407140012204930E-003
   6.1917029135326257E-003   1.0108084071771037E-002  -2.1195133743492529E-003
   6.2675341937950650E-003   1.0121155439160834E-002  -2.0976328742067967E-003
   6.3432012730736008E-003   1.0134057652820634E-002  -2.0750934422559195E-003
   6.4190275903565170E-003   1.0146436558056712E-002  -2.0527969781655017E-003
   6.4948104679992827E-003   1.0157895133497102E-002  -2.0298697778490622E-003
   6.5707736355277340E-003   1.0169088380728700E-002  -2.0074129660133562E-003
   6.6467388709100881E-003   1.0179540084855228E-002  -1.9846084732145107E-003
   6.7226439651194613E-003   1.0188915354138106E-002  -1.9611452894623838E-003
   6.7989278190664889E-003   1.0197591980114424E-002  -1.9386621892539060E-003
   6.8754844308199746E-003   1.0204110689385234E-002  -1.9163778534410396E-003
   6.9520648288495107E-003   1.0209983301990104E-002  -1.8939958278701807E-003
   7.0289442026407840E-003   1.0214662950287829E-002  -1.8723703158185379E-003
   7.1057969182090576E-003   1.0218130052969593E-002  -1.8504240334207994E-003
   7.1821711235423580E-003   1.0221251002568958E-002  -1.8268180927257186E-003
   7.2581289692648081E-003   1.0225169367112590E-002  -1.8020178490484521E-003
   7.3336305840381970E-003   1.0228749434707649E-002  -1.7758130921883455E-003
   7.4087128666692247E-003   1.0233172930181196E-002  -1.7485535337987477E-003
   7.4841432094585629E-003   1.0237775295856335E-002  -1.7223031697344462E-003
   7.5597239591143747E-003   1.0240706311511048E-002  -1.6962463196548399E-003
   7.6356486469267900E-003   1.0243113356602102E-002  -1.6711535334972536E-003
   7.7116198166638176E-003   1.0243822649707392E-002  -1.6460960343515616E-003
   7.7877629521210566E-003   1.0244187556799685E-002  -1.6215585165965695E-003
   7.8640860104570460E-003   1.0244237048613297E-002  -1.5975837732811169E-003
   7.9400740573815371E-003   1.0243849761621467E-002  -1.5725704422426777E-003
   8.0160612544349467E-003   1.0242297957629418E-002  -1.5475997037864763E-003
   8.0921894820577371E-003   1.0240906601336239E-002  -1.5230526652897239E-003
   8.1684574012833976E-003   1.0240065454616932E-002  -1.4989176913913155E-003
   8.2450413519571664E-003   1.0238010786262648E-002  -1.4758812672571390E-003
   8.3209695514463479E-003   1.0236071411140911E-002  -1.4507586211247483E-003
   8.3966956009491629E-003   1.0234298251085308E-002  -1.4250210740900265E-003
   8.4723889488637696E-003   1.0232619970868577E-002  -1.3991811736398540E-003
   8.5479061680216219E-003   1.0230803908474860E-002  -1.3728401120112798E-003
   8.6236164065937506E-003   1.0228867765278565E-002  -1.3470678182378559E-003
   8.6989107698152573E-003   1.0226005825009068E-002  -1.3201871901813837E-003
   8.7736132645286329E-003   1.0223578386916857E-002  -1.2916627300449423E-003
   8.8484368631490881E-003   1.0222199100485201E-002  -1.2633868278028055E-003
   8.9230242330741658E-003   1.0220808058855640E-002  -1.2344941079387799E-003
   8.9974942409389008E-003   1.0219808960101018E-002  -1.2052841827718203E-003
   9.0715505211518260E-003   1.0218138497420174E-002  -1.1750703297345117E-003
   9.1449916107551408E-003   1.0214863251675060E-002  -1.1435159461447571E-003
   9.2186162534121444E-003   1.0211493738061793E-002  -1.1124023097483511E-003
   9.2922177220607308E-003   1.0207894043699955E-002  -1.0812596378941359E-003
   9.3648953095598515E-003   1.0203745105085151E-002  -1.0480820163380597E-003
   9.4376235454533119E-003   1.0199593593619351E-002  -1.0150158907448711E-003
   9.5101805102953459E-003   1.0195395689189360E-002  -9.8158141069161139E-004
   9.5827160279607134E-003   1.0189409390986863E-002  -9.4837353643289406E-004
   9.6555478125571470E-003   1.0183285209163442E-002  -9.1584623185766317E-004
   9.7284885191672495E-003   1.0176398320700768E-002  -8.8371798748638217E-004
   9.8014811050690376E-003   1.0168872421244451E-002  -8.5185196728727777E-004
   9.8750656449309200E-003   1.0160633399695130E-002  -8.2156279391794643E-004
   9.9492426365631915E-003   1.0152310811999108E-002  -7.9277897140821011E-004
   1.0023476179931191E-002   1.0143510947054346E-002  -7.6428435050942601E-004
   1.0097443896828498E-002   1.0134961626126281E-002  -7.3503223998326649E-004
   1.0171278378331376E-002   1.0125688619954849E-002  -7.0566421824921422E-004
   1.0245512629618449E-002   1.0116255136835429E-002  -6.7737490349226691E-004
   1.0319585055882177E-002   1.0105949981164477E-002  -6.4896575998731531E-004
   1.0393434226541560E-002   1.0095091962784429E-002  -6.2018376164498347E-004
   1.0467045999352921E-002   1.0082555574381589E-002  -5.9147582075789193E-004
   1.0540341536909557E-002   1.0069410924589402E-002  -5.6223573944894783E-004
   1.0613292674953633E-002   1.0055245232980950E-002  -5.3261370986642511E-004
   1.0686198916802687E-002   1.0041200471798765E-002  -5.0282403741985001E-004
   1.0758968818042332E-002   1.0027116001171656E-002  -4.7272139366752577E-004
   1.0832181016004291E-002   1.0012936312907032E-002  -4.4375744166584119E-004
   1.0905514213398606E-002   9.9995042348497067E-003  -4.1474328249396206E-004
   1.0978210649618601E-002   9.9843856711885736E-003  -3.8496649297765554E-004
   1.1051288029689773E-002   9.9691573730266540E-003  -3.5619505823834043E-004
   1.1124434811042526E-002   9.9542345146977490E-003  -3.2743994257360972E-004
   1.1197771993497339E-002   9.9388929286182148E-003  -2.9939901886419205E-004
   1.1271374894322009E-002   9.9239305069113905E-003  -2.7185380282095415E-004
   1.1345359767687966E-002   9.9089659419656171E-003  -2.4535285354991305E-004
   1.1419694442588011E-002   9.8944708294893321E-003  -2.1957984793469438E-004
   1.1494130114148255E-002   9.8806112780123034E-003  -1.9374878852257814E-004
   1.1568584553045849E-002   9.8675760547621560E-003  -1.6754536351812048E-004
   1.1642671897515691E-002   9.8545242341049888E-003  -1.4032927692537740E-004
   1.1716654732078580E-002   9.8418875888497785E-003  -1.1263712306063637E-004
   1.1790362226558162E-002   9.8283076945787379E-003  -8.4658707676992014E-005
   1.1864135442429733E-002   9.8167266885407622E-003  -5.5963883732450946E-005
   1.1938241786891715E-002   9.8055353701017121E-003  -2.7981673257552612E-005
   1.2012500000009920E-002   9.7953991113084119E-003   7.9665137955290877E-015
