   3.5527136787920010E-015   3.5421283062121200E-015   7.1340190668713044E-015
  -6.0062733082298896E-006   7.2563757901486487E-005  -3.3142506232422425E-005
  -1.1649405643586302E-005   1.4504108009052584E-004  -6.6537009073502329E-005
  -1.6614547909116827E-005   2.1739193480416777E-004  -1.0031127711217909E-004
  -2.0876465249247522E-005   2.8944429001953728E-004  -1.3481191720193434E-004
  -2.4552939658893170E-005   3.6172734192055443E-004  -1.6889481535203746E-004
  -2.8073828184729350E-005   4.3393047295259578E-004  -2.0316303990996966E-004
  -3.2922907542070880E-005   5.0566386938073575E-004  -2.3824588840764719E-004
  -3.7278078475010769E-005   5.7759606858201224E-004  -2.7298478886066748E-004
  -4.1849831462288199E-005   6.4936414174142918E-004  -3.0803393652779486E-004
  -4.4942030444237630E-005   7.2163915621287059E-004  -3.4219181398874765E-004
  -4.8189190302295788E-005   7.9410749997568851E-004  -3.7592303257631937E-004
  -5.0759118061637736E-005   8.6651608751342382E-004  -4.0984046050868519E-004
  -5.4246356759561043E-005   9.3866828164162813E-004  -4.4421923374547831E-004
  -5.8395721602876918E-005   1.0107955970709258E-003  -4.7857666580984414E-004
  -6.2311176858054833E-005   1.0833630249162973E-003  -5.1202270647715477E-004
  -6.6929379237600913E-005   1.1561705649530876E-003  -5.4485157053690272E-004
  -7.2069522066085421E-005   1.2285910160997767E-003  -5.7845004050061447E-004
  -7.7633919168582021E-005   1.3010220041251976E-003  -6.1195809113281181E-004
  -8.2513853759416179E-005   1.3736976894610279E-003  -6.4504027653095096E-004
  -8.7077615367312140E-005   1.4464881237201386E-003  -6.7791465508208260E-004
  -9.1132051121644198E-005   1.5194359770142592E-003  -7.1050563960906260E-004
  -9.5027250925318172E-005   1.5921989837026881E-003  -7.4352642492377628E-004
  -9.9080123650805693E-005   1.6649059075113006E-003  -7.7665160338717828E-004
  -1.0372096776152443E-004   1.7376309824864418E-003  -8.0965957263757669E-004
  -1.0814868289730603E-004   1.8098759091221424E-003  -8.4373398994569057E-004
  -1.1196893118518865E-004   1.8818621801557907E-003  -8.7842379367087937E-004
  -1.1399367274319067E-004   1.9538552615284612E-003  -9.1325045963111041E-004
  -1.1577589231389516E-004   2.0258256485451457E-003  -9.4813723476016513E-004
  -1.1696193609466495E-004   2.0981424363026961E-003  -9.8232605610299524E-004
  -1.1783194971752075E-004   2.1706465822185529E-003  -1.0161253447686794E-003
  -1.1878383473299513E-004   2.2429222772193738E-003  -1.0504082533369450E-003
  -1.1822037716796540E-004   2.3153225006705396E-003  -1.0844360383853292E-003
  -1.1651098026542839E-004   2.3878712472083204E-003  -1.1181073514855472E-003
  -1.1529664711706528E-004   2.4605946613982027E-003  -1.1514214690403113E-003
  -1.1385668074395954E-004   2.5331165393932230E-003  -1.1851631897623152E-003
  -1.1060800081126072E-004   2.6055165713199154E-003  -1.2190406371957478E-003
  -1.0653356282591861E-004   2.6782124865422155E-003  -1.2521873242911741E-003
  -1.0271123991052522E-004   2.7504083950617713E-003  -1.2864384649953137E-003
  -9.9474065562358876E-005   2.8225314512074209E-003  -1.3209027287832337E-003
  -9.5615150232128616E-005   2.8948085327254475E-003  -1.3549781196791760E-003
  -9.0470429624296065E-005   2.9675001723198720E-003  -1.3879850491151707E-003
  -8.4904650927566025E-005   3.0402985084562193E-003  -1.4206871033314767E-003
  -7.9060936379740055E-005   3.1133275298296718E-003  -1.4528213999999643E-003
  -7.3440468565680141E-005   3.1864000883350336E-003  -1.4848964923219155E-003
  -6.7991136971753635E-005   3.2596879461096896E-003  -1.5165065332977889E-003
  -6.1817458702688417E-005   3.3328397110553428E-003  -1.5482981197407037E-003
  -5.5462342497157607E-005   3.4059355501066288E-003  -1.5801824550283230E-003
  -4.8926642878614166E-005   3.4790397798195156E-003  -1.6120109993439666E-003
  -4.1192577085495555E-005   3.5518835585243705E-003  -1.6441663741449961E-003
  -3.2728914633543757E-005   3.6247278754797801E-003  -1.6761362334490187E-003
  -2.3830224148621614E-005   3.6977883453438907E-003  -1.7074887619472879E-003
  -1.4854128500294607E-005   3.7705838183743168E-003  -1.7394300957755458E-003
  -5.4351664029320843E-006   3.8427378793082626E-003  -1.7726727587034524E-003
   5.3849309758422185E-006   3.9147430039379915E-003  -1.8058116713592434E-003
   1.5498187240104233E-005   3.9870541538451843E-003  -1.8385044784689434E-003
   2.7043700210711907E-005   4.0594903674331922E-003  -1.8704371591544817E-003
   3.9641107763730979E-005   4.1321712198744602E-003  -1.9014016392334993E-003
   5.1903892218487156E-005   4.2047998691972042E-003  -1.9326218794050466E-003
   6.4165690197329295E-005   4.2777306136533898E-003  -1.9631301542005005E-003
   7.6840405904232687E-005   4.3508279333726091E-003  -1.9930656418197983E-003
   8.9703106669137883E-005   4.4242988706573476E-003  -2.0219892016002201E-003
   1.0329364192446544E-004   4.4981084551577359E-003  -2.0496919560656149E-003
   1.1846509116821817E-004   4.5718487002231875E-003  -2.0767512126552853E-003
   1.3520661885099144E-004   4.6452835066709526E-003  -2.1037150859409912E-003
   1.5264506492778475E-004   4.7186692639160747E-003  -2.1303690016591247E-003
   1.7147518983133639E-004   4.7917476653643694E-003  -2.1569203413638613E-003
   1.9143499155828116E-004   4.8648533278275556E-003  -2.1825556381156862E-003
   2.1179355231501143E-004   4.9378111714198083E-003  -2.2082982499467803E-003
   2.3311516686261438E-004   5.0106348804213252E-003  -2.2336378660824281E-003
   2.5546710685832763E-004   5.0836685911612263E-003  -2.2574384518601639E-003
   2.7989334950831348E-004   5.1560805827586785E-003  -2.2810998576889060E-003
   3.0524149939791423E-004   5.2283046749530444E-003  -2.3043625277287838E-003
   3.3118539546427993E-004   5.3002170380843771E-003  -2.3279321327390559E-003
   3.5962565968147771E-004   5.3710758519275063E-003  -2.3518105722761147E-003
   3.8882922967421312E-004   5.4415781536994463E-003  -2.3758225891033595E-003
   4.1880005980583215E-004   5.5116876428895787E-003  -2.4000384696724326E-003
   4.4872359249710438E-004   5.5819414019185488E-003  -2.4238920129923216E-003
   4.7996740895857011E-004   5.6517185939460191E-003  -2.4474497589955227E-003
   5.1136692721439258E-004   5.7215307519480800E-003  -2.4706948197870679E-003
   5.4234422222919126E-004   5.7916120365824990E-003  -2.4936952704842749E-003
   5.7478568773918111E-004   5.8613589054884781E-003  -2.5156708388053592E-003
   6.0873247291907625E-004   5.9306841538021796E-003  -2.5366857317541264E-003
   6.4376568301322511E-004   6.0000833483008055E-003  -2.5555649794937524E-003
   6.8008677073732910E-004   6.0688777941221728E-003  -2.5742224929648757E-003
   7.1666352303438119E-004   6.1374393246844700E-003  -2.5932345344617551E-003
   7.5454841906611467E-004   6.2052209286857186E-003  -2.6124800225956965E-003
   7.9354729283009646E-004   6.2724118865195534E-003  -2.6315709375373431E-003
   8.3313905814107463E-004   6.3392436026689846E-003  -2.6507024255194795E-003
   8.7358644358241058E-004   6.4058271669926187E-003  -2.6688858788164837E-003
   9.1557485799725956E-004   6.4719589686683754E-003  -2.6851203440566565E-003
   9.5880711726047823E-004   6.5374604243272939E-003  -2.7006294084204649E-003
   1.0028113251562660E-003   6.6022719285214696E-003  -2.7168497229190206E-003
   1.0476268547833004E-003   6.6664532353950170E-003  -2.7333520906351683E-003
   1.0942672604289218E-003   6.7293945100141157E-003  -2.7495714779378266E-003
   1.1423323060968803E-003   6.7912781934128799E-003  -2.7657009883226657E-003
   1.1923410158461753E-003   6.8518568282885236E-003  -2.7808455564208466E-003
   1.2427238425401427E-003   6.9122182161273351E-003  -2.7956128733371403E-003
   1.2944009080208415E-003   6.9717751580063167E-003  -2.8091203370134775E-003
   1.3473467533204034E-003   7.0305024994526599E-003  -2.8212791533989406E-003
   1.4008232792019205E-003   7.0886306191720403E-003  -2.8339828096136670E-003
   1.4546337006054544E-003   7.1466106280464259E-003  -2.8459309109631977E-003
   1.5088570142694853E-003   7.2039915821587334E-003  -2.8588637512048203E-003
   1.5631014430010745E-003   7.2614384209617813E-003  -2.8714097732637452E-003
   1.6176664503480659E-003   7.3188112189301992E-003  -2.8828562584612598E-003
   1.6718495004765653E-003   7.3767489876041849E-003  -2.8932202369331794E-003
   1.7267751944264305E-003   7.4341898225256048E-003  -2.9023700241576867E-003
   1.7822130166541608E-003   7.4912204262430086E-003  -2.9109815347555983E-003
   1.8390872540486089E-003   7.5468374104266205E-003  -2.9194710689237828E-003
   1.8975628717477280E-003   7.6008743868261185E-003  -2.9272561392590228E-003
   1.9560428590556268E-003   7.6549313089803693E-003  -2.9348679883817162E-003
   2.0152622505817328E-003   7.7081745620147368E-003  -2.9424981702039954E-003
   2.0746505650856041E-003   7.7612736593668493E-003  -2.9498134939262058E-003
   2.1341522537109245E-003   7.8143934408355584E-003  -2.9559647427933418E-003
   2.1946529820854677E-003   7.8665218806185499E-003  -2.9606857206936074E-003
   2.2552863862790786E-003   7.9184697256091292E-003  -2.9656868908105151E-003
   2.3168453602313392E-003   7.9694258193454999E-003  -2.9694244344505949E-003
   2.3785883745552224E-003   8.0201825684610064E-003  -2.9728233470745834E-003
   2.4410787991288479E-003   8.0700683720372479E-003  -2.9753439492275508E-003
   2.5041741921152322E-003   8.1192393548041204E-003  -2.9764329145637296E-003
   2.5675282508271094E-003   8.1680887444701891E-003  -2.9764134752672242E-003
   2.6323111994738806E-003   8.2149974134655551E-003  -2.9747562686218195E-003
   2.6971317116539282E-003   8.2618181524264471E-003  -2.9722824835009764E-003
   2.7622885082074521E-003   8.3081253857252967E-003  -2.9690837328746125E-003
   2.8281014479216698E-003   8.3534816977126475E-003  -2.9656981867101284E-003
   2.8939382409145071E-003   8.3987563349423294E-003  -2.9617328476288511E-003
   2.9601314178688207E-003   8.4434629454643393E-003  -2.9572851174340187E-003
   3.0269059263509164E-003   8.4872203552682750E-003  -2.9521417626064039E-003
   3.0948081206296813E-003   8.5291047877910607E-003  -2.9462268385322906E-003
   3.1629537943820532E-003   8.5705246419550338E-003  -2.9398579428063921E-003
   3.2313248641717717E-003   8.6116921231217929E-003  -2.9343230252998247E-003
   3.2997979261976612E-003   8.6525943714321901E-003  -2.9281225527762944E-003
   3.3692510307675623E-003   8.6917379151165968E-003  -2.9214855916651194E-003
   3.4386142487872798E-003   8.7311326508144188E-003  -2.9154193912279084E-003
   3.5076998002202325E-003   8.7711123084282337E-003  -2.9100515646768828E-003
   3.5771435363454538E-003   8.8102420939086667E-003  -2.9032377991032509E-003
   3.6467529887197641E-003   8.8489592780261628E-003  -2.8957877121554465E-003
   3.7167754569814304E-003   8.8868616208701082E-003  -2.8880245721545641E-003
   3.7871950378503155E-003   8.9240327343045461E-003  -2.8803180192525798E-003
   3.8580454772914031E-003   8.9603563496047488E-003  -2.8725199298388830E-003
   3.9289025102805667E-003   8.9963581584682067E-003  -2.8634012324932584E-003
   3.9998947472407054E-003   9.0321792854006645E-003  -2.8546291658688465E-003
   4.0712221916726537E-003   9.0672316459755320E-003  -2.8454788823828090E-003
   4.1433958550729823E-003   9.1007471451314687E-003  -2.8372524838617204E-003
   4.2159466189991696E-003   9.1335898308170169E-003  -2.8296534937236385E-003
   4.2883930415444421E-003   9.1663078701030368E-003  -2.8206509515961418E-003
   4.3607032150168512E-003   9.1989159700205537E-003  -2.8102610221942170E-003
   4.4329959592865368E-003   9.2313338365018361E-003  -2.7991776536217504E-003
   4.5056336520984943E-003   9.2626968105230939E-003  -2.7873400252841733E-003
   4.5781760229745049E-003   9.2939430210101110E-003  -2.7746404679765630E-003
   4.6510850276516441E-003   9.3241050663757756E-003  -2.7614295612350881E-003
   4.7238462540423317E-003   9.3537963906521089E-003  -2.7464552766395369E-003
   4.7970347872594308E-003   9.3823888810746995E-003  -2.7314250370812278E-003
   4.8706841573610531E-003   9.4100895305768671E-003  -2.7169874370443587E-003
   4.9448178565779941E-003   9.4362044257370430E-003  -2.7020808312248541E-003
   5.0191019238906712E-003   9.4619682689462362E-003  -2.6873125639294785E-003
   5.0934079987263060E-003   9.4878026994642504E-003  -2.6727802051401553E-003
   5.1680224373813000E-003   9.5129042303118468E-003  -2.6585464887108009E-003
   5.2426964982832339E-003   9.5375447459031936E-003  -2.6438281452497480E-003
   5.3171179662031363E-003   9.5623441628035107E-003  -2.6281299282484745E-003
   5.3919860090208245E-003   9.5855563501717912E-003  -2.6121308491499338E-003
   5.4669599807657242E-003   9.6077616289412839E-003  -2.5952243664043688E-003
   5.5418647104966638E-003   9.6298480488165757E-003  -2.5778614313671350E-003
   5.6167515314186345E-003   9.6515967027726718E-003  -2.5600019770051475E-003
   5.6919887739863440E-003   9.6721348963812442E-003  -2.5421823267321514E-003
   5.7670741661883344E-003   9.6929669096902597E-003  -2.5240657297008360E-003
   5.8424846001776179E-003   9.7132136086407767E-003  -2.5066491389435391E-003
   5.9182911859549563E-003   9.7327340181923242E-003  -2.4901471645148061E-003
   5.9941776370148392E-003   9.7519819859825038E-003  -2.4736923084404711E-003
   6.0702399912496083E-003   9.7703942861573460E-003  -2.4570939511032648E-003
   6.1462252086597075E-003   9.7883792099205235E-003  -2.4396931107152080E-003
   6.2222460219803696E-003   9.8056960688112770E-003  -2.4217776885124293E-003
   6.2983582718706115E-003   9.8227462827484759E-003  -2.4039952360124825E-003
   6.3745923167915228E-003   9.8386438087446990E-003  -2.3856747813127120E-003
   6.4509239443467925E-003   9.8546402194835628E-003  -2.3678535166340091E-003
   6.5271416520955600E-003   9.8706124179842557E-003  -2.3495300371871668E-003
   6.6034622001774129E-003   9.8857559393143897E-003  -2.3309330559389257E-003
   6.6799969636129157E-003   9.8990831238868673E-003  -2.3118328952177305E-003
   6.7563892685766078E-003   9.9116414416302468E-003  -2.2916709410607345E-003
   6.8325460510862013E-003   9.9247001297253102E-003  -2.2709437816821158E-003
   6.9085674972781015E-003   9.9370830503980340E-003  -2.2493242765805718E-003
   6.9843540516621918E-003   9.9487023395236854E-003  -2.2264903042785882E-003
   7.0602390965558200E-003   9.9592985090332532E-003  -2.2034863662880452E-003
   7.1364202795122849E-003   9.9690710561447342E-003  -2.1811050195789431E-003
   7.2121696759661555E-003   9.9788759039930591E-003  -2.1573164950789989E-003
   7.2880531874207257E-003   9.9876889642313647E-003  -2.1335673338021594E-003
   7.3634145521335138E-003   9.9951145015183124E-003  -2.1077695412888122E-003
   7.4388951935961669E-003   1.0001063396382587E-002  -2.0819377118188112E-003
   7.5145096850575037E-003   1.0005197074028624E-002  -2.0561431117829959E-003
   7.5903044601911889E-003   1.0008696075515551E-002  -2.0307874605844474E-003
   7.6659814510299318E-003   1.0010358869284966E-002  -2.0048986950312628E-003
   7.7412709658685706E-003   1.0011767867449572E-002  -1.9778893691952547E-003
   7.8167160745698256E-003   1.0012408686716941E-002  -1.9512881490141125E-003
   7.8922787486297458E-003   1.0012482298375291E-002  -1.9250150281071238E-003
   7.9677465090876448E-003   1.0010942958141304E-002  -1.8985150740803123E-003
   8.0431775746198850E-003   1.0009028533296105E-002  -1.8719352071420532E-003
   8.1186467786688813E-003   1.0007740806731389E-002  -1.8454259447783477E-003
   8.1937574182550880E-003   1.0005459017029674E-002  -1.8179817237282609E-003
   8.2683673472497086E-003   1.0003112005254680E-002  -1.7892093406665362E-003
   8.3430578275055078E-003   1.0000213805538867E-002  -1.7606973677897176E-003
   8.4178507098823085E-003   9.9970591516250155E-003  -1.7324826038057836E-003
   8.4924759341420495E-003   9.9947836762171987E-003  -1.7037441606841256E-003
   8.5668882657068124E-003   9.9934784945786004E-003  -1.6743996312068778E-003
   8.6410137828958414E-003   9.9932392791560725E-003  -1.6443105887313592E-003
   8.7151440506002039E-003   9.9940203601060085E-003  -1.6142424440576768E-003
   8.7889662469991438E-003   9.9935990544494768E-003  -1.5834186574603024E-003
   8.8625923392718579E-003   9.9927066562581195E-003  -1.5521392367456189E-003
   8.9360156271789445E-003   9.9902657460926910E-003  -1.5204680710001264E-003
   9.0092343408129140E-003   9.9878055975026764E-003  -1.4883282568597589E-003
   9.0822117377329838E-003   9.9839551298354055E-003  -1.4557787033214792E-003
   9.1553353050377248E-003   9.9796709073886776E-003  -1.4236136704056273E-003
   9.2280148684655023E-003   9.9755872652860320E-003  -1.3904322761059303E-003
   9.3011916441466513E-003   9.9721358225717625E-003  -1.3582881157920188E-003
   9.3742821229818342E-003   9.9690710098468086E-003  -1.3259092828372069E-003
   9.4471582266256252E-003   9.9656981728864589E-003  -1.2930809798507572E-003
   9.5200619992276570E-003   9.9630716840341318E-003  -1.2602459147202250E-003
   9.5929354217364118E-003   9.9606005481938965E-003  -1.2273315138509723E-003
   9.6651732479593189E-003   9.9589502240099523E-003  -1.1929953391260307E-003
   9.7371581978608172E-003   9.9580168945767426E-003  -1.1581055716114708E-003
   9.8092850371535173E-003   9.9564350679530542E-003  -1.1235336628125066E-003
   9.8818795573842582E-003   9.9544934106026491E-003  -1.0899737819754711E-003
   9.9541378444635391E-003   9.9519252358245529E-003  -1.0557371870381603E-003
   1.0026203520796232E-002   9.9503665756232960E-003  -1.0210369152108948E-003
   1.0098905003303042E-002   9.9487486087305576E-003  -9.8769210109230475E-004
   1.0171252374624826E-002   9.9465882601450124E-003  -9.5361585190830496E-004
   1.0243848772899196E-002   9.9430705920166441E-003  -9.2018848331178334E-004
   1.0316180444630478E-002   9.9396586791148361E-003  -8.8618130594734514E-004
   1.0388034710705187E-002   9.9364233601007598E-003  -8.5115992450076109E-004
   1.0459502953121739E-002   9.9318193393093408E-003  -8.1550752882816652E-004
   1.0530473823039810E-002   9.9265905255920862E-003  -7.7895899765619415E-004
   1.0600807295117672E-002   9.9217103460779131E-003  -7.4115176882068377E-004
   1.0670957444667992E-002   9.9162341311439511E-003  -7.0308646197482440E-004
   1.0741587147302941E-002   9.9103017143632472E-003  -6.6598859763490441E-004
   1.0812075292831279E-002   9.9046044937116766E-003  -6.2858588360202605E-004
   1.0882460527790063E-002   9.8975982830276539E-003  -5.9121167167884440E-004
   1.0952902285061312E-002   9.8891702233718012E-003  -5.5423970072261762E-004
   1.1023341446680102E-002   9.8804860085022414E-003  -5.1732210433882270E-004
   1.1093945385716569E-002   9.8711400896372304E-003  -4.8088397056319083E-004
   1.1164309760934420E-002   9.8613851086924355E-003  -4.4409137556288290E-004
   1.1234804693187762E-002   9.8524695882810029E-003  -4.0733572268246079E-004
   1.1304796102145756E-002   9.8440091800588280E-003  -3.6952535155499773E-004
   1.1375185362777878E-002   9.8366018179881030E-003  -3.3223617111210904E-004
   1.1445113915099302E-002   9.8296548440721110E-003  -2.9400350026251353E-004
   1.1515568961747519E-002   9.8242101097499382E-003  -2.5650095010841301E-004
   1.1586024521729700E-002   9.8197941217197937E-003  -2.1886435732966673E-004
   1.1657094648515599E-002   9.8150349848801898E-003  -1.8244475137797585E-004
   1.1727831727665785E-002   9.8107691302925584E-003  -1.4532241151547713E-004
   1.1798612599532467E-002   9.8069735858279834E-003  -1.0823249350179587E-004
   1.1869522977683539E-002   9.8029798520861289E-003  -7.1411733550929361E-005
   1.1940860826881391E-002   9.7992227495110554E-003  -3.5400687286872928E-005
   1.2012500000009821E-002   9.7953991113083703E-003   7.9657623411667638E-015
