   3.5527136787919536E-015   3.5421283062121027E-015   7.1340190668712839E-015
  -7.4224719542079680E-006   7.1684265549921747E-005  -3.4731440825615184E-005
  -1.4475227559025354E-005   1.4383203420002607E-004  -6.8568670491185439E-005
  -2.1756933290592686E-005   2.1600599440800639E-004  -1.0230138794167810E-004
  -2.9369460691259300E-005   2.8838849575109154E-004  -1.3551016575706734E-004
  -3.6960583435848731E-005   3.6063061173991726E-004  -1.6902809432451797E-004
  -4.4380300101979947E-005   4.3307358663852120E-004  -2.0214852900810572E-004
  -5.0668874960970921E-005   5.0557457275837204E-004  -2.3537593983610387E-004
  -5.6533105610952738E-005   5.7829371673558008E-004  -2.6820179700052230E-004
  -6.2075741697451372E-005   6.5100424153790692E-004  -3.0110253818921425E-004
  -6.8040720688548884E-005   7.2370914867109259E-004  -3.3394177551926370E-004
  -7.3997795836969760E-005   7.9608264832284543E-004  -3.6750648624507792E-004
  -8.0165855105541106E-005   8.6785323113122280E-004  -4.0230502764622455E-004
  -8.5508731857437075E-005   9.3946951596802835E-004  -4.3755501225202064E-004
  -9.0857405627795364E-005   1.0106401924316834E-003  -4.7369538439042238E-004
  -9.5955814753500613E-005   1.0817183966551880E-003  -5.1005326000239755E-004
  -1.0085727526833459E-004   1.1525953312796532E-003  -5.4682873848932304E-004
  -1.0550268108857301E-004   1.2233727264627460E-003  -5.8382847541196337E-004
  -1.1060882405868543E-004   1.2941381466809933E-003  -6.2079038288342784E-004
  -1.1505239356430164E-004   1.3647519321244399E-003  -6.5812599573166375E-004
  -1.1839324388125309E-004   1.4350853145210186E-003  -6.9610038242305216E-004
  -1.2116886703693096E-004   1.5057393372176508E-003  -7.3352103200083557E-004
  -1.2414057558834642E-004   1.5767959101238326E-003  -7.7015615697357263E-004
  -1.2715391247465884E-004   1.6479093828353929E-003  -8.0667729872698564E-004
  -1.3072623529166710E-004   1.7193187649173786E-003  -8.4256516100089131E-004
  -1.3394716011631811E-004   1.7910683862221398E-003  -8.7780175400738408E-004
  -1.3663997335831144E-004   1.8627973261046038E-003  -9.1312466352782336E-004
  -1.3842505589249234E-004   1.9346608567339424E-003  -9.4823088023724756E-004
  -1.3989791551024855E-004   2.0070393307003291E-003  -9.8227771832356463E-004
  -1.4054931092878365E-004   2.0793166020809601E-003  -1.0165643297341369E-003
  -1.4088733409852667E-004   2.1517254259094390E-003  -1.0505767978174164E-003
  -1.4111344450886803E-004   2.2237865162767021E-003  -1.0853208350323456E-003
  -1.4131076820901231E-004   2.2957535021135246E-003  -1.1202595529313324E-003
  -1.4100789813286659E-004   2.3676261359133898E-003  -1.1553912020280674E-003
  -1.4029766769675051E-004   2.4399205384299507E-003  -1.1896405077491416E-003
  -1.3933895062429041E-004   2.5122288457533675E-003  -1.2238543874172998E-003
  -1.3823945884741131E-004   2.5838941066289168E-003  -1.2593914313346758E-003
  -1.3643200735709621E-004   2.6557998796671832E-003  -1.2944098967948288E-003
  -1.3379435078341180E-004   2.7281171499272516E-003  -1.3285164238665843E-003
  -1.3122287827439804E-004   2.8009921246883746E-003  -1.3614197000969138E-003
  -1.2870352745544283E-004   2.8737455512875321E-003  -1.3945948684388587E-003
  -1.2562655922244417E-004   2.9470246522455119E-003  -1.4265433525524512E-003
  -1.2255253219447523E-004   3.0208233258225740E-003  -1.4572729168641869E-003
  -1.1837240212231128E-004   3.0942290279715574E-003  -1.4888027343302264E-003
  -1.1461952530236529E-004   3.1674244352124029E-003  -1.5208706043383184E-003
  -1.1004231074779111E-004   3.2402606231658523E-003  -1.5536416103319388E-003
  -1.0496073333610619E-004   3.3131878410234184E-003  -1.5861346627150121E-003
  -9.8402179945573047E-005   3.3860277319548615E-003  -1.6185589698294333E-003
  -9.2739154975678403E-005   3.4592696592383575E-003  -1.6502378309305745E-003
  -8.6557389707739554E-005   3.5322557410762544E-003  -1.6824064124100464E-003
  -7.9576778385549252E-005   3.6051945032231927E-003  -1.7145188405457065E-003
  -7.2310349525446255E-005   3.6780899864931288E-003  -1.7466661191679088E-003
  -6.4426850174817004E-005   3.7511543105596332E-003  -1.7782802770759268E-003
  -5.4477081438085740E-005   3.8245171049180473E-003  -1.8085936817148300E-003
  -4.2549112927985487E-005   3.8975016951302019E-003  -1.8391055346743950E-003
  -3.0003499927189690E-005   3.9704246845045027E-003  -1.8695168024053367E-003
  -1.6322684843205495E-005   4.0429291993435614E-003  -1.9004349302764762E-003
  -2.6425299791700157E-006   4.1153987283024168E-003  -1.9314352649620126E-003
   1.1894116303042101E-005   4.1875725774949716E-003  -1.9627341689204812E-003
   2.8064795526015926E-005   4.2600076709095984E-003  -1.9925949522839768E-003
   4.4013938848814230E-005   4.3325583936568652E-003  -2.0222937307692278E-003
   6.2896533080853361E-005   4.4047320936930270E-003  -2.0511797942773017E-003
   8.1114454932688197E-005   4.4770366911843825E-003  -2.0801651789157062E-003
   1.0046670667599003E-004   4.5486745269456936E-003  -2.1100568302848933E-003
   1.2068195189342027E-004   4.6204032721805371E-003  -2.1391485984947386E-003
   1.4174414390843770E-004   4.6918967275844277E-003  -2.1682186843738471E-003
   1.6436695840764130E-004   4.7630133698866213E-003  -2.1970393619168711E-003
   1.8740388472087343E-004   4.8340630025470932E-003  -2.2256968170297031E-003
   2.1176907971197137E-004   4.9048280193021007E-003  -2.2539572076561896E-003
   2.3739603546898847E-004   4.9754434636001829E-003  -2.2814657181715373E-003
   2.6347099074799419E-004   5.0464005952250111E-003  -2.3076417031225884E-003
   2.9106381235896356E-004   5.1170110485106897E-003  -2.3331916554751634E-003
   3.2075939833134295E-004   5.1866243477434147E-003  -2.3591177187561479E-003
   3.5215526952023907E-004   5.2555813745157574E-003  -2.3847931491431896E-003
   3.8414365188917538E-004   5.3243761493486962E-003  -2.4101707446133212E-003
   4.1642123747880983E-004   5.3934613427531414E-003  -2.4343656516872436E-003
   4.4952463413922163E-004   5.4619893923707275E-003  -2.4590247585276142E-003
   4.8247069095277647E-004   5.5304384527869246E-003  -2.4841102815216748E-003
   5.1645500346943966E-004   5.5984012779552337E-003  -2.5091326892592416E-003
   5.5097584560956446E-004   5.6663296325457453E-003  -2.5335058323353002E-003
   5.8546970098706497E-004   5.7344733411179337E-003  -2.5573093807672869E-003
   6.2041413132118202E-004   5.8022051081437738E-003  -2.5816259293257753E-003
   6.5578950580483329E-004   5.8699901833290666E-003  -2.6051581724346783E-003
   6.9223010582730574E-004   5.9377579500692673E-003  -2.6270582286636855E-003
   7.2956935308412694E-004   6.0051606143228554E-003  -2.6485677954666297E-003
   7.6827111323847085E-004   6.0718611049634828E-003  -2.6698567201176755E-003
   8.0885824658122221E-004   6.1376328247232260E-003  -2.6905150232585380E-003
   8.4959145563220386E-004   6.2036806064223321E-003  -2.7099700024630913E-003
   8.9224955162096387E-004   6.2686311130451238E-003  -2.7289889018103815E-003
   9.3522086399144084E-004   6.3334071202871649E-003  -2.7478975030238158E-003
   9.7921495033665438E-004   6.3975523745427865E-003  -2.7666032968504031E-003
   1.0243532364095115E-003   6.4611590471966764E-003  -2.7844001037595398E-003
   1.0690383335949839E-003   6.5249462561861767E-003  -2.8026876418590120E-003
   1.1148074042338506E-003   6.5882503114207281E-003  -2.8199441986336633E-003
   1.1619104434756127E-003   6.6506386745813651E-003  -2.8369440765825590E-003
   1.2090135883662644E-003   6.7129009194621539E-003  -2.8543999236012450E-003
   1.2570684076757370E-003   6.7746933467524167E-003  -2.8709053853563354E-003
   1.3056437471612840E-003   6.8363642208133964E-003  -2.8863047263433250E-003
   1.3548189733776056E-003   6.8976303526696731E-003  -2.9014129430346425E-003
   1.4052610433623737E-003   6.9580764200109424E-003  -2.9156210569959993E-003
   1.4563808462847013E-003   7.0181102733711939E-003  -2.9291377949006827E-003
   1.5088454087835454E-003   7.0772906110486136E-003  -2.9411859200978961E-003
   1.5614448360354550E-003   7.1362457613800001E-003  -2.9537394255217788E-003
   1.6151084220412857E-003   7.1943995098961017E-003  -2.9655021240598111E-003
   1.6702269330164791E-003   7.2513441314577569E-003  -2.9764227385094227E-003
   1.7264898548053219E-003   7.3074144252023542E-003  -2.9859414464630026E-003
   1.7839200790809020E-003   7.3621687542041155E-003  -2.9961263752220787E-003
   1.8416159113271305E-003   7.4168506639514433E-003  -3.0051308017037506E-003
   1.8997238499171363E-003   7.4711035018611652E-003  -3.0140804972750034E-003
   1.9581577131855730E-003   7.5250254956237030E-003  -3.0229067204793013E-003
   2.0169487637005570E-003   7.5787573767158844E-003  -3.0304231909973316E-003
   2.0752374199110662E-003   7.6330427364760828E-003  -3.0378751889799014E-003
   2.1340825370664480E-003   7.6867478377815237E-003  -3.0451562796313227E-003
   2.1928126268395982E-003   7.7407075728273484E-003  -3.0514111612605431E-003
   2.2522930942964099E-003   7.7938564975799192E-003  -3.0575157324319690E-003
   2.3121332421139136E-003   7.8467473873156841E-003  -3.0621751849690577E-003
   2.3730753463138145E-003   7.8983255560173080E-003  -3.0672498716083352E-003
   2.4352470310643397E-003   7.9482747722531052E-003  -3.0735552200017017E-003
   2.4978353223379188E-003   7.9977418375949145E-003  -3.0795314428012904E-003
   2.5617919270853958E-003   8.0456665362978654E-003  -3.0831057918601960E-003
   2.6255725471876802E-003   8.0938435633491346E-003  -3.0864234066381563E-003
   2.6901932968674009E-003   8.1409385621538377E-003  -3.0889173582420511E-003
   2.7551494851171155E-003   8.1875820751863403E-003  -3.0911704247994945E-003
   2.8205533935629114E-003   8.2336484925432211E-003  -3.0916329725557906E-003
   2.8862451383692813E-003   8.2793058065807230E-003  -3.0916987979174243E-003
   2.9526658048903858E-003   8.3238935407030160E-003  -3.0912202307110583E-003
   3.0192561610272685E-003   8.3682259893907100E-003  -3.0906215100056015E-003
   3.0864350599677107E-003   8.4115712679813954E-003  -3.0877610282756957E-003
   3.1539416232881454E-003   8.4543517781528413E-003  -3.0841984645131829E-003
   3.2217338287362208E-003   8.4965101908870844E-003  -3.0790133782942195E-003
   3.2889146839885476E-003   8.5396094872494405E-003  -3.0736112174066812E-003
   3.3564845622480821E-003   8.5821693570404412E-003  -3.0688186152988718E-003
   3.4245361932805076E-003   8.6237170154835167E-003  -3.0622789217989114E-003
   3.4923595247395318E-003   8.6656515638421378E-003  -3.0558376978248613E-003
   3.5599975602738109E-003   8.7077467208068575E-003  -3.0485511409773123E-003
   3.6275146456301280E-003   8.7499192259043301E-003  -3.0406187391437598E-003
   3.6954587810319696E-003   8.7914955255386940E-003  -3.0332021513420687E-003
   3.7632325470523735E-003   8.8328859027464821E-003  -3.0235298552768893E-003
   3.8310909203366160E-003   8.8739742054402600E-003  -3.0131861345590633E-003
   3.8997798452176948E-003   8.9136442199382031E-003  -3.0027879835484951E-003
   3.9685829418126877E-003   8.9532019276468752E-003  -2.9927221171440650E-003
   4.0374585389691591E-003   8.9924665859838250E-003  -2.9820245137570488E-003
   4.1071596778299293E-003   9.0303022130880390E-003  -2.9715261061590303E-003
   4.1769083852406397E-003   9.0679812607158839E-003  -2.9607833323387553E-003
   4.2468740514346936E-003   9.1050189404920327E-003  -2.9492500833958172E-003
   4.3175744042320864E-003   9.1409216349497505E-003  -2.9386455256910954E-003
   4.3885309529579407E-003   9.1759991628282429E-003  -2.9270379750582260E-003
   4.4603358617117724E-003   9.2089611370575700E-003  -2.9144855516316666E-003
   4.5323798318852955E-003   9.2416776580820058E-003  -2.9026831953034610E-003
   4.6044351922029433E-003   9.2742152261307137E-003  -2.8904630597537699E-003
   4.6771353818702652E-003   9.3051936897825243E-003  -2.8780124688978738E-003
   4.7499328679659961E-003   9.3360865575960288E-003  -2.8659229387677392E-003
   4.8233248171545536E-003   9.3654075972548281E-003  -2.8535173580945205E-003
   4.8966658502652624E-003   9.3940741053742949E-003  -2.8393991369425960E-003
   4.9700686365088927E-003   9.4217068848755133E-003  -2.8236365078913835E-003
   5.0437469731030703E-003   9.4489626559180143E-003  -2.8085161357418852E-003
   5.1177016694264861E-003   9.4754511363263003E-003  -2.7933812982128829E-003
   5.1917601762712018E-003   9.5010386112065730E-003  -2.7772376095619401E-003
   5.2660946995834674E-003   9.5256583928930768E-003  -2.7608594226024514E-003
   5.3407311182609614E-003   9.5495453263095918E-003  -2.7447715575515787E-003
   5.4158492903336004E-003   9.5717765759523472E-003  -2.7285533032178856E-003
   5.4911833204570083E-003   9.5927072884124422E-003  -2.7116214047859521E-003
   5.5662950915871387E-003   9.6135769567928606E-003  -2.6936581430700487E-003
   5.6412195754072230E-003   9.6341414819465232E-003  -2.6745945118232316E-003
   5.7158350821108371E-003   9.6544068148093336E-003  -2.6540557084234612E-003
   5.7904052363620742E-003   9.6746071631052186E-003  -2.6332894373986061E-003
   5.8652116778658376E-003   9.6940726476419745E-003  -2.6126716967925564E-003
   5.9398400649230652E-003   9.7129824060999403E-003  -2.5909225617130171E-003
   6.0145542683870505E-003   9.7317008813046380E-003  -2.5693029758317555E-003
   6.0894336362935144E-003   9.7493925072781595E-003  -2.5473920966148506E-003
   6.1643472482929753E-003   9.7671613442412361E-003  -2.5256614922968927E-003
   6.2394021191841641E-003   9.7835251592454028E-003  -2.5033233651033234E-003
   6.3138828543905113E-003   9.7990968766195809E-003  -2.4786223186326062E-003
   6.3883219545138852E-003   9.8139377109252388E-003  -2.4533523758526435E-003
   6.4627274515241017E-003   9.8287635891830018E-003  -2.4279749184329285E-003
   6.5369712453130450E-003   9.8416830855503866E-003  -2.4011244864832041E-003
   6.6110683507400675E-003   9.8544017301149863E-003  -2.3737775477681009E-003
   6.6854617317794315E-003   9.8661336230902747E-003  -2.3467963034101338E-003
   6.7601878299693849E-003   9.8769950446127332E-003  -2.3203758611457953E-003
   6.8350596496344982E-003   9.8867156958500155E-003  -2.2939236485271068E-003
   6.9100669660769479E-003   9.8957861628376637E-003  -2.2676248060604369E-003
   6.9852285241009393E-003   9.9029049190918466E-003  -2.2411660929187896E-003
   7.0599476531575597E-003   9.9102369038009466E-003  -2.2135383213279583E-003
   7.1343946554271297E-003   9.9174561938040959E-003  -2.1851565366918118E-003
   7.2085806443827035E-003   9.9242627329631222E-003  -2.1559998895985225E-003
   7.2827949226964258E-003   9.9304614524179241E-003  -2.1267797463017609E-003
   7.3570615633195037E-003   9.9364772155228938E-003  -2.0976545565385063E-003
   7.4313732372061313E-003   9.9423477022818063E-003  -2.0686147130671048E-003
   7.5061064040144150E-003   9.9476714484348673E-003  -2.0405681177913283E-003
   7.5809153310165012E-003   9.9528611456293405E-003  -2.0126989326489301E-003
   7.6556484673962798E-003   9.9572420771878462E-003  -1.9844896119740863E-003
   7.7305250389294684E-003   9.9611156001589238E-003  -1.9565880912664931E-003
   7.8053336161687725E-003   9.9655055404480296E-003  -1.9285808567187949E-003
   7.8799359010271533E-003   9.9704103061321499E-003  -1.9001125870237881E-003
   7.9548671107624973E-003   9.9743218264893956E-003  -1.8723634642191186E-003
   8.0293628800780000E-003   9.9785860507310541E-003  -1.8435156438151900E-003
   8.1038435796830701E-003   9.9821958215878352E-003  -1.8145398792651067E-003
   8.1783404427686803E-003   9.9848687102935610E-003  -1.7855041587009749E-003
   8.2526123589813372E-003   9.9870344174253327E-003  -1.7558563565790713E-003
   8.3267841117830900E-003   9.9891525927473489E-003  -1.7259554465701888E-003
   8.4010711471175052E-003   9.9908618254218561E-003  -1.6963156944262499E-003
   8.4752642068075968E-003   9.9924299932944594E-003  -1.6664337476924693E-003
   8.5493775164215708E-003   9.9936939126347851E-003  -1.6363402293855195E-003
   8.6235947848813770E-003   9.9951326970529036E-003  -1.6065119380935895E-003
   8.6977588158076366E-003   9.9966869286548920E-003  -1.5765572909997875E-003
   8.7717664382095991E-003   9.9981722937057503E-003  -1.5462148204871112E-003
   8.8452736418769690E-003   9.9994393268243303E-003  -1.5146698425313027E-003
   8.9187258560523494E-003   1.0000035856646949E-002  -1.4829773138509293E-003
   8.9921071496577524E-003   9.9997119204156600E-003  -1.4511169807652259E-003
   9.0652453981141540E-003   9.9983285053457920E-003  -1.4187305210416046E-003
   9.1388394769858668E-003   9.9984293411172053E-003  -1.3873633186308096E-003
   9.2126953500128450E-003   9.9985727518042706E-003  -1.3566177587345052E-003
   9.2862907282050874E-003   9.9984923912950878E-003  -1.3252535458614326E-003
   9.3597449249599955E-003   9.9977912673017942E-003  -1.2935677540747436E-003
   9.4328893614910123E-003   9.9961845904551969E-003  -1.2612055850737052E-003
   9.5061703966146122E-003   9.9943650149568030E-003  -1.2291653128905105E-003
   9.5792627000867089E-003   9.9926003339802939E-003  -1.1966937702837211E-003
   9.6521150278479888E-003   9.9904413900778945E-003  -1.1637107852296871E-003
   9.7248114254215121E-003   9.9881435556098738E-003  -1.1303948171364445E-003
   9.7972833967391003E-003   9.9859285301553188E-003  -1.0965879090337493E-003
   9.8697436420169538E-003   9.9835855701435241E-003  -1.0627644941376944E-003
   9.9418602910290865E-003   9.9801002346878616E-003  -1.0283110272828184E-003
   1.0013955908448497E-002   9.9761221727231696E-003  -9.9386691365417027E-004
   1.0085772370330129E-002   9.9705044986335960E-003  -9.5906982261536092E-004
   1.0157244886673470E-002   9.9644462166478300E-003  -9.2364417331254752E-004
   1.0228432026700979E-002   9.9574414922348406E-003  -8.8782064845299767E-004
   1.0300207033705119E-002   9.9509276076922334E-003  -8.5309432306204303E-004
   1.0371611280058797E-002   9.9444075490372850E-003  -8.1761302603832104E-004
   1.0443158035457242E-002   9.9372692248199807E-003  -7.8254015734925881E-004
   1.0515220935481306E-002   9.9289876977975439E-003  -7.4880064415032584E-004
   1.0587313937128326E-002   9.9207733249644502E-003  -7.1510905482385922E-004
   1.0658729487673853E-002   9.9120036194111447E-003  -6.8013890466697127E-004
   1.0730353464180118E-002   9.9027709697120294E-003  -6.4571850125960976E-004
   1.0802240189464324E-002   9.8936200161024064E-003  -6.1182810769239994E-004
   1.0873761022590699E-002   9.8848901302370819E-003  -5.7706376494106953E-004
   1.0945127035335693E-002   9.8761240177344112E-003  -5.4199173206793895E-004
   1.1016281416685590E-002   9.8688608893452174E-003  -5.0615458680005406E-004
   1.1087530550522870E-002   9.8626000429120255E-003  -4.7031658002964500E-004
   1.1158182552655606E-002   9.8570888446852401E-003  -4.3319621784636058E-004
   1.1228826656644278E-002   9.8513087975191406E-003  -3.9610172199215898E-004
   1.1299438232445913E-002   9.8443764718193563E-003  -3.5914298522763392E-004
   1.1369704472986131E-002   9.8378156898878168E-003  -3.2146525196189118E-004
   1.1440813587855814E-002   9.8325453130994559E-003  -2.8519243972480624E-004
   1.1512193015077115E-002   9.8277300709649993E-003  -2.4939033348937706E-004
   1.1583701686405925E-002   9.8220668616275861E-003  -2.1397228747505371E-004
   1.1655008302691415E-002   9.8163086346538253E-003  -1.7816433726096408E-004
   1.1726350216585770E-002   9.8111333291522797E-003  -1.4233770563376803E-004
   1.1797767438786456E-002   9.8061710617735366E-003  -1.0663117578495928E-004
   1.1869623856333760E-002   9.8027909668803054E-003  -7.1627887112180098E-005
   1.1941184995809413E-002   9.7986444238717454E-003  -3.6105929128858359E-005
   1.2012500000009913E-002   9.7953991113084865E-003   7.9654261682349518E-015
