   3.5527136787918412E-015   3.5421283062120979E-015   7.1340190668713817E-015
  -1.2035627720026260E-005   6.9599439951391990E-005  -3.7564100187759227E-005
  -2.3937868355750781E-005   1.3937150827463893E-004  -7.4849420945348146E-005
  -3.5129841965867769E-005   2.0962973641445496E-004  -1.1143522560266739E-004
  -4.5142481335019499E-005   2.7997091305349256E-004  -1.4820295493146694E-004
  -5.5886272121684669E-005   3.5057503132862676E-004  -1.8425332864162167E-004
  -6.5351070273132045E-005   4.2076582293493561E-004  -2.2145104860975899E-004
  -7.4584899496404054E-005   4.9073217771282516E-004  -2.5912657898974876E-004
  -8.5177500941674102E-005   5.6077604997486889E-004  -2.9629716889128225E-004
  -9.5574811791255287E-005   6.3133106358362009E-004  -3.3254473411082876E-004
  -1.0396794995321454E-004   7.0238435770182055E-004  -3.6833557973906108E-004
  -1.1148601387496413E-004   7.7343054271600102E-004  -4.0433444516664975E-004
  -1.1858624354043671E-004   8.4451476963960464E-004  -4.4034304715023304E-004
  -1.2455443792472730E-004   9.1584373197660385E-004  -4.7607202402106619E-004
  -1.3031306500071432E-004   9.8651140479365067E-004  -5.1312493524981900E-004
  -1.3650988560943389E-004   1.0569671756254703E-003  -5.5050920709122592E-004
  -1.4230850373056801E-004   1.1278904117905666E-003  -5.8706424223853510E-004
  -1.4763117750092884E-004   1.1995456216447389E-003  -6.2223809674989390E-004
  -1.5297705856660252E-004   1.2713163364087040E-003  -6.5717212108899682E-004
  -1.5784585743865005E-004   1.3432903876744074E-003  -6.9175579835610102E-004
  -1.6207619944929382E-004   1.4151310460276396E-003  -7.2669895245836425E-004
  -1.6677866956500256E-004   1.4868918263120936E-003  -7.6174573846955740E-004
  -1.7100041857270556E-004   1.5580637861863848E-003  -7.9803249844670021E-004
  -1.7379468695030852E-004   1.6289977401718139E-003  -8.3491835253041798E-004
  -1.7781631291828213E-004   1.6998171073533135E-003  -8.7191083493992291E-004
  -1.8215617401557869E-004   1.7712130272332413E-003  -9.0774082560379408E-004
  -1.8606124478933285E-004   1.8423222143887283E-003  -9.4418576930146189E-004
  -1.8899846755352824E-004   1.9135195089879341E-003  -9.8054945957076430E-004
  -1.9105171444315524E-004   1.9850002710681785E-003  -1.0164142727238331E-003
  -1.9203179720549184E-004   2.0567968127344922E-003  -1.0516888533556507E-003
  -1.9145673507673080E-004   2.1285450540789556E-003  -1.0870704754292755E-003
  -1.9003639428845717E-004   2.2000902867718186E-003  -1.1228372519647045E-003
  -1.8851439505688939E-004   2.2716846530660335E-003  -1.1585013828080413E-003
  -1.8543496974751363E-004   2.3433462087020583E-003  -1.1939293177102919E-003
  -1.7929850297068619E-004   2.4148427686130659E-003  -1.2292929388665840E-003
  -1.7335347450969006E-004   2.4862209595899261E-003  -1.2649273393509429E-003
  -1.6649304737533093E-004   2.5577466253944828E-003  -1.3000985443287973E-003
  -1.5974316151489624E-004   2.6293989599226659E-003  -1.3350325105766407E-003
  -1.5161335794518121E-004   2.7007836585246710E-003  -1.3702195976746546E-003
  -1.4263288930436931E-004   2.7719727875489993E-003  -1.4055955654455280E-003
  -1.3320479161851333E-004   2.8427526527563442E-003  -1.4416694016742733E-003
  -1.2271259518939885E-004   2.9139612977990264E-003  -1.4765870575680550E-003
  -1.1181266727268760E-004   2.9859340108883371E-003  -1.5097701877503230E-003
  -9.8996876369244046E-005   3.0569954063099027E-003  -1.5442090258414197E-003
  -8.5316997521562416E-005   3.1281318887777542E-003  -1.5781569534557463E-003
  -7.1369580016289013E-005   3.1989000931493604E-003  -1.6127594215389895E-003
  -5.5156835931197274E-005   3.2695223068493228E-003  -1.6466659083501629E-003
  -3.8744776295809584E-005   3.3401405719252542E-003  -1.6804846156225073E-003
  -2.2788345180061393E-005   3.4109480062672506E-003  -1.7141253580731858E-003
  -5.9085764960923731E-006   3.4817152124886532E-003  -1.7473981086515045E-003
   1.1541112108489454E-005   3.5525253084475986E-003  -1.7802833435851958E-003
   3.0860548707271588E-005   3.6235262776937284E-003  -1.8116779566267297E-003
   5.1533360020142289E-005   3.6941396215411835E-003  -1.8430848115574467E-003
   7.3135929114470186E-005   3.7647001925117983E-003  -1.8739803586074585E-003
   9.4734868393410340E-005   3.8356554537950500E-003  -1.9039609645143368E-003
   1.1749727855576534E-004   3.9064000170948212E-003  -1.9335764914727681E-003
   1.4008730579315241E-004   3.9771363651262262E-003  -1.9633432471062823E-003
   1.6238825912196666E-004   4.0483867275659365E-003  -1.9920843909267561E-003
   1.8625278940524078E-004   4.1193361553224428E-003  -2.0203096079639826E-003
   2.1015818491762353E-004   4.1901522797891675E-003  -2.0488334328912857E-003
   2.3439898720587252E-004   4.2606993125991069E-003  -2.0777384437634756E-003
   2.5903967455680166E-004   4.3311723835827180E-003  -2.1064853183753928E-003
   2.8338609511307632E-004   4.4023183964121346E-003  -2.1337891035007007E-003
   3.0865033762531366E-004   4.4730543901396027E-003  -2.1613233952724486E-003
   3.3397391681870228E-004   4.5438277637627582E-003  -2.1887067101292218E-003
   3.6041363087228119E-004   4.6147354419144330E-003  -2.2146497764672108E-003
   3.8740963554377415E-004   4.6856989912311435E-003  -2.2398567279381834E-003
   4.1537966758234667E-004   4.7564559777664838E-003  -2.2645776941979711E-003
   4.4379892723758681E-004   4.8270217262398954E-003  -2.2893329123284622E-003
   4.7263261334115142E-004   4.8976904756911155E-003  -2.3133026094969479E-003
   5.0270915433470631E-004   4.9679585298772009E-003  -2.3369204470802237E-003
   5.3321756471901504E-004   5.0379670373192943E-003  -2.3607541577536032E-003
   5.6316518172141452E-004   5.1081600139910180E-003  -2.3847559550877694E-003
   5.9529460919026118E-004   5.1775748728908888E-003  -2.4081926197176261E-003
   6.2779490676137702E-004   5.2467974743142650E-003  -2.4316864936595834E-003
   6.6105311598501986E-004   5.3158599216330087E-003  -2.4545834344416508E-003
   6.9461040706142907E-004   5.3851806730154427E-003  -2.4762292573265858E-003
   7.2908305603366420E-004   5.4541696854271014E-003  -2.4974931383143677E-003
   7.6384421526268383E-004   5.5233054774271977E-003  -2.5177885581067036E-003
   7.9844525063040234E-004   5.5921264067033344E-003  -2.5393859664688523E-003
   8.3407794212945368E-004   5.6604784117825942E-003  -2.5607942520802628E-003
   8.7037776075297719E-004   5.7285580373918812E-003  -2.5819481584452358E-003
   9.0711069702232292E-004   5.7960219272835773E-003  -2.6042935149457906E-003
   9.4486355951770278E-004   5.8626409207959383E-003  -2.6274588139635199E-003
   9.8423018985063066E-004   5.9285424240924428E-003  -2.6499812533892116E-003
   1.0242137596154005E-003   5.9939459712674047E-003  -2.6728655311651860E-003
   1.0640626011959053E-003   6.0597135126258684E-003  -2.6949268169434242E-003
   1.1057115384091633E-003   6.1244111179899014E-003  -2.7168262665248641E-003
   1.1472991736724834E-003   6.1892203065504661E-003  -2.7385112306161918E-003
   1.1898538694396703E-003   6.2534178567787355E-003  -2.7601392775389506E-003
   1.2332823024595082E-003   6.3167610756707923E-003  -2.7825358805290408E-003
   1.2778451696482368E-003   6.3796638274200039E-003  -2.8039226685551547E-003
   1.3223898690488227E-003   6.4426905340224678E-003  -2.8249798288838605E-003
   1.3664878046782210E-003   6.5061946873847748E-003  -2.8455369339078617E-003
   1.4117780356300398E-003   6.5692227435987802E-003  -2.8649343338425382E-003
   1.4584993632677998E-003   6.6312914740140009E-003  -2.8840285800887234E-003
   1.5054257521936976E-003   6.6933427925183787E-003  -2.9026712164702145E-003
   1.5525771083195357E-003   6.7550861399951869E-003  -2.9217633267312874E-003
   1.5995196575600448E-003   6.8169549271440795E-003  -2.9409635935308187E-003
   1.6470634871045299E-003   6.8783731753447814E-003  -2.9601308323514001E-003
   1.6956957136029492E-003   6.9393433248115671E-003  -2.9779506927164077E-003
   1.7443355125231002E-003   7.0005850000621128E-003  -2.9947919272342027E-003
   1.7931756773842625E-003   7.0619543164228415E-003  -3.0105540749953532E-003
   1.8425826372514586E-003   7.1230915375515907E-003  -3.0254266173389268E-003
   1.8933706348861394E-003   7.1834071141521714E-003  -3.0389399630563218E-003
   1.9441057099416023E-003   7.2439434032271462E-003  -3.0516407454783518E-003
   1.9953155510299501E-003   7.3043778563340695E-003  -3.0628313233018035E-003
   2.0462623251057870E-003   7.3650986400185074E-003  -3.0736670350203590E-003
   2.0983136901391655E-003   7.4248689356849681E-003  -3.0845375066425921E-003
   2.1520640551574853E-003   7.4832693822003745E-003  -3.0945518019792483E-003
   2.2059957956837941E-003   7.5416321667505053E-003  -3.1037796261412323E-003
   2.2610074240160577E-003   7.5990111953148955E-003  -3.1128000380130764E-003
   2.3171249523458795E-003   7.6553813247185248E-003  -3.1213575800337970E-003
   2.3744527755464495E-003   7.7103970790350718E-003  -3.1306735587415730E-003
   2.4318537892255906E-003   7.7652194990420259E-003  -3.1406548358926044E-003
   2.4891213389184163E-003   7.8202963503142594E-003  -3.1499805107713182E-003
   2.5470793984694994E-003   7.8748276028710353E-003  -3.1581784265502879E-003
   2.6061920299967419E-003   7.9281326392777809E-003  -3.1661952771460796E-003
   2.6660230818802951E-003   7.9807719409883040E-003  -3.1732201716532979E-003
   2.7267260695807548E-003   8.0325019610412544E-003  -3.1794773529102960E-003
   2.7879766529501247E-003   8.0836684132544918E-003  -3.1849873627818725E-003
   2.8492541019377055E-003   8.1347531229779835E-003  -3.1909393938737269E-003
   2.9094661470013545E-003   8.1871587901320483E-003  -3.1962455872694456E-003
   2.9704441616269749E-003   8.2387595027739614E-003  -3.2006100099864912E-003
   3.0313783651137313E-003   8.2905339773463177E-003  -3.2031450882960260E-003
   3.0926574612839819E-003   8.3419457805206793E-003  -3.2044484949331018E-003
   3.1548992981125378E-003   8.3922044861422605E-003  -3.2043209764520543E-003
   3.2169909911588870E-003   8.4426487058796851E-003  -3.2043693946036717E-003
   3.2795105697302779E-003   8.4925543262185463E-003  -3.2035142009449384E-003
   3.3423992110887531E-003   8.5419986338947183E-003  -3.2029857792340855E-003
   3.4059784117163013E-003   8.5905426199460941E-003  -3.2040659031181734E-003
   3.4703181462113911E-003   8.6380724859580447E-003  -3.2052106307940025E-003
   3.5348589022130010E-003   8.6853367986684301E-003  -3.2059692863579195E-003
   3.5999242233532534E-003   8.7318804156488617E-003  -3.2055269000425242E-003
   3.6666015619070372E-003   8.7760511473368892E-003  -3.2037721957599474E-003
   3.7338860339348077E-003   8.8192795467405254E-003  -3.2017460395481604E-003
   3.8013845915447881E-003   8.8621448365390782E-003  -3.1991942455812314E-003
   3.8697697131420865E-003   8.9034646769347876E-003  -3.1951760456290683E-003
   3.9383592400984418E-003   8.9443877311654874E-003  -3.1906174904080473E-003
   4.0076513025519289E-003   8.9839354727467326E-003  -3.1847364860106086E-003
   4.0772076865486411E-003   9.0229308926583381E-003  -3.1783125714747737E-003
   4.1464577441946079E-003   9.0624636233994794E-003  -3.1718633302421522E-003
   4.2162968727927483E-003   9.1008376158314853E-003  -3.1647970143412816E-003
   4.2864448208222335E-003   9.1384348125206384E-003  -3.1566904618483493E-003
   4.3571402786189159E-003   9.1748158735234855E-003  -3.1478264532892688E-003
   4.4284734019342858E-003   9.2097645288802318E-003  -3.1383302958681233E-003
   4.5004905316025174E-003   9.2431626973491412E-003  -3.1284259847788286E-003
   4.5728640923458075E-003   9.2758665376230561E-003  -3.1188069132622714E-003
   4.6452257327394024E-003   9.3082684780042002E-003  -3.1081341788305582E-003
   4.7180387084490129E-003   9.3395217912980652E-003  -3.0971114307926785E-003
   4.7912104222466610E-003   9.3695246298377381E-003  -3.0850395634907800E-003
   4.8646270738269990E-003   9.3988367396326006E-003  -3.0727596818793867E-003
   4.9381750598956357E-003   9.4277463927521701E-003  -3.0603127663591965E-003
   5.0115657074974920E-003   9.4564128168894025E-003  -3.0464545931064876E-003
   5.0851338689609712E-003   9.4844937272474464E-003  -3.0323411917361170E-003
   5.1584370009335103E-003   9.5133789630094858E-003  -3.0184741808772495E-003
   5.2319839147408776E-003   9.5415308146133224E-003  -3.0043913995282012E-003
   5.3053384583566614E-003   9.5699391698723327E-003  -2.9898285607773164E-003
   5.3785457227722589E-003   9.5983215418255340E-003  -2.9744943697839047E-003
   5.4517366641354615E-003   9.6256518249085918E-003  -2.9572856013208538E-003
   5.5252026538819519E-003   9.6513958512611190E-003  -2.9388466895422624E-003
   5.5991023651244280E-003   9.6752033803281581E-003  -2.9195585003798544E-003
   5.6732530995390884E-003   9.6974891618348390E-003  -2.8994335775096381E-003
   5.7475596817366872E-003   9.7186062980772290E-003  -2.8786345773903427E-003
   5.8220238044549818E-003   9.7394719132923874E-003  -2.8581474953355596E-003
   5.8961014346420437E-003   9.7601414183049826E-003  -2.8361185085872278E-003
   5.9696583754128511E-003   9.7815031170385980E-003  -2.8130305399041724E-003
   6.0435439344882110E-003   9.8020371689583833E-003  -2.7902428926277240E-003
   6.1178030890242634E-003   9.8216431245993358E-003  -2.7678557427900916E-003
   6.1922927649526284E-003   9.8405714730988719E-003  -2.7456520088940365E-003
   6.2666971303812014E-003   9.8590583788288125E-003  -2.7227997723384785E-003
   6.3407532223298604E-003   9.8778372387330077E-003  -2.6990711044773811E-003
   6.4145026093161703E-003   9.8968259429433637E-003  -2.6745668798001344E-003
   6.4879464000523043E-003   9.9158386584219556E-003  -2.6491793582453182E-003
   6.5619018011546298E-003   9.9335998459504603E-003  -2.6243773651429504E-003
   6.6357128817565933E-003   9.9505089866158830E-003  -2.5985702858661334E-003
   6.7097588000401319E-003   9.9665463459699590E-003  -2.5728797214544063E-003
   6.7839180329277351E-003   9.9806930535094769E-003  -2.5464169391789851E-003
   6.8582353489051642E-003   9.9929365637436776E-003  -2.5194533896946438E-003
   6.9323668308070852E-003   1.0004337130909513E-002  -2.4916226431716841E-003
   7.0064597928125158E-003   1.0015251848358570E-002  -2.4634961088912748E-003
   7.0803486551103152E-003   1.0025562104953688E-002  -2.4346147198376755E-003
   7.1539736842257153E-003   1.0035167889028395E-002  -2.4048307642606051E-003
   7.2278503330796291E-003   1.0043835756973162E-002  -2.3753840528382181E-003
   7.3015355729758495E-003   1.0050985077331471E-002  -2.3450628945116685E-003
   7.3750536470629990E-003   1.0058187708694490E-002  -2.3143510908086632E-003
   7.4481892372994796E-003   1.0065581931568810E-002  -2.2827835298844896E-003
   7.5210507347757511E-003   1.0073339684881754E-002  -2.2506740383205280E-003
   7.5938808996584397E-003   1.0079946292672934E-002  -2.2182376418249843E-003
   7.6666694954097706E-003   1.0085525864939366E-002  -2.1855162619870993E-003
   7.7396909490910701E-003   1.0090575952021136E-002  -2.1532306006174702E-003
   7.8124935105932016E-003   1.0096170846179158E-002  -2.1205429240276279E-003
   7.8856017246689749E-003   1.0100859206447365E-002  -2.0883993662906782E-003
   7.9584116444781951E-003   1.0104566781105256E-002  -2.0554604913956410E-003
   8.0311935406806676E-003   1.0106746253898201E-002  -2.0223237220309762E-003
   8.1045260880066045E-003   1.0108297698004597E-002  -1.9903873709510925E-003
   8.1771854981976758E-003   1.0109678968740321E-002  -1.9569403652203591E-003
   8.2495115292993484E-003   1.0109981940354548E-002  -1.9227518664871597E-003
   8.3216247758085230E-003   1.0109526962186132E-002  -1.8881184625436109E-003
   8.3934594405012612E-003   1.0108866931229405E-002  -1.8529141260602944E-003
   8.4649150072535744E-003   1.0108050260838108E-002  -1.8169497682611491E-003
   8.5364022898731153E-003   1.0107723174016113E-002  -1.7810406964985171E-003
   8.6075672175881385E-003   1.0107227795047542E-002  -1.7444988347311069E-003
   8.6784048885128352E-003   1.0106307159388997E-002  -1.7073346475690722E-003
   8.7495766984220964E-003   1.0104432374407302E-002  -1.6708509709822082E-003
   8.8210215853894818E-003   1.0102088184738260E-002  -1.6349325509059051E-003
   8.8921109337958618E-003   1.0098880470947197E-002  -1.5983810103980596E-003
   8.9631092143400200E-003   1.0096200692366726E-002  -1.5616106019740101E-003
   9.0343827125931361E-003   1.0092580117692556E-002  -1.5254584250544889E-003
   9.1051679857308554E-003   1.0088606897651698E-002  -1.4883955240966658E-003
   9.1757061132847016E-003   1.0083153654712218E-002  -1.4510507158561354E-003
   9.2464631127991033E-003   1.0076989755762633E-002  -1.4142342335409575E-003
   9.3174822214042215E-003   1.0070971448343310E-002  -1.3779015184372839E-003
   9.3883514331493251E-003   1.0065321323251511E-002  -1.3412186762617787E-003
   9.4593510485289131E-003   1.0059545008126955E-002  -1.3048086668162560E-003
   9.5303691313203456E-003   1.0053121112827015E-002  -1.2685434563355356E-003
   9.6014512269297428E-003   1.0046933638399799E-002  -1.2323626485908406E-003
   9.6723764307895584E-003   1.0040261780588602E-002  -1.1959607012129883E-003
   9.7435023071082445E-003   1.0034215319614140E-002  -1.1598421461328503E-003
   9.8141263326928223E-003   1.0027367195674916E-002  -1.1228915005544089E-003
   9.8845813983588285E-003   1.0019560367414367E-002  -1.0858086587402444E-003
   9.9551455705897095E-003   1.0010787833571632E-002  -1.0491515959313252E-003
   1.0025598897314855E-002   1.0001801322276856E-002  -1.0123335112491949E-003
   1.0096200829000134E-002   9.9936430917717620E-003  -9.7560735542687096E-004
   1.0167167625891279E-002   9.9865539528283132E-003  -9.3936569639250091E-004
   1.0238615305840271E-002   9.9790172471314366E-003  -9.0417440343585806E-004
   1.0309671184761891E-002   9.9716485436017396E-003  -8.6816379004989413E-004
   1.0380638695684157E-002   9.9645306671815835E-003  -8.3192916255798869E-004
   1.0451080431105177E-002   9.9571383378756449E-003  -7.9473621461034706E-004
   1.0521493679866082E-002   9.9495534159922717E-003  -7.5752810582470592E-004
   1.0591566396053329E-002   9.9410145944958065E-003  -7.1988633417868287E-004
   1.0661687310047876E-002   9.9329367625577702E-003  -6.8223256877910320E-004
   1.0731612141799971E-002   9.9252122525248232E-003  -6.4414254579260512E-004
   1.0802044152264394E-002   9.9165233519201215E-003  -6.0721241028775927E-004
   1.0872646092709725E-002   9.9081897867113761E-003  -5.7052565925344838E-004
   1.0943418662092516E-002   9.9011604416884488E-003  -5.3389463790627862E-004
   1.1013918458602291E-002   9.8933712137281669E-003  -4.9689319712224018E-004
   1.1084151581576511E-002   9.8853604413117954E-003  -4.5943474063455910E-004
   1.1154578055715434E-002   9.8766332528419671E-003  -4.2250307506677188E-004
   1.1225177631661734E-002   9.8684444103496576E-003  -3.8577920366039936E-004
   1.1295702666072688E-002   9.8610651624590120E-003  -3.4874184114608428E-004
   1.1366274001219607E-002   9.8535701848938197E-003  -3.1181607818836184E-004
   1.1436938971930020E-002   9.8457618594726282E-003  -2.7513512992851448E-004
   1.1508537746332618E-002   9.8385005595826719E-003  -2.4019390748136076E-004
   1.1580526742986505E-002   9.8312777428433314E-003  -2.0605572829953721E-004
   1.1652818899768517E-002   9.8238362243614607E-003  -1.7261222559716006E-004
   1.1724857868101785E-002   9.8169468660040584E-003  -1.3851055728289835E-004
   1.1796815277434291E-002   9.8102132617782292E-003  -1.0420618708884913E-004
   1.1868722771133523E-002   9.8046986916518683E-003  -6.9581024729245354E-005
   1.1940623383982822E-002   9.8002121820805511E-003  -3.4793482353490561E-005
   1.2012500000010362E-002   9.7953991113085559E-003   7.9680306002370094E-015
