   3.5527136787917588E-015   3.5421283062120735E-015   7.1340190668713091E-015
   5.4232843514635556E-006   5.9366458909581302E-005  -5.3349897303414372E-005
   1.0990349950529385E-005   1.1917660840342758E-004  -1.0618694673267785E-004
   1.6087563345796353E-005   1.7906341568526665E-004  -1.5898456719279689E-004
   2.1723911189321212E-005   2.3862806328059716E-004  -2.1209091651119469E-004
   2.6990445586890394E-005   2.9839837756012592E-004  -2.6500379914750613E-004
   3.1967631380897516E-005   3.5806174292367924E-004  -3.1806518299925109E-004
   3.6161517498291582E-005   4.1775144725230426E-004  -3.7116462281587103E-004
   3.8995189109072750E-005   4.7769544081021199E-004  -4.2406724980166615E-004
   4.0917243379617554E-005   5.3834006448046133E-004  -4.7620682526841260E-004
   4.3721153135783632E-005   5.9924443308068641E-004  -5.2800253917914086E-004
   4.5359147927608446E-005   6.5937939179017743E-004  -5.8073871003317345E-004
   4.6521565721118670E-005   7.1963954266680158E-004  -6.3334444162813520E-004
   4.8976208870234619E-005   7.8023462052227851E-004  -6.8551925611956479E-004
   5.2553365606118266E-005   8.4031604902751102E-004  -7.3822054544117079E-004
   5.6485202637817115E-005   8.9998434965030810E-004  -7.9136407344428106E-004
   6.0668897184809419E-005   9.5953159014100931E-004  -8.4462402880245183E-004
   6.5127543077710652E-005   1.0190227418989018E-003  -8.9792434152028160E-004
   6.9286915916764470E-005   1.0790080289146649E-003  -9.5069237121488375E-004
   7.4069726134228035E-005   1.1390197225792636E-003  -1.0033774862028991E-003
   7.9075086287262069E-005   1.1993231226025390E-003  -1.0557076526477454E-003
   8.3876392839664235E-005   1.2591857976594881E-003  -1.1085603499521519E-003
   8.8800686437121490E-005   1.3192808780631486E-003  -1.1611372710346047E-003
   9.5475569385961641E-005   1.3798892290269762E-003  -1.2129260123431738E-003
   1.0205376363116859E-004   1.4406410885154908E-003  -1.2645587435065680E-003
   1.0869181243977176E-004   1.5022810627398759E-003  -1.3151200912581099E-003
   1.1468751554824802E-004   1.5636775798725791E-003  -1.3660565146209672E-003
   1.2068246874193513E-004   1.6252990081919944E-003  -1.4167207042808589E-003
   1.2720780258485928E-004   1.6869470214944521E-003  -1.4672869229151121E-003
   1.3319239433245110E-004   1.7482019641219056E-003  -1.5183948152755911E-003
   1.3886956128639108E-004   1.8095103035060452E-003  -1.5694737474333379E-003
   1.4416297031774974E-004   1.8710641708504963E-003  -1.6202979663504091E-003
   1.4939546581368160E-004   1.9335474463687545E-003  -1.6699815780041015E-003
   1.5424919930592099E-004   1.9960134113297771E-003  -1.7197253663650198E-003
   1.5980907152252660E-004   2.0587501343461252E-003  -1.7690527564339620E-003
   1.6646740405384849E-004   2.1210371720026292E-003  -1.8188120928070411E-003
   1.7354952800940988E-004   2.1835372121495520E-003  -1.8682447590384909E-003
   1.8227885392296987E-004   2.2464444057250553E-003  -1.9168912786040931E-003
   1.9115907967683310E-004   2.3091847613240504E-003  -1.9657255838503307E-003
   2.0124246358559696E-004   2.3712945338345225E-003  -2.0151290405272452E-003
   2.1144108162120026E-004   2.4333952344548844E-003  -2.0645202459955918E-003
   2.2198647641013318E-004   2.4960220100700026E-003  -2.1131687982106880E-003
   2.3355419891735526E-004   2.5587425711313867E-003  -2.1614628869058056E-003
   2.4633078179586655E-004   2.6220187083913294E-003  -2.2087163457020064E-003
   2.5968783148908536E-004   2.6842647481206475E-003  -2.2571623958404482E-003
   2.7360978431019439E-004   2.7461260530433941E-003  -2.3059410611090980E-003
   2.8887334335424850E-004   2.8077188203839364E-003  -2.3546581501355268E-003
   3.0405833189521683E-004   2.8697755449708668E-003  -2.4028076992706235E-003
   3.2085880851806059E-004   2.9330089636762191E-003  -2.4488433240492384E-003
   3.3732845263231121E-004   2.9966362901389615E-003  -2.4944537850006211E-003
   3.5381301314074839E-004   3.0608398405982443E-003  -2.5392440001380449E-003
   3.7117195600013751E-004   3.1251012155330280E-003  -2.5836190244952302E-003
   3.8955578868351518E-004   3.1887405601317758E-003  -2.6284751111331273E-003
   4.0964943320862034E-004   3.2521540871619935E-003  -2.6729157460741552E-003
   4.3042543214009998E-004   3.3153701483114909E-003  -2.7173239378123150E-003
   4.5196331391085184E-004   3.3786307790526688E-003  -2.7613036176307821E-003
   4.7432137086908229E-004   3.4417550961658569E-003  -2.8050693334636051E-003
   4.9699885099685004E-004   3.5051261847082694E-003  -2.8483109459138665E-003
   5.1955063661165946E-004   3.5689878256491251E-003  -2.8908915490489634E-003
   5.4342859476968390E-004   3.6327223475084046E-003  -2.9329362139322245E-003
   5.6893634512822952E-004   3.6963135344783471E-003  -2.9742341024831436E-003
   5.9439985756840736E-004   3.7604090952696608E-003  -3.0147725857800800E-003
   6.2057241134233943E-004   3.8244113679005310E-003  -3.0550057380876873E-003
   6.4698610379189359E-004   3.8885491804809716E-003  -3.0948637088124191E-003
   6.7458320538908516E-004   3.9525143223788119E-003  -3.1341938577460595E-003
   7.0324296121619678E-004   4.0157353860695039E-003  -3.1739646446742025E-003
   7.3304690481626510E-004   4.0786501487396314E-003  -3.2133785709737780E-003
   7.6264026038768676E-004   4.1415818417500500E-003  -3.2529239288492736E-003
   7.9376376550756712E-004   4.2047273324799525E-003  -3.2909235924165597E-003
   8.2577239773971400E-004   4.2684714797112857E-003  -3.3271469432002675E-003
   8.5928422295756049E-004   4.3320191808089922E-003  -3.3623413641373965E-003
   8.9356636112045184E-004   4.3955143710994538E-003  -3.3968825829325216E-003
   9.2795179828867875E-004   4.4589130436105242E-003  -3.4314983314880300E-003
   9.6316952983071277E-004   4.5221194724708843E-003  -3.4656254282039926E-003
   9.9989341079427009E-004   4.5853700270046009E-003  -3.4980403001149485E-003
   1.0386862713426532E-003   4.6478613535634256E-003  -3.5295037405334313E-003
   1.0777660541848744E-003   4.7100799959059409E-003  -3.5611519809756447E-003
   1.1175454934516361E-003   4.7724167909336881E-003  -3.5916760729779568E-003
   1.1570613377384670E-003   4.8347039302030050E-003  -3.6226407354650260E-003
   1.1973083736634296E-003   4.8966092763078383E-003  -3.6534287887621071E-003
   1.2384988326475542E-003   4.9583503904963369E-003  -3.6832847915430570E-003
   1.2800326711372185E-003   5.0201973217066809E-003  -3.7124377908719971E-003
   1.3223411448443976E-003   5.0823314365253504E-003  -3.7398119544528015E-003
   1.3645222925801278E-003   5.1450167338123196E-003  -3.7661046203782047E-003
   1.4068247515101524E-003   5.2075318360049515E-003  -3.7926067705652926E-003
   1.4495382525499180E-003   5.2699552191732982E-003  -3.8186620592087937E-003
   1.4931069672264436E-003   5.3323485814747353E-003  -3.8433366502683701E-003
   1.5366501755758968E-003   5.3952655839098413E-003  -3.8666913032097353E-003
   1.5807225404634692E-003   5.4581170548566142E-003  -3.8892150517737187E-003
   1.6256204978535519E-003   5.5199218314092597E-003  -3.9129709566895748E-003
   1.6711450168670631E-003   5.5811351447467719E-003  -3.9370634542450914E-003
   1.7176348256554180E-003   5.6420061033438428E-003  -3.9601594298702414E-003
   1.7650719723260621E-003   5.7024024028858979E-003  -3.9825648780536602E-003
   1.8137789288286961E-003   5.7622053281990819E-003  -4.0038073473144366E-003
   1.8625324373740108E-003   5.8218456575247672E-003  -4.0253973111047739E-003
   1.9115697076907785E-003   5.8814353214154879E-003  -4.0464785366033816E-003
   1.9626982219025035E-003   5.9399751604999823E-003  -4.0654248362809887E-003
   2.0142543379735693E-003   5.9984004132732386E-003  -4.0835482120826641E-003
   2.0654020502984794E-003   6.0576206799987714E-003  -4.1001876691204447E-003
   2.1180812555873117E-003   6.1155854273706491E-003  -4.1164661634018477E-003
   2.1716229838182346E-003   6.1731276257090050E-003  -4.1313718251462300E-003
   2.2259703262593840E-003   6.2298144482588790E-003  -4.1466351971649633E-003
   2.2811120736260086E-003   6.2859226399746048E-003  -4.1611699319757615E-003
   2.3372708699071405E-003   6.3416870898649457E-003  -4.1728539268004817E-003
   2.3933319393663176E-003   6.3975592369411331E-003  -4.1844926410377799E-003
   2.4490361194531244E-003   6.4537377379125082E-003  -4.1963678403825842E-003
   2.5050602589142871E-003   6.5097444605266867E-003  -4.2075277148568065E-003
   2.5623953241217892E-003   6.5646635069483558E-003  -4.2173556671507000E-003
   2.6202494802212662E-003   6.6191617098423821E-003  -4.2264574528213814E-003
   2.6784374029947921E-003   6.6735076709532881E-003  -4.2342473281862794E-003
   2.7366111952099458E-003   6.7279977771144105E-003  -4.2410765466773959E-003
   2.7948534906021907E-003   6.7824409814956667E-003  -4.2476926274873381E-003
   2.8528777532835620E-003   6.8371470217475196E-003  -4.2540514088598132E-003
   2.9112609195536968E-003   6.8915767610089902E-003  -4.2594188454285363E-003
   2.9697743773363320E-003   6.9458660589909165E-003  -4.2647898214485686E-003
   3.0282199831969323E-003   7.0003432381116207E-003  -4.2688331018565315E-003
   3.0876482834519404E-003   7.0537561925641448E-003  -4.2727488930865247E-003
   3.1479710253639126E-003   7.1061379014182953E-003  -4.2769110309482782E-003
   3.2085444229456726E-003   7.1583265862849689E-003  -4.2795951833548979E-003
   3.2687771126277900E-003   7.2109518258351192E-003  -4.2812098856921188E-003
   3.3288795011447120E-003   7.2637346855350454E-003  -4.2825031839883194E-003
   3.3896854759657281E-003   7.3157200956865997E-003  -4.2821151716681402E-003
   3.4501651998547862E-003   7.3680800966069012E-003  -4.2813193633526670E-003
   3.5109832337666441E-003   7.4199890998155162E-003  -4.2787460123215578E-003
   3.5718513920753596E-003   7.4717647877297491E-003  -4.2749584750032387E-003
   3.6338784583766063E-003   7.5221161814232234E-003  -4.2707895181667991E-003
   3.6959045014166576E-003   7.5724201353546570E-003  -4.2660691148847223E-003
   3.7583470401197322E-003   7.6220494456033187E-003  -4.2599159921680946E-003
   3.8208238319710126E-003   7.6715677332640127E-003  -4.2532384425057286E-003
   3.8846313853183037E-003   7.7194485780330280E-003  -4.2472367058352858E-003
   3.9488131679172780E-003   7.7667063896499624E-003  -4.2403520834524986E-003
   4.0133981138173623E-003   7.8131272805903370E-003  -4.2317564073936611E-003
   4.0784659159245253E-003   7.8586233807706393E-003  -4.2219438645629166E-003
   4.1439099374200403E-003   7.9032355807369930E-003  -4.2106819079373234E-003
   4.2096309013765609E-003   7.9472215460995449E-003  -4.1985992861493238E-003
   4.2763062210999922E-003   7.9894838935849859E-003  -4.1856264019338131E-003
   4.3432895677942554E-003   8.0312475069628676E-003  -4.1726251764265098E-003
   4.4107129391954929E-003   8.0721679335551324E-003  -4.1592233976865687E-003
   4.4777475397561927E-003   8.1136016271413734E-003  -4.1454534534269075E-003
   4.5450747639498501E-003   8.1540455030805845E-003  -4.1302436612740395E-003
   4.6129996126709986E-003   8.1935144643755353E-003  -4.1151302226420513E-003
   4.6815371305931200E-003   8.2319107853028959E-003  -4.1000195915321088E-003
   4.7498931140008650E-003   8.2706574642898972E-003  -4.0849811608048838E-003
   4.8186420512614800E-003   8.3084568467256953E-003  -4.0693353844434401E-003
   4.8874315126685953E-003   8.3452701056653134E-003  -4.0516494022532984E-003
   4.9565890606871905E-003   8.3812139501610872E-003  -4.0336140593417264E-003
   5.0265735512948044E-003   8.4152060995318790E-003  -4.0149940470856254E-003
   5.0966234413368176E-003   8.4488093680465132E-003  -3.9959196335845795E-003
   5.1666480520823049E-003   8.4829915666363217E-003  -3.9778052417748918E-003
   5.2372213769105716E-003   8.5154336610964495E-003  -3.9586501816713604E-003
   5.3082268322971931E-003   8.5464417383200736E-003  -3.9387322386823043E-003
   5.3794083069619910E-003   8.5771449508879258E-003  -3.9189709025744526E-003
   5.4500970838237874E-003   8.6079985613332077E-003  -3.8977305741283350E-003
   5.5210751841340971E-003   8.6379009934649045E-003  -3.8760983337647690E-003
   5.5927309967769411E-003   8.6666998998128787E-003  -3.8552161041540203E-003
   5.6642102822140605E-003   8.6955821042929322E-003  -3.8338495412580079E-003
   5.7359384740922692E-003   8.7242601931779816E-003  -3.8130496922793278E-003
   5.8076703326013284E-003   8.7524251867031663E-003  -3.7915724111504839E-003
   5.8797393661506854E-003   8.7788969716910796E-003  -3.7690935540363145E-003
   5.9516935828044654E-003   8.8049764366446726E-003  -3.7458029508556472E-003
   6.0230813000686891E-003   8.8317571055663031E-003  -3.7215833388475790E-003
   6.0947701126221254E-003   8.8572055956202267E-003  -3.6968227146269208E-003
   6.1669170563110366E-003   8.8815144473936448E-003  -3.6722483736608765E-003
   6.2391910621337077E-003   8.9055777302799542E-003  -3.6478060639081478E-003
   6.3116197569954898E-003   8.9282112421385264E-003  -3.6224721281064172E-003
   6.3835461439408778E-003   8.9512285118659995E-003  -3.5960751558567561E-003
   6.4552120805790964E-003   8.9738868985514194E-003  -3.5686782391526079E-003
   6.5267424953266767E-003   8.9950812636347601E-003  -3.5397957418361651E-003
   6.5977007408592287E-003   9.0173854717267334E-003  -3.5103432428042177E-003
   6.6685734136796640E-003   9.0400961860559736E-003  -3.4809955393559650E-003
   6.7393088823587159E-003   9.0631648846068689E-003  -3.4515960731741134E-003
   6.8098736093668471E-003   9.0864343367259605E-003  -3.4219455771770605E-003
   6.8807824566311159E-003   9.1091319400877120E-003  -3.3926752137217200E-003
   6.9517153234275224E-003   9.1309343044857719E-003  -3.3627890076569603E-003
   7.0228166635615385E-003   9.1518902559854110E-003  -3.3326983525574713E-003
   7.0936744679653751E-003   9.1724128522360053E-003  -3.3017468647623996E-003
   7.1643299949928005E-003   9.1940164450989102E-003  -3.2710698165805238E-003
   7.2346700925267635E-003   9.2158485758516030E-003  -3.2398347601830580E-003
   7.3051714065451379E-003   9.2374266732944878E-003  -3.2087872090685878E-003
   7.3760925320038124E-003   9.2580826714733933E-003  -3.1780703782488479E-003
   7.4473373953476869E-003   9.2777038087825288E-003  -3.1474243275375147E-003
   7.5185911703637308E-003   9.2967206830721748E-003  -3.1164201659692678E-003
   7.5892309134961830E-003   9.3160280811321397E-003  -3.0842137833704988E-003
   7.6600518799999628E-003   9.3345387832323660E-003  -3.0519377147542309E-003
   7.7307514892011060E-003   9.3529301514324436E-003  -3.0193290834272151E-003
   7.8015672170769533E-003   9.3704252064984467E-003  -2.9864800996321134E-003
   7.8726383531345385E-003   9.3868576874141484E-003  -2.9536339859455776E-003
   7.9435871994174151E-003   9.4024991586101978E-003  -2.9201436053954179E-003
   8.0141724158548644E-003   9.4177780607074286E-003  -2.8857302014347339E-003
   8.0845391578177571E-003   9.4329763723597568E-003  -2.8508370367027564E-003
   8.1543329307690801E-003   9.4484248399367577E-003  -2.8149180429243442E-003
   8.2239263923687966E-003   9.4636765735864360E-003  -2.7785293808703965E-003
   8.2930940740024630E-003   9.4780137360086537E-003  -2.7409757181668993E-003
   8.3615844555888635E-003   9.4929022931252490E-003  -2.7024089123746276E-003
   8.4295180713969391E-003   9.5075551674080779E-003  -2.6627816853850412E-003
   8.4972248235983035E-003   9.5200829986075899E-003  -2.6220527135314272E-003
   8.5643035573363981E-003   9.5327098964182507E-003  -2.5803273624580209E-003
   8.6309883658697920E-003   9.5458270384146966E-003  -2.5381245555708117E-003
   8.6978210036977761E-003   9.5576437539526288E-003  -2.4957717073690569E-003
   8.7639720724850094E-003   9.5685046545548897E-003  -2.4521130663467550E-003
   8.8295475168046304E-003   9.5782123557007631E-003  -2.4073288990209950E-003
   8.8947628459712415E-003   9.5875810317223188E-003  -2.3619506140342018E-003
   8.9598654102333568E-003   9.5949444866381076E-003  -2.3160437991083262E-003
   9.0252484795129966E-003   9.6024588829263981E-003  -2.2705620654181386E-003
   9.0913545346042388E-003   9.6088799752305099E-003  -2.2259665605357847E-003
   9.1573830352991749E-003   9.6155155895165014E-003  -2.1812876424790479E-003
   9.2235838115932445E-003   9.6219171531785278E-003  -2.1368300537129284E-003
   9.2899222700562264E-003   9.6271241304755201E-003  -2.0924217627599638E-003
   9.3558824941441694E-003   9.6318150846239105E-003  -2.0473968385783504E-003
   9.4216122192420215E-003   9.6382532428030462E-003  -2.0022509267379638E-003
   9.4867229042768560E-003   9.6452316609366238E-003  -1.9562955094879360E-003
   9.5518006503071060E-003   9.6522272763271376E-003  -1.9102960710402140E-003
   9.6162285175539469E-003   9.6598230628674453E-003  -1.8634841714106681E-003
   9.6802213450833587E-003   9.6680608439571949E-003  -1.8161866346411218E-003
   9.7441117106320287E-003   9.6755951218877190E-003  -1.7686339708416399E-003
   9.8078903970256464E-003   9.6827238540690627E-003  -1.7208693359658188E-003
   9.8721160547395222E-003   9.6900371762516282E-003  -1.6737356938944007E-003
   9.9359655354281477E-003   9.6965490965952913E-003  -1.6259775667186282E-003
   9.9995150331081088E-003   9.7020414938786270E-003  -1.5776940818588302E-003
   1.0063553074582676E-002   9.7073742188772422E-003  -1.5300423107679345E-003
   1.0127402625410384E-002   9.7132053290559031E-003  -1.4821963807865983E-003
   1.0190842130792936E-002   9.7187674205408137E-003  -1.4337764231087922E-003
   1.0254379657938640E-002   9.7241721658764286E-003  -1.3854673001231709E-003
   1.0317449649189341E-002   9.7286578487197801E-003  -1.3364565374563327E-003
   1.0380103982316025E-002   9.7329727987425091E-003  -1.2869003496669275E-003
   1.0443061409313611E-002   9.7374260103459103E-003  -1.2377421225309370E-003
   1.0505367040444386E-002   9.7414866350595333E-003  -1.1877269283013482E-003
   1.0567492819355585E-002   9.7452559395504595E-003  -1.1374658107349358E-003
   1.0629674100613454E-002   9.7485149113937363E-003  -1.0872376576498840E-003
   1.0691390002403099E-002   9.7519600022770974E-003  -1.0364510569017521E-003
   1.0753390837349396E-002   9.7552833770779626E-003  -9.8600453427713725E-004
   1.0815618379017131E-002   9.7576556943958555E-003  -9.3578396911177925E-004
   1.0878292372611236E-002   9.7603113761660400E-003  -8.8613602974739155E-004
   1.0940562699963954E-002   9.7622935212083248E-003  -8.3595159558068224E-004
   1.1003202036328321E-002   9.7651527863332078E-003  -7.8627123579973809E-004
   1.1065804217402398E-002   9.7685302129695561E-003  -7.3657656900836925E-004
   1.1128189033550905E-002   9.7712678988463638E-003  -6.8657017151390134E-004
   1.1190175037892760E-002   9.7734653432635342E-003  -6.3604387634361571E-004
   1.1252183878327682E-002   9.7753755962175556E-003  -5.8553393037811641E-004
   1.1314108721755558E-002   9.7770684842310926E-003  -5.3491330323028868E-004
   1.1375946423210380E-002   9.7793332857137993E-003  -4.8420857610212669E-004
   1.1438598574823884E-002   9.7809837038141355E-003  -4.3448952521190666E-004
   1.1502138395666446E-002   9.7831239490385573E-003  -3.8592914512319864E-004
   1.1565538705294190E-002   9.7845422896104886E-003  -3.3716041490347641E-004
   1.1628628798344347E-002   9.7855120475669379E-003  -2.8798013707634124E-004
   1.1692200103094661E-002   9.7873754144709914E-003  -2.3944955827700411E-004
   1.1756155944655773E-002   9.7884171706532387E-003  -1.9140202896235386E-004
   1.1820175718770958E-002   9.7893861350450712E-003  -1.4343819228974716E-004
   1.1884321221544933E-002   9.7913882775645909E-003  -9.5674755422556641E-005
   1.1948484933497764E-002   9.7937028791451851E-003  -4.7949911905058258E-005
   1.2012500000010657E-002   9.7953991113087641E-003   7.9695136433108340E-015
