   3.5527136787916826E-015   3.5421283062120415E-015   7.1340190668711876E-015
  -6.7322752998511550E-007   6.7063391583445579E-005  -4.3612478410119993E-005
  -2.5213748910957094E-006   1.3397518726946604E-004  -8.7423389649842319E-005
  -3.8706386099564734E-006   2.0086014204981567E-004  -1.3129345129223125E-004
  -4.4717205684000409E-006   2.6724283938057693E-004  -1.7593621323263654E-004
  -5.8359659434300661E-006   3.3347312820884126E-004  -2.2078805465303104E-004
  -6.3943595862403709E-006   3.9956843060547602E-004  -2.6585577257652436E-004
  -6.0740313426021830E-006   4.6579617730015918E-004  -3.1073096561237424E-004
  -5.7197124511362741E-006   5.3090808000147015E-004  -3.5721015004155319E-004
  -5.6971398337605763E-006   5.9610252025205904E-004  -4.0357483976838772E-004
  -5.1729011071155649E-006   6.6069364753262774E-004  -4.5077347803707413E-004
  -4.0597347413299854E-006   7.2521680084737452E-004  -4.9805480150886552E-004
  -2.9977377550575237E-006   7.8971474898236567E-004  -5.4537167845795757E-004
  -1.3787810015059728E-006   8.5430657576332026E-004  -5.9254449788447158E-004
   3.8616003395594526E-007   9.1914680051915208E-004  -6.3937002761410122E-004
   4.1952361103735178E-006   9.8420491216192306E-004  -6.8576973730274547E-004
   8.6913499147126754E-006   1.0489631280819240E-003  -7.3252611041271819E-004
   1.3955606623701956E-005   1.1137609071340889E-003  -7.7914730117078644E-004
   1.9449219160863621E-005   1.1781994018494550E-003  -8.2623764645232316E-004
   2.5446953575644421E-005   1.2431273206111937E-003  -8.7258840198589606E-004
   3.1868166819812345E-005   1.3089443471645448E-003  -9.1760936422482077E-004
   3.8828103986094395E-005   1.3749455924503612E-003  -9.6227920771339934E-004
   4.5401454101496919E-005   1.4414282797595300E-003  -1.0062887901141192E-003
   5.2531661506554431E-005   1.5081494955056088E-003  -1.0498483987783349E-003
   5.9113664206434368E-005   1.5750515243040618E-003  -1.0932165412488814E-003
   6.6273238354031927E-005   1.6413818732251729E-003  -1.1373643080196264E-003
   7.3348639347205647E-005   1.7068545529431696E-003  -1.1827875059269382E-003
   8.0194612172615603E-005   1.7722374417857389E-003  -1.2283749001109005E-003
   8.7697483674545562E-005   1.8371030884542967E-003  -1.2745934547655840E-003
   9.5684289225569791E-005   1.9021391905698880E-003  -1.3204902559059220E-003
   1.0456574901588820E-004   1.9672282915603181E-003  -1.3661468941666953E-003
   1.1359054011231138E-004   2.0322293745050910E-003  -1.4119007175528485E-003
   1.2323955579804209E-004   2.0972728049259643E-003  -1.4574665891117051E-003
   1.3331192604902823E-004   2.1624068899087565E-003  -1.5028108094581603E-003
   1.4436136748650707E-004   2.2273364584718008E-003  -1.5482207310065096E-003
   1.5676357012328282E-004   2.2923918680796533E-003  -1.5930981090372105E-003
   1.6884835325521285E-004   2.3572494263289058E-003  -1.6383469227614883E-003
   1.8111873826128779E-004   2.4217475348266904E-003  -1.6840572241421229E-003
   1.9378401546005279E-004   2.4864444583186647E-003  -1.7293771849004214E-003
   2.0635033086399809E-004   2.5514281139708177E-003  -1.7743128302085361E-003
   2.1885442276327194E-004   2.6159431684004563E-003  -1.8199358007683650E-003
   2.3121311620339185E-004   2.6809852419026631E-003  -1.8648445012483736E-003
   2.4403372587256990E-004   2.7458039658608685E-003  -1.9099462193850815E-003
   2.5815453382365138E-004   2.8102896833094014E-003  -1.9551368712142424E-003
   2.7199366394631009E-004   2.8752620580269408E-003  -1.9997134234982076E-003
   2.8626046820896372E-004   2.9401999789326330E-003  -2.0442052736177724E-003
   3.0164474749537148E-004   3.0053424477920927E-003  -2.0880205984287544E-003
   3.1718792398422195E-004   3.0708370521552834E-003  -2.1312509869227544E-003
   3.3293365906070271E-004   3.1359485818204282E-003  -2.1749838182537149E-003
   3.4878918766409787E-004   3.2005558731442764E-003  -2.2194191658811016E-003
   3.6479619680787026E-004   3.2657924194281493E-003  -2.2628699275083343E-003
   3.8227921747378260E-004   3.3307297299653986E-003  -2.3061999365205817E-003
   4.0017279877597572E-004   3.3957175323297136E-003  -2.3492859584483606E-003
   4.1830339304776087E-004   3.4613456304531877E-003  -2.3912887474359266E-003
   4.3720906478305461E-004   3.5270410885382647E-003  -2.4328421152362278E-003
   4.5577360476506927E-004   3.5931927484894144E-003  -2.4738215702210667E-003
   4.7406628771089567E-004   3.6590384466718209E-003  -2.5154114943113197E-003
   4.9397421136405343E-004   3.7247871804908395E-003  -2.5564087941286344E-003
   5.1425366627935222E-004   3.7907673740815349E-003  -2.5968483507963235E-003
   5.3571252676204494E-004   3.8568979996007353E-003  -2.6364243243509676E-003
   5.5790349072582825E-004   3.9228972474141246E-003  -2.6758154450989939E-003
   5.8087867683807057E-004   3.9887802809591656E-003  -2.7149506814081537E-003
   6.0434210115562132E-004   4.0545525640735781E-003  -2.7539823930123161E-003
   6.2782504138825842E-004   4.1203827274496297E-003  -2.7929046371623725E-003
   6.5254053686380142E-004   4.1860008690673403E-003  -2.8314196184520855E-003
   6.7679896648868893E-004   4.2522409332746642E-003  -2.8691526606969943E-003
   7.0149981107951319E-004   4.3184497459613789E-003  -2.9066528127161414E-003
   7.2659254969686482E-004   4.3847187294584113E-003  -2.9437846899050780E-003
   7.5295448004854596E-004   4.4509467874564914E-003  -2.9801012558721938E-003
   7.7936769700175405E-004   4.5172355403578363E-003  -3.0162695181275441E-003
   8.0630590286281262E-004   4.5835561883645470E-003  -3.0519893266699829E-003
   8.3451735196498321E-004   4.6496419756089672E-003  -3.0871572502183036E-003
   8.6295889805569279E-004   4.7156859452103985E-003  -3.1222182335008354E-003
   8.9216003622382301E-004   4.7816916300693424E-003  -3.1567224809282831E-003
   9.2240176566324114E-004   4.8478884454371202E-003  -3.1899402388072076E-003
   9.5214091712168499E-004   4.9144144557155128E-003  -3.2229534609247525E-003
   9.8254066795388714E-004   4.9809857823211430E-003  -3.2552662080736353E-003
   1.0125534252785470E-003   5.0482021770845969E-003  -3.2865901712343087E-003
   1.0424685535175050E-003   5.1159709222505000E-003  -3.3167974927323222E-003
   1.0735845658312267E-003   5.1841321130988603E-003  -3.3448304348308268E-003
   1.1046899657503344E-003   5.2521583770449940E-003  -3.3732008684552645E-003
   1.1356384855547635E-003   5.3208547795982200E-003  -3.4000894051926496E-003
   1.1674342075332861E-003   5.3890667306779961E-003  -3.4272217069234957E-003
   1.2007328124431496E-003   5.4570023345360055E-003  -3.4532208730869373E-003
   1.2355488415902015E-003   5.5244431488479474E-003  -3.4785108054235375E-003
   1.2718725333780096E-003   5.5910563191241365E-003  -3.5038736712771031E-003
   1.3094087153410310E-003   5.6575399938258181E-003  -3.5277683577906401E-003
   1.3477120086656878E-003   5.7236354927416829E-003  -3.5515221521470572E-003
   1.3868332168500306E-003   5.7892448859073386E-003  -3.5752905890956829E-003
   1.4268710025303688E-003   5.8543284202307163E-003  -3.5989783344231412E-003
   1.4685885163472638E-003   5.9183386951279547E-003  -3.6226919117177967E-003
   1.5116596042041336E-003   5.9814756675293981E-003  -3.6463267190711239E-003
   1.5557460810078790E-003   6.0441684813501706E-003  -3.6692612704991331E-003
   1.6009252756224112E-003   6.1063360248622429E-003  -3.6914882112616758E-003
   1.6466122891831052E-003   6.1683779063500714E-003  -3.7130173019863538E-003
   1.6929126701133983E-003   6.2295834026167233E-003  -3.7356040667764125E-003
   1.7403452418087268E-003   6.2906369955375444E-003  -3.7561615454843669E-003
   1.7890774859558535E-003   6.3512660881113858E-003  -3.7748506206487582E-003
   1.8388243835591879E-003   6.4110835033301602E-003  -3.7934818582080706E-003
   1.8900736296850211E-003   6.4702068987366225E-003  -3.8101533569710111E-003
   1.9426188660623554E-003   6.5284217562762096E-003  -3.8259656464735541E-003
   1.9960196086583710E-003   6.5861079143645770E-003  -3.8408205400049210E-003
   2.0499928474149447E-003   6.6433328120357989E-003  -3.8553876461304760E-003
   2.1046771956999269E-003   6.6999559424428777E-003  -3.8696509964375181E-003
   2.1601983377902388E-003   6.7558634283165315E-003  -3.8834985883268334E-003
   2.2155205475243066E-003   6.8118819506535729E-003  -3.8976893696796738E-003
   2.2708479156732428E-003   6.8678803489556619E-003  -3.9119393416063592E-003
   2.3280399146640477E-003   6.9222926451930440E-003  -3.9249153686607341E-003
   2.3856566883088317E-003   6.9762284921019123E-003  -3.9380009260447067E-003
   2.4430810332964283E-003   7.0307261543902629E-003  -3.9495095928573955E-003
   2.5016677775105915E-003   7.0843946109946185E-003  -3.9588525133547924E-003
   2.5607112508279593E-003   7.1378511123332605E-003  -3.9663538948544064E-003
   2.6205070760476879E-003   7.1905982897095761E-003  -3.9728496292555284E-003
   2.6799258246712398E-003   7.2438228960735483E-003  -3.9788955853008257E-003
   2.7396551463626764E-003   7.2965518167730529E-003  -3.9861114742022093E-003
   2.8002640005948759E-003   7.3484131237843021E-003  -3.9921919042517620E-003
   2.8617530944850533E-003   7.3993069269950168E-003  -3.9975689036750228E-003
   2.9235729576068178E-003   7.4498688145223932E-003  -4.0022379570145098E-003
   2.9858051686652703E-003   7.5000284276391903E-003  -4.0055793812037400E-003
   3.0485930833416214E-003   7.5495636196550465E-003  -4.0075649617848418E-003
   3.1121892988985734E-003   7.5980968845243396E-003  -4.0077737007973135E-003
   3.1764135106228607E-003   7.6457929988702445E-003  -4.0071981134109178E-003
   3.2414679626088213E-003   7.6923517733528306E-003  -4.0067522384490614E-003
   3.3065128535410861E-003   7.7388715031045689E-003  -4.0044990394108946E-003
   3.3714968159632478E-003   7.7853724209706616E-003  -4.0006585629613553E-003
   3.4365733980525077E-003   7.8317452756449628E-003  -3.9968379851418583E-003
   3.5023047156875950E-003   7.8770547352135199E-003  -3.9916953438901117E-003
   3.5679283926702832E-003   7.9225821387853348E-003  -3.9871358989822057E-003
   3.6336051333819520E-003   7.9679189191037333E-003  -3.9815553898452623E-003
   3.6993603103150211E-003   8.0131435568958232E-003  -3.9759886272213328E-003
   3.7656228932091240E-003   8.0577519533521595E-003  -3.9715885049911061E-003
   3.8318694104360822E-003   8.1022019080465562E-003  -3.9656218910057656E-003
   3.8977371518130058E-003   8.1469195660365569E-003  -3.9577623929781796E-003
   3.9635939083668900E-003   8.1913347193384445E-003  -3.9482659844079148E-003
   4.0292114067937276E-003   8.2360082319384367E-003  -3.9383351650220432E-003
   4.0952586196653503E-003   8.2800279346791107E-003  -3.9283335930133806E-003
   4.1615478036486093E-003   8.3234534740460608E-003  -3.9173806655973514E-003
   4.2275716499293242E-003   8.3672000007791007E-003  -3.9061071072370177E-003
   4.2942330320393379E-003   8.4101562594847065E-003  -3.8955705055739396E-003
   4.3617378058405411E-003   8.4515635314196640E-003  -3.8842328100032911E-003
   4.4294313604045423E-003   8.4926011350679332E-003  -3.8726786867512809E-003
   4.4979007984392756E-003   8.5323145851981513E-003  -3.8610692970102705E-003
   4.5673099451267168E-003   8.5704094595809369E-003  -3.8496171836352490E-003
   4.6368187992106213E-003   8.6081571783344722E-003  -3.8376326545276332E-003
   4.7067039741791970E-003   8.6450923209785337E-003  -3.8253096046686314E-003
   4.7769369182038019E-003   8.6814005602762045E-003  -3.8131011923328829E-003
   4.8472834127141285E-003   8.7168985483430089E-003  -3.7992713856052954E-003
   4.9183936556074096E-003   8.7504845376810986E-003  -3.7845977808655877E-003
   4.9896228445603782E-003   8.7832734315445114E-003  -3.7687456175571742E-003
   5.0606147505345154E-003   8.8162679312820541E-003  -3.7522679881480613E-003
   5.1317064144045781E-003   8.8483617745956870E-003  -3.7344927089579456E-003
   5.2024363896267098E-003   8.8811763689790948E-003  -3.7165909491919187E-003
   5.2733773397444089E-003   8.9134949079391450E-003  -3.6986217076917043E-003
   5.3447343823108048E-003   8.9441642875269008E-003  -3.6794498109124119E-003
   5.4163332530135742E-003   8.9738846940967294E-003  -3.6596938205989528E-003
   5.4877010219429260E-003   9.0041745337954976E-003  -3.6399665004238453E-003
   5.5594329868574295E-003   9.0334225398232930E-003  -3.6199895296167056E-003
   5.6311131924870091E-003   9.0622187905898353E-003  -3.5991875092128197E-003
   5.7025013610697093E-003   9.0914744486011115E-003  -3.5780253761664121E-003
   5.7741521003286389E-003   9.1194283287240573E-003  -3.5560082888768840E-003
   5.8453364607442991E-003   9.1469332743329915E-003  -3.5320027726537958E-003
   5.9158886989715857E-003   9.1755057644409329E-003  -3.5073858172508018E-003
   5.9865431936328029E-003   9.2030714360007738E-003  -3.4819284778827091E-003
   6.0572865800468841E-003   9.2291992884893995E-003  -3.4552318749156556E-003
   6.1279430398478085E-003   9.2548683586718503E-003  -3.4278683311753182E-003
   6.1988092214103835E-003   9.2789430703358964E-003  -3.3996124900501786E-003
   6.2703638599688983E-003   9.3019220388542000E-003  -3.3721916820219529E-003
   6.3423052229358567E-003   9.3237198497606952E-003  -3.3448184153067302E-003
   6.4141660730192094E-003   9.3444290652847529E-003  -3.3164080892868308E-003
   6.4858759573928762E-003   9.3643471665220916E-003  -3.2870659400483244E-003
   6.5577579202377913E-003   9.3829435223909251E-003  -3.2572807262701503E-003
   6.6294788776844801E-003   9.4016777775424165E-003  -3.2271953151972767E-003
   6.7012031041489787E-003   9.4195513926140940E-003  -3.1965984327111912E-003
   6.7731052005499523E-003   9.4363397899591365E-003  -3.1658049553832395E-003
   6.8447622075202275E-003   9.4527504770906528E-003  -3.1342460787179322E-003
   6.9163881928876953E-003   9.4691809439763075E-003  -3.1026271290734452E-003
   6.9878058592439968E-003   9.4851446057235209E-003  -3.0703056432614859E-003
   7.0589904604870983E-003   9.5000950505534001E-003  -3.0370004372471033E-003
   7.1308349234299514E-003   9.5133056875879723E-003  -3.0043836898403799E-003
   7.2023480661043294E-003   9.5262638092455665E-003  -2.9709478183756128E-003
   7.2734461258221472E-003   9.5401597671791027E-003  -2.9370071603990085E-003
   7.3448340118617570E-003   9.5530191242237418E-003  -2.9032668779528890E-003
   7.4164024380669602E-003   9.5642716747888854E-003  -2.8693354694055190E-003
   7.4879781278097638E-003   9.5757053856940465E-003  -2.8354800283823156E-003
   7.5594389656802189E-003   9.5860282694400466E-003  -2.8010302573453099E-003
   7.6307113125695354E-003   9.5959251701120424E-003  -2.7660687938644317E-003
   7.7022740849606863E-003   9.6055541867864375E-003  -2.7316296934201457E-003
   7.7737567615368394E-003   9.6143168532307494E-003  -2.6967951900402415E-003
   7.8453087340064082E-003   9.6227556953159526E-003  -2.6620230577941752E-003
   7.9162778377739242E-003   9.6313302156382057E-003  -2.6261083824054721E-003
   7.9874481274035299E-003   9.6398085768240726E-003  -2.5905709757334302E-003
   8.0583338021473130E-003   9.6480667896277662E-003  -2.5544182021170385E-003
   8.1287828083026863E-003   9.6562383661913977E-003  -2.5174024911332571E-003
   8.1990068581206960E-003   9.6627791179546493E-003  -2.4796427055766759E-003
   8.2690746606761002E-003   9.6682283797993786E-003  -2.4414221797987288E-003
   8.3389394206440388E-003   9.6730466484881115E-003  -2.4027479041361524E-003
   8.4086983410959285E-003   9.6784231170303405E-003  -2.3639563252330869E-003
   8.4783301311972658E-003   9.6846558163613244E-003  -2.3250645873080550E-003
   8.5481379207977166E-003   9.6907115930278710E-003  -2.2864614776402061E-003
   8.6176214333935231E-003   9.6972601072816758E-003  -2.2473570221656350E-003
   8.6874248241031529E-003   9.7033839539608230E-003  -2.2087566963956418E-003
   8.7570962423103738E-003   9.7095893368089516E-003  -2.1699316180866521E-003
   8.8265897329308594E-003   9.7155874288044428E-003  -2.1307566560285029E-003
   8.8955490368849525E-003   9.7214715934977169E-003  -2.0906319628393299E-003
   8.9648573994468780E-003   9.7270252113601779E-003  -2.0510654592104426E-003
   9.0340287539990276E-003   9.7337841262695075E-003  -2.0114467669259378E-003
   9.1031854433044172E-003   9.7407472608373857E-003  -1.9718378401605125E-003
   9.1722538343433219E-003   9.7471424422023497E-003  -1.9319798547145905E-003
   9.2409835954779286E-003   9.7542431041824397E-003  -1.8916586376722384E-003
   9.3094883162024404E-003   9.7612020936901234E-003  -1.8509317951512364E-003
   9.3784233002803374E-003   9.7680516138002743E-003  -1.8109186467578646E-003
   9.4467802639961601E-003   9.7749437274773018E-003  -1.7699329872996239E-003
   9.5154493342038925E-003   9.7818557301602212E-003  -1.7294758122399206E-003
   9.5835969836312387E-003   9.7881797783743035E-003  -1.6880523371489552E-003
   9.6519881143878553E-003   9.7933331924033810E-003  -1.6468686565702570E-003
   9.7203034668026864E-003   9.7974200971654435E-003  -1.6054402865890386E-003
   9.7886118937287186E-003   9.8016630744700208E-003  -1.5640161878112684E-003
   9.8562244341158321E-003   9.8037525884371313E-003  -1.5213057872516555E-003
   9.9237163627016092E-003   9.8061178089357080E-003  -1.4784193639769097E-003
   9.9905922393180129E-003   9.8081641346709110E-003  -1.4345624411756825E-003
   1.0057025986375917E-002   9.8105561308317983E-003  -1.3900558617874292E-003
   1.0123383776190561E-002   9.8124830581563932E-003  -1.3454136095098794E-003
   1.0189659759156281E-002   9.8141004206977484E-003  -1.3006377431105699E-003
   1.0256096371869899E-002   9.8156443752707608E-003  -1.2560979552854177E-003
   1.0322070937293431E-002   9.8167516497272983E-003  -1.2108637794670976E-003
   1.0387435623527345E-002   9.8166844401305631E-003  -1.1647394553060838E-003
   1.0452084636042972E-002   9.8170965581045599E-003  -1.1176190209164453E-003
   1.0516155608801966E-002   9.8170533603782872E-003  -1.0697138167687567E-003
   1.0580466665581342E-002   9.8154941202145060E-003  -1.0221569377225697E-003
   1.0645160974995229E-002   9.8146688941085445E-003  -9.7510414469376247E-004
   1.0710089376710950E-002   9.8148111621215780E-003  -9.2836783750705463E-004
   1.0774718912078254E-002   9.8154188294527957E-003  -8.8122280706182674E-004
   1.0839547088237705E-002   9.8156540183160137E-003  -8.3434794958121166E-004
   1.0903852261441594E-002   9.8161621852983754E-003  -7.8676027821852413E-004
   1.0968457213694913E-002   9.8167311274165690E-003  -7.3958108307475227E-004
   1.1032439061087472E-002   9.8162343918303235E-003  -6.9155945824348722E-004
   1.1097134325688700E-002   9.8163141650403733E-003  -6.4450080999845080E-004
   1.1162238176933971E-002   9.8179512489084166E-003  -5.9803783001120955E-004
   1.1227975091312499E-002   9.8191631735558317E-003  -5.5246163747043990E-004
   1.1293394570257220E-002   9.8194849028203166E-003  -5.0641613539751035E-004
   1.1359066247121701E-002   9.8194346094801124E-003  -4.6072994132904737E-004
   1.1424538166605212E-002   9.8183257048061658E-003  -4.1477128498766013E-004
   1.1490351478252231E-002   9.8174601666515711E-003  -3.6929756894810595E-004
   1.1555599462311241E-002   9.8148487481533632E-003  -3.2308197560814361E-004
   1.1620813176860300E-002   9.8128907318396335E-003  -2.7678578131953889E-004
   1.1685661889140352E-002   9.8103169983780863E-003  -2.3000950085503303E-004
   1.1749981221249619E-002   9.8070262721546425E-003  -1.8255220808637652E-004
   1.1814887946007465E-002   9.8056416884294857E-003  -1.3580608517507536E-004
   1.1880691627396902E-002   9.8024342574305583E-003  -9.0423402308822755E-005
   1.1946591632819314E-002   9.7985088737570936E-003  -4.5237335328539601E-005
   1.2012500000010669E-002   9.7953991113087658E-003   7.9721193045687416E-015
