   3.5527136787916941E-015   3.5421283062120455E-015   7.1340190668711860E-015
   5.8484891202286704E-006   6.0101210671891573E-005  -5.2475133632120636E-005
   1.1423918316167750E-005   1.1991906586792800E-004  -1.0530257709930023E-004
   1.8106589975957630E-005   1.7985668867653951E-004  -1.5786514237725902E-004
   2.4369931581193097E-005   2.3969364139678488E-004  -2.1059378392231464E-004
   2.9663134969729383E-005   2.9949473188202393E-004  -2.6346921845653526E-004
   3.4389021021662539E-005   3.5957165227715882E-004  -3.1608508714703402E-004
   3.9500966476358394E-005   4.1991414960344375E-004  -3.6835985182884700E-004
   4.4216807980590574E-005   4.7977121986604154E-004  -4.2122658975497085E-004
   4.8697133663601195E-005   5.3981090906575870E-004  -4.7390639997816811E-004
   5.3834176905574662E-005   5.9910718745607083E-004  -5.2736257043419594E-004
   5.8966381290320407E-005   6.5873076648554480E-004  -5.8045390027389469E-004
   6.4345697416424085E-005   7.1867348824845650E-004  -6.3316000106981071E-004
   7.0063293661604836E-005   7.7861501179034645E-004  -6.8583184221069184E-004
   7.5756061847218086E-005   8.3871576845601472E-004  -7.3832461729741430E-004
   8.1268922761334528E-005   8.9840262509119611E-004  -7.9130657195959078E-004
   8.7183997023390235E-005   9.5871701018576791E-004  -8.4352904645112819E-004
   9.3228146748574659E-005   1.0194689448432019E-003  -8.9522692538218705E-004
   9.9960744023948908E-005   1.0801053502294616E-003  -9.4697534056937627E-004
   1.0650147666140970E-004   1.1415610498496198E-003  -9.9777313375114837E-004
   1.1415250046800859E-004   1.2026825570277846E-003  -1.0488184391155893E-003
   1.2225253782609678E-004   1.2631710655377347E-003  -1.1005439623606188E-003
   1.2890691407166859E-004   1.3246421333989889E-003  -1.1513083896641193E-003
   1.3528125315214517E-004   1.3863064054977833E-003  -1.2018740434527055E-003
   1.4065929409346866E-004   1.4487539238984973E-003  -1.2515870610584239E-003
   1.4707437232452475E-004   1.5114588536386754E-003  -1.3008510292134882E-003
   1.5448430222198838E-004   1.5738428049316148E-003  -1.3503821866478422E-003
   1.6210013210273851E-004   1.6374796191353045E-003  -1.3982607311019491E-003
   1.7083709306707463E-004   1.7010701308594102E-003  -1.4460091585593122E-003
   1.7832987884335908E-004   1.7646168703743380E-003  -1.4940265518095025E-003
   1.8665922672909705E-004   1.8282816834062246E-003  -1.5417488061405780E-003
   1.9468961327151230E-004   1.8920883667488636E-003  -1.5893326273991918E-003
   2.0293342865261652E-004   1.9564069135114205E-003  -1.6361852051922157E-003
   2.1247250265319287E-004   2.0206188897616850E-003  -1.6829380464009475E-003
   2.2258856409048601E-004   2.0846963199654478E-003  -1.7297541573497671E-003
   2.3264478906566093E-004   2.1492778461329599E-003  -1.7758854788734553E-003
   2.4223130520604371E-004   2.2135432362453016E-003  -1.8225551513692143E-003
   2.5307457219825937E-004   2.2778339103168405E-003  -1.8689138915231466E-003
   2.6421232856493372E-004   2.3420786734384609E-003  -1.9152664620402924E-003
   2.7744932843093320E-004   2.4053853553503966E-003  -1.9623519785379119E-003
   2.9065443953004918E-004   2.4688838924902499E-003  -2.0091874440201630E-003
   3.0302179257022218E-004   2.5325068408897861E-003  -2.0560827425430950E-003
   3.1571300579239599E-004   2.5963750294098913E-003  -2.1025562574612470E-003
   3.2919058728339833E-004   2.6602327768254063E-003  -2.1488222587684610E-003
   3.4312820975714698E-004   2.7247161841014479E-003  -2.1940730364233313E-003
   3.5787380783386337E-004   2.7893046939269691E-003  -2.2389160039695938E-003
   3.7172662707032878E-004   2.8543195256727364E-003  -2.2834263515174916E-003
   3.8480056747983447E-004   2.9199435067754245E-003  -2.3272734176884038E-003
   3.9916967957891734E-004   2.9852183360970998E-003  -2.3712361892020660E-003
   4.1409787324993936E-004   3.0503907178356959E-003  -2.4151646502553630E-003
   4.2924819191817132E-004   3.1159597768188421E-003  -2.4584216305831054E-003
   4.4471783741163430E-004   3.1817437985498329E-003  -2.5012369613143077E-003
   4.5965923955359133E-004   3.2482166229916547E-003  -2.5431668803016262E-003
   4.7665392780831488E-004   3.3147659591614051E-003  -2.5841835405895890E-003
   4.9395231351964035E-004   3.3814645033496188E-003  -2.6248292053924738E-003
   5.1166583372512855E-004   3.4475196410188344E-003  -2.6663376380215652E-003
   5.2999210049637410E-004   3.5134361370291558E-003  -2.7078004346501421E-003
   5.4880111717702982E-004   3.5792539057554599E-003  -2.7492038430447369E-003
   5.6918459237169719E-004   3.6451081621492330E-003  -2.7897960939705833E-003
   5.8937272094830876E-004   3.7112983049646157E-003  -2.8299371510844625E-003
   6.1016370324962969E-004   3.7778108121729634E-003  -2.8692286441480263E-003
   6.3109005768151620E-004   3.8439577536723475E-003  -2.9090616684799369E-003
   6.5266824530898538E-004   3.9101162872764552E-003  -2.9485259595240115E-003
   6.7483847221589180E-004   3.9761065505238705E-003  -2.9879438003728807E-003
   6.9714860354193862E-004   4.0427142066252753E-003  -3.0262279772428169E-003
   7.2030035694767910E-004   4.1086749297571954E-003  -3.0651275827581572E-003
   7.4482034494733284E-004   4.1745405370466580E-003  -3.1033439662505376E-003
   7.6906738409904067E-004   4.2412951218384880E-003  -3.1401666020914138E-003
   7.9488850672591968E-004   4.3078108415228519E-003  -3.1763457212470544E-003
   8.2167116404121090E-004   4.3747634672926493E-003  -3.2109872448173949E-003
   8.5004586029440994E-004   4.4416298458789727E-003  -3.2445098347626245E-003
   8.7843699128116427E-004   4.5087733912511302E-003  -3.2774596144129974E-003
   9.0779350814350216E-004   4.5756096151187324E-003  -3.3101874941230277E-003
   9.3801461960256655E-004   4.6428496777521488E-003  -3.3412593204899654E-003
   9.6784788688638744E-004   4.7100617100145729E-003  -3.3727635882190229E-003
   9.9889606811287448E-004   4.7765565427064496E-003  -3.4046139834351735E-003
   1.0319309780362244E-003   4.8428832135124292E-003  -3.4347713618218321E-003
   1.0666404288177799E-003   4.9088470425874275E-003  -3.4638235093415273E-003
   1.1010991879360161E-003   4.9753370182071006E-003  -3.4919602656067741E-003
   1.1362022538871279E-003   5.0417278761682735E-003  -3.5195288844131136E-003
   1.1715001383635491E-003   5.1085717229645798E-003  -3.5457197128002413E-003
   1.2076629567577995E-003   5.1752488538557243E-003  -3.5711443227602123E-003
   1.2437620067941532E-003   5.2419069174471401E-003  -3.5967091647931470E-003
   1.2799792688172069E-003   5.3090197569793341E-003  -3.6208789124785048E-003
   1.3179590222283499E-003   5.3754768459573750E-003  -3.6441381827508725E-003
   1.3564875500616943E-003   5.4423295588564282E-003  -3.6652632229801064E-003
   1.3950539362674241E-003   5.5093932669441122E-003  -3.6856370521329423E-003
   1.4361245819400697E-003   5.5751460112419653E-003  -3.7053798656127139E-003
   1.4794428359681743E-003   5.6399410153365349E-003  -3.7234114021170964E-003
   1.5230778461943657E-003   5.7045266066195442E-003  -3.7414304831727830E-003
   1.5673492397190042E-003   5.7689730344220834E-003  -3.7583627499578574E-003
   1.6121872571172426E-003   5.8330983312846526E-003  -3.7750210364807146E-003
   1.6577707546734919E-003   5.8968565258199507E-003  -3.7910534215526625E-003
   1.7042504779830932E-003   5.9601213058814240E-003  -3.8064548147631293E-003
   1.7507978586819893E-003   6.0235269741763546E-003  -3.8210514784995531E-003
   1.7973744919917867E-003   6.0871104636948115E-003  -3.8347539265068033E-003
   1.8448201979813584E-003   6.1502636095749118E-003  -3.8474261459496132E-003
   1.8928516741509502E-003   6.2128915596946490E-003  -3.8604920243054354E-003
   1.9408761683315429E-003   6.2753792084967860E-003  -3.8742376310029400E-003
   1.9891152736622219E-003   6.3379498521426506E-003  -3.8868035871737604E-003
   2.0381936271465667E-003   6.3999645856192304E-003  -3.8988654300976676E-003
   2.0876983369864728E-003   6.4617643525502555E-003  -3.9102703640111714E-003
   2.1378008489130042E-003   6.5233498768760122E-003  -3.9201172664886409E-003
   2.1873098772051337E-003   6.5855771266054184E-003  -3.9288708666112794E-003
   2.2380938096786397E-003   6.6468287640755550E-003  -3.9371912696433238E-003
   2.2894243337911739E-003   6.7075180032137626E-003  -3.9462462990333125E-003
   2.3410992452328702E-003   6.7681118829965373E-003  -3.9538676662955775E-003
   2.3930900580961889E-003   6.8284974570027484E-003  -3.9609766632901968E-003
   2.4459977822735837E-003   6.8881387142425768E-003  -3.9675867431891512E-003
   2.4994612545752928E-003   6.9473409845459003E-003  -3.9736487828077108E-003
   2.5535439043833899E-003   7.0060173876525245E-003  -3.9793185891123448E-003
   2.6085490051034901E-003   7.0639566828622630E-003  -3.9834991353107658E-003
   2.6644191754615076E-003   7.1211854432321085E-003  -3.9853411589197314E-003
   2.7205598065260009E-003   7.1781573862360198E-003  -3.9868991220551493E-003
   2.7763533144169843E-003   7.2354833858447997E-003  -3.9878014781829403E-003
   2.8323614690536243E-003   7.2926025811648624E-003  -3.9884972841936284E-003
   2.8891058602291807E-003   7.3489936147654008E-003  -3.9881431725085339E-003
   2.9461236431541638E-003   7.4051077824714333E-003  -3.9877276983431359E-003
   3.0043058963137789E-003   7.4599977299727380E-003  -3.9863423906431172E-003
   3.0629758237456597E-003   7.5143422069223016E-003  -3.9842169617683833E-003
   3.1226911869994406E-003   7.5675101544131684E-003  -3.9815253534920192E-003
   3.1829524133062861E-003   7.6200888936070839E-003  -3.9795102145617255E-003
   3.2439036812766161E-003   7.6718275839704397E-003  -3.9766728105880408E-003
   3.3054565357917881E-003   7.7228416344361367E-003  -3.9737041821890900E-003
   3.3671806556048942E-003   7.7735845585338052E-003  -3.9697941078743349E-003
   3.4289082646512810E-003   7.8243104499592271E-003  -3.9657214892495525E-003
   3.4908406622563789E-003   7.8747950806672198E-003  -3.9617616669511248E-003
   3.5530934498184843E-003   7.9247665683504793E-003  -3.9565232650897470E-003
   3.6159776946810243E-003   7.9738026120506258E-003  -3.9501171610732567E-003
   3.6786150329348424E-003   8.0229790450148143E-003  -3.9424854967455691E-003
   3.7424904989207326E-003   8.0704786076198440E-003  -3.9345032414693348E-003
   3.8067133898613079E-003   8.1174975084810849E-003  -3.9264631394486296E-003
   3.8711113393234534E-003   8.1640303665954112E-003  -3.9171038007840856E-003
   3.9363527800241344E-003   8.2093207447829723E-003  -3.9074946353009031E-003
   4.0014787828767714E-003   8.2547978875209573E-003  -3.8979849958589961E-003
   4.0665396382297955E-003   8.3004545178989239E-003  -3.8888988963985548E-003
   4.1327929949329942E-003   8.3442495124441667E-003  -3.8792816629195227E-003
   4.1990151938183593E-003   8.3878699914445402E-003  -3.8687046036134597E-003
   4.2654084065919147E-003   8.4309871056223954E-003  -3.8571782961396846E-003
   4.3327565285758741E-003   8.4724280004837074E-003  -3.8450587790604452E-003
   4.4002580379514707E-003   8.5130895212943113E-003  -3.8312679500719909E-003
   4.4681683192024854E-003   8.5529597361587335E-003  -3.8171768300571977E-003
   4.5358303103381235E-003   8.5929546034347604E-003  -3.8022682571541419E-003
   4.6040737522483957E-003   8.6320310862647038E-003  -3.7875760438767199E-003
   4.6727546654693865E-003   8.6697919482194297E-003  -3.7715432816724358E-003
   4.7417830575690254E-003   8.7064779943499208E-003  -3.7545369563062266E-003
   4.8107426315128375E-003   8.7430542246231101E-003  -3.7370224896774574E-003
   4.8800873075882101E-003   8.7783680919495885E-003  -3.7184686039747408E-003
   4.9493248484571151E-003   8.8132954231634857E-003  -3.6988155006591550E-003
   5.0185434594935338E-003   8.8479044338903544E-003  -3.6785423593034008E-003
   5.0880184633541499E-003   8.8811808331893914E-003  -3.6569575246041129E-003
   5.1576158491928445E-003   8.9139804078269824E-003  -3.6350396827808484E-003
   5.2273493492673000E-003   8.9463122533490098E-003  -3.6128610728889390E-003
   5.2969522505736224E-003   8.9782554229453655E-003  -3.5897294918767228E-003
   5.3670329855966328E-003   9.0098136436369686E-003  -3.5675310844735394E-003
   5.4367931538086434E-003   9.0420306168395598E-003  -3.5452693333988842E-003
   5.5065022556315584E-003   9.0730371345174501E-003  -3.5212019904992281E-003
   5.5761786091423982E-003   9.1037341940729908E-003  -3.4966480440488672E-003
   5.6463525802664793E-003   9.1337384011408729E-003  -3.4726613529626987E-003
   5.7165069335506592E-003   9.1625944558080073E-003  -3.4472508274406180E-003
   5.7870457656825141E-003   9.1899338305985821E-003  -3.4212348370230346E-003
   5.8576952638805082E-003   9.2167948293981235E-003  -3.3950215741390070E-003
   5.9288590190845290E-003   9.2432730976307349E-003  -3.3698298840661193E-003
   6.0005768791931329E-003   9.2683755768745660E-003  -3.3448016183602988E-003
   6.0722753547413546E-003   9.2927461604407121E-003  -3.3190062067068346E-003
   6.1443579257315188E-003   9.3161391114689567E-003  -3.2933766770525657E-003
   6.2159574662497266E-003   9.3392845858444908E-003  -3.2662143351097810E-003
   6.2873936898278637E-003   9.3626984851591898E-003  -3.2388527694325237E-003
   6.3587297835087696E-003   9.3853394367533170E-003  -3.2105941591314391E-003
   6.4304127107616751E-003   9.4060432162636765E-003  -3.1817339538281163E-003
   6.5018126895148914E-003   9.4274509152825203E-003  -3.1526865193352242E-003
   6.5736427742763698E-003   9.4473736514279500E-003  -3.1236430429556041E-003
   6.6452922215033605E-003   9.4672608689311353E-003  -3.0941327856273521E-003
   6.7173915735723793E-003   9.4862597123487134E-003  -3.0651374863838662E-003
   6.7899820225625343E-003   9.5048256169941916E-003  -3.0371029737869689E-003
   6.8628998697252011E-003   9.5207938209584710E-003  -3.0083279146924779E-003
   6.9356356455232190E-003   9.5375871042086297E-003  -2.9795617441792958E-003
   7.0085156267472894E-003   9.5533116714702979E-003  -2.9505574975314465E-003
   7.0810183757030317E-003   9.5686727347220387E-003  -2.9204345971489049E-003
   7.1543060902061030E-003   9.5823458750202099E-003  -2.8914181168321739E-003
   7.2276435725963095E-003   9.5955763590634836E-003  -2.8623222756333378E-003
   7.3011840093426730E-003   9.6079548116501726E-003  -2.8333640631353950E-003
   7.3741505017138210E-003   9.6199553961807578E-003  -2.8028374031200897E-003
   7.4473537235427824E-003   9.6314007314877714E-003  -2.7726663473270625E-003
   7.5203523949797218E-003   9.6426809498897457E-003  -2.7419425675509930E-003
   7.5927515650416125E-003   9.6535844109359916E-003  -2.7097016817952632E-003
   7.6650322433107201E-003   9.6633803535169944E-003  -2.6768452813265993E-003
   7.7374709637037364E-003   9.6732469359444417E-003  -2.6443601718385400E-003
   7.8091791016799816E-003   9.6821716994160614E-003  -2.6100339202820345E-003
   7.8805143191581287E-003   9.6911410923530717E-003  -2.5749506374501984E-003
   7.9515627192382927E-003   9.7006727773837533E-003  -2.5394362483401153E-003
   8.0228427418533622E-003   9.7084242837972359E-003  -2.5039528363414204E-003
   8.0937982218880697E-003   9.7166166379311983E-003  -2.4679222218828823E-003
   8.1644913776516073E-003   9.7246311154754028E-003  -2.4313401786157257E-003
   8.2348664916209128E-003   9.7305159075818277E-003  -2.3937541099730065E-003
   8.3049486221940510E-003   9.7345110090826560E-003  -2.3553804974914124E-003
   8.3748368635426645E-003   9.7391748555944995E-003  -2.3167297245715928E-003
   8.4445173765859867E-003   9.7438751268627104E-003  -2.2777100684417315E-003
   8.5139680021708991E-003   9.7481144591792628E-003  -2.2382304703767123E-003
   8.5831099437465568E-003   9.7536735503685034E-003  -2.1983746248855776E-003
   8.6520432319505316E-003   9.7599225413994312E-003  -2.1582603893733230E-003
   8.7208998226682797E-003   9.7654872007554086E-003  -2.1179143303588798E-003
   8.7899770510582991E-003   9.7708505692067280E-003  -2.0779196957778014E-003
   8.8587288694550528E-003   9.7756993574654831E-003  -2.0373034832627071E-003
   8.9283156248166004E-003   9.7806377318271007E-003  -1.9981461603369726E-003
   8.9975716673448662E-003   9.7858146698308821E-003  -1.9584372207152373E-003
   9.0667039177603926E-003   9.7900287466857958E-003  -1.9184000691311583E-003
   9.1361304231918350E-003   9.7942584616139156E-003  -1.8788770398393156E-003
   9.2055208253146326E-003   9.7976298289086557E-003  -1.8392083369898175E-003
   9.2749519694830286E-003   9.8010856503127648E-003  -1.7996182685873698E-003
   9.3443322170490839E-003   9.8035259604767194E-003  -1.7598636948394594E-003
   9.4131758615627649E-003   9.8064911392912874E-003  -1.7192218404857549E-003
   9.4817828501337284E-003   9.8093301179214710E-003  -1.6781728293205065E-003
   9.5504163408292753E-003   9.8124225726522601E-003  -1.6371864818913761E-003
   9.6183049696344069E-003   9.8153438817396559E-003  -1.5949656337175418E-003
   9.6863371190749354E-003   9.8188390070342996E-003  -1.5530203032614826E-003
   9.7544767813149448E-003   9.8211000065876984E-003  -1.5111649055701830E-003
   9.8223425858002446E-003   9.8230973380401699E-003  -1.4688536393302055E-003
   9.8905237339063333E-003   9.8233550350302207E-003  -1.4270055255291136E-003
   9.9592139240433399E-003   9.8243705647110494E-003  -1.3860100809255538E-003
   1.0028089145121846E-002   9.8263711003299583E-003  -1.3453627958836336E-003
   1.0097377974584022E-002   9.8285906705647425E-003  -1.3054362179420230E-003
   1.0166814161299904E-002   9.8301372437064240E-003  -1.2657345293461955E-003
   1.0235601772154627E-002   9.8323348254370727E-003  -1.2249492963382655E-003
   1.0304303417401682E-002   9.8343522567396272E-003  -1.1840101474365000E-003
   1.0372536533259088E-002   9.8345001666768298E-003  -1.1422462871511405E-003
   1.0440783087166264E-002   9.8339934715585726E-003  -1.1005072031004114E-003
   1.0508694945981317E-002   9.8346771203533575E-003  -1.0582282241940754E-003
   1.0576215410818894E-002   9.8336828176653398E-003  -1.0153330241261123E-003
   1.0643682569712248E-002   9.8318194854102401E-003  -9.7238293141101032E-004
   1.0711085989425367E-002   9.8305320014498397E-003  -9.2931181121409378E-004
   1.0778325304377851E-002   9.8291031447471609E-003  -8.8598938180040943E-004
   1.0845343000383961E-002   9.8275083807508618E-003  -8.4233064668782207E-004
   1.0911517891688559E-002   9.8247440372808015E-003  -7.9746147947703052E-004
   1.0976996536347801E-002   9.8233734320521387E-003  -7.5151946667720965E-004
   1.1042380328415062E-002   9.8207465886825697E-003  -7.0549708709648511E-004
   1.1108068553620270E-002   9.8183283202159313E-003  -6.5989874231037150E-004
   1.1173587365959600E-002   9.8158054346348493E-003  -6.1406294540613268E-004
   1.1239066586244113E-002   9.8132533957028204E-003  -5.6817221858575435E-004
   1.1303821891946307E-002   9.8102154872213038E-003  -5.2129448942001152E-004
   1.1367989748958793E-002   9.8081672982684616E-003  -4.7356304225441219E-004
   1.1432005620091180E-002   9.8058013781292547E-003  -4.2564258035987019E-004
   1.1496839128438043E-002   9.8038014889793405E-003  -3.7881719583917652E-004
   1.1562027998445567E-002   9.8016690354917300E-003  -3.3249372589819279E-004
   1.1627208935623088E-002   9.8006691695577824E-003  -2.8612082761088619E-004
   1.1692494957084824E-002   9.7993635360789037E-003  -2.3990361517537589E-004
   1.1757194881036378E-002   9.7980567949905017E-003  -1.9286945453247765E-004
   1.1821357200394952E-002   9.7970486396566029E-003  -1.4509728276411964E-004
   1.1885624789261716E-002   9.7975091205716944E-003  -9.7458380795955817E-005
   1.1949072070733638E-002   9.7963029682338418E-003  -4.8745059505308241E-005
   1.2012500000010671E-002   9.7953991113087068E-003   7.9723117198795583E-015
