   3.5527136787916933E-015   3.5421283062120360E-015   7.1340190668711845E-015
   2.0263603441092856E-005   4.2251175026722390E-005  -6.4839992158916799E-005
   4.0527861970712546E-005   8.4083243013408388E-005  -1.2995095827410318E-004
   6.0617838355820785E-005   1.2665936178380701E-004  -1.9463223034225591E-004
   8.0879735619636829E-005   1.6857243994463815E-004  -2.5969181377506479E-004
   1.0030399286864038E-004   2.1069753880698834E-004  -3.2486983367963068E-004
   1.2097848966715400E-004   2.5333319206129526E-004  -3.8932731001016882E-004
   1.4254496469505239E-004   2.9583623059664161E-004  -4.5357977192857923E-004
   1.6470516176473300E-004   3.3829058726777682E-004  -5.1766216628097164E-004
   1.8607451740576116E-004   3.8207476835128715E-004  -5.8111526808781854E-004
   2.0787895032451926E-004   4.2558835602719765E-004  -6.4460648320217319E-004
   2.2915518431911917E-004   4.6976457472382047E-004  -7.0781869381811541E-004
   2.5133356094621321E-004   5.1207985235377613E-004  -7.7198673013467712E-004
   2.7397814189650992E-004   5.5426097521217826E-004  -8.3608022300646595E-004
   2.9590947062014357E-004   5.9616141943162908E-004  -9.0060440136104114E-004
   3.1768299000822607E-004   6.3871535272789115E-004  -9.6475326436537329E-004
   3.4015036136634733E-004   6.8162596981145038E-004  -1.0284234784426339E-003
   3.6329098790911909E-004   7.2458342958865393E-004  -1.0918203872725804E-003
   3.8616518379628396E-004   7.6715361953508504E-004  -1.1555742113858374E-003
   4.0990624776389434E-004   8.1004618003321113E-004  -1.2187928014284423E-003
   4.3356852096983938E-004   8.5366291397805821E-004  -1.2815437165730199E-003
   4.5713661353733072E-004   8.9723794676758160E-004  -1.3443590136912637E-003
   4.8073879057650089E-004   9.4014521749822872E-004  -1.4076196123616383E-003
   5.0539680084813908E-004   9.8262796050823981E-004  -1.4707638842399401E-003
   5.3104241275678309E-004   1.0253410254755370E-003  -1.5333569882464637E-003
   5.5797336567958689E-004   1.0691677946195941E-003  -1.5946263776826287E-003
   5.8562930096224596E-004   1.1131953232261229E-003  -1.6554270846294229E-003
   6.1281100539556767E-004   1.1578906931380966E-003  -1.7159537635267523E-003
   6.4028606945819939E-004   1.2038140350926342E-003  -1.7754194470035181E-003
   6.6835374453197319E-004   1.2500632423832398E-003  -1.8343534476920453E-003
   6.9689071077562914E-004   1.2965262660881909E-003  -1.8928925713516105E-003
   7.2590172312823594E-004   1.3422858237534738E-003  -1.9517519294634123E-003
   7.5366888678376532E-004   1.3886890912960445E-003  -2.0107071784191666E-003
   7.8106283488781861E-004   1.4359909617530969E-003  -2.0691204016342890E-003
   8.0870262305774094E-004   1.4838686092346839E-003  -2.1269457679232110E-003
   8.3617845277998443E-004   1.5320165024050065E-003  -2.1846246997157884E-003
   8.6212899975737745E-004   1.5804916805956081E-003  -2.2427343047722384E-003
   8.8861693391586842E-004   1.6293357446103287E-003  -2.3002899018489307E-003
   9.1644879082476249E-004   1.6786709350411523E-003  -2.3567826157608143E-003
   9.4525750369916259E-004   1.7272705972141680E-003  -2.4134229803710692E-003
   9.7424673349729297E-004   1.7763517249075576E-003  -2.4695537871088800E-003
   1.0037724115114939E-003   1.8256463581929287E-003  -2.5252159239245483E-003
   1.0331719617869101E-003   1.8752657066981873E-003  -2.5806558615530111E-003
   1.0625572757545477E-003   1.9244952754365039E-003  -2.6364497041314007E-003
   1.0927046302212475E-003   1.9735256030273857E-003  -2.6920119575729955E-003
   1.1242527942485830E-003   2.0220680541056459E-003  -2.7472237660227912E-003
   1.1556592785221349E-003   2.0706898358335084E-003  -2.8024465427887854E-003
   1.1873740894009993E-003   2.1187807381994488E-003  -2.8579572255978693E-003
   1.2199349955647793E-003   2.1669921620320136E-003  -2.9128703024238123E-003
   1.2523444665397615E-003   2.2149731856748282E-003  -2.9680739939632536E-003
   1.2849266130817091E-003   2.2633740144439038E-003  -3.0228075622732130E-003
   1.3181891465080531E-003   2.3110139490387801E-003  -3.0777988388020552E-003
   1.3518627794897964E-003   2.3580930966457568E-003  -3.1330223871843949E-003
   1.3851370626149092E-003   2.4055467768243351E-003  -3.1881673807441428E-003
   1.4183864749226841E-003   2.4540852046499857E-003  -3.2423752917694173E-003
   1.4522214140036554E-003   2.5028806843484307E-003  -3.2959868394832194E-003
   1.4874739477071974E-003   2.5512267731243312E-003  -3.3490897073141313E-003
   1.5230289278114963E-003   2.5998254647266223E-003  -3.4017585840784830E-003
   1.5588429095178703E-003   2.6487006290739144E-003  -3.4539943668883948E-003
   1.5952305586020025E-003   2.6975213985383308E-003  -3.5058833972378329E-003
   1.6325423758410328E-003   2.7469882347464863E-003  -3.5564883416329654E-003
   1.6704973708665150E-003   2.7977729060258828E-003  -3.6052770239539647E-003
   1.7090921964622351E-003   2.8482020545012245E-003  -3.6539323467752096E-003
   1.7469252052902480E-003   2.8990017834563189E-003  -3.7028000351066004E-003
   1.7849212371992462E-003   2.9505621468888144E-003  -3.7507357263146142E-003
   1.8231285013069372E-003   3.0018940437713205E-003  -3.7987486550207354E-003
   1.8611431223629121E-003   3.0531684343648399E-003  -3.8469754676625926E-003
   1.9004821056546200E-003   3.1037120158174370E-003  -3.8949107446110847E-003
   1.9395352443826333E-003   3.1544852085715470E-003  -3.9428370970152650E-003
   1.9783969551729419E-003   3.2054963607345229E-003  -3.9906662698605856E-003
   2.0175729389099854E-003   3.2570691174244994E-003  -4.0376289473288054E-003
   2.0572644938280592E-003   3.3098238660959115E-003  -4.0828120962193145E-003
   2.0968279203575670E-003   3.3628702205035742E-003  -4.1277656230974446E-003
   2.1375429261681444E-003   3.4155536233685469E-003  -4.1721136485207855E-003
   2.1786073132087310E-003   3.4685729919320236E-003  -4.2157331702621110E-003
   2.2206622389480792E-003   3.5211981950615404E-003  -4.2588837348499151E-003
   2.2626451539117373E-003   3.5745596440138715E-003  -4.3011920156216668E-003
   2.3051526807789081E-003   3.6270473908559960E-003  -4.3440656273935636E-003
   2.3479673987323443E-003   3.6796001110946195E-003  -4.3865522313189633E-003
   2.3909320522839685E-003   3.7325321988145961E-003  -4.4284119092637764E-003
   2.4343738830134593E-003   3.7855482771013268E-003  -4.4696684575999028E-003
   2.4782707289145527E-003   3.8383608768508453E-003  -4.5107037623673563E-003
   2.5213966504772688E-003   3.8923317217651821E-003  -4.5510436036169137E-003
   2.5648693538766441E-003   3.9466644611640929E-003  -4.5905160939140825E-003
   2.6084821269487983E-003   4.0018026009854745E-003  -4.6286960829163238E-003
   2.6518626107380682E-003   4.0576745185597696E-003  -4.6660653544696833E-003
   2.6943819682105673E-003   4.1151720859113668E-003  -4.7019280647768056E-003
   2.7373434368377805E-003   4.1731697264990502E-003  -4.7364329325843835E-003
   2.7810953874939180E-003   4.2313863826840730E-003  -4.7695476989704118E-003
   2.8257893016623782E-003   4.2894173318524641E-003  -4.8017169851887137E-003
   2.8710199690195563E-003   4.3475742836689155E-003  -4.8328931890221612E-003
   2.9175660993411563E-003   4.4054167351060608E-003  -4.8626876276911604E-003
   2.9637656689957691E-003   4.4637921582983799E-003  -4.8919777236590819E-003
   3.0107100489359701E-003   4.5226157167477590E-003  -4.9191073044035439E-003
   3.0585479577582677E-003   4.5808455639043148E-003  -4.9459553842926447E-003
   3.1067695601921068E-003   4.6388641516769760E-003  -4.9725734331092048E-003
   3.1556281156845537E-003   4.6967960183780131E-003  -4.9982003793320523E-003
   3.2044411968421009E-003   4.7553020037600542E-003  -5.0225793210407019E-003
   3.2532063278384216E-003   4.8140003961493474E-003  -5.0465889176099735E-003
   3.3029255727438922E-003   4.8717322278857443E-003  -5.0709822009936288E-003
   3.3537064100840463E-003   4.9287522731096180E-003  -5.0948573136702906E-003
   3.4056036430313279E-003   4.9853185822133746E-003  -5.1173724173436711E-003
   3.4583634341908030E-003   5.0413275486734304E-003  -5.1392676247899640E-003
   3.5120782838005318E-003   5.0965986962288315E-003  -5.1607109264425032E-003
   3.5663331663671059E-003   5.1515516556952749E-003  -5.1816054223785060E-003
   3.6208564565071090E-003   5.2064252103185445E-003  -5.2020040459936530E-003
   3.6755308088057838E-003   5.2613784252675691E-003  -5.2217742090193966E-003
   3.7318402510399694E-003   5.3151317703920755E-003  -5.2402085414379167E-003
   3.7883408098916141E-003   5.3689270634522772E-003  -5.2579216239781231E-003
   3.8458860696465144E-003   5.4224046140225416E-003  -5.2730442781332406E-003
   3.9035684236056090E-003   5.4758487914641062E-003  -5.2877570594695861E-003
   3.9616928675721098E-003   5.5292348564411637E-003  -5.3008519852423119E-003
   4.0199914788978742E-003   5.5826456902907905E-003  -5.3130402888684298E-003
   4.0791790372583063E-003   5.6355029519920561E-003  -5.3231863627816421E-003
   4.1394167452568206E-003   5.6871998156435297E-003  -5.3331288385401578E-003
   4.2000536456204742E-003   5.7389240274724179E-003  -5.3400405843970428E-003
   4.2604627279924402E-003   5.7910276585955711E-003  -5.3460367820477904E-003
   4.3210666450082562E-003   5.8430567359638273E-003  -5.3505245828834895E-003
   4.3809709863151967E-003   5.8959124441839436E-003  -5.3547369453994000E-003
   4.4410058846038481E-003   5.9486893255258572E-003  -5.3579636760995829E-003
   4.5024048989549910E-003   5.9999274630860404E-003  -5.3601578274321375E-003
   4.5639780072530625E-003   6.0509682266716124E-003  -5.3620532912996843E-003
   4.6252336999795642E-003   6.1024044914937273E-003  -5.3634853453344055E-003
   4.6865462343993426E-003   6.1537926163663867E-003  -5.3633016512263498E-003
   4.7493156870866519E-003   6.2033746505400647E-003  -5.3620297666464823E-003
   4.8118957621505736E-003   6.2531828677144137E-003  -5.3603339751288901E-003
   4.8743463139875893E-003   6.3031332705717332E-003  -5.3581235830584819E-003
   4.9363956238008032E-003   6.3535142838023681E-003  -5.3547123293052447E-003
   4.9989060071130159E-003   6.4032127658446890E-003  -5.3499675571087252E-003
   5.0613377290688799E-003   6.4528682752534637E-003  -5.3439168974754765E-003
   5.1239040096904527E-003   6.5023038686654339E-003  -5.3374684375759639E-003
   5.1860870405830567E-003   6.5518123830766778E-003  -5.3284032476013524E-003
   5.2483344410885696E-003   6.6012760808873087E-003  -5.3195373732152712E-003
   5.3106092866521109E-003   6.6505700563765143E-003  -5.3099484424689114E-003
   5.3729588130737738E-003   6.6997262382526290E-003  -5.3001399594126636E-003
   5.4354601195653355E-003   6.7484309554039432E-003  -5.2891201039606886E-003
   5.4978636558785177E-003   6.7971791225070006E-003  -5.2777440386844246E-003
   5.5600000765208242E-003   6.8460125621733290E-003  -5.2653198527115698E-003
   5.6218256225040314E-003   6.8946163699403415E-003  -5.2506477112239710E-003
   5.6832362576519453E-003   6.9436127919601008E-003  -5.2355452440115335E-003
   5.7449749192973942E-003   6.9920892172070023E-003  -5.2201058832632395E-003
   5.8062047117009540E-003   7.0406531196518527E-003  -5.2030044243271912E-003
   5.8668708450536067E-003   7.0897836473314694E-003  -5.1855169570193815E-003
   5.9279429851572928E-003   7.1378992306949246E-003  -5.1666732751645371E-003
   5.9887054945258946E-003   7.1857342435583688E-003  -5.1461859864242177E-003
   6.0495908164461100E-003   7.2326261474140547E-003  -5.1239570204914594E-003
   6.1104275600489697E-003   7.2796158194829543E-003  -5.1018016295560102E-003
   6.1711052230721420E-003   7.3258262915888422E-003  -5.0776600994058615E-003
   6.2310609560977080E-003   7.3718343340620496E-003  -5.0514194800083644E-003
   6.2912511163201752E-003   7.4173154130911124E-003  -5.0247996366485029E-003
   6.3514396274188447E-003   7.4624785701359816E-003  -4.9976402482500111E-003
   6.4107965280484694E-003   7.5081225396122411E-003  -4.9694731326668275E-003
   6.4699473272182067E-003   7.5521630462896568E-003  -4.9384631869489404E-003
   6.5290168030823258E-003   7.5957206539085395E-003  -4.9066271722192391E-003
   6.5878136296176528E-003   7.6390279223269445E-003  -4.8739558744589594E-003
   6.6466137396507955E-003   7.6818450290165293E-003  -4.8406505831822492E-003
   6.7059065609407368E-003   7.7236033503819967E-003  -4.8068777546075147E-003
   6.7653477418257169E-003   7.7642420305040136E-003  -4.7720174091826018E-003
   6.8257692897331834E-003   7.8033110340454898E-003  -4.7370481437468814E-003
   6.8865918051519487E-003   7.8415554609100428E-003  -4.7018631268371611E-003
   6.9472747681200223E-003   7.8798926656608228E-003  -4.6665383940402635E-003
   7.0080602417004314E-003   7.9173113623254108E-003  -4.6304140622858373E-003
   7.0687443579613984E-003   7.9543152316588449E-003  -4.5936968772079438E-003
   7.1293902636834234E-003   7.9907553777862576E-003  -4.5563580251050404E-003
   7.1901938024244213E-003   8.0269662800401889E-003  -4.5190525263656056E-003
   7.2508028083814076E-003   8.0627361280187215E-003  -4.4810122009051852E-003
   7.3112792722685362E-003   8.0975148303257648E-003  -4.4418581565688281E-003
   7.3721740740482298E-003   8.1312268374892135E-003  -4.4024205642778317E-003
   7.4327129877310117E-003   8.1643290593545123E-003  -4.3619325062285857E-003
   7.4929398777730501E-003   8.1967693091989594E-003  -4.3204553811884644E-003
   7.5527236063086282E-003   8.2294946066968824E-003  -4.2785631301159753E-003
   7.6115710149540295E-003   8.2616086688303454E-003  -4.2349091552501003E-003
   7.6700863378117200E-003   8.2941949151951744E-003  -4.1911588005746920E-003
   7.7285461422703268E-003   8.3259879797833950E-003  -4.1467555089739500E-003
   7.7869875920326638E-003   8.3566982979000667E-003  -4.1015728429693770E-003
   7.8450849696944675E-003   8.3874193937593742E-003  -4.0559558617388105E-003
   7.9034495650781161E-003   8.4175959207688777E-003  -4.0103165011756026E-003
   7.9618544403263960E-003   8.4464044821817245E-003  -3.9638521348404829E-003
   8.0203351312455335E-003   8.4751441992069482E-003  -3.9174405258108032E-003
   8.0791799826606912E-003   8.5022175806796479E-003  -3.8704903876824962E-003
   8.1384490383267089E-003   8.5282985479995087E-003  -3.8235120715087371E-003
   8.1977831344599954E-003   8.5540847104090441E-003  -3.7764531843499228E-003
   8.2571163078886158E-003   8.5792472202418230E-003  -3.7290567431385790E-003
   8.3162547138242501E-003   8.6041990333900718E-003  -3.6813068116401441E-003
   8.3752919956556985E-003   8.6288477072448706E-003  -3.6332751321609788E-003
   8.4343707234922662E-003   8.6536651595762720E-003  -3.5853815211071300E-003
   8.4932617931332346E-003   8.6783597008243622E-003  -3.5371941623611861E-003
   8.5512648390863120E-003   8.7032500479100206E-003  -3.4880401464360811E-003
   8.6089409817400389E-003   8.7264056645725251E-003  -3.4376687261012738E-003
   8.6671198601555588E-003   8.7495686476599475E-003  -3.3878822388045257E-003
   8.7251578485311454E-003   8.7723419601551632E-003  -3.3377527250362479E-003
   8.7828850221430173E-003   8.7931437709391005E-003  -3.2864218561791756E-003
   8.8411942252899830E-003   8.8130616632008905E-003  -3.2353991711488138E-003
   8.8991630531163289E-003   8.8337094255161470E-003  -3.1842788726017183E-003
   8.9567065310997666E-003   8.8550885163860386E-003  -3.1329789445756111E-003
   9.0133473723422453E-003   8.8766189348205467E-003  -3.0807462327764310E-003
   9.0696417400125042E-003   8.8971237623484863E-003  -3.0277321194945249E-003
   9.1250154261736747E-003   8.9176311852973457E-003  -2.9737580470393745E-003
   9.1799210493552722E-003   8.9385305642609835E-003  -2.9194571400674176E-003
   9.2349128053094819E-003   8.9590534848835099E-003  -2.8650998359979587E-003
   9.2903011758258998E-003   8.9794827159954821E-003  -2.8111111804305644E-003
   9.3463401429500683E-003   8.9988827596394518E-003  -2.7574150682129310E-003
   9.4022461678483042E-003   9.0186170264664346E-003  -2.7037021731937919E-003
   9.4583508850590511E-003   9.0380102129365616E-003  -2.6500722839086551E-003
   9.5137567558501723E-003   9.0569000937813435E-003  -2.5955437419755232E-003
   9.5685977478929766E-003   9.0752907404023416E-003  -2.5402784752313438E-003
   9.6234657570409120E-003   9.0940252598319133E-003  -2.4851557090444657E-003
   9.6780306934628694E-003   9.1131685482244013E-003  -2.4298727802871851E-003
   9.7330612104175214E-003   9.1319133638521881E-003  -2.3749157598008642E-003
   9.7890144220693955E-003   9.1485671767320195E-003  -2.3202176005937469E-003
   9.8446625003803211E-003   9.1651975973094588E-003  -2.2652019619839705E-003
   9.8993454065150893E-003   9.1830191381326500E-003  -2.2095946561688307E-003
   9.9543542987770173E-003   9.2006357380583909E-003  -2.1542441622485553E-003
   1.0010727624737512E-002   9.2177178623497110E-003  -2.1001123864904285E-003
   1.0067658768626813E-002   9.2337639709097145E-003  -2.0462480453743623E-003
   1.0124050557717814E-002   9.2494413694358801E-003  -1.9917119536186712E-003
   1.0179742908286148E-002   9.2666705284996237E-003  -1.9369258406778138E-003
   1.0235558902255122E-002   9.2838638422136910E-003  -1.8822544150245528E-003
   1.0291244091772541E-002   9.3016413960189098E-003  -1.8276364853436048E-003
   1.0347139599713910E-002   9.3190466914982572E-003  -1.7731135738189604E-003
   1.0401955573166382E-002   9.3364877710264242E-003  -1.7175166512242292E-003
   1.0456727618351485E-002   9.3531912823692116E-003  -1.6616505990864896E-003
   1.0512057276560103E-002   9.3691359611582214E-003  -1.6061132591040604E-003
   1.0567581084072884E-002   9.3854136296598611E-003  -1.5508670437449105E-003
   1.0623045693585185E-002   9.4023034118625830E-003  -1.4957452481437479E-003
   1.0678482809365192E-002   9.4187748388230973E-003  -1.4404694099249020E-003
   1.0733923230283191E-002   9.4353303043473637E-003  -1.3852220001465214E-003
   1.0789717801790019E-002   9.4514814794103182E-003  -1.3302119525619011E-003
   1.0846197987172696E-002   9.4685496180779965E-003  -1.2761872609837626E-003
   1.0901936772216759E-002   9.4856526582271714E-003  -1.2214088541073296E-003
   1.0957333962071601E-002   9.5026400083127564E-003  -1.1662492557379359E-003
   1.1011623283911984E-002   9.5190611896119239E-003  -1.1098310464795426E-003
   1.1065254767024827E-002   9.5340943099384706E-003  -1.0524057096138884E-003
   1.1118263776927078E-002   9.5493114815275032E-003  -9.9445329328632834E-004
   1.1170856318383370E-002   9.5655171073083106E-003  -9.3638951558108340E-004
   1.1222969258808684E-002   9.5817396324408329E-003  -8.7789959241447557E-004
   1.1275635412370449E-002   9.5968058570402737E-003  -8.1959620361436334E-004
   1.1328986370253074E-002   9.6117949340271749E-003  -7.6189869184897742E-004
   1.1381880066644626E-002   9.6269055002377747E-003  -7.0381317153006507E-004
   1.1434360127435306E-002   9.6423858064060373E-003  -6.4545048364976682E-004
   1.1487277629321934E-002   9.6574434955814074E-003  -5.8737291490875820E-004
   1.1539733096304515E-002   9.6719666921579739E-003  -5.2874271153247597E-004
   1.1591532923630563E-002   9.6861576978316388E-003  -4.6945195977744769E-004
   1.1643842207995199E-002   9.7004308321210417E-003  -4.1063005565221915E-004
   1.1696590899837076E-002   9.7145556502758589E-003  -3.5216583565514338E-004
   1.1749164593537840E-002   9.7286742937954147E-003  -2.9354271190516621E-004
   1.1801809458445313E-002   9.7434900192168751E-003  -2.3515596273975458E-004
   1.1854780007087522E-002   9.7574594485914014E-003  -1.7685522502886255E-004
   1.1908128746307995E-002   9.7705296525117166E-003  -1.1869095940812128E-004
   1.1960609364527114E-002   9.7829322004897024E-003  -5.9598138221421377E-005
   1.2012500000010650E-002   9.7953991113087155E-003   7.9700636780177638E-015
