   3.5527136787917012E-015   3.5421283062120534E-015   7.1340190668712428E-015
   2.0728909233216128E-005   4.2898872010974972E-005  -6.4265069057212526E-005
   4.2216592699077592E-005   8.4671089423598398E-005  -1.2902123714917510E-004
   6.4435927896635737E-005   1.2700721712006344E-004  -1.9316134497654729E-004
   8.6571050607543623E-005   1.6977943410943129E-004  -2.5704071405987426E-004
   1.0855359701256570E-004   2.1305579587305873E-004  -3.2063257020964480E-004
   1.3028046755353355E-004   2.5589808934338708E-004  -3.8460507202013524E-004
   1.5198127499100271E-004   2.9916721838971064E-004  -4.4829853652457398E-004
   1.7253222848381575E-004   3.4319766174637731E-004  -5.1185149372417430E-004
   1.9265849371309096E-004   3.8664964099066981E-004  -5.7593627312031313E-004
   2.1348537837704467E-004   4.3031876549601993E-004  -6.3964850463171959E-004
   2.3377594377674128E-004   4.7244376416590272E-004  -7.0456211988385550E-004
   2.5394469973180687E-004   5.1359199728762280E-004  -7.7013684206873683E-004
   2.7564844419897613E-004   5.5424551672943190E-004  -8.3552979913303644E-004
   2.9764108960851691E-004   5.9503045576372404E-004  -9.0074415563194178E-004
   3.1863759866908266E-004   6.3587314691365964E-004  -9.6625004236874457E-004
   3.4210528427412973E-004   6.7576809741420462E-004  -1.0315007944853250E-003
   3.6633004158270630E-004   7.1566770448528675E-004  -1.0964714223521553E-003
   3.9128181677245446E-004   7.5482637067577274E-004  -1.1616174719306491E-003
   4.1685780528406276E-004   7.9449353727923733E-004  -1.2262114708522156E-003
   4.4165966411566460E-004   8.3357831127450354E-004  -1.2914590627235731E-003
   4.6666894804932004E-004   8.7331097461541634E-004  -1.3562344531345355E-003
   4.9171038469730268E-004   9.1276484139611797E-004  -1.4211676405915547E-003
   5.1780139693495932E-004   9.5300153357629792E-004  -1.4852009731462811E-003
   5.4522514082857838E-004   9.9307675004810464E-004  -1.5487770322710297E-003
   5.7237040025257197E-004   1.0340390613803418E-003  -1.6119056623998776E-003
   6.0039326926434255E-004   1.0759872884859047E-003  -1.6739948325653494E-003
   6.2947246519515676E-004   1.1164933864947929E-003  -1.7365540556577327E-003
   6.5938280743397094E-004   1.1567734376835622E-003  -1.7988668865697066E-003
   6.8877240722134089E-004   1.1978064116826665E-003  -1.8609357714101666E-003
   7.1850187359644830E-004   1.2382464930861981E-003  -1.9232315068834064E-003
   7.4872672002024884E-004   1.2775872333426787E-003  -1.9859910862916894E-003
   7.8010617596980419E-004   1.3164535903646046E-003  -2.0484789733714649E-003
   8.1136536875620285E-004   1.3557828336562723E-003  -2.1107370931334104E-003
   8.4327033772437475E-004   1.3950095059750546E-003  -2.1727317795092191E-003
   8.7542243754924211E-004   1.4341365292466239E-003  -2.2346617281217870E-003
   9.0708133423460973E-004   1.4730441812585799E-003  -2.2969827427510997E-003
   9.3859038081390124E-004   1.5123391857845294E-003  -2.3591364441958324E-003
   9.6977536975665854E-004   1.5523950570795575E-003  -2.4209670485792326E-003
   1.0018482034058356E-003   1.5931902972422859E-003  -2.4818528574822646E-003
   1.0337587929524616E-003   1.6337585099387626E-003  -2.5429751480019716E-003
   1.0664796724870157E-003   1.6742918710219805E-003  -2.6036908024050795E-003
   1.1002497425723833E-003   1.7150703355519015E-003  -2.6636632892948677E-003
   1.1328660059834457E-003   1.7552912021322543E-003  -2.7246424762148811E-003
   1.1665796803138027E-003   1.7960515131912962E-003  -2.7846590174183598E-003
   1.2005472504981159E-003   1.8364969272464152E-003  -2.8447453940786084E-003
   1.2355962057802392E-003   1.8779941426190867E-003  -2.9034782795561019E-003
   1.2715758095472919E-003   1.9189634770882620E-003  -2.9620187080761375E-003
   1.3072564582562935E-003   1.9600320800392318E-003  -3.0206724476331505E-003
   1.3435519353847520E-003   2.0009590960918784E-003  -3.0790472512329118E-003
   1.3810304078784178E-003   2.0419471269564585E-003  -3.1366262875581852E-003
   1.4202924089838169E-003   2.0818294726578659E-003  -3.1937917820715591E-003
   1.4596985364365015E-003   2.1226297235712663E-003  -3.2502054031050909E-003
   1.4989557164666707E-003   2.1639787958476712E-003  -3.3063224952664299E-003
   1.5380249533287402E-003   2.2056064666300260E-003  -3.3623647272757011E-003
   1.5779445139700653E-003   2.2470444303051653E-003  -3.4179464134190809E-003
   1.6184453665666677E-003   2.2886662469506986E-003  -3.4729673669039248E-003
   1.6596053432436440E-003   2.3307609849690224E-003  -3.5271327559121910E-003
   1.7010956551605639E-003   2.3721305306270853E-003  -3.5816039840099244E-003
   1.7435446143897254E-003   2.4134959658679059E-003  -3.6353346701704418E-003
   1.7867398611398318E-003   2.4554269728761036E-003  -3.6880220623703693E-003
   1.8304451609725504E-003   2.4979139253148487E-003  -3.7398362076007819E-003
   1.8738027241277722E-003   2.5408424669919332E-003  -3.7915784731511024E-003
   1.9171581977521868E-003   2.5842079528969656E-003  -3.8429568491547177E-003
   1.9605204489267156E-003   2.6269477320197709E-003  -3.8948512271094575E-003
   2.0046313738418518E-003   2.6698913012476325E-003  -3.9459401315427587E-003
   2.0496801620354449E-003   2.7131005812658731E-003  -3.9959757668935015E-003
   2.0959155184618575E-003   2.7566417676567205E-003  -4.0446220094248024E-003
   2.1423802783398444E-003   2.8009531806106958E-003  -4.0923454289714008E-003
   2.1897974602232842E-003   2.8444902345259224E-003  -4.1398442266849704E-003
   2.2381139692747949E-003   2.8879979336084052E-003  -4.1864553314022663E-003
   2.2866875260390729E-003   2.9313137198124875E-003  -4.2329779305521073E-003
   2.3360155846896746E-003   2.9741751101368227E-003  -4.2791259951129954E-003
   2.3856621714514479E-003   3.0156850400688529E-003  -4.3261594101971544E-003
   2.4355333233518992E-003   3.0576852031070729E-003  -4.3725151489541038E-003
   2.4857990920208899E-003   3.1005712547515479E-003  -4.4176165799967373E-003
   2.5374305387997533E-003   3.1425403683567324E-003  -4.4620326492926538E-003
   2.5898179686447828E-003   3.1845516360481003E-003  -4.5055138012611044E-003
   2.6433209241641244E-003   3.2263758083945259E-003  -4.5478005881957268E-003
   2.6968217321134682E-003   3.2693134643655029E-003  -4.5889590776158297E-003
   2.7505059519411291E-003   3.3126932308399247E-003  -4.6294090516178690E-003
   2.8046573793179225E-003   3.3561160483382029E-003  -4.6691844440518533E-003
   2.8588947395149092E-003   3.3998908972559089E-003  -4.7084536605522080E-003
   2.9139408322957001E-003   3.4436596218780629E-003  -4.7465879812648741E-003
   2.9697888527618361E-003   3.4875005995331663E-003  -4.7834521547465095E-003
   3.0260233674054807E-003   3.5309090266424765E-003  -4.8202405744236119E-003
   3.0831328198019791E-003   3.5743545094828215E-003  -4.8556100594289754E-003
   3.1408115698940038E-003   3.6177102029324921E-003  -4.8901563419510149E-003
   3.1981698597361953E-003   3.6617475694979648E-003  -4.9243723751623454E-003
   3.2565080005587271E-003   3.7051008800650332E-003  -4.9577961958467351E-003
   3.3149916698814990E-003   3.7485320712289812E-003  -4.9908626751910736E-003
   3.3727915895522880E-003   3.7930658465776582E-003  -5.0236637750356488E-003
   3.4316493446607810E-003   3.8375439166254653E-003  -5.0546067215563057E-003
   3.4910178055490093E-003   3.8820674273337776E-003  -5.0844905438346402E-003
   3.5505386276159538E-003   3.9263550446416101E-003  -5.1144217768156744E-003
   3.6104632403657451E-003   3.9710112242481851E-003  -5.1429676416817529E-003
   3.6708293504064487E-003   4.0156470029951898E-003  -5.1706005932284013E-003
   3.7320110627795168E-003   4.0600378196056991E-003  -5.1967970336010364E-003
   3.7924015354828125E-003   4.1056655430844113E-003  -5.2227026633839746E-003
   3.8538159120074357E-003   4.1506359122239428E-003  -5.2473185167994625E-003
   3.9157112535826901E-003   4.1955480706752455E-003  -5.2708103178832873E-003
   3.9775420442540498E-003   4.2409046587084630E-003  -5.2936079768319743E-003
   4.0407401464463942E-003   4.2844981270241016E-003  -5.3160937366752399E-003
   4.1043608120948614E-003   4.3274834852217526E-003  -5.3385585956671304E-003
   4.1686153781174216E-003   4.3701484572297705E-003  -5.3597965547415097E-003
   4.2331781591929876E-003   4.4130599893138613E-003  -5.3795512434017395E-003
   4.2983000668288416E-003   4.4560774286903689E-003  -5.3971193119907107E-003
   4.3634635560600016E-003   4.4992111961653309E-003  -5.4142423310917327E-003
   4.4286013313438975E-003   4.5425804110378592E-003  -5.4308610383654162E-003
   4.4939021463282101E-003   4.5861429744049808E-003  -5.4462917427964795E-003
   4.5598316864579351E-003   4.6297158854723538E-003  -5.4587294738881699E-003
   4.6253366885160574E-003   4.6740952780266864E-003  -5.4705432041625944E-003
   4.6911496897509642E-003   4.7184903544826426E-003  -5.4804288531176979E-003
   4.7571208845073286E-003   4.7631109454119806E-003  -5.4879657173597593E-003
   4.8228127195785227E-003   4.8081846065981555E-003  -5.4952422462569220E-003
   4.8882800588094435E-003   4.8536098265728389E-003  -5.5023539893692408E-003
   4.9547328505199590E-003   4.8979252575869934E-003  -5.5068449851843875E-003
   5.0211584619497948E-003   4.9423445387961860E-003  -5.5106614768759910E-003
   5.0876964693830394E-003   4.9865148939108308E-003  -5.5153169352539916E-003
   5.1541507223790322E-003   5.0309340059197455E-003  -5.5185994274123545E-003
   5.2200384943472096E-003   5.0761893104519541E-003  -5.5218795067974958E-003
   5.2854059983966570E-003   5.1222801473031175E-003  -5.5235300124412395E-003
   5.3508747176036478E-003   5.1682473050907495E-003  -5.5244612585639173E-003
   5.4169268453285605E-003   5.2133719423416835E-003  -5.5235212934495780E-003
   5.4827480958667425E-003   5.2587506559084937E-003  -5.5206341969074417E-003
   5.5487224309094130E-003   5.3039000950413136E-003  -5.5176483530312874E-003
   5.6147871329896163E-003   5.3488562991454843E-003  -5.5138542978031132E-003
   5.6803035116395825E-003   5.3944777348805721E-003  -5.5087270446708067E-003
   5.7461914589606511E-003   5.4394120463103577E-003  -5.5024273576565700E-003
   5.8118118012802809E-003   5.4844214288174769E-003  -5.4941735001846764E-003
   5.8774677473167371E-003   5.5293627323644914E-003  -5.4858322780054602E-003
   5.9432737882491151E-003   5.5741414326911688E-003  -5.4778052627856167E-003
   6.0094941025280969E-003   5.6181376204131129E-003  -5.4689055188483380E-003
   6.0763343394383421E-003   5.6609294005568068E-003  -5.4588433975874982E-003
   6.1431367557037162E-003   5.7036543060427153E-003  -5.4482594647729679E-003
   6.2104083933605834E-003   5.7454082367993046E-003  -5.4368080005229693E-003
   6.2778523857923846E-003   5.7862025891664845E-003  -5.4231285012170272E-003
   6.3449895622274812E-003   5.8272246170686746E-003  -5.4086442765548656E-003
   6.4116026725985816E-003   5.8688688952319903E-003  -5.3935297926288777E-003
   6.4781367228593329E-003   5.9103515417052452E-003  -5.3776423701387983E-003
   6.5454289043253523E-003   5.9506373802145473E-003  -5.3618685457467643E-003
   6.6129250644951874E-003   5.9901521545926602E-003  -5.3450503721132010E-003
   6.6803120818531413E-003   6.0299486998050371E-003  -5.3284604691705107E-003
   6.7478465789954515E-003   6.0695862978176742E-003  -5.3120912137011901E-003
   6.8145158755572683E-003   6.1103562213554122E-003  -5.2949734384076961E-003
   6.8815360103631875E-003   6.1502751785543408E-003  -5.2772314434312798E-003
   6.9482771266594322E-003   6.1903386759050898E-003  -5.2587777289974163E-003
   7.0142070639046157E-003   6.2312972697226750E-003  -5.2393963728141228E-003
   7.0796222622165816E-003   6.2725194796014834E-003  -5.2188639291280365E-003
   7.1447832115102451E-003   6.3131372559868202E-003  -5.1964084859921576E-003
   7.2096166515897711E-003   6.3531864265204173E-003  -5.1720632813774779E-003
   7.2747074708500985E-003   6.3930049639212483E-003  -5.1480285288417428E-003
   7.3393625474585328E-003   6.4323945170044168E-003  -5.1221792700345313E-003
   7.4039445339132556E-003   6.4713698757141854E-003  -5.0955317854774239E-003
   7.4679683549717692E-003   6.5102372334993651E-003  -5.0674198868983604E-003
   7.5322895069669903E-003   6.5477907968998165E-003  -5.0382219541953216E-003
   7.5964215544315622E-003   6.5849926424134293E-003  -5.0081702788989579E-003
   7.6607527743574799E-003   6.6222472813883349E-003  -4.9786137904760238E-003
   7.7244745375371817E-003   6.6594373062413802E-003  -4.9476874430831545E-003
   7.7882128025861305E-003   6.6958318635470509E-003  -4.9158618283980712E-003
   7.8518816213977213E-003   6.7322258475037491E-003  -4.8838968561199089E-003
   7.9152591154436208E-003   6.7692356982189603E-003  -4.8520603330423828E-003
   7.9781700281997808E-003   6.8056257710946691E-003  -4.8186241304416198E-003
   8.0403942847602165E-003   6.8417040635535284E-003  -4.7836027267610789E-003
   8.1017363135258477E-003   6.8777016523243299E-003  -4.7469785665488883E-003
   8.1630386353229289E-003   6.9130638169647334E-003  -4.7096751800687134E-003
   8.2240823358641062E-003   6.9489094179379157E-003  -4.6724091161304757E-003
   8.2850305221292588E-003   6.9839783462755248E-003  -4.6342582465108799E-003
   8.3453057491654770E-003   7.0188775028946840E-003  -4.5949015967561950E-003
   8.4055795844791281E-003   7.0533735452190313E-003  -4.5551890315376816E-003
   8.4654120081307325E-003   7.0889276975023433E-003  -4.5157430770017730E-003
   8.5247728311659970E-003   7.1252951182096836E-003  -4.4763260323094391E-003
   8.5833372820892859E-003   7.1630752328459592E-003  -4.4370466735874090E-003
   8.6414059698145477E-003   7.2005175666330712E-003  -4.3967217539387397E-003
   8.6984343979949058E-003   7.2375488028996061E-003  -4.3545738486967063E-003
   8.7546418303309642E-003   7.2735395677310946E-003  -4.3104672800748757E-003
   8.8098291771938845E-003   7.3096728020309587E-003  -4.2652042031298314E-003
   8.8632005548570925E-003   7.3483306027137220E-003  -4.2198492640926396E-003
   8.9160194549569860E-003   7.3868808312531932E-003  -4.1737619158333638E-003
   8.9689140048283753E-003   7.4250089328580671E-003  -4.1274109238845433E-003
   9.0212325734519722E-003   7.4635574057983541E-003  -4.0807549208670022E-003
   9.0725772523235979E-003   7.5026792840432012E-003  -4.0334981479076531E-003
   9.1242278680119960E-003   7.5414304043138931E-003  -3.9862692945818092E-003
   9.1754869642710086E-003   7.5804283292048693E-003  -3.9388175622741169E-003
   9.2254486350948003E-003   7.6207769990031711E-003  -3.8911120458588523E-003
   9.2756397447979581E-003   7.6608183651642806E-003  -3.8433884510079897E-003
   9.3257963407295495E-003   7.6997776230646837E-003  -3.7947418467869291E-003
   9.3754219871960698E-003   7.7377412601297496E-003  -3.7447812876124776E-003
   9.4243469729457449E-003   7.7760866806515332E-003  -3.6944228275947268E-003
   9.4715829508153406E-003   7.8149397536704888E-003  -3.6428553852669407E-003
   9.5194759586284088E-003   7.8530637723324449E-003  -3.5913498611838957E-003
   9.5671481669341897E-003   7.8904235639215281E-003  -3.5390850878621672E-003
   9.6149863464821978E-003   7.9288286148489363E-003  -3.4877376377570666E-003
   9.6627593243954809E-003   7.9667435152277633E-003  -3.4359669614787590E-003
   9.7109660190344092E-003   8.0035851842924933E-003  -3.3838247903232861E-003
   9.7583995289350356E-003   8.0401176890754333E-003  -3.3307640870737188E-003
   9.8051461907958520E-003   8.0784691259525171E-003  -3.2783816770038431E-003
   9.8509475410333315E-003   8.1161329681965471E-003  -3.2246818509678661E-003
   9.8972305580704648E-003   8.1529610920538093E-003  -3.1708156127188514E-003
   9.9432986216613593E-003   8.1890151966590181E-003  -3.1162460694035246E-003
   9.9900534746271159E-003   8.2243776142459438E-003  -3.0618081860062274E-003
   1.0036990986513396E-002   8.2593133728298858E-003  -3.0072521345808193E-003
   1.0083570233110415E-002   8.2941538409279161E-003  -2.9523293199440926E-003
   1.0129815769704585E-002   8.3287979598841034E-003  -2.8970017918375124E-003
   1.0176118149024129E-002   8.3622251998328630E-003  -2.8409776068764481E-003
   1.0221724175029633E-002   8.3958807025258930E-003  -2.7845205654188901E-003
   1.0267675759492726E-002   8.4290888630794113E-003  -2.7280788259328045E-003
   1.0313732391837686E-002   8.4623687543315049E-003  -2.6717651025215329E-003
   1.0359265414940772E-002   8.4955447711028854E-003  -2.6149663725333339E-003
   1.0404334306693070E-002   8.5287408330575291E-003  -2.5578103014192240E-003
   1.0448733700101444E-002   8.5621247460859144E-003  -2.5002411411356095E-003
   1.0492120977987407E-002   8.5956597941921203E-003  -2.4419921525880716E-003
   1.0535030175309075E-002   8.6294369554415738E-003  -2.3835293083087801E-003
   1.0577459429806093E-002   8.6632532845493434E-003  -2.3247397323162737E-003
   1.0621056991275928E-002   8.6955835529677408E-003  -2.2659689371354289E-003
   1.0663851140999327E-002   8.7279768804674838E-003  -2.2066449699016241E-003
   1.0706908538054149E-002   8.7608071655641828E-003  -2.1477532646762749E-003
   1.0749534664031566E-002   8.7937096596933211E-003  -2.0885887544827850E-003
   1.0791506656890985E-002   8.8262716106127671E-003  -2.0287717739398176E-003
   1.0831853558743032E-002   8.8594856716690037E-003  -1.9681998855843397E-003
   1.0871399891190056E-002   8.8923960757994486E-003  -1.9069382100228094E-003
   1.0909559818269800E-002   8.9257526380931880E-003  -1.8450418472571448E-003
   1.0947458230271569E-002   8.9591405274519354E-003  -1.7830018665721617E-003
   1.0984789616320429E-002   8.9920473427998211E-003  -1.7203639457618750E-003
   1.1022041712348000E-002   9.0250011888039355E-003  -1.6577035485673937E-003
   1.1059500372541621E-002   9.0578198578165573E-003  -1.5950953722351079E-003
   1.1095941571205515E-002   9.0904096465760278E-003  -1.5317712480321280E-003
   1.1134075420888356E-002   9.1232326850179974E-003  -1.4695743216081461E-003
   1.1171256683839970E-002   9.1563014754133809E-003  -1.4069324124287197E-003
   1.1207312663985013E-002   9.1892323124261356E-003  -1.3435642321655051E-003
   1.1243803324594036E-002   9.2207298228547604E-003  -1.2797180222217511E-003
   1.1280426461857901E-002   9.2517154675590702E-003  -1.2156974346246997E-003
   1.1317045433358805E-002   9.2830412927360946E-003  -1.1518402219941317E-003
   1.1354344748450089E-002   9.3133315469919407E-003  -1.0878772515264938E-003
   1.1392532065480812E-002   9.3425948717976402E-003  -1.0239602221486111E-003
   1.1432003985831241E-002   9.3715848763915362E-003  -9.6070243898339035E-004
   1.1471661633839203E-002   9.4007316028734446E-003  -8.9763311767644596E-004
   1.1510888535633883E-002   9.4302764454488857E-003  -8.3447971355115149E-004
   1.1549922522745356E-002   9.4595781027278347E-003  -7.7109390495978445E-004
   1.1588417120747737E-002   9.4893539213082717E-003  -7.0759928669349224E-004
   1.1626277740130565E-002   9.5188609367697300E-003  -6.4359999342712194E-004
   1.1664212340150701E-002   9.5474271803843956E-003  -5.7921881721736078E-004
   1.1702183614766730E-002   9.5762088210600976E-003  -5.1495530143446625E-004
   1.1739794403752174E-002   9.6044254449890818E-003  -4.5023088035517746E-004
   1.1777751259336562E-002   9.6311149847952485E-003  -3.8506228686203188E-004
   1.1815987117957109E-002   9.6578714956158836E-003  -3.2008453492614423E-004
   1.1854968580187794E-002   9.6842848754166728E-003  -2.5541012755458606E-004
   1.1894079950120606E-002   9.7117892891571793E-003  -1.9127115371732919E-004
   1.1933333215935893E-002   9.7392915711277880E-003  -1.2721800694551021E-004
   1.1973058324976658E-002   9.7674002507697564E-003  -6.3721409861034945E-005
   1.2012500000010716E-002   9.7953991113087276E-003   7.9692326138453836E-015
