   3.5527136787917075E-015   3.5421283062120731E-015   7.1340190668712681E-015
   2.5949357662820091E-005   3.2655216468294514E-005  -6.8266153201602188E-005
   5.0946761915664786E-005   6.5734551987021268E-005  -1.3668316378018919E-004
   7.6092799731294157E-005   9.8896993080459334E-005  -2.0500540964461466E-004
   1.0122731384061635E-004   1.3376727118382702E-004  -2.7247629153879371E-004
   1.2547985865822843E-004   1.6849107910867666E-004  -3.4034433435414736E-004
   1.5011933128145668E-004   2.0288295125299373E-004  -4.0824201855952296E-004
   1.7478937954365734E-004   2.3718173960822156E-004  -4.7617567611266852E-004
   2.0001267734669445E-004   2.7155776951820080E-004  -5.4386669336038077E-004
   2.2516729089433192E-004   3.0510782459670851E-004  -6.1199627008059088E-004
   2.5077203195745010E-004   3.3820672046741280E-004  -6.8017882159682403E-004
   2.7653592454843527E-004   3.7325010641822053E-004  -7.4732182526765837E-004
   3.0217797246103264E-004   4.0874407455518511E-004  -8.1427452200332851E-004
   3.2888213896325530E-004   4.4510652771732634E-004  -8.8034009164417138E-004
   3.5578413578111589E-004   4.8214096240139592E-004  -9.4595055736839209E-004
   3.8192617042941623E-004   5.1986880440912475E-004  -1.0114731028940472E-003
   4.0704274015245369E-004   5.5761145313384171E-004  -1.0773870649011172E-003
   4.3275262142669461E-004   5.9584625417736896E-004  -1.1427866214020854E-003
   4.5868180613844003E-004   6.3454628967847125E-004  -1.2078249534149489E-003
   4.8504294498540111E-004   6.7302196541240832E-004  -1.2728227435841464E-003
   5.1114119276689327E-004   7.1168007205998788E-004  -1.3378183761907744E-003
   5.3786582260395880E-004   7.5123879598738960E-004  -1.4020126247122581E-003
   5.6457330753815723E-004   7.9167595845169739E-004  -1.4656643813808522E-003
   5.9161073964534010E-004   8.3197740446194009E-004  -1.5292628932328091E-003
   6.1947016632224548E-004   8.7341988235125441E-004  -1.5917638801839558E-003
   6.4730784695321856E-004   9.1539188174174298E-004  -1.6539202539928605E-003
   6.7512745591788599E-004   9.5717276100343741E-004  -1.7162133313125543E-003
   7.0328349266393999E-004   9.9837736558976587E-004  -1.7787386714671778E-003
   7.3099254832899839E-004   1.0392005954600748E-003  -1.8417122542617106E-003
   7.5904977759849918E-004   1.0789966507287431E-003  -1.9051871773966328E-003
   7.8751174732529352E-004   1.1180535670565592E-003  -1.9689404014661535E-003
   8.1669455971597157E-004   1.1576390091825898E-003  -2.0320383905420860E-003
   8.4645140343213342E-004   1.1971283831699114E-003  -2.0949281320719131E-003
   8.7695172633681779E-004   1.2368644073896076E-003  -2.1573042386334208E-003
   9.0823273615748895E-004   1.2762945257591503E-003  -2.2194875498580736E-003
   9.3946833685331732E-004   1.3162677131552188E-003  -2.2813461106800572E-003
   9.7022621443421336E-004   1.3571103612497338E-003  -2.3428752180373745E-003
   1.0018559870646829E-003   1.3972689281869931E-003  -2.4044125805515949E-003
   1.0354554589074121E-003   1.4368825128919720E-003  -2.4652553237317484E-003
   1.0697037880197924E-003   1.4765314483589538E-003  -2.5257120344703860E-003
   1.1051245659484264E-003   1.5158881536863130E-003  -2.5856821790565618E-003
   1.1404293024607649E-003   1.5551440634977785E-003  -2.6457866641843961E-003
   1.1752224764349809E-003   1.5962661627493698E-003  -2.7049340054997859E-003
   1.2091916831573611E-003   1.6384379674811243E-003  -2.7638206072451072E-003
   1.2433055348400888E-003   1.6795616840751583E-003  -2.8233612242168997E-003
   1.2787988322130778E-003   1.7196740036328412E-003  -2.8827853578981487E-003
   1.3156563404910322E-003   1.7601122324813795E-003  -2.9411486487383657E-003
   1.3528135460348870E-003   1.8001323745147184E-003  -2.9996100063448506E-003
   1.3900673844035954E-003   1.8396828312411447E-003  -3.0583289377400366E-003
   1.4276037891563041E-003   1.8790834529959666E-003  -3.1169685943031773E-003
   1.4655023117548945E-003   1.9205909781747619E-003  -3.1738968591383150E-003
   1.5028599106568358E-003   1.9619608016532902E-003  -3.2312810686566207E-003
   1.5406508518162200E-003   2.0036597692463455E-003  -3.2881409038788422E-003
   1.5788076245915464E-003   2.0450296146495924E-003  -3.3449968321305531E-003
   1.6166985446400880E-003   2.0872334665078228E-003  -3.4014159164773364E-003
   1.6554361341608998E-003   2.1299603609047494E-003  -3.4568578829214953E-003
   1.6935665911047366E-003   2.1728088464147296E-003  -3.5126259342328600E-003
   1.7326217888797358E-003   2.2155610809339479E-003  -3.5678250101821448E-003
   1.7713654002796005E-003   2.2580098445782997E-003  -3.6234760211536722E-003
   1.8110056546730416E-003   2.3006834412296609E-003  -3.6783177423889736E-003
   1.8517636027179771E-003   2.3444670799990189E-003  -3.7314381964028537E-003
   1.8919993554439639E-003   2.3887365065906087E-003  -3.7845541269584614E-003
   1.9330920971346586E-003   2.4325881677665076E-003  -3.8373596040419825E-003
   1.9745015800874382E-003   2.4775763447824123E-003  -3.8889475738810258E-003
   2.0158502861979725E-003   2.5235100846646751E-003  -3.9397449759120025E-003
   2.0576735136134880E-003   2.5701477835787466E-003  -3.9895018114189324E-003
   2.1000721251846128E-003   2.6173007423491530E-003  -4.0382763561977566E-003
   2.1432090826794671E-003   2.6633792062662281E-003  -4.0874289560248024E-003
   2.1875305632196979E-003   2.7097070481925654E-003  -4.1352759771116927E-003
   2.2323633721717502E-003   2.7564212822300854E-003  -4.1822632047951403E-003
   2.2774326773591018E-003   2.8031428364528803E-003  -4.2290163235175751E-003
   2.3223962648654325E-003   2.8502668815450494E-003  -4.2754662982816011E-003
   2.3672708914809150E-003   2.8976572071042514E-003  -4.3217310250505681E-003
   2.4125091855361170E-003   2.9455604909098361E-003  -4.3671047194797580E-003
   2.4585553813858438E-003   2.9938363103659644E-003  -4.4112543865952297E-003
   2.5058713655467203E-003   3.0427643320822709E-003  -4.4532930157529984E-003
   2.5535986452365328E-003   3.0920487327959463E-003  -4.4944409759050978E-003
   2.6012762695127650E-003   3.1425270231117673E-003  -4.5341749204044091E-003
   2.6501078764281302E-003   3.1930584312531238E-003  -4.5724116952206087E-003
   2.6997978855492219E-003   3.2434100911298107E-003  -4.6097696039422596E-003
   2.7494156760220481E-003   3.2945412253130575E-003  -4.6461520444922126E-003
   2.7997193504503263E-003   3.3457831115487691E-003  -4.6814197272024684E-003
   2.8493908007618599E-003   3.3979082577860584E-003  -4.7162868486371129E-003
   2.8992691226731805E-003   3.4505508166501474E-003  -4.7500642671478742E-003
   2.9494846010294537E-003   3.5032230782680142E-003  -4.7832913432716336E-003
   3.0000047575317176E-003   3.5554353674436259E-003  -4.8167815007761116E-003
   3.0506762195533048E-003   3.6083956259869983E-003  -4.8488379190636038E-003
   3.1008524555418532E-003   3.6623290063017518E-003  -4.8800394548050019E-003
   3.1514073825683348E-003   3.7163250081205493E-003  -4.9105129045159453E-003
   3.2024376653643841E-003   3.7702750876477389E-003  -4.9402668816899559E-003
   3.2544324333289472E-003   3.8240708557930533E-003  -4.9685963616281931E-003
   3.3066874232898528E-003   3.8780854852735586E-003  -4.9960159866810159E-003
   3.3593502434475357E-003   3.9323661078522780E-003  -5.0220974240738217E-003
   3.4122915581802915E-003   3.9860130279904841E-003  -5.0489157972915828E-003
   3.4660013354120170E-003   4.0396959475068987E-003  -5.0740833159614489E-003
   3.5198607734581843E-003   4.0934590780715048E-003  -5.0987548930587186E-003
   3.5741746028833637E-003   4.1465352916708704E-003  -5.1239128635670820E-003
   3.6286114865303138E-003   4.1995600221872049E-003  -5.1489129369454789E-003
   3.6832616864345626E-003   4.2527279534501855E-003  -5.1731312509510049E-003
   3.7378268913401437E-003   4.3060544249012341E-003  -5.1971921287410705E-003
   3.7927380191855667E-003   4.3590072090893229E-003  -5.2212913131485959E-003
   3.8473975174696333E-003   4.4125100083823917E-003  -5.2447389083710360E-003
   3.9026768672637702E-003   4.4651493169172787E-003  -5.2686825229593254E-003
   3.9580066570383725E-003   4.5175805120508212E-003  -5.2929638768510947E-003
   4.0141171038349391E-003   4.5698028876873268E-003  -5.3158645589376366E-003
   4.0708037722935013E-003   4.6217329847703425E-003  -5.3379979420069713E-003
   4.1285598807447779E-003   4.6733268878388851E-003  -5.3580553865418780E-003
   4.1874787217113171E-003   4.7242589324254574E-003  -5.3763446462838753E-003
   4.2472557643512847E-003   4.7743622047504986E-003  -5.3941313625236109E-003
   4.3073445406363146E-003   4.8245238915681100E-003  -5.4106584355899665E-003
   4.3674049833437728E-003   4.8747054689143483E-003  -5.4272280617818757E-003
   4.4277162647832959E-003   4.9248328269865709E-003  -5.4430330390026552E-003
   4.4882567924119437E-003   4.9749656239650667E-003  -5.4579175000907055E-003
   4.5484408760149038E-003   5.0260618263604489E-003  -5.4708424440643557E-003
   4.6087334808311356E-003   5.0772223964697981E-003  -5.4829831965571589E-003
   4.6693547155515708E-003   5.1280200460170214E-003  -5.4950108608057017E-003
   4.7299128754672119E-003   5.1793629538985017E-003  -5.5048401574947555E-003
   4.7901991295264696E-003   5.2312590357637993E-003  -5.5133468762713191E-003
   4.8506466202692406E-003   5.2832137745901014E-003  -5.5201883653811902E-003
   4.9111497076335699E-003   5.3352662180261136E-003  -5.5256582428394371E-003
   4.9719026242083554E-003   5.3872056119031427E-003  -5.5290320382323770E-003
   5.0327218816234674E-003   5.4391683266999998E-003  -5.5299776568624830E-003
   5.0924807172362955E-003   5.4923443161168078E-003  -5.5310711488676337E-003
   5.1524552540040090E-003   5.5452770141857033E-003  -5.5299828414334387E-003
   5.2123299332166436E-003   5.5982099531744264E-003  -5.5263597553151210E-003
   5.2720442306669127E-003   5.6511724159455838E-003  -5.5209578834895731E-003
   5.3323162203137335E-003   5.7033922311636081E-003  -5.5146035018441668E-003
   5.3927360574910262E-003   5.7553032333600438E-003  -5.5072081572930427E-003
   5.4535917879467051E-003   5.8066517006881424E-003  -5.4994676808143598E-003
   5.5150596623158368E-003   5.8572205872752534E-003  -5.4914372304616602E-003
   5.5765873403332911E-003   5.9075085218650170E-003  -5.4821923143253707E-003
   5.6379931544458103E-003   5.9575523631373497E-003  -5.4710146605756859E-003
   5.6988900602718672E-003   6.0079880841190291E-003  -5.4588571563374674E-003
   5.7601739540793975E-003   6.0577603520467690E-003  -5.4459340875276496E-003
   5.8216971144207270E-003   6.1068779350317622E-003  -5.4317086249758006E-003
   5.8829940675177552E-003   6.1556640847039226E-003  -5.4155038373708076E-003
   5.9447106197967857E-003   6.2039681895561527E-003  -5.3994482890878234E-003
   6.0061061283101244E-003   6.2523766239031622E-003  -5.3825008699505449E-003
   6.0676077376540403E-003   6.3003448345228643E-003  -5.3647075335723181E-003
   6.1291108062710587E-003   6.3483042247230049E-003  -5.3468954747862745E-003
   6.1902708471466041E-003   6.3964227232904802E-003  -5.3283466337838582E-003
   6.2514671352069265E-003   6.4442867892558946E-003  -5.3092666570256795E-003
   6.3135241284459935E-003   6.4910333617085167E-003  -5.2901960630931475E-003
   6.3761044907652085E-003   6.5371787595948630E-003  -5.2713731910749755E-003
   6.4386862472880519E-003   6.5824039505930475E-003  -5.2504398241689267E-003
   6.5007909501391655E-003   6.6275059694205453E-003  -5.2278829232197009E-003
   6.5624969590230304E-003   6.6727366240228623E-003  -5.2045043785103797E-003
   6.6242631782403687E-003   6.7170361969190297E-003  -5.1795547892359520E-003
   6.6865135913251874E-003   6.7603850602836121E-003  -5.1541429393035538E-003
   6.7480964821967793E-003   6.8047588169843206E-003  -5.1288740401206232E-003
   6.8095977571317867E-003   6.8496155678558161E-003  -5.1042678400210874E-003
   6.8712383340994243E-003   6.8942043245799863E-003  -5.0795235063854343E-003
   6.9325095223511544E-003   6.9384290317384438E-003  -5.0532553360800618E-003
   6.9935818045640816E-003   6.9824641942562360E-003  -5.0262168301755299E-003
   7.0543989536812832E-003   7.0262564636223140E-003  -4.9982255543407367E-003
   7.1152512539201232E-003   7.0697694313278416E-003  -4.9698773764574843E-003
   7.1756745795937861E-003   7.1129931743108468E-003  -4.9402002848410618E-003
   7.2357007862060207E-003   7.1564979342122912E-003  -4.9101305263473619E-003
   7.2959095325643847E-003   7.1991930496219684E-003  -4.8792754781947709E-003
   7.3553571758376872E-003   7.2425428140448778E-003  -4.8478624933523127E-003
   7.4149683153597419E-003   7.2849804238956815E-003  -4.8155273526401653E-003
   7.4737667743671205E-003   7.3271874939418152E-003  -4.7814494351617852E-003
   7.5319572409444160E-003   7.3703305048962026E-003  -4.7475002054595747E-003
   7.5898372173510134E-003   7.4138906765794594E-003  -4.7135528965661947E-003
   7.6480935956229892E-003   7.4560621709281799E-003  -4.6785134979315419E-003
   7.7054310441409578E-003   7.4990927395424669E-003  -4.6430059332326955E-003
   7.7625789545295500E-003   7.5411621162020537E-003  -4.6060697194036998E-003
   7.8190707014840644E-003   7.5833047396959416E-003  -4.5682189359568656E-003
   7.8751046240569215E-003   7.6247307289770520E-003  -4.5289240642798776E-003
   7.9312908457437759E-003   7.6653510646540329E-003  -4.4890104473332866E-003
   7.9880117203311226E-003   7.7050643650488733E-003  -4.4489405564974811E-003
   8.0445654760351020E-003   7.7448492998842371E-003  -4.4087058489854260E-003
   8.1005213489206071E-003   7.7848270178072186E-003  -4.3678313782884335E-003
   8.1558554765494059E-003   7.8242504918617055E-003  -4.3255948536765534E-003
   8.2107477595966989E-003   7.8637232380644618E-003  -4.2828310890444029E-003
   8.2653850602176105E-003   7.9024564305486458E-003  -4.2390760301436372E-003
   8.3208609639307731E-003   7.9398382711346558E-003  -4.1952009562304365E-003
   8.3763296640671503E-003   7.9767190610276848E-003  -4.1508948545692249E-003
   8.4315466356990262E-003   8.0128712946239515E-003  -4.1056831077818327E-003
   8.4875714062715938E-003   8.0469717458634647E-003  -4.0598749829535230E-003
   8.5432067922406370E-003   8.0801280356915424E-003  -4.0129136767607446E-003
   8.5984165814947042E-003   8.1136575209040888E-003  -3.9657156599774796E-003
   8.6534506964584083E-003   8.1466300911281330E-003  -3.9179238634777158E-003
   8.7081849285931198E-003   8.1789623337261801E-003  -3.8693564884685243E-003
   8.7634339520997126E-003   8.2100387711866590E-003  -3.8205527955875555E-003
   8.8192402548739422E-003   8.2411382311856924E-003  -3.7724021968251063E-003
   8.8749813295889886E-003   8.2723861244408062E-003  -3.7242721464351212E-003
   8.9308471422526181E-003   8.3041415008721017E-003  -3.6766212593228789E-003
   8.9859258827884644E-003   8.3347922748319026E-003  -3.6273580641601124E-003
   9.0409190340304327E-003   8.3655469463276410E-003  -3.5780640128537681E-003
   9.0950174951281663E-003   8.3960312989498666E-003  -3.5276253296883530E-003
   9.1490932206765539E-003   8.4255942008447677E-003  -3.4766169897754592E-003
   9.2027352204641470E-003   8.4550439249601317E-003  -3.4250878756767267E-003
   9.2562422360760715E-003   8.4832982603277440E-003  -3.3727553635544685E-003
   9.3102166433761003E-003   8.5111308001835848E-003  -3.3206774115781164E-003
   9.3632839941460363E-003   8.5387829200163721E-003  -3.2675811165325348E-003
   9.4159790498016434E-003   8.5668807352998824E-003  -3.2143481955519207E-003
   9.4690463821810039E-003   8.5947083052854353E-003  -3.1613436240953401E-003
   9.5219278109511148E-003   8.6218196362631856E-003  -3.1077849626122314E-003
   9.5754672189767905E-003   8.6477847401272342E-003  -3.0543121174560765E-003
   9.6289826244743797E-003   8.6725619874615679E-003  -3.0002548386565829E-003
   9.6835368364506028E-003   8.6960534054775183E-003  -2.9466638764308792E-003
   9.7376450547399466E-003   8.7195278785090202E-003  -2.8926152887722668E-003
   9.7910782577859123E-003   8.7437985184959759E-003  -2.8382477539157743E-003
   9.8440301047602232E-003   8.7670342956484588E-003  -2.7829648400639327E-003
   9.8964596129434146E-003   8.7893206036681795E-003  -2.7268001968601646E-003
   9.9484213526772492E-003   8.8122198421515564E-003  -2.6704477126298291E-003
   9.9997214539169071E-003   8.8361275884664588E-003  -2.6139081754181794E-003
   1.0051245314947469E-002   8.8597632411084367E-003  -2.5574577752542596E-003
   1.0101984164561623E-002   8.8831477328859439E-003  -2.5001975387683589E-003
   1.0152639246600675E-002   8.9079123675398515E-003  -2.4434456618479443E-003
   1.0203377035219532E-002   8.9330505015229530E-003  -2.3869323799882752E-003
   1.0253078250377412E-002   8.9588411689081986E-003  -2.3297954332224310E-003
   1.0303190508116577E-002   8.9842626257893039E-003  -2.2728523813967234E-003
   1.0353627444951403E-002   9.0082030011407865E-003  -2.2155551404592138E-003
   1.0402764910655669E-002   9.0319102452864463E-003  -2.1570446623840672E-003
   1.0452645741247654E-002   9.0542201904962195E-003  -2.0986137708178406E-003
   1.0501350030783648E-002   9.0765367095797019E-003  -2.0392011024802999E-003
   1.0550670734654375E-002   9.0989255041354460E-003  -1.9803265745281426E-003
   1.0600245775351378E-002   9.1212470328032227E-003  -1.9216404203036411E-003
   1.0649892044213551E-002   9.1430047033571604E-003  -1.8628029172737923E-003
   1.0699504746752173E-002   9.1634040861153648E-003  -1.8034527282570672E-003
   1.0748750973293118E-002   9.1827596336596113E-003  -1.7434512954224827E-003
   1.0798041180348836E-002   9.2016799247535124E-003  -1.6833472350152542E-003
   1.0846657294638167E-002   9.2225951743825068E-003  -1.6233553541826528E-003
   1.0894461697171405E-002   9.2437877673779076E-003  -1.5628110472372515E-003
   1.0942688052520078E-002   9.2663747663148839E-003  -1.5031114146894838E-003
   1.0991264739247159E-002   9.2890344533173280E-003  -1.4437241762257113E-003
   1.1038714211240967E-002   9.3113203641150607E-003  -1.3832933414973487E-003
   1.1084149387036134E-002   9.3344377909380695E-003  -1.3216392307018028E-003
   1.1129284487715958E-002   9.3575824262987824E-003  -1.2597752788420615E-003
   1.1174447818644245E-002   9.3810286587889015E-003  -1.1980456448033448E-003
   1.1219873066716684E-002   9.4042831294204945E-003  -1.1364357719342373E-003
   1.1264993091450069E-002   9.4272542694736998E-003  -1.0744962038624075E-003
   1.1310368437113260E-002   9.4498138007348097E-003  -1.0125918780005453E-003
   1.1354630314128804E-002   9.4729108358773354E-003  -9.5008257305986637E-004
   1.1398638696716838E-002   9.4952546653340499E-003  -8.8712214463498027E-004
   1.1442893958312534E-002   9.5175187801791253E-003  -8.2430669262592527E-004
   1.1487296045065144E-002   9.5394402022963530E-003  -7.6147432879753449E-004
   1.1531196548212771E-002   9.5612455153064567E-003  -6.9825032904908266E-004
   1.1574980300321098E-002   9.5820728805670503E-003  -6.3461697374145917E-004
   1.1617779164760105E-002   9.6025015967413224E-003  -5.7018930296786848E-004
   1.1660284574264337E-002   9.6225098504826526E-003  -5.0543623399173273E-004
   1.1702705452759463E-002   9.6425044029084805E-003  -4.4062352737423690E-004
   1.1746479393140280E-002   9.6624482703399107E-003  -3.7670104076575677E-004
   1.1790690751834764E-002   9.6832777650493231E-003  -3.1336473273534750E-004
   1.1834768502043272E-002   9.7046642981719975E-003  -2.5012101260006841E-004
   1.1879700565982070E-002   9.7266565665340369E-003  -1.8769145421134145E-004
   1.1924720645379290E-002   9.7488935890061683E-003  -1.2541218571231427E-004
   1.1969425439356104E-002   9.7719359470768551E-003  -6.3198592898149969E-005
   1.2012500000010747E-002   9.7953991113087658E-003   7.9693637761219447E-015
