   3.5527136787916976E-015   3.5421283062120758E-015   7.1340190668713186E-015
   2.7067125526742945E-005   3.0520899156452425E-005  -6.8817479095320980E-005
   5.3576049271818867E-005   6.1227508319192404E-005  -1.3776949944176032E-004
   7.9603383449089338E-005   9.2217983986736006E-005  -2.0677796479626434E-004
   1.0566488277345062E-004   1.2319332257379787E-004  -2.7578033178812355E-004
   1.3294594051919121E-004   1.5513932183965437E-004  -3.4386261304909918E-004
   1.5892154897571622E-004   1.8678225778079877E-004  -4.1259391866402961E-004
   1.8666124595590004E-004   2.1754475512728900E-004  -4.8103497330887726E-004
   2.1459361352872108E-004   2.4679568228741072E-004  -5.5005791226769797E-004
   2.4231524255386144E-004   2.7571124098254934E-004  -6.1930675162343225E-004
   2.7087229297178509E-004   3.0461387566512344E-004  -6.8822070219853502E-004
   2.9989302679641261E-004   3.3472514341419368E-004  -7.5641973859276641E-004
   3.2910977436313634E-004   3.6596408322497523E-004  -8.2402528789576694E-004
   3.5859299085615751E-004   3.9696131212779766E-004  -8.9162641026875773E-004
   3.8781956245504095E-004   4.2918636280072449E-004  -9.5876323786291747E-004
   4.1746722526836536E-004   4.6169915388141611E-004  -1.0255759201629596E-003
   4.4650888309721371E-004   4.9537666854255742E-004  -1.0920771014432873E-003
   4.7508773069607143E-004   5.2930350503993507E-004  -1.1586520158757964E-003
   5.0302297039289527E-004   5.6408574288473396E-004  -1.2250584787556024E-003
   5.3157293952905667E-004   5.9909221662599521E-004  -1.2910845800330271E-003
   5.6084628286313064E-004   6.3343820465863363E-004  -1.3571408021539127E-003
   5.8894080434911036E-004   6.6873835212518035E-004  -1.4232059024205934E-003
   6.1714549763681049E-004   7.0452862486827632E-004  -1.4889596220126744E-003
   6.4594035412330860E-004   7.4077066649509422E-004  -1.5542081519109834E-003
   6.7609444904783550E-004   7.7765586792618278E-004  -1.6184748810397585E-003
   7.0672878401730410E-004   8.1634787173688020E-004  -1.6814388895121548E-003
   7.3784334316939130E-004   8.5550688692883898E-004  -1.7438765042547973E-003
   7.6906891235921230E-004   8.9507969676984073E-004  -1.8059970045415186E-003
   8.0057188383344949E-004   9.3473359755721279E-004  -1.8679254385077487E-003
   8.3094015025048779E-004   9.7558314386430559E-004  -1.9296432070800456E-003
   8.6166749894345306E-004   1.0162605818035695E-003  -1.9912968857863458E-003
   8.9241036704400787E-004   1.0559046309249239E-003  -2.0536124169402044E-003
   9.2449003896177026E-004   1.0953825005681566E-003  -2.1153569912251511E-003
   9.5764792529636432E-004   1.1348728415999665E-003  -2.1765212579734931E-003
   9.9091237940467786E-004   1.1757593750648053E-003  -2.2367023802545667E-003
   1.0237642692036038E-003   1.2159735456029729E-003  -2.2975593751931415E-003
   1.0567298272749844E-003   1.2573355523607141E-003  -2.3575798414264245E-003
   1.0908792034058810E-003   1.2975958841554883E-003  -2.4176874598617064E-003
   1.1245818798650562E-003   1.3386423755753780E-003  -2.4775148377131585E-003
   1.1590256800452432E-003   1.3793947379476062E-003  -2.5371207903876563E-003
   1.1933254706205077E-003   1.4209428311131207E-003  -2.5962585983093397E-003
   1.2277943670273939E-003   1.4626262175137790E-003  -2.6552025588691534E-003
   1.2621353782183836E-003   1.5047507977899218E-003  -2.7139070278103775E-003
   1.2964812978915291E-003   1.5460520311193419E-003  -2.7731908022521788E-003
   1.3314513512519752E-003   1.5874640527670893E-003  -2.8320307533359064E-003
   1.3664665288619397E-003   1.6289313293926704E-003  -2.8908049169511529E-003
   1.4011277430656616E-003   1.6702171455528587E-003  -2.9499156740133989E-003
   1.4360526936474157E-003   1.7112061916829493E-003  -3.0090777053307961E-003
   1.4707740589621030E-003   1.7526071068248855E-003  -3.0680725442640651E-003
   1.5061408761241281E-003   1.7940015178398968E-003  -3.1266873118470672E-003
   1.5425973315326678E-003   1.8344870736358696E-003  -3.1852692769020856E-003
   1.5793500902305604E-003   1.8757948249350166E-003  -3.2430871323025326E-003
   1.6164816626942024E-003   1.9173547110041486E-003  -3.3004807050249210E-003
   1.6541277887138996E-003   1.9589822027372191E-003  -3.3574887844734403E-003
   1.6918850419147366E-003   2.0015499783669418E-003  -3.4137237764356215E-003
   1.7301166539892636E-003   2.0442664322324394E-003  -3.4695238516795554E-003
   1.7690079304444402E-003   2.0876871215018003E-003  -3.5243153871880339E-003
   1.8078317669277750E-003   2.1312815764609676E-003  -3.5790166964302437E-003
   1.8465937805121240E-003   2.1755580522788108E-003  -3.6332117144064540E-003
   1.8860217117237102E-003   2.2194742829580705E-003  -3.6872191484399455E-003
   1.9268732287691685E-003   2.2640764160675960E-003  -3.7395813797190440E-003
   1.9686137390652605E-003   2.3074435450498054E-003  -3.7922788363087480E-003
   2.0105601761717237E-003   2.3510119101697756E-003  -3.8446457532736061E-003
   2.0528899476070306E-003   2.3940016708392919E-003  -3.8971821302856836E-003
   2.0951437409554947E-003   2.4379399262412968E-003  -3.9489899160865477E-003
   2.1378780309389981E-003   2.4823388472682709E-003  -4.0000047792378606E-003
   2.1810953375262848E-003   2.5266465716196544E-003  -4.0506909704193716E-003
   2.2245378353327105E-003   2.5707989535615574E-003  -4.1013201770280696E-003
   2.2672490165158571E-003   2.6159137316629573E-003  -4.1517226749871973E-003
   2.3105570502100522E-003   2.6618532250652629E-003  -4.2008549164291309E-003
   2.3550797946623753E-003   2.7083978914920369E-003  -4.2483029855465530E-003
   2.3988312906895776E-003   2.7567322806959036E-003  -4.2946666933206682E-003
   2.4430674262465760E-003   2.8060241945923902E-003  -4.3395384165868965E-003
   2.4878908811558583E-003   2.8546777081760542E-003  -4.3845238975835019E-003
   2.5322711871400561E-003   2.9040633995343675E-003  -4.4291494724548325E-003
   2.5783446898986844E-003   2.9526884363012427E-003  -4.4728854776521360E-003
   2.6251242818844576E-003   3.0017894692695632E-003  -4.5153208207056941E-003
   2.6732913828671594E-003   3.0510948020347627E-003  -4.5559276494313372E-003
   2.7216528921544057E-003   3.1005159373447507E-003  -4.5961609167006192E-003
   2.7706974690362238E-003   3.1505590080654422E-003  -4.6347655868086632E-003
   2.8196235753495291E-003   3.2014537165497826E-003  -4.6723948940566246E-003
   2.8692423351109608E-003   3.2529306918744850E-003  -4.7082849999481860E-003
   2.9185618843652699E-003   3.3053045214635466E-003  -4.7432787713793424E-003
   2.9681894652273102E-003   3.3573641906453522E-003  -4.7783058189875844E-003
   3.0184509498288256E-003   3.4091724097512197E-003  -4.8127977252406823E-003
   3.0694205364428847E-003   3.4610225903216794E-003  -4.8461692702876976E-003
   3.1215063857453402E-003   3.5123654934321440E-003  -4.8785879470721674E-003
   3.1740085366192879E-003   3.5636027879093705E-003  -4.9104981932484209E-003
   3.2280942909455185E-003   3.6144628152252369E-003  -4.9402973341211029E-003
   3.2827755710070593E-003   3.6651358316432993E-003  -4.9693180684126240E-003
   3.3374559571216120E-003   3.7159756882523404E-003  -4.9980472235332113E-003
   3.3917936452316799E-003   3.7673792677590948E-003  -5.0264212905049080E-003
   3.4459206133615897E-003   3.8191592945415443E-003  -5.0545122167703575E-003
   3.5005028479456121E-003   3.8714859961957813E-003  -5.0806406677347997E-003
   3.5549305362483383E-003   3.9239027028225683E-003  -5.1069107196287360E-003
   3.6096991949343101E-003   3.9761601259550566E-003  -5.1327864948735738E-003
   3.6641918723528746E-003   4.0287432478088745E-003  -5.1585850103507943E-003
   3.7193515074633856E-003   4.0807491406946242E-003  -5.1841349961843355E-003
   3.7749334303804022E-003   4.1324229183204624E-003  -5.2094425157851029E-003
   3.8310141975589416E-003   4.1841434198721262E-003  -5.2335244022511584E-003
   3.8883227419843711E-003   4.2345607100443411E-003  -5.2574791009792491E-003
   3.9458014665899365E-003   4.2851406006278649E-003  -5.2806711447192893E-003
   4.0041575962689807E-003   4.3353677090632228E-003  -5.3023920955130137E-003
   4.0624963816007229E-003   4.3858693042172240E-003  -5.3235149508916576E-003
   4.1213112401139087E-003   4.4362940719191108E-003  -5.3434687780215869E-003
   4.1807830753365759E-003   4.4863956151449912E-003  -5.3622553740869825E-003
   4.2407487756283922E-003   4.5363395039391269E-003  -5.3798543155091022E-003
   4.3008565199636360E-003   4.5864480136560571E-003  -5.3964734711248871E-003
   4.3605677807324250E-003   4.6374956231159488E-003  -5.4115965298397913E-003
   4.4200775350874836E-003   4.6886680246458392E-003  -5.4270876389748328E-003
   4.4801390182784284E-003   4.7394907503924867E-003  -5.4415675830316364E-003
   4.5405647979284789E-003   4.7899968507261930E-003  -5.4556338186293246E-003
   4.6002028287573087E-003   4.8417037260019419E-003  -5.4686608800187369E-003
   4.6598239040253307E-003   4.8934154449418715E-003  -5.4817461963389347E-003
   4.7202036969266848E-003   4.9448870534049907E-003  -5.4919909087293196E-003
   4.7803744394467893E-003   4.9965773718694652E-003  -5.5023636001557321E-003
   4.8412781250471350E-003   5.0475724271091078E-003  -5.5118633589377065E-003
   4.9020170273992936E-003   5.0990915452274934E-003  -5.5193844104039587E-003
   4.9634225748437059E-003   5.1498926894069600E-003  -5.5263559590083599E-003
   5.0252393380138703E-003   5.2004714580197271E-003  -5.5308809965207715E-003
   5.0867636358269521E-003   5.2515625412921573E-003  -5.5329933394468716E-003
   5.1492210418226268E-003   5.3015169380725233E-003  -5.5348987724101019E-003
   5.2114894568735725E-003   5.3517274699851243E-003  -5.5361425493676581E-003
   5.2728764961841599E-003   5.4030208727890664E-003  -5.5369288266290551E-003
   5.3339690283435966E-003   5.4546598902793170E-003  -5.5358731842739851E-003
   5.3951844136633379E-003   5.5061460233920573E-003  -5.5345113108447542E-003
   5.4568206893363435E-003   5.5570992133730608E-003  -5.5323337077158759E-003
   5.5183486547127321E-003   5.6081200738449842E-003  -5.5289898674160173E-003
   5.5800646800971496E-003   5.6589217554359967E-003  -5.5257771799658009E-003
   5.6423289926247977E-003   5.7089879899133019E-003  -5.5217117705519334E-003
   5.7050266509998766E-003   5.7583592478524914E-003  -5.5161008414225500E-003
   5.7683297168471901E-003   5.8069411736983946E-003  -5.5103983564496776E-003
   5.8316114457303125E-003   5.8554284724638599E-003  -5.5037346752254872E-003
   5.8947829246632612E-003   5.9041102550143913E-003  -5.4974538870993430E-003
   5.9579500811076406E-003   5.9528011288205061E-003  -5.4912001557169748E-003
   6.0213043554006637E-003   6.0010950847577552E-003  -5.4838564680270933E-003
   6.0842500950110323E-003   6.0496135618591336E-003  -5.4747027121812069E-003
   6.1468319920928256E-003   6.0983783024018247E-003  -5.4644310894050611E-003
   6.2097307436866133E-003   6.1464205026274463E-003  -5.4527823106360618E-003
   6.2722505053921414E-003   6.1948400465393705E-003  -5.4406650849009924E-003
   6.3348505020566189E-003   6.2426138467182365E-003  -5.4265617363307185E-003
   6.3971510349317478E-003   6.2904058763815895E-003  -5.4112462049873159E-003
   6.4590634397507750E-003   6.3380021925895577E-003  -5.3938840388828412E-003
   6.5196627419135548E-003   6.3864517238814101E-003  -5.3743810262927138E-003
   6.5805894241038766E-003   6.4343367208203293E-003  -5.3545072630419672E-003
   6.6413684414605339E-003   6.4818135455644871E-003  -5.3332502133790665E-003
   6.7027928631744000E-003   6.5279995821497325E-003  -5.3110265673575081E-003
   6.7643203115921972E-003   6.5730503646207576E-003  -5.2868439270940155E-003
   6.8257748809675096E-003   6.6186410432000119E-003  -5.2635024204847388E-003
   6.8860343608538955E-003   6.6653534396134608E-003  -5.2392795572584160E-003
   6.9456926696820111E-003   6.7127163842676998E-003  -5.2148329284075288E-003
   7.0038673433173593E-003   6.7607209763532591E-003  -5.1881633485779798E-003
   7.0626939191293231E-003   6.8073892392177390E-003  -5.1605679282392524E-003
   7.1212542487074093E-003   6.8531904990390899E-003  -5.1310224989365326E-003
   7.1793369933636107E-003   6.8980784255344534E-003  -5.0992189011211291E-003
   7.2365770242789861E-003   6.9429057535452463E-003  -5.0658409216073680E-003
   7.2945578482353371E-003   6.9869810048446860E-003  -5.0327411287689134E-003
   7.3524635620338874E-003   7.0304755061975843E-003  -4.9987535332115720E-003
   7.4104473739774095E-003   7.0725390098339671E-003  -4.9631369748621259E-003
   7.4686473672556913E-003   7.1141494356981470E-003  -4.9273412596882084E-003
   7.5271954301949079E-003   7.1552279700501662E-003  -4.8914988497329014E-003
   7.5858100060485368E-003   7.1944219496523762E-003  -4.8537077996864218E-003
   7.6433665831864761E-003   7.2343610387983516E-003  -4.8150799654415252E-003
   7.7018341838431736E-003   7.2736588730257000E-003  -4.7771692821777425E-003
   7.7602303862550044E-003   7.3123316004953930E-003  -4.7385130576396272E-003
   7.8183276339089565E-003   7.3509738302352393E-003  -4.6993788285756722E-003
   7.8757774900850546E-003   7.3896011757512876E-003  -4.6592859088755564E-003
   7.9325640850473160E-003   7.4270311601878063E-003  -4.6171637188314411E-003
   7.9887845909756179E-003   7.4635588430813759E-003  -4.5735176067191090E-003
   8.0452878444806052E-003   7.4991339387210460E-003  -4.5294518046808856E-003
   8.1017759309042325E-003   7.5348358147289130E-003  -4.4854691702035853E-003
   8.1581280546401333E-003   7.5701900992135194E-003  -4.4410336806522937E-003
   8.2141146810316250E-003   7.6054152964536072E-003  -4.3960372014547403E-003
   8.2706583521679235E-003   7.6404840046732925E-003  -4.3516187485722873E-003
   8.3268629052068530E-003   7.6757306479647482E-003  -4.3069116758556059E-003
   8.3831761158217836E-003   7.7097235312920806E-003  -4.2613781037156191E-003
   8.4399038285178571E-003   7.7440795098528588E-003  -4.2166384863870756E-003
   8.4972026332628386E-003   7.7773338673521614E-003  -4.1717943710041930E-003
   8.5530515136360095E-003   7.8115297124531097E-003  -4.1258428015351570E-003
   8.6085198294602316E-003   7.8448006091868354E-003  -4.0787650640910899E-003
   8.6634474158481765E-003   7.8776602778342433E-003  -4.0307733727639331E-003
   8.7182924121699239E-003   7.9099592988192795E-003  -3.9823089567639150E-003
   8.7719954777288212E-003   7.9432209178463779E-003  -3.9332208170664790E-003
   8.8253275196937871E-003   7.9766683594003074E-003  -3.8838552222919312E-003
   8.8793953056330761E-003   8.0107888618195615E-003  -3.8357671173098479E-003
   8.9325839104289883E-003   8.0453016614813935E-003  -3.7869835239396081E-003
   8.9857348114927901E-003   8.0800014020021918E-003  -3.7382915357103736E-003
   9.0392489171357837E-003   8.1140945037326308E-003  -3.6895688417058355E-003
   9.0925899372715311E-003   8.1469047654075619E-003  -3.6397870950439942E-003
   9.1456761516053985E-003   8.1789342739087331E-003  -3.5892305481939894E-003
   9.1985879746580793E-003   8.2110250914958181E-003  -3.5385302679653554E-003
   9.2509510932370174E-003   8.2432455145819063E-003  -3.4873448388719011E-003
   9.3037615063815814E-003   8.2743560780623154E-003  -3.4359328451841948E-003
   9.3570288438754434E-003   8.3046084911376061E-003  -3.3844801263911953E-003
   9.4100802334697847E-003   8.3348943152872640E-003  -3.3328243530646247E-003
   9.4626074366573974E-003   8.3636599828052962E-003  -3.2797825837305038E-003
   9.5143097949813259E-003   8.3934655078957907E-003  -3.2265050386648649E-003
   9.5665637598079858E-003   8.4235358542503642E-003  -3.1739189431413480E-003
   9.6182050231936028E-003   8.4533445238498851E-003  -3.1205839346692349E-003
   9.6690111148892994E-003   8.4832697835782352E-003  -3.0665171252915284E-003
   9.7192671993594579E-003   8.5122481212007144E-003  -3.0114300857574466E-003
   9.7690550806175044E-003   8.5405335463506343E-003  -2.9555632655425719E-003
   9.8182679913688745E-003   8.5684633416005258E-003  -2.8990122624467612E-003
   9.8662134594753141E-003   8.5965556544691651E-003  -2.8414618146185623E-003
   9.9135448004978224E-003   8.6233904232057949E-003  -2.7828133760572273E-003
   9.9613510976501469E-003   8.6492821399370683E-003  -2.7241262654027244E-003
   1.0007865752105801E-002   8.6757099430539112E-003  -2.6646455278357666E-003
   1.0054510562788398E-002   8.7016134420541055E-003  -2.6050362134199543E-003
   1.0101907387377592E-002   8.7275148801164541E-003  -2.5460221766564583E-003
   1.0148801877796855E-002   8.7530415430030397E-003  -2.4864462062616573E-003
   1.0195381150664729E-002   8.7792993589594238E-003  -2.4269407574338537E-003
   1.0241067836268882E-002   8.8061492241220535E-003  -2.3670090337817168E-003
   1.0284961664718753E-002   8.8343701578294503E-003  -2.3063714981892500E-003
   1.0329911867514344E-002   8.8631455138822451E-003  -2.2467773864869953E-003
   1.0375566926393041E-002   8.8918991765038341E-003  -2.1877109622432224E-003
   1.0421185428893469E-002   8.9205944183672302E-003  -2.1285879098064549E-003
   1.0466323337221074E-002   8.9497779854667090E-003  -2.0693351575653109E-003
   1.0511948979262137E-002   8.9780135712934726E-003  -2.0099967005281398E-003
   1.0557663602556278E-002   9.0065350456936307E-003  -1.9508638102835251E-003
   1.0603759808627928E-002   9.0350751911525973E-003  -1.8920369466682817E-003
   1.0650620301505962E-002   9.0637543771277425E-003  -1.8338854333456484E-003
   1.0697515653780651E-002   9.0915558410802379E-003  -1.7753371238607625E-003
   1.0743903937788634E-002   9.1203703758627758E-003  -1.7168747455005482E-003
   1.0789551460599489E-002   9.1491493065300640E-003  -1.6578148029425812E-003
   1.0836091543182672E-002   9.1761362707439911E-003  -1.5986056442156295E-003
   1.0881800636761686E-002   9.2031537438119308E-003  -1.5387664019397406E-003
   1.0926331227680221E-002   9.2311120812730210E-003  -1.4784724732536093E-003
   1.0970890102561146E-002   9.2584844658414149E-003  -1.4179310887868354E-003
   1.1015787647965611E-002   9.2849609932539011E-003  -1.3572416835223469E-003
   1.1060388787276446E-002   9.3112519521520217E-003  -1.2962537842894917E-003
   1.1105276179872182E-002   9.3373980816096810E-003  -1.2354138147019625E-003
   1.1150623514571434E-002   9.3630516492178816E-003  -1.1747053828187095E-003
   1.1195859979233903E-002   9.3880302673525068E-003  -1.1136338599732889E-003
   1.1241487543181236E-002   9.4118849494231466E-003  -1.0524041322934913E-003
   1.1286311303767477E-002   9.4354064807130860E-003  -9.9045602451060429E-004
   1.1331668367725305E-002   9.4585884511138862E-003  -9.2876864337845507E-004
   1.1375919160382967E-002   9.4821123360575733E-003  -8.6641085167150629E-004
   1.1420456538359170E-002   9.5055580353897093E-003  -8.0422788659514585E-004
   1.1465414562412464E-002   9.5284899706882756E-003  -7.4215613443222891E-004
   1.1510218786368759E-002   9.5511651022933824E-003  -6.7987917305312444E-004
   1.1554507511561778E-002   9.5731287674238434E-003  -6.1698158776623429E-004
   1.1598643837795710E-002   9.5956758236999899E-003  -5.5418337948804285E-004
   1.1643574241697811E-002   9.6176505017091119E-003  -4.9174643266696187E-004
   1.1688870909889742E-002   9.6405636240943712E-003  -4.2991439670370503E-004
   1.1734333139806296E-002   9.6629203127568918E-003  -3.6800022932774522E-004
   1.1779450878632625E-002   9.6859448320763836E-003  -3.0607881820279988E-004
   1.1824646362857258E-002   9.7082778250435590E-003  -2.4396114253937937E-004
   1.1871206115695388E-002   9.7303083491478183E-003  -1.8274966141494913E-004
   1.1918515469387173E-002   9.7523425069918606E-003  -1.2211698917045504E-004
   1.1965370258515535E-002   9.7741878405108347E-003  -6.1064469648324974E-005
   1.2012500000010766E-002   9.7953991113087276E-003   7.9692992645809497E-015
