   3.5527136787916251E-015   3.5421283062120802E-015   7.1340190668713848E-015
   4.2560328137381185E-005   2.2144515222569605E-005  -6.4017489119370718E-005
   8.3548876112251195E-005   4.4526102976479551E-005  -1.2897134550047005E-004
   1.2327135141563226E-004   6.7527665927534083E-005  -1.9449273937027119E-004
   1.6142517681741076E-004   9.1297467167279149E-005  -2.6066888427408622E-004
   2.0004469355576791E-004   1.1444210341113323E-004  -3.2679647868485604E-004
   2.3773892158045754E-004   1.3822902930381940E-004  -3.9322935707647623E-004
   2.7590278131391744E-004   1.6213200346416309E-004  -4.5935172567424025E-004
   3.1306040041178943E-004   1.8749586667291709E-004  -5.2550295987717683E-004
   3.5055457664826667E-004   2.1278265473065918E-004  -5.9149360391590438E-004
   3.8894040712771739E-004   2.3776437321038020E-004  -6.5708660479432462E-004
   4.2820618393829253E-004   2.6183484710476271E-004  -7.2249922636111327E-004
   4.6762347606345896E-004   2.8641550621190712E-004  -7.8763038844827462E-004
   5.0666530316231578E-004   3.1065572506182553E-004  -8.5311433707239330E-004
   5.4570472280146413E-004   3.3528599902846705E-004  -9.1845401350461732E-004
   5.8585907371236487E-004   3.5920477785510141E-004  -9.8338105049723722E-004
   6.2448406102868462E-004   3.8289957753742123E-004  -1.0493103066565412E-003
   6.6377734935343957E-004   4.0551197961407047E-004  -1.1152247721511290E-003
   7.0363787307181885E-004   4.2871977907485258E-004  -1.1805894162004789E-003
   7.4409173939004572E-004   4.5168964603639513E-004  -1.2456729771283942E-003
   7.8473368076348445E-004   4.7472340946596680E-004  -1.3106166323107950E-003
   8.2439397209874393E-004   4.9887188772206124E-004  -1.3757619491881034E-003
   8.6436180295183286E-004   5.2394600359554678E-004  -1.4403673761795716E-003
   9.0416560001832925E-004   5.4845237790715950E-004  -1.5052911418778044E-003
   9.4382839587196332E-004   5.7346648127767430E-004  -1.5701074766699286E-003
   9.8329355233387080E-004   5.9913434823951879E-004  -1.6347887106709419E-003
   1.0233080903869242E-003   6.2397500580384138E-004  -1.6994553827125987E-003
   1.0647224138095970E-003   6.4966870103747812E-004  -1.7628958102530699E-003
   1.1068011831744230E-003   6.7627229873966127E-004  -1.8255186954541198E-003
   1.1493244976873032E-003   7.0337400714958712E-004  -1.8876255800991113E-003
   1.1908348547497263E-003   7.3106772960248733E-004  -1.9501551571508861E-003
   1.2326904156706752E-003   7.5935054264010581E-004  -2.0121889745366131E-003
   1.2754985588068705E-003   7.8749593251753772E-004  -2.0736324437210804E-003
   1.3186090864240152E-003   8.1641684544877581E-004  -2.1345016739744531E-003
   1.3635164192431835E-003   8.4393763008119307E-004  -2.1947174350107944E-003
   1.4076167768163870E-003   8.7143056872395993E-004  -2.2555392797300711E-003
   1.4518307430414856E-003   8.9882893057575139E-004  -2.3163213078908462E-003
   1.4967679545312804E-003   9.2489418313020121E-004  -2.3771592042475666E-003
   1.5417900321804817E-003   9.5250233616698654E-004  -2.4372491568937574E-003
   1.5877785587913563E-003   9.8040318198013596E-004  -2.4964656936641320E-003
   1.6342880437367332E-003   1.0081495680550978E-003  -2.5553469799516728E-003
   1.6806120616928756E-003   1.0368777461305632E-003  -2.6139027410062724E-003
   1.7269123448281176E-003   1.0665841979930976E-003  -2.6719872525913981E-003
   1.7732431471406708E-003   1.0975125971735688E-003  -2.7294058111416780E-003
   1.8203420089497871E-003   1.1286042143866346E-003  -2.7861068567041312E-003
   1.8669938446753351E-003   1.1595755972817147E-003  -2.8432416067910521E-003
   1.9136680408327359E-003   1.1898690523812335E-003  -2.9007205244719596E-003
   1.9599556237840259E-003   1.2205334324047828E-003  -2.9583152767301427E-003
   2.0070517729018672E-003   1.2509947148597583E-003  -3.0153596718457704E-003
   2.0544423717179868E-003   1.2820347531326043E-003  -3.0718454856941252E-003
   2.1019487054580060E-003   1.3137379798509304E-003  -3.1278638190238989E-003
   2.1500011997450654E-003   1.3450283465896182E-003  -3.1836479631378832E-003
   2.1983616666920542E-003   1.3765454127617426E-003  -3.2390369491380197E-003
   2.2467443641915070E-003   1.4079420423906914E-003  -3.2944748984626406E-003
   2.2963808265285160E-003   1.4390064748773057E-003  -3.3489838211565939E-003
   2.3460925156277056E-003   1.4696048647496462E-003  -3.4036874452967407E-003
   2.3968007886140345E-003   1.5005608993321161E-003  -3.4572635125089892E-003
   2.4475431954689418E-003   1.5319262461846739E-003  -3.5105685139505119E-003
   2.4984725358012123E-003   1.5636025930104089E-003  -3.5635100980451534E-003
   2.5484793790453383E-003   1.5953045251895035E-003  -3.6173088260273616E-003
   2.5984949738310551E-003   1.6270751924378532E-003  -3.6710588489872573E-003
   2.6483510592692681E-003   1.6597551672699342E-003  -3.7244104187552085E-003
   2.6988258587288950E-003   1.6927221972698827E-003  -3.7769981508800300E-003
   2.7501129136103257E-003   1.7244694318794165E-003  -3.8295505159830993E-003
   2.8015831459869320E-003   1.7564495285343853E-003  -3.8817816236374463E-003
   2.8539540176914058E-003   1.7886188591001659E-003  -3.9329912512374313E-003
   2.9070386241872351E-003   1.8214948603055916E-003  -3.9830031808171110E-003
   2.9601884925692674E-003   1.8539733971354995E-003  -4.0332051344143353E-003
   3.0134515131672829E-003   1.8873254941464209E-003  -4.0827095611201012E-003
   3.0670128347276863E-003   1.9202516748786183E-003  -4.1321772418893704E-003
   3.1198832877591524E-003   1.9535266919568847E-003  -4.1821521200188878E-003
   3.1731216291807016E-003   1.9878795524397525E-003  -4.2309943145045258E-003
   3.2268041476616418E-003   2.0222529464401389E-003  -4.2793332947169633E-003
   3.2809971797565420E-003   2.0566891098632014E-003  -4.3270540021257131E-003
   3.3350274532766111E-003   2.0920015873551749E-003  -4.3743166562989974E-003
   3.3889264188695528E-003   2.1288897104278920E-003  -4.4205137113111767E-003
   3.4435061025080991E-003   2.1656081853317320E-003  -4.4660418535937656E-003
   3.4976268926931080E-003   2.2026964842935268E-003  -4.5118173726530122E-003
   3.5515490738183284E-003   2.2407426073561415E-003  -4.5570378425048566E-003
   3.6059661740495816E-003   2.2793033807966189E-003  -4.6012175432388848E-003
   3.6607567006360481E-003   2.3180290245521152E-003  -4.6447872885530357E-003
   3.7154564239073886E-003   2.3567781888500089E-003  -4.6884501165649073E-003
   3.7709010332655692E-003   2.3953923002001908E-003  -4.7312852155053254E-003
   3.8268341156261760E-003   2.4333385982733425E-003  -4.7740820467182107E-003
   3.8821889279002995E-003   2.4721853988044942E-003  -4.8168227865903000E-003
   3.9385573614424789E-003   2.5114507654504389E-003  -4.8578207217302065E-003
   3.9956402519130910E-003   2.5504449083457699E-003  -4.8980823714387407E-003
   4.0522498852106521E-003   2.5906855504540878E-003  -4.9377817435163548E-003
   4.1095081160302587E-003   2.6313080672685377E-003  -4.9761393519852691E-003
   4.1673534171292742E-003   2.6710272601112913E-003  -5.0145620908464989E-003
   4.2257370164776138E-003   2.7108457973438801E-003  -5.0520566160382994E-003
   4.2839987514931540E-003   2.7520272963831452E-003  -5.0882457633288740E-003
   4.3433896481529120E-003   2.7940831183569954E-003  -5.1214726985329712E-003
   4.4025309882974222E-003   2.8368158094362601E-003  -5.1542784752654051E-003
   4.4614223678567126E-003   2.8798543005034054E-003  -5.1871341249218718E-003
   4.5202301264238255E-003   2.9237732911505292E-003  -5.2189581690407147E-003
   4.5796883534977651E-003   2.9672238634733394E-003  -5.2502114407892500E-003
   4.6395856379302111E-003   3.0111857119435909E-003  -5.2798706925189067E-003
   4.6987242250098229E-003   3.0561634236239495E-003  -5.3095292994958746E-003
   4.7573174946552964E-003   3.1015627249863574E-003  -5.3396246840580041E-003
   4.8159940155110851E-003   3.1479873531393915E-003  -5.3679411069383724E-003
   4.8751593325548990E-003   3.1944734541038706E-003  -5.3951166047787307E-003
   4.9349517061855900E-003   3.2406308365736979E-003  -5.4214674699528597E-003
   4.9951232346725789E-003   3.2871452620262440E-003  -5.4462826949313774E-003
   5.0555255023521321E-003   3.3339013083083765E-003  -5.4700616392334206E-003
   5.1160213732595987E-003   3.3811320256449339E-003  -5.4926339442367004E-003
   5.1760738522851155E-003   3.4292624235294188E-003  -5.5144780404865288E-003
   5.2357956196129474E-003   3.4780713310216204E-003  -5.5357148261448164E-003
   5.2958833210596653E-003   3.5269395501736360E-003  -5.5557489293388048E-003
   5.3552306879268378E-003   3.5764869178251269E-003  -5.5763146388762624E-003
   5.4138722539985324E-003   3.6272775852816321E-003  -5.5958460193520866E-003
   5.4731183222027349E-003   3.6781490433748466E-003  -5.6132241134626863E-003
   5.5318488080620095E-003   3.7302750186826356E-003  -5.6285085084215895E-003
   5.5911100803030288E-003   3.7822124912723605E-003  -5.6423143241699451E-003
   5.6512484761379418E-003   3.8334471235879635E-003  -5.6548994661372500E-003
   5.7115712560813188E-003   3.8846875315306029E-003  -5.6665434697249894E-003
   5.7715347653333237E-003   3.9365129228863547E-003  -5.6774295325838784E-003
   5.8321447387147890E-003   3.9881739198267584E-003  -5.6850171888500603E-003
   5.8923573371160035E-003   4.0404348744593364E-003  -5.6915925680377025E-003
   5.9530591467474884E-003   4.0923031514213531E-003  -5.6965897832891577E-003
   6.0133510896023005E-003   4.1446379148822893E-003  -5.7016843062524317E-003
   6.0732133706693416E-003   4.1975651478919213E-003  -5.7055849866480051E-003
   6.1339308842674684E-003   4.2496064646930041E-003  -5.7078399582797855E-003
   6.1937675016460296E-003   4.3027017792267083E-003  -5.7085231813346349E-003
   6.2533425042568336E-003   4.3560925577647699E-003  -5.7090169675645900E-003
   6.3129189015381382E-003   4.4094694905602088E-003  -5.7077695965883028E-003
   6.3710532329575350E-003   4.4643633453677741E-003  -5.7051117368713588E-003
   6.4288834119083649E-003   4.5195125076700655E-003  -5.7013381054105789E-003
   6.4869385153991290E-003   4.5743600915313602E-003  -5.6967177693088827E-003
   6.5447948117188237E-003   4.6291709111715932E-003  -5.6897591035291436E-003
   6.6032027512087791E-003   4.6833719845321481E-003  -5.6826347612360982E-003
   6.6624215455315227E-003   4.7366257164240593E-003  -5.6750733831890188E-003
   6.7223456126952012E-003   4.7884954583313887E-003  -5.6641813655366581E-003
   6.7825892900189380E-003   4.8398998593950212E-003  -5.6528549850012079E-003
   6.8416989546241100E-003   4.8920817203258297E-003  -5.6393235053491825E-003
   6.9000001904852212E-003   4.9449754413498316E-003  -5.6250679740207027E-003
   6.9574577381036756E-003   4.9984874773749246E-003  -5.6097352565985291E-003
   7.0147870589855827E-003   5.0519611537933468E-003  -5.5938005493704713E-003
   7.0719196102928487E-003   5.1055016419902172E-003  -5.5773905613681939E-003
   7.1290133404181113E-003   5.1585404038704454E-003  -5.5593020093416224E-003
   7.1859399846348664E-003   5.2116692658758660E-003  -5.5409531345258778E-003
   7.2416543755238890E-003   5.2651723027723500E-003  -5.5201365140769417E-003
   7.2969916012140734E-003   5.3184200222128148E-003  -5.4977206307307265E-003
   7.3522753266462588E-003   5.3713248402955565E-003  -5.4743798952868522E-003
   7.4068233735791198E-003   5.4244788228310246E-003  -5.4499020539468378E-003
   7.4607219967709158E-003   5.4776817673788955E-003  -5.4241263850215386E-003
   7.5148274134257485E-003   5.5298424488136114E-003  -5.3967061880545383E-003
   7.5701632172076828E-003   5.5808860510413814E-003  -5.3696414602426362E-003
   7.6257946596301890E-003   5.6309067391195526E-003  -5.3413029108891020E-003
   7.6809059406687842E-003   5.6812977013399411E-003  -5.3126062625386463E-003
   7.7353924260823940E-003   5.7322035811698891E-003  -5.2836267127350858E-003
   7.7902425887916267E-003   5.7824050974387749E-003  -5.2541094734145097E-003
   7.8441736257185198E-003   5.8329535902238378E-003  -5.2235105659607208E-003
   7.8977155609520951E-003   5.8834941757650930E-003  -5.1922230224522529E-003
   7.9512461296005893E-003   5.9332711865851219E-003  -5.1597156783619712E-003
   8.0032608538164480E-003   5.9831304902984456E-003  -5.1249519287050703E-003
   8.0551360501112234E-003   6.0330274217217658E-003  -5.0900340213555625E-003
   8.1067463637175038E-003   6.0824859789186409E-003  -5.0541142964175010E-003
   8.1582497314397536E-003   6.1316753460742921E-003  -5.0176751788864491E-003
   8.2085994871272990E-003   6.1818973993033113E-003  -4.9810330248180601E-003
   8.2588689715953623E-003   6.2319139368115445E-003  -4.9440016203500846E-003
   8.3087585627770084E-003   6.2815025489058735E-003  -4.9058965256058816E-003
   8.3583416383742233E-003   6.3302513113555206E-003  -4.8663354744820858E-003
   8.4078684859990420E-003   6.3780443888361701E-003  -4.8255566427644041E-003
   8.4560759847925864E-003   6.4266655855075346E-003  -4.7841801241100363E-003
   8.5042588458287167E-003   6.4751203118383798E-003  -4.7425802276298340E-003
   8.5520387573840718E-003   6.5231295741593493E-003  -4.7000103933630489E-003
   8.5999360550945668E-003   6.5707037293267784E-003  -4.6570854748598511E-003
   8.6474973559557983E-003   6.6183416203857148E-003  -4.6138587007158380E-003
   8.6948773634270352E-003   6.6662452441138857E-003  -4.5707266045298608E-003
   8.7406673355206257E-003   6.7148030545570751E-003  -4.5266197173744905E-003
   8.7861159459701934E-003   6.7628633197428130E-003  -4.4816237761000225E-003
   8.8312834996117969E-003   6.8107180092539131E-003  -4.4361284929900283E-003
   8.8756442638864078E-003   6.8585569846663407E-003  -4.3898299506522648E-003
   8.9183765101354204E-003   6.9067426359046185E-003  -4.3423736745464457E-003
   8.9613451292931499E-003   6.9546155041413076E-003  -4.2948143825739266E-003
   9.0041140473222162E-003   7.0017345812969731E-003  -4.2463312697618430E-003
   9.0461252756264213E-003   7.0485372659180512E-003  -4.1968887231944646E-003
   9.0890804820288416E-003   7.0939120247153365E-003  -4.1469289243085770E-003
   9.1316655170447236E-003   7.1393057135891056E-003  -4.0966703151370009E-003
   9.1736810856998911E-003   7.1846579456215911E-003  -4.0458976153189760E-003
   9.2161983086943306E-003   7.2284928405744898E-003  -3.9942179507544244E-003
   9.2582560621780139E-003   7.2721985049697766E-003  -3.9420551260486237E-003
   9.2999595814915372E-003   7.3159367256211000E-003  -3.8896358116191011E-003
   9.3418228840768704E-003   7.3597562583598269E-003  -3.8374121345205012E-003
   9.3836567308789014E-003   7.4030631144662139E-003  -3.7847391293030310E-003
   9.4253896915615035E-003   7.4467592999691266E-003  -3.7323081903542095E-003
   9.4679077248975337E-003   7.4893778469719181E-003  -3.6796216048512204E-003
   9.5098529293635940E-003   7.5323039005418561E-003  -3.6267259174252628E-003
   9.5518732217796370E-003   7.5749836683362964E-003  -3.5736907173898489E-003
   9.5936992676381120E-003   7.6166933676913972E-003  -3.5197381189812551E-003
   9.6356858240584150E-003   7.6579754887930512E-003  -3.4655817199145140E-003
   9.6775798075683355E-003   7.6993128246210423E-003  -3.4113957549067758E-003
   9.7195679378248457E-003   7.7410051805371621E-003  -3.3575557661666153E-003
   9.7612451764119545E-003   7.7824738425373262E-003  -3.3033030440602104E-003
   9.8026966652218182E-003   7.8233756340414760E-003  -3.2484503547573003E-003
   9.8450042608315882E-003   7.8638675463321185E-003  -3.1939483145825573E-003
   9.8872090415669384E-003   7.9033251203060699E-003  -3.1386142712500125E-003
   9.9288687141648145E-003   7.9420392475877365E-003  -3.0823498240037154E-003
   9.9699809285245123E-003   7.9810182633474353E-003  -3.0258660018918221E-003
   1.0011895917154071E-002   8.0194631219783832E-003  -2.9696065442405034E-003
   1.0053701534178833E-002   8.0576179950438542E-003  -2.9130689811199375E-003
   1.0094995422586250E-002   8.0954723433474853E-003  -2.8559562584285123E-003
   1.0136360971050022E-002   8.1338298330643002E-003  -2.7992324152732034E-003
   1.0176861299355435E-002   8.1729738270001507E-003  -2.7424215787390047E-003
   1.0215990184604109E-002   8.2118616388853101E-003  -2.6844848164399261E-003
   1.0254081725754143E-002   8.2507641045684778E-003  -2.6258705463791179E-003
   1.0293114076265295E-002   8.2896440520391253E-003  -2.5678634322685245E-003
   1.0331910043841002E-002   8.3288504910681398E-003  -2.5099175260401576E-003
   1.0371006856283010E-002   8.3674864829150278E-003  -2.4517909452950572E-003
   1.0410523864933489E-002   8.4066370443646489E-003  -2.3942962536668624E-003
   1.0449802301142569E-002   8.4448117849882723E-003  -2.3359876468592952E-003
   1.0488923739819868E-002   8.4825105512246462E-003  -2.2772652826512515E-003
   1.0527301414836439E-002   8.5197023977905129E-003  -2.2177344452119349E-003
   1.0566744790099109E-002   8.5569305850378662E-003  -2.1589272839933706E-003
   1.0605940061429169E-002   8.5940061633678830E-003  -2.0998584072292980E-003
   1.0646070485046417E-002   8.6308360080369663E-003  -2.0412656461828238E-003
   1.0685451065298012E-002   8.6678793253180536E-003  -1.9822998718213381E-003
   1.0724231349046431E-002   8.7051997693632401E-003  -1.9231114097507966E-003
   1.0762462534141429E-002   8.7431081726412393E-003  -1.8639393771094589E-003
   1.0801212129943321E-002   8.7802642953931347E-003  -1.8046275623519073E-003
   1.0840056112534940E-002   8.8174855560173414E-003  -1.7454184179532903E-003
   1.0879822191632849E-002   8.8537886839611356E-003  -1.6862513507094942E-003
   1.0919999385835290E-002   8.8895096224537191E-003  -1.6270077213200575E-003
   1.0959914518971684E-002   8.9255406740442241E-003  -1.5677747451196822E-003
   1.0999389314525678E-002   8.9613127203244571E-003  -1.5080914038611848E-003
   1.1039188382542559E-002   8.9962109498624883E-003  -1.4481068412010049E-003
   1.1079196243225764E-002   9.0313920442200261E-003  -1.3884271823194215E-003
   1.1119044746173447E-002   9.0669814344579817E-003  -1.3288831472372197E-003
   1.1158864069328759E-002   9.1023740459539627E-003  -1.2692024589420268E-003
   1.1198448262828658E-002   9.1382954586845828E-003  -1.2096815069053113E-003
   1.1238296952492946E-002   9.1747008454156898E-003  -1.1506329697001545E-003
   1.1278787087181512E-002   9.2108161626726272E-003  -1.0918432354420312E-003
   1.1318643123954185E-002   9.2474142295790648E-003  -1.0329188955497766E-003
   1.1359139550168169E-002   9.2833120669079446E-003  -9.7400043711607406E-004
   1.1399887846369874E-002   9.3184243045472404E-003  -9.1478298092254691E-004
   1.1440121961982276E-002   9.3528017633620359E-003  -8.5478792890489991E-004
   1.1481623902435014E-002   9.3862007009505224E-003  -7.9510459868247321E-004
   1.1522879811657080E-002   9.4192079960716008E-003  -7.3503406994320235E-004
   1.1563326989863358E-002   9.4519504753066089E-003  -6.7427260333134090E-004
   1.1603817591247912E-002   9.4836536262976803E-003  -6.1299111006661339E-004
   1.1644776469265769E-002   9.5150646215909976E-003  -5.5187057596072311E-004
   1.1686310056429922E-002   9.5459092874526294E-003  -4.9084953268935607E-004
   1.1727137085434105E-002   9.5764212712666930E-003  -4.2918777351484954E-004
   1.1767260837692875E-002   9.6074705603753276E-003  -3.6733289376138006E-004
   1.1808124360275521E-002   9.6388408148399014E-003  -3.0612766800933102E-004
   1.1849040336954209E-002   9.6700024696425701E-003  -2.4485096671611679E-004
   1.1889881285076495E-002   9.7019164621750097E-003  -1.8391235797544597E-004
   1.1930354598468132E-002   9.7331276929858278E-003  -1.2236749647970469E-004
   1.1971475401091331E-002   9.7645916757302994E-003  -6.1383093700822903E-005
   1.2012500000010641E-002   9.7953991113086773E-003   7.9703313067242804E-015
