   3.5527136787915907E-015   3.5421283062120388E-015   7.1340190668713107E-015
   3.7227955976026816E-005   3.0234814990115002E-005  -6.4030736799856229E-005
   7.4581588124708218E-005   6.1219393072596605E-005  -1.2762839462309621E-004
   1.1155261950026023E-004   9.2547940011565826E-005  -1.9128108492587326E-004
   1.4761348834910085E-004   1.2368062009673918E-004  -2.5554903935635134E-004
   1.8411437566957756E-004   1.5457887948256579E-004  -3.1968158019377425E-004
   2.2024605615077287E-004   1.8670967006897556E-004  -3.8341629571910283E-004
   2.5615352951271602E-004   2.1882279641959355E-004  -4.4728648019663384E-004
   2.9182699709988152E-004   2.5052882496927993E-004  -5.1149030768674682E-004
   3.2702045822768119E-004   2.8232000419494834E-004  -5.7591655404538595E-004
   3.6215890778907618E-004   3.1469761554947604E-004  -6.4008024821452262E-004
   3.9715463436644657E-004   3.4686528854735525E-004  -7.0442727563226428E-004
   4.3248571177794597E-004   3.7922258895435921E-004  -7.6849536499631183E-004
   4.6794873753141299E-004   4.1230288082328331E-004  -8.3211979501178457E-004
   5.0362280425268453E-004   4.4510489607922497E-004  -8.9577031548423883E-004
   5.3942215898508845E-004   4.7725528072296489E-004  -9.5968243466579078E-004
   5.7478830106539149E-004   5.0970013291437588E-004  -1.0236868685397139E-003
   6.1050181505558851E-004   5.4080742264184722E-004  -1.0881607503893948E-003
   6.4619648825293963E-004   5.7046176211409901E-004  -1.1533260053525889E-003
   6.8215612143045549E-004   6.0020835466903033E-004  -1.2183032706420179E-003
   7.1893537388080389E-004   6.3094246874259542E-004  -1.2823555994528077E-003
   7.5500777266502574E-004   6.6221160481860623E-004  -1.3465507955109078E-003
   7.9109918163452889E-004   6.9334610440188900E-004  -1.4108007225224356E-003
   8.2815259966332374E-004   7.2498276876449921E-004  -1.4742527963706941E-003
   8.6489135378630137E-004   7.5697445712491832E-004  -1.5377098355356610E-003
   9.0196991766617295E-004   7.8950478460942345E-004  -1.6006936262693851E-003
   9.3935641288779895E-004   8.2210557297261180E-004  -1.6634585732534510E-003
   9.7662773672288765E-004   8.5532142278222127E-004  -1.7259690183553465E-003
   1.0144688755359585E-003   8.8947574600584567E-004  -1.7876255704104688E-003
   1.0533166203223214E-003   9.2295974889623127E-004  -1.8490232435883500E-003
   1.0923412116052684E-003   9.5634499819177070E-004  -1.9103625166333935E-003
   1.1316550449230519E-003   9.8999123174111476E-004  -1.9713736096458648E-003
   1.1692408417311808E-003   1.0233414714442223E-003  -2.0336236649517833E-003
   1.2082324525601019E-003   1.0568024356219278E-003  -2.0949426518081576E-003
   1.2483273902996010E-003   1.0906978960292019E-003  -2.1553040114379151E-003
   1.2887612876757838E-003   1.1250683921222924E-003  -2.2151685998824957E-003
   1.3291456032831167E-003   1.1600828870233838E-003  -2.2746924790286865E-003
   1.3701784757671302E-003   1.1956131220608487E-003  -2.3334624184042836E-003
   1.4108822735688382E-003   1.2318874939738075E-003  -2.3920061694441049E-003
   1.4520739722308211E-003   1.2670636391483429E-003  -2.4508779179828449E-003
   1.4934648226929384E-003   1.3022163536913170E-003  -2.5096238468908473E-003
   1.5347691986154941E-003   1.3365663507906159E-003  -2.5689030695302730E-003
   1.5770592542469816E-003   1.3700247790869157E-003  -2.6279969334874319E-003
   1.6195129517536937E-003   1.4025246579382243E-003  -2.6875069446404419E-003
   1.6619745708114494E-003   1.4346983796253885E-003  -2.7471882863839632E-003
   1.7046129846095314E-003   1.4676866097372624E-003  -2.8062961737202754E-003
   1.7483486120803166E-003   1.5008891954495268E-003  -2.8644750631762490E-003
   1.7933504832410737E-003   1.5333598717507787E-003  -2.9220987284357988E-003
   1.8382997422245659E-003   1.5662390333833071E-003  -2.9795315139490458E-003
   1.8839662271677808E-003   1.5984342048934444E-003  -3.0367857110232895E-003
   1.9297067283241308E-003   1.6301876898502296E-003  -3.0942271833745128E-003
   1.9762485157984416E-003   1.6616663956997924E-003  -3.1511741155930951E-003
   2.0238405412864534E-003   1.6934425203714016E-003  -3.2070782925779193E-003
   2.0716716691451822E-003   1.7262921915611319E-003  -3.2621517190664908E-003
   2.1202018173071026E-003   1.7587337755933354E-003  -3.3168542634055996E-003
   2.1685271536244278E-003   1.7913907116787959E-003  -3.3716099606914420E-003
   2.2165341941191123E-003   1.8250735257917786E-003  -3.4260231217891068E-003
   2.2640922626823482E-003   1.8592932946129540E-003  -3.4804954776371743E-003
   2.3114820885438729E-003   1.8934114317040939E-003  -3.5351778066622349E-003
   2.3589913652228762E-003   1.9276816283829547E-003  -3.5896610357943845E-003
   2.4068603289990049E-003   1.9619063592252795E-003  -3.6438572542336501E-003
   2.4553267897612107E-003   1.9961278253951093E-003  -3.6975218928827127E-003
   2.5041449618892326E-003   2.0296522788119998E-003  -3.7513075518516444E-003
   2.5531805962964961E-003   2.0643609016905966E-003  -3.8041357454403585E-003
   2.6029541662336143E-003   2.0980092641962570E-003  -3.8569597877520317E-003
   2.6532443099571588E-003   2.1323233861834877E-003  -3.9088581737344672E-003
   2.7039202606306519E-003   2.1668455917885185E-003  -3.9602407130436071E-003
   2.7547561223023849E-003   2.2017281221050991E-003  -4.0112203585447271E-003
   2.8059863661874592E-003   2.2373185739928301E-003  -4.0613081000354248E-003
   2.8577318121348768E-003   2.2732738526891581E-003  -4.1105993441176531E-003
   2.9101627897115743E-003   2.3087757197488151E-003  -4.1594932091214634E-003
   2.9633295106311474E-003   2.3447130050843544E-003  -4.2072615175716820E-003
   3.0165670861154268E-003   2.3810662251619956E-003  -4.2546345474526797E-003
   3.0692235598475987E-003   2.4177448443910574E-003  -4.3024045658749972E-003
   3.1209069319525517E-003   2.4552704716903008E-003  -4.3505777570338059E-003
   3.1733130806935552E-003   2.4920412576841470E-003  -4.3985517591510455E-003
   3.2261589551862706E-003   2.5299995799380804E-003  -4.4450972135567359E-003
   3.2791757452394535E-003   2.5677967802381452E-003  -4.4915793780631501E-003
   3.3325011246592836E-003   2.6055462841342875E-003  -4.5377462369158338E-003
   3.3862718488454715E-003   2.6432304406860557E-003  -4.5834475888470276E-003
   3.4410900755564504E-003   2.6810409695802151E-003  -4.6277795854144281E-003
   3.4962094793409542E-003   2.7199218001611762E-003  -4.6707927502540308E-003
   3.5512212724837797E-003   2.7597713357401820E-003  -4.7130504966779478E-003
   3.6051538261341600E-003   2.8010695895364858E-003  -4.7553084413960575E-003
   3.6594724533442562E-003   2.8426915407024030E-003  -4.7967463457517755E-003
   3.7133841129872534E-003   2.8850916708519328E-003  -4.8379259756845096E-003
   3.7670775625921133E-003   2.9272897863270100E-003  -4.8795952991940519E-003
   3.8207377068881477E-003   2.9690051843893461E-003  -4.9217902572029027E-003
   3.8758490829027916E-003   3.0101567739908006E-003  -4.9626471159105127E-003
   3.9314667732399181E-003   3.0512334591819724E-003  -5.0028886175742544E-003
   3.9880577506733478E-003   3.0918773753862015E-003  -5.0422018894843391E-003
   4.0448532798645753E-003   3.1339238143547649E-003  -5.0797034207292705E-003
   4.1021215632243476E-003   3.1769479575313778E-003  -5.1153301917863684E-003
   4.1603989979040641E-003   3.2203478426860370E-003  -5.1487994398162484E-003
   4.2189569216541413E-003   3.2638797607648989E-003  -5.1816009899100079E-003
   4.2778400679933911E-003   3.3079102094440587E-003  -5.2131302565925960E-003
   4.3376665184386197E-003   3.3517224648667806E-003  -5.2431516173013391E-003
   4.3983617542486626E-003   3.3948788288919547E-003  -5.2723683352993217E-003
   4.4596063470876655E-003   3.4380516376746727E-003  -5.3003899060513546E-003
   4.5204206560729154E-003   3.4821997791292781E-003  -5.3278227588490394E-003
   4.5819061872639337E-003   3.5265482263961696E-003  -5.3533716273725324E-003
   4.6441303175530826E-003   3.5708763909488637E-003  -5.3771028608787319E-003
   4.7060942371203902E-003   3.6160689834210469E-003  -5.3998647205092624E-003
   4.7687730356205296E-003   3.6607768390499785E-003  -5.4216035307348698E-003
   4.8314732505774565E-003   3.7060545122502113E-003  -5.4420636223959625E-003
   4.8946083963200661E-003   3.7511961012189087E-003  -5.4614592489022765E-003
   4.9575597886742182E-003   3.7972417413225591E-003  -5.4792615298435788E-003
   5.0198107421922811E-003   3.8443107101665047E-003  -5.4968493371684588E-003
   5.0819803928310193E-003   3.8918468591950845E-003  -5.5134399692847377E-003
   5.1446335607559244E-003   3.9390681649076904E-003  -5.5290837808352217E-003
   5.2074128833719700E-003   3.9866399569599958E-003  -5.5430723922055376E-003
   5.2707806160991223E-003   4.0337336544548699E-003  -5.5559841738962220E-003
   5.3337045217676906E-003   4.0816531594680128E-003  -5.5679967978815694E-003
   5.3969008503258120E-003   4.1294317569336454E-003  -5.5791066887965887E-003
   5.4603853293015711E-003   4.1772173661248349E-003  -5.5883941256781406E-003
   5.5238561573783115E-003   4.2249413676946641E-003  -5.5980829678768133E-003
   5.5873169639968157E-003   4.2727933364687344E-003  -5.6071887409567013E-003
   5.6511660495182983E-003   4.3202193649875473E-003  -5.6157949075096737E-003
   5.7146174882721657E-003   4.3683694018199484E-003  -5.6232439926833799E-003
   5.7784411008717021E-003   4.4162304377345710E-003  -5.6292329595197220E-003
   5.8425527571198147E-003   4.4638089514077587E-003  -5.6343300737709138E-003
   5.9067996497824743E-003   4.5112833960169758E-003  -5.6386328505989057E-003
   5.9706658037531508E-003   4.5593504577038967E-003  -5.6418996482237513E-003
   6.0341907381234539E-003   4.6079560542925434E-003  -5.6433414152185614E-003
   6.0979577643538703E-003   4.6562650436788302E-003  -5.6434303195624265E-003
   6.1620200483187533E-003   4.7041749767260648E-003  -5.6426166300475476E-003
   6.2258415196058967E-003   4.7523922151980463E-003  -5.6412318122305146E-003
   6.2894804069491802E-003   4.8007860764940251E-003  -5.6383811629883689E-003
   6.3530015306834907E-003   4.8493406529972775E-003  -5.6356389116186140E-003
   6.4165794137196032E-003   4.8977625463590881E-003  -5.6320094440578308E-003
   6.4806268795966652E-003   4.9453883062669964E-003  -5.6265588376774320E-003
   6.5439766014360554E-003   4.9938003186484154E-003  -5.6199945555786054E-003
   6.6067671598630806E-003   5.0427183981457038E-003  -5.6119716340263925E-003
   6.6690790476699336E-003   5.0920496849133729E-003  -5.6028254443249532E-003
   6.7305036763617597E-003   5.1422534109860319E-003  -5.5925006741087725E-003
   6.7923174539271727E-003   5.1917877233851259E-003  -5.5813020671236216E-003
   6.8534910462370166E-003   5.2419332057300821E-003  -5.5693345191002988E-003
   6.9142534678315977E-003   5.2924746980569570E-003  -5.5569455856403095E-003
   6.9744846272539783E-003   5.3436079652324957E-003  -5.5443918442050271E-003
   7.0345444451538749E-003   5.3947396945492774E-003  -5.5310365259116064E-003
   7.0940710198706160E-003   5.4460703892268876E-003  -5.5161453643299482E-003
   7.1546649716288848E-003   5.4958149104642993E-003  -5.5002125173360585E-003
   7.2146528233381210E-003   5.5459501031445788E-003  -5.4832443087949670E-003
   7.2737215143228685E-003   5.5969394998291282E-003  -5.4656099339495095E-003
   7.3323078952161778E-003   5.6477493290689003E-003  -5.4459631218241556E-003
   7.3916638189185854E-003   5.6969659474373673E-003  -5.4246417992361278E-003
   7.4509366803261938E-003   5.7466112224166966E-003  -5.4040973456391649E-003
   7.5099861617687006E-003   5.7958498679829005E-003  -5.3819904570218801E-003
   7.5692219232258761E-003   5.8449888428987453E-003  -5.3601619043883234E-003
   7.6279161468399467E-003   5.8949261896925871E-003  -5.3386851842641761E-003
   7.6860183462834509E-003   5.9444763568938779E-003  -5.3148332377827403E-003
   7.7440082564300605E-003   5.9944095847467294E-003  -5.2915127944031101E-003
   7.8020572856792375E-003   6.0440232700338346E-003  -5.2676634246063402E-003
   7.8592759496483432E-003   6.0942477042862601E-003  -5.2430965629465401E-003
   7.9163969908963988E-003   6.1440366505819063E-003  -5.2174402288489106E-003
   7.9735226269743824E-003   6.1930626913423315E-003  -5.1903642427673152E-003
   8.0304274533514915E-003   6.2415465359600400E-003  -5.1618834149037831E-003
   8.0879005920524126E-003   6.2883592136273982E-003  -5.1317933579470548E-003
   8.1450979053473080E-003   6.3351971194937082E-003  -5.1012208549389816E-003
   8.2016295141594617E-003   6.3818220346030293E-003  -5.0691226543769577E-003
   8.2582159316110185E-003   6.4271097036816662E-003  -5.0352552009846965E-003
   8.3151932001942659E-003   6.4717699554900721E-003  -5.0012103368145683E-003
   8.3715565549826541E-003   6.5160464572719410E-003  -4.9656749513656258E-003
   8.4282270132185581E-003   6.5598627868938258E-003  -4.9300577023309953E-003
   8.4844531366569647E-003   6.6037214378132448E-003  -4.8937941974774987E-003
   8.5397848393661147E-003   6.6480947966281456E-003  -4.8567886885453751E-003
   8.5956608755636821E-003   6.6919812156080042E-003  -4.8200211646374962E-003
   8.6509671349547825E-003   6.7358268869891916E-003  -4.7823545379008384E-003
   8.7055264833204079E-003   6.7790472873407613E-003  -4.7429175691226198E-003
   8.7598042450653859E-003   6.8215087785918910E-003  -4.7022857301741187E-003
   8.8143186328607862E-003   6.8631865003605328E-003  -4.6611621478229222E-003
   8.8683067219752429E-003   6.9043777109579598E-003  -4.6188706543998474E-003
   8.9213395690285417E-003   6.9454356453265680E-003  -4.5752614448882623E-003
   8.9742418276049837E-003   6.9852435049501992E-003  -4.5303539249408262E-003
   9.0265521557639679E-003   7.0246376923648194E-003  -4.4844003879449500E-003
   9.0783255864509589E-003   7.0633564177468638E-003  -4.4372795626327136E-003
   9.1286826966276453E-003   7.1018507263140088E-003  -4.3884702431131175E-003
   9.1778069616473227E-003   7.1408675805359808E-003  -4.3388265962356629E-003
   9.2262783541727789E-003   7.1808059657077544E-003  -4.2892741039244854E-003
   9.2731318349049564E-003   7.2213065139345653E-003  -4.2386336366142556E-003
   9.3183360455905834E-003   7.2631779286034155E-003  -4.1876104656384796E-003
   9.3640019175063368E-003   7.3054111606164476E-003  -4.1373015971153775E-003
   9.4098116347272488E-003   7.3475289177647504E-003  -4.0870267092432515E-003
   9.4543425335690701E-003   7.3898601438874339E-003  -4.0357913080305875E-003
   9.4988666992405490E-003   7.4311609560097280E-003  -3.9837159626948419E-003
   9.5430300381601097E-003   7.4719575825825998E-003  -3.9309406393093684E-003
   9.5861688405215577E-003   7.5133073173295328E-003  -3.8777500089214483E-003
   9.6287035195230363E-003   7.5533287923123344E-003  -3.8230775055780324E-003
   9.6712888932446936E-003   7.5920914467831743E-003  -3.7675442491963422E-003
   9.7130965943653912E-003   7.6320486886497802E-003  -3.7122673557784241E-003
   9.7546304076826761E-003   7.6718134132756927E-003  -3.6566462353811841E-003
   9.7964314009893506E-003   7.7107878515852097E-003  -3.6006670417501828E-003
   9.8381425690792328E-003   7.7491963716948033E-003  -3.5442315561838018E-003
   9.8803326259294267E-003   7.7865694831777315E-003  -3.4874578857641688E-003
   9.9219115419218341E-003   7.8234937649964906E-003  -3.4299444859577353E-003
   9.9624559523334051E-003   7.8604500757989727E-003  -3.3717175001796882E-003
   1.0003935085496849E-002   7.8974728134122759E-003  -3.3141953444296812E-003
   1.0045203840670848E-002   7.9338992049037931E-003  -3.2561435756231190E-003
   1.0087013771690061E-002   7.9703770349952626E-003  -3.1985128756786079E-003
   1.0128779355214342E-002   8.0071195431482677E-003  -3.1410183183100387E-003
   1.0171572699768787E-002   8.0442351605284311E-003  -3.0845279597475489E-003
   1.0212942141488676E-002   8.0821630291249419E-003  -3.0275187844105598E-003
   1.0253955488758938E-002   8.1193636701324765E-003  -2.9697778314149575E-003
   1.0294276956888389E-002   8.1568797344459699E-003  -2.9117543523253932E-003
   1.0334545271460807E-002   8.1948072147837604E-003  -2.8539618867388745E-003
   1.0374376997695792E-002   8.2323037446931369E-003  -2.7955885723768828E-003
   1.0413064988177369E-002   8.2698603425157158E-003  -2.7364891531692932E-003
   1.0452411005121216E-002   8.3079948403073280E-003  -2.6781997800551173E-003
   1.0492500669653343E-002   8.3441113374846717E-003  -2.6191369538489427E-003
   1.0532211677669353E-002   8.3812803380548442E-003  -2.5604726441091552E-003
   1.0570971573581717E-002   8.4191713149005375E-003  -2.5016343543446990E-003
   1.0609083250957782E-002   8.4564457926188143E-003  -2.4419844309668329E-003
   1.0648351383123337E-002   8.4932011125482803E-003  -2.3827639931836985E-003
   1.0686907306625649E-002   8.5289088023548631E-003  -2.3224448283319286E-003
   1.0725058108365678E-002   8.5654810909227344E-003  -2.2623866563323517E-003
   1.0764057928139500E-002   8.6016315664614439E-003  -2.2026191301892507E-003
   1.0802436477231937E-002   8.6371012621832468E-003  -2.1420469611670985E-003
   1.0840732891106469E-002   8.6714054450907040E-003  -2.0807557895220650E-003
   1.0878970061855651E-002   8.7061565762159322E-003  -2.0196797905354569E-003
   1.0916685626373164E-002   8.7410413327017617E-003  -1.9583561412817390E-003
   1.0954816295934013E-002   8.7748482576022711E-003  -1.8966865063692105E-003
   1.0992090837250612E-002   8.8097822363943767E-003  -1.8351216974127952E-003
   1.1029358136340390E-002   8.8448702415217847E-003  -1.7736401529766925E-003
   1.1066008494905010E-002   8.8792468860385675E-003  -1.7113906748031547E-003
   1.1102816527903530E-002   8.9130109851603065E-003  -1.6488994408671738E-003
   1.1139459621570770E-002   8.9474892949540953E-003  -1.5867019341397107E-003
   1.1175155166815699E-002   8.9822477370720029E-003  -1.5241105709283566E-003
   1.1211195580159225E-002   9.0158989311481304E-003  -1.4611130650719387E-003
   1.1246655691955019E-002   9.0499877688612132E-003  -1.3980216107112478E-003
   1.1281629293626524E-002   9.0839467343267009E-003  -1.3345894749195689E-003
   1.1317726264320477E-002   9.1176086330562144E-003  -1.2716300810245757E-003
   1.1352081242635396E-002   9.1507327674382535E-003  -1.2074231718676271E-003
   1.1386548701737225E-002   9.1840834392224874E-003  -1.1433940616410274E-003
   1.1421261300308828E-002   9.2164019828259117E-003  -1.0789693207412976E-003
   1.1456012396877387E-002   9.2506279127572231E-003  -1.0155583830977221E-003
   1.1490665965207066E-002   9.2851820449757830E-003  -9.5227219074863585E-004
   1.1523817042826611E-002   9.3207561535943763E-003  -8.8874669312055492E-004
   1.1557296279162212E-002   9.3564348519607383E-003  -8.2545237096497820E-004
   1.1591509739668309E-002   9.3917393142701772E-003  -7.6234108781247955E-004
   1.1625576045789432E-002   9.4260112622375908E-003  -6.9858435980721834E-004
   1.1658563251608325E-002   9.4596421772588212E-003  -6.3392520881433532E-004
   1.1692956876289911E-002   9.4940234399235948E-003  -5.7040350101267279E-004
   1.1726617742343924E-002   9.5283082301265594E-003  -5.0643867275547210E-004
   1.1761465798292351E-002   9.5624765105958732E-003  -4.4304985982708116E-004
   1.1796545575738041E-002   9.5957189718833165E-003  -3.7929762080207024E-004
   1.1831638991877733E-002   9.6292842772687584E-003  -3.1572229209335330E-004
   1.1867007941290673E-002   9.6624953743778014E-003  -2.5211364138285263E-004
   1.1903217656964008E-002   9.6960981954254868E-003  -1.8918743931525049E-004
   1.1939001049997063E-002   9.7297858998970626E-003  -1.2606305929750478E-004
   1.1975530770545481E-002   9.7622816484174892E-003  -6.2741610754542821E-005
   1.2012500000010556E-002   9.7953991113085854E-003   7.9707046548963404E-015
