   3.5527136787915414E-015   3.5421283062120660E-015   7.1340190668712902E-015
   2.6105358975681274E-005   3.5726309070812342E-005  -6.6649389131651047E-005
   5.2811430626509291E-005   7.0827981865601998E-005  -1.3339261574108876E-004
   8.0034935890188481E-005   1.0646861042493258E-004  -1.9963932399224993E-004
   1.0721800910803293E-004   1.4257177684856502E-004  -2.6565176147730715E-004
   1.3459143886169865E-004   1.7742005248241427E-004  -3.3225726448858557E-004
   1.6198763104528248E-004   2.1253557310036488E-004  -3.9871288025405824E-004
   1.8907676963761765E-004   2.4937135790506401E-004  -4.6435816584707495E-004
   2.1733870937609199E-004   2.8658943763629522E-004  -5.2928949344634233E-004
   2.4604353797392126E-004   3.2470131688117770E-004  -5.9350411388567727E-004
   2.7444148478546128E-004   3.6397946010793597E-004  -6.5714988425245814E-004
   3.0282097124996769E-004   4.0342600483979601E-004  -7.2069966677770151E-004
   3.3096554131082083E-004   4.4269692219205727E-004  -7.8446233784666664E-004
   3.5836220392026943E-004   4.8251403534189301E-004  -8.4821200748340494E-004
   3.8605455305545038E-004   5.2201535131576665E-004  -9.1203034210131807E-004
   4.1345359845523029E-004   5.6134553908700798E-004  -9.7608054624880166E-004
   4.4229406214844430E-004   6.0065046202506360E-004  -1.0395104341699146E-003
   4.7144126780784086E-004   6.3957583584533107E-004  -1.1030340964673963E-003
   5.0018747540893078E-004   6.7889305201518639E-004  -1.1664991424361849E-003
   5.2875830156611859E-004   7.1834019088180747E-004  -1.2299627628758879E-003
   5.5638587213417559E-004   7.5837118736973397E-004  -1.2934784040163456E-003
   5.8375525915236367E-004   7.9975472145074524E-004  -1.3562344378546820E-003
   6.1235649084237010E-004   8.4128732079811054E-004  -1.4183392905149721E-003
   6.4025710331864453E-004   8.8317334386650050E-004  -1.4805254376075495E-003
   6.6828576316548200E-004   9.2514875619858204E-004  -1.5425936177403509E-003
   6.9638043236405940E-004   9.6742855720547815E-004  -1.6044249042405346E-003
   7.2540005347911639E-004   1.0090388132819414E-003  -1.6662831953287145E-003
   7.5420378861615746E-004   1.0505035272029635E-003  -1.7283398013222117E-003
   7.8279218733210321E-004   1.0927708656797020E-003  -1.7899529131557381E-003
   8.1225563282548137E-004   1.1359998578472856E-003  -1.8504769547594366E-003
   8.4211045018053952E-004   1.1800778587095374E-003  -1.9101914398842008E-003
   8.7246458101032415E-004   1.2244456992605778E-003  -1.9694377179035770E-003
   9.0362945410627817E-004   1.2678398626867998E-003  -2.0289834756115756E-003
   9.3517909631870687E-004   1.3108164768900596E-003  -2.0886293530527848E-003
   9.6688577539565926E-004   1.3543426975721859E-003  -2.1477914576465067E-003
   9.9866360148242713E-004   1.3979350083575615E-003  -2.2068666657962237E-003
   1.0300814145010077E-003   1.4422686080634009E-003  -2.2655816804951125E-003
   1.0614808992328462E-003   1.4876364106315636E-003  -2.3235112484983277E-003
   1.0936016972716259E-003   1.5329199755040395E-003  -2.3811103204072629E-003
   1.1257924124118074E-003   1.5783100988248681E-003  -2.4385863551321181E-003
   1.1571287718680065E-003   1.6245151210583385E-003  -2.4958849458775957E-003
   1.1898751039028351E-003   1.6710509371198582E-003  -2.5521174593333253E-003
   1.2218432228299448E-003   1.7180283769230118E-003  -2.6084305085191588E-003
   1.2550340293468879E-003   1.7657128808580378E-003  -2.6634264941179419E-003
   1.2889551382895131E-003   1.8143052297800958E-003  -2.7171679307088576E-003
   1.3229915237138060E-003   1.8622370331536331E-003  -2.7714271851737669E-003
   1.3567858773545472E-003   1.9099586069885443E-003  -2.8260219929792606E-003
   1.3914285512751040E-003   1.9580248295771540E-003  -2.8797762803902957E-003
   1.4246587386729551E-003   2.0059470974898362E-003  -2.9345413320951488E-003
   1.4581368899424401E-003   2.0542654859074566E-003  -2.9888050098785157E-003
   1.4908136435270688E-003   2.1024065601568756E-003  -3.0437109908286013E-003
   1.5231853721527338E-003   2.1500781463217895E-003  -3.0992041530262392E-003
   1.5558520991756971E-003   2.1973786794905227E-003  -3.1548417707059464E-003
   1.5894860852130491E-003   2.2450706598862659E-003  -3.2095613283053053E-003
   1.6243193184800569E-003   2.2930733331112132E-003  -3.2632492155401462E-003
   1.6600434858765590E-003   2.3408866746091172E-003  -3.3165189839700067E-003
   1.6962595741109618E-003   2.3890035544213307E-003  -3.3691797932534702E-003
   1.7329069869940611E-003   2.4371879697770763E-003  -3.4214792125724278E-003
   1.7695035639902787E-003   2.4850506656883369E-003  -3.4741086042997488E-003
   1.8062159709447995E-003   2.5338775817947048E-003  -3.5257625629749895E-003
   1.8432402604171181E-003   2.5824441259366840E-003  -3.5774393736978313E-003
   1.8809230230018225E-003   2.6310765917232182E-003  -3.6285753950770997E-003
   1.9187303055097924E-003   2.6794911471019612E-003  -3.6798261534555128E-003
   1.9566051152184734E-003   2.7287072360016799E-003  -3.7302570503804687E-003
   1.9942463109219885E-003   2.7778881053010566E-003  -3.7808967827130473E-003
   2.0318606123529478E-003   2.8279036927693251E-003  -3.8307325663340976E-003
   2.0687684258680525E-003   2.8791863740601359E-003  -3.8798029230019625E-003
   2.1065789702515341E-003   2.9309187506114994E-003  -3.9276999370886807E-003
   2.1441654660601535E-003   2.9829776676466328E-003  -3.9754191626865804E-003
   2.1818114063963845E-003   3.0347313750994950E-003  -4.0234226722112819E-003
   2.2213918008213000E-003   3.0856124753834333E-003  -4.0707988900898894E-003
   2.2621104956805516E-003   3.1363362456713882E-003  -4.1173723481917994E-003
   2.3035041962979675E-003   3.1864620774304320E-003  -4.1639981195333887E-003
   2.3454368172285051E-003   3.2368119303410143E-003  -4.2098952611473485E-003
   2.3881397577498291E-003   3.2870917292079347E-003  -4.2551545220725897E-003
   2.4292169350481692E-003   3.3390666969266591E-003  -4.3000016874620364E-003
   2.4713721770716849E-003   3.3904290641075200E-003  -4.3445532622097358E-003
   2.5143906871474761E-003   3.4416659652736349E-003  -4.3884188266658242E-003
   2.5586363286947979E-003   3.4928783152054534E-003  -4.4310758121373899E-003
   2.6038581195715537E-003   3.5438006599029714E-003  -4.4730508576196603E-003
   2.6490948173177892E-003   3.5942930648191003E-003  -4.5155262412841651E-003
   2.6953616076220671E-003   3.6445960122678195E-003  -4.5571074582295675E-003
   2.7416381369429854E-003   3.6945958220200902E-003  -4.5990419531264709E-003
   2.7880254153066471E-003   3.7449334732118722E-003  -4.6404465577031435E-003
   2.8345456537062384E-003   3.7962050614836059E-003  -4.6805351053644112E-003
   2.8821519634424004E-003   3.8477401640426923E-003  -4.7189769117874933E-003
   2.9300832467366389E-003   3.8999214482676710E-003  -4.7561213011389231E-003
   2.9792714906187717E-003   3.9517782146848068E-003  -4.7920572503162397E-003
   3.0297831715079626E-003   4.0027206161312671E-003  -4.8274612306719407E-003
   3.0810530806649069E-003   4.0540914428423905E-003  -4.8611128959943125E-003
   3.1329357583322445E-003   4.1053939774336736E-003  -4.8939189579663145E-003
   3.1853562518778370E-003   4.1567738308470091E-003  -4.9257340885088428E-003
   3.2385254031939759E-003   4.2078665678906618E-003  -4.9567594581396181E-003
   3.2917864924429134E-003   4.2593950812574548E-003  -4.9868936359147463E-003
   3.3455178554848675E-003   4.3110635873162004E-003  -5.0159333694093661E-003
   3.3996104935994182E-003   4.3630308879416338E-003  -5.0437431906735133E-003
   3.4546948513766301E-003   4.4146899347664529E-003  -5.0701450164872108E-003
   3.5109484846636983E-003   4.4650315312383306E-003  -5.0966261875937105E-003
   3.5670329524831209E-003   4.5158848453502546E-003  -5.1224810306777085E-003
   3.6235422726038570E-003   4.5670251832877025E-003  -5.1467989779367326E-003
   3.6805400401923611E-003   4.6178309796695970E-003  -5.1706741857408403E-003
   3.7380030967779075E-003   4.6683826034728676E-003  -5.1939664691247238E-003
   3.7956552790118355E-003   4.7189610001531646E-003  -5.2167272175596604E-003
   3.8534905588472634E-003   4.7697541425967696E-003  -5.2385248571882106E-003
   3.9116029414558865E-003   4.8204827288178334E-003  -5.2597277231362745E-003
   3.9695412384268356E-003   4.8714379682821820E-003  -5.2808634115663966E-003
   4.0285911741789176E-003   4.9209560073610889E-003  -5.3023359259043905E-003
   4.0876741023539234E-003   4.9713085755407746E-003  -5.3216705188525405E-003
   4.1475544928103658E-003   5.0214396582309974E-003  -5.3390260190206889E-003
   4.2072246754201069E-003   5.0722931155283207E-003  -5.3549444106571155E-003
   4.2673498206317146E-003   5.1230592247757294E-003  -5.3693586071455138E-003
   4.3275445836020235E-003   5.1740313388020263E-003  -5.3827165300322768E-003
   4.3881653404311601E-003   5.2244384369223339E-003  -5.3962903394012300E-003
   4.4493859639141951E-003   5.2740477841584114E-003  -5.4101087301318346E-003
   4.5106134534953083E-003   5.3239101585227664E-003  -5.4229515546921113E-003
   4.5714215142539155E-003   5.3743604979409011E-003  -5.4354872240054610E-003
   4.6325260398476916E-003   5.4245338892022826E-003  -5.4476883615290775E-003
   4.6941422341192762E-003   5.4744886434766101E-003  -5.4580790850172018E-003
   4.7567662930812380E-003   5.5234848811531335E-003  -5.4668879401935880E-003
   4.8194988925469532E-003   5.5725878682057828E-003  -5.4742035149917215E-003
   4.8825287186577467E-003   5.6212589361144087E-003  -5.4818434215971731E-003
   4.9457104806871419E-003   5.6698643905809080E-003  -5.4885943281481981E-003
   5.0088327025389276E-003   5.7186148377382983E-003  -5.4948376461177954E-003
   5.0729227040093201E-003   5.7660723005839420E-003  -5.5011827962596774E-003
   5.1371592587119248E-003   5.8136490581609497E-003  -5.5043635465273242E-003
   5.2018455743433577E-003   5.8607179671510959E-003  -5.5048089435564603E-003
   5.2658523280510981E-003   5.9086963238272052E-003  -5.5037076833916862E-003
   5.3301658347207634E-003   5.9561645576969189E-003  -5.5004612041212250E-003
   5.3944585497558567E-003   6.0035205396809684E-003  -5.4955767628847843E-003
   5.4592231144717333E-003   6.0501525323555612E-003  -5.4900082424998060E-003
   5.5239849788391044E-003   6.0965449463361854E-003  -5.4826839779880503E-003
   5.5894103285884190E-003   6.1418986865312422E-003  -5.4747743724352649E-003
   5.6557104787683067E-003   6.1857245556117980E-003  -5.4656319829808854E-003
   5.7223377015962786E-003   6.2286986236841689E-003  -5.4549529074688881E-003
   5.7882724430676821E-003   6.2723489616599579E-003  -5.4428179223751979E-003
   5.8544046586347627E-003   6.3155437348874797E-003  -5.4301395301216415E-003
   5.9204172975336347E-003   6.3586287617473638E-003  -5.4165009096804866E-003
   5.9858506935676799E-003   6.4025552184865777E-003  -5.4027554712099812E-003
   6.0517278574085459E-003   6.4456519224061690E-003  -5.3885121079473523E-003
   6.1172350710445838E-003   6.4889505970712781E-003  -5.3732140776934683E-003
   6.1836647007638091E-003   6.5308976728765660E-003  -5.3581294121842283E-003
   6.2501542297930405E-003   6.5723789077811829E-003  -5.3420530420574984E-003
   6.3170437181002802E-003   6.6133397535369119E-003  -5.3263048527088979E-003
   6.3837105793933891E-003   6.6547450884890773E-003  -5.3107765608496850E-003
   6.4511357765599459E-003   6.6948059341668809E-003  -5.2949977322872153E-003
   6.5182252988976626E-003   6.7350198945175833E-003  -5.2782098383025782E-003
   6.5847904327667323E-003   6.7757446892782371E-003  -5.2605867271826156E-003
   6.6518115842557051E-003   6.8158094146324455E-003  -5.2431803192970810E-003
   6.7187636055973986E-003   6.8559918778684989E-003  -5.2257792708271938E-003
   6.7862600125259296E-003   6.8944545958949076E-003  -5.2066781093048492E-003
   6.8540582111091472E-003   6.9314969818585039E-003  -5.1859111665372810E-003
   6.9219448491917874E-003   6.9679369709012094E-003  -5.1643813832041169E-003
   6.9893935697204019E-003   7.0040532345149766E-003  -5.1410086297102604E-003
   7.0567535851442584E-003   7.0395688010088569E-003  -5.1164877640471514E-003
   7.1243450154605077E-003   7.0741247524394261E-003  -5.0912432641632916E-003
   7.1917576585094822E-003   7.1093105809905410E-003  -5.0663938573598860E-003
   7.2579469484051586E-003   7.1449744894846326E-003  -5.0390613941737345E-003
   7.3243119280569672E-003   7.1788165036389866E-003  -5.0098996462142747E-003
   7.3903134649198586E-003   7.2127022392083897E-003  -4.9799738367710834E-003
   7.4557552492260570E-003   7.2460835294913357E-003  -4.9483026778245811E-003
   7.5205940758623722E-003   7.2793792739801171E-003  -4.9153281426609881E-003
   7.5841584869898527E-003   7.3126633645527756E-003  -4.8799482761265160E-003
   7.6466157947598602E-003   7.3465493635388457E-003  -4.8431947215936662E-003
   7.7093221655640072E-003   7.3792881684240043E-003  -4.8058305446013984E-003
   7.7718222191167537E-003   7.4126414057570931E-003  -4.7686646345896514E-003
   7.8336978696928895E-003   7.4452642866157191E-003  -4.7298425854587741E-003
   7.8957213713489929E-003   7.4769606554657498E-003  -4.6904925479695240E-003
   7.9563840031670052E-003   7.5098306879078404E-003  -4.6500004985693148E-003
   8.0171617624128100E-003   7.5431320233887815E-003  -4.6100369521381458E-003
   8.0772363464381956E-003   7.5759219509635616E-003  -4.5686139512890276E-003
   8.1369989695880603E-003   7.6090522852128844E-003  -4.5270109487440422E-003
   8.1975593755437646E-003   7.6412514114441322E-003  -4.4858326351191182E-003
   8.2577413195449763E-003   7.6723072286134734E-003  -4.4432454324443236E-003
   8.3177307995480100E-003   7.7036795082002793E-003  -4.4006186525913276E-003
   8.3767874650208813E-003   7.7357333582781379E-003  -4.3572036672177659E-003
   8.4357162348544529E-003   7.7681126469295973E-003  -4.3138564441153136E-003
   8.4946225066685893E-003   7.8000520936021148E-003  -4.2701537794755497E-003
   8.5527942676976373E-003   7.8322095813644372E-003  -4.2256347700305695E-003
   8.6105095585339696E-003   7.8656362564846760E-003  -4.1814578236456694E-003
   8.6674803418502651E-003   7.8988437293509364E-003  -4.1361633031495471E-003
   8.7241132241279370E-003   7.9323547637439439E-003  -4.0906690482896725E-003
   8.7816395679024759E-003   7.9656800139373055E-003  -4.0461702003544171E-003
   8.8380344300628150E-003   7.9985440680784871E-003  -3.9999146766081569E-003
   8.8938622096321196E-003   8.0314748704113214E-003  -3.9530230858878541E-003
   8.9484578843405348E-003   8.0649980578589020E-003  -3.9051116237002912E-003
   9.0030861666544962E-003   8.0985446568510935E-003  -3.8572537458731434E-003
   9.0565269304166678E-003   8.1330083008365316E-003  -3.8087115785774852E-003
   9.1094416492513899E-003   8.1677868494867134E-003  -3.7598189913710615E-003
   9.1622686874894364E-003   8.2015209251561048E-003  -3.7101066571799029E-003
   9.2154080288391078E-003   8.2346388823806415E-003  -3.6603129697608469E-003
   9.2691689272162859E-003   8.2664136093178187E-003  -3.6103116443664809E-003
   9.3223889920591701E-003   8.2987953457143143E-003  -3.5601215273248737E-003
   9.3757672162755289E-003   8.3300036747656330E-003  -3.5093592837875461E-003
   9.4286964180201171E-003   8.3613306898225187E-003  -3.4582015107516278E-003
   9.4819517468457768E-003   8.3921284460449393E-003  -3.4070608404040510E-003
   9.5347208561145490E-003   8.4233803580884264E-003  -3.3556921816986574E-003
   9.5868503103075254E-003   8.4535851722826391E-003  -3.3030595948766832E-003
   9.6391637853046643E-003   8.4830145411679998E-003  -3.2501709137344867E-003
   9.6912119792850523E-003   8.5105620337032634E-003  -3.1960218495281044E-003
   9.7423770475615814E-003   8.5378709828094496E-003  -3.1409187000126381E-003
   9.7934326048739941E-003   8.5647594255555681E-003  -3.0855080357287522E-003
   9.8437836946725053E-003   8.5905915573993227E-003  -3.0289618712466600E-003
   9.8938671510574155E-003   8.6165654116290413E-003  -2.9722432121340077E-003
   9.9437385922163460E-003   8.6415423858958416E-003  -2.9148934945017260E-003
   9.9929388645087248E-003   8.6661494302146917E-003  -2.8568088443942925E-003
   1.0041872540657165E-002   8.6901034534548182E-003  -2.7982281299141960E-003
   1.0090805390011580E-002   8.7143801677082508E-003  -2.7397797133634897E-003
   1.0139757626880557E-002   8.7381079551322530E-003  -2.6811224836419492E-003
   1.0188458508042671E-002   8.7620784551800633E-003  -2.6223548113067222E-003
   1.0237220037520200E-002   8.7848179884936015E-003  -2.5631498548759580E-003
   1.0286886982016344E-002   8.8067602717265166E-003  -2.5043984222907849E-003
   1.0335193189107486E-002   8.8303175755994525E-003  -2.4451399731781455E-003
   1.0381895142372501E-002   8.8541054904620661E-003  -2.3846994018226625E-003
   1.0428575409236668E-002   8.8775398781167688E-003  -2.3241041696862902E-003
   1.0475047136411932E-002   8.9016460934505590E-003  -2.2636122781305255E-003
   1.0521316863055796E-002   8.9251906909312718E-003  -2.2027455028652463E-003
   1.0567129844758888E-002   8.9489854585996179E-003  -2.1416310222233236E-003
   1.0613210328311225E-002   8.9728277938512600E-003  -2.0807365882612341E-003
   1.0658931648558233E-002   8.9968445676549894E-003  -2.0196403081414382E-003
   1.0704190971978788E-002   9.0208333705330164E-003  -1.9581900764104373E-003
   1.0748814329236878E-002   9.0443854448570195E-003  -1.8961090343390169E-003
   1.0792851581856317E-002   9.0683224424533380E-003  -1.8337572858928557E-003
   1.0836918791188092E-002   9.0923405443618776E-003  -1.7714579132317170E-003
   1.0879843368517546E-002   9.1173756117908528E-003  -1.7087624104908273E-003
   1.0924306939566929E-002   9.1425890887009940E-003  -1.6472215993716334E-003
   1.0968657279864610E-002   9.1690619870485029E-003  -1.5861295952190593E-003
   1.1011977206634152E-002   9.1960937764449663E-003  -1.5245449680450576E-003
   1.1055833260816430E-002   9.2232337232643694E-003  -1.4633888579741587E-003
   1.1099189266091195E-002   9.2500299251279134E-003  -1.4017267109882655E-003
   1.1142128394624751E-002   9.2766657758762937E-003  -1.3397044351824016E-003
   1.1184097348988137E-002   9.3029630675584615E-003  -1.2768788088917266E-003
   1.1227137170193385E-002   9.3286540651206229E-003  -1.2145286169756870E-003
   1.1269674378275531E-002   9.3531540801450770E-003  -1.1513595169806348E-003
   1.1311403811197922E-002   9.3786981841585230E-003  -1.0880653373244609E-003
   1.1352365998599030E-002   9.4046182265486583E-003  -1.0244237580614509E-003
   1.1393595411466324E-002   9.4309245055651126E-003  -9.6111408113726195E-004
   1.1435614521388643E-002   9.4563396336587516E-003  -8.9795978068548158E-004
   1.1477460813996920E-002   9.4806181668249390E-003  -8.3424604102056744E-004
   1.1519599525173427E-002   9.5052010554767339E-003  -7.7084248744632472E-004
   1.1561637462606786E-002   9.5304583819082692E-003  -7.0763743010038814E-004
   1.1603147883732514E-002   9.5558870232905282E-003  -6.4415302937550795E-004
   1.1644468783367766E-002   9.5806571104011824E-003  -5.8028577609955435E-004
   1.1685323922970879E-002   9.6058580481359571E-003  -5.1628757063995286E-004
   1.1726808752638882E-002   9.6305726360405297E-003  -4.5250514319975752E-004
   1.1768810642372741E-002   9.6547445969163443E-003  -3.8885329668298350E-004
   1.1809624995405294E-002   9.6795385561584402E-003  -3.2467036924866457E-004
   1.1850339312692356E-002   9.7028033895338837E-003  -2.5985453866028403E-004
   1.1890599881582279E-002   9.7255997475633460E-003  -1.9459036279463352E-004
   1.1930948596782145E-002   9.7483434906571551E-003  -1.2936227579247333E-004
   1.1971449060287924E-002   9.7720960753435223E-003  -6.4589386576671351E-005
   1.2012500000010523E-002   9.7953991113085299E-003   7.9722030785343760E-015
