   3.5527136787916006E-015   3.5421283062121334E-015   7.1340190668714385E-015
   3.4965659808995697E-005   2.6135346545442482E-005  -6.7039885842349337E-005
   7.0693984496586896E-005   5.2243121515399164E-005  -1.3368724809612319E-004
   1.0613230246751518E-004   7.8989622716673215E-005  -2.0023610450960348E-004
   1.4226587245794002E-004   1.0542347018073375E-004  -2.6653555266786415E-004
   1.7924239279945163E-004   1.3078266154789933E-004  -3.3278997409884255E-004
   2.1651938571120465E-004   1.5706082762659014E-004  -3.9851579694036250E-004
   2.5420330059978030E-004   1.8316567256873516E-004  -4.6407843585657239E-004
   2.9229395276239502E-004   2.0864216741980831E-004  -5.2965320561134657E-004
   3.2973309615278579E-004   2.3450349786421267E-004  -5.9545215797695368E-004
   3.6788424042513191E-004   2.6044523583328448E-004  -6.6080899714388952E-004
   4.0672699978011221E-004   2.8695197474576704E-004  -7.2552864516667109E-004
   4.4523525148764813E-004   3.1319672116379683E-004  -7.9055423883045461E-004
   4.8356370708383935E-004   3.3988959582197407E-004  -8.5550360322001265E-004
   5.2129839993949277E-004   3.6753891032071957E-004  -9.2040050885150014E-004
   5.5910316889660431E-004   3.9588997618275124E-004  -9.8495294117482155E-004
   5.9804227880695118E-004   4.2324333947862578E-004  -1.0492610995272902E-003
   6.3687412141605251E-004   4.5108709949828805E-004  -1.1134234952433989E-003
   6.7469149264202531E-004   4.8012306863688984E-004  -1.1776633499159517E-003
   7.1209953499077802E-004   5.0914669256113109E-004  -1.2421479807462822E-003
   7.4934731046881096E-004   5.3901791427097970E-004  -1.3063376476739478E-003
   7.8670404736463928E-004   5.6872437211720462E-004  -1.3705404559663471E-003
   8.2370766466489422E-004   5.9959664363818668E-004  -1.4343968193494781E-003
   8.6199862972008684E-004   6.2974803702399429E-004  -1.4978373069524686E-003
   9.0107864409489518E-004   6.6049015685574629E-004  -1.5605084689247748E-003
   9.3967260955320122E-004   6.9136863976715878E-004  -1.6234133584336527E-003
   9.7998286781833077E-004   7.2237399282616688E-004  -1.6851689343523296E-003
   1.0202727662091981E-003   7.5452105742801229E-004  -1.7463513691760571E-003
   1.0611357538217756E-003   7.8735889011801743E-004  -1.8067822634310721E-003
   1.1021094035750187E-003   8.2068606829931504E-004  -1.8668693603537075E-003
   1.1441140462185493E-003   8.5371348044121110E-004  -1.9264075838460232E-003
   1.1867545849332166E-003   8.8528644299672003E-004  -1.9862818895734521E-003
   1.2293599896676909E-003   9.1834994030765243E-004  -2.0453715217311095E-003
   1.2718340106775193E-003   9.5271631353904200E-004  -2.1038087523126566E-003
   1.3147587764891426E-003   9.8759430963752206E-004  -2.1616100487778507E-003
   1.3577941704278459E-003   1.0229385473458585E-003  -2.2190447050206559E-003
   1.4004625711694532E-003   1.0577692843795608E-003  -2.2770639029182226E-003
   1.4438417719875890E-003   1.0916033263563987E-003  -2.3351457635995758E-003
   1.4871231939315196E-003   1.1260980411441368E-003  -2.3929110919998320E-003
   1.5313560969608272E-003   1.1604447616801916E-003  -2.4500403584228874E-003
   1.5765869980766127E-003   1.1940745155503644E-003  -2.5068136377351430E-003
   1.6218940511335822E-003   1.2279661144451732E-003  -2.5633700739334680E-003
   1.6672019830021058E-003   1.2617947888201853E-003  -2.6199634665392880E-003
   1.7115407052475243E-003   1.2963522351155719E-003  -2.6768832399044619E-003
   1.7562955976384671E-003   1.3313526319701288E-003  -2.7332035012641075E-003
   1.8004230804226518E-003   1.3658752735077287E-003  -2.7903082513893022E-003
   1.8442466165664976E-003   1.4013238669873722E-003  -2.8470787973329257E-003
   1.8885432644694599E-003   1.4366077684681432E-003  -2.9035841360739701E-003
   1.9331090534190150E-003   1.4721534262096298E-003  -2.9597125306320264E-003
   1.9779256741290258E-003   1.5081355357175982E-003  -3.0153610553362155E-003
   2.0224325532981332E-003   1.5447620917545632E-003  -3.0708374746359676E-003
   2.0667341483437624E-003   1.5816577183499320E-003  -3.1262999070291644E-003
   2.1112377529261452E-003   1.6196317378486160E-003  -3.1808654915656356E-003
   2.1558247145234697E-003   1.6589647467709291E-003  -3.2343904134181779E-003
   2.2005295046285921E-003   1.6968673655223827E-003  -3.2888410630540349E-003
   2.2465334915830054E-003   1.7338462268702891E-003  -3.3428428869830933E-003
   2.2932889845633814E-003   1.7706734396810580E-003  -3.3963001622315902E-003
   2.3400168652802822E-003   1.8077372294379966E-003  -3.4496178953779834E-003
   2.3866077610253801E-003   1.8442187069911402E-003  -3.5034545948545311E-003
   2.4320888407330203E-003   1.8807462011274630E-003  -3.5582014081722850E-003
   2.4769407057467266E-003   1.9185241565152014E-003  -3.6126177318151036E-003
   2.5225395929296900E-003   1.9562013072378544E-003  -3.6664802773184110E-003
   2.5681978376360087E-003   1.9935894539726889E-003  -3.7204937126066235E-003
   2.6144114207775279E-003   2.0306946342869723E-003  -3.7742292716781058E-003
   2.6604311439606294E-003   2.0686259387091587E-003  -3.8275528240050549E-003
   2.7068713669736390E-003   2.1068507293350103E-003  -3.8802991135347747E-003
   2.7534365597144850E-003   2.1461642812390181E-003  -3.9321269773152281E-003
   2.7995315060235187E-003   2.1866142586771443E-003  -3.9834987133057437E-003
   2.8460148398263456E-003   2.2278862775924673E-003  -4.0338566335863749E-003
   2.8924171167818181E-003   2.2693421821614844E-003  -4.0841382073018503E-003
   2.9387607604011261E-003   2.3120424763557251E-003  -4.1334226022076244E-003
   2.9859389243897237E-003   2.3540303289894008E-003  -4.1825269915906488E-003
   3.0329857577587873E-003   2.3964950410495576E-003  -4.2313464929516608E-003
   3.0800544874453142E-003   2.4398784595785462E-003  -4.2793299659086102E-003
   3.1277900421310583E-003   2.4833095508549723E-003  -4.3266063567623551E-003
   3.1751960078445192E-003   2.5277013588423224E-003  -4.3733186871049998E-003
   3.2239548513356359E-003   2.5708282535805661E-003  -4.4198229464435385E-003
   3.2727873310994153E-003   2.6147372555901435E-003  -4.4655108929712618E-003
   3.3228389960919496E-003   2.6590561994304716E-003  -4.5094501924576253E-003
   3.3731987128536828E-003   2.7041611011912876E-003  -4.5522222249981467E-003
   3.4242605391411672E-003   2.7492507940774331E-003  -4.5941699244139503E-003
   3.4757234912283740E-003   2.7943354230135832E-003  -4.6356300354352528E-003
   3.5274350658170968E-003   2.8396733550615657E-003  -4.6765003788966338E-003
   3.5790834644009958E-003   2.8859923311260484E-003  -4.7163374895062169E-003
   3.6311954059216611E-003   2.9317997925269561E-003  -4.7561623815864642E-003
   3.6835766470603441E-003   2.9781214122012200E-003  -4.7950277020032536E-003
   3.7374269436251319E-003   3.0235389168274973E-003  -4.8329407055146441E-003
   3.7913578354086125E-003   3.0685190946405363E-003  -4.8712583583404440E-003
   3.8454839727606938E-003   3.1137823861611042E-003  -4.9089624123993848E-003
   3.9002808964911095E-003   3.1593650083944079E-003  -4.9452876336782683E-003
   3.9542854648822838E-003   3.2059942738634512E-003  -4.9814707539725476E-003
   4.0091668460215425E-003   3.2523744306340863E-003  -5.0166405574114331E-003
   4.0649088047779308E-003   3.2993184654602826E-003  -5.0496419455518761E-003
   4.1200695536786373E-003   3.3473335545475659E-003  -5.0820740745086005E-003
   4.1765723142361622E-003   3.3944129354759444E-003  -5.1135537497750839E-003
   4.2336831551648014E-003   3.4421676893056402E-003  -5.1428425757390371E-003
   4.2911335722824635E-003   3.4901212252565683E-003  -5.1711252198815222E-003
   4.3479012178855945E-003   3.5386370461717139E-003  -5.1998245151711085E-003
   4.4052591360196625E-003   3.5879171398423304E-003  -5.2259308667503973E-003
   4.4628504721963523E-003   3.6369715162692653E-003  -5.2519482865786438E-003
   4.5205610588352416E-003   3.6864686635755830E-003  -5.2768384573715936E-003
   4.5789989975560602E-003   3.7354071515456715E-003  -5.3011290259077247E-003
   4.6376226779560161E-003   3.7845236823833722E-003  -5.3245988041604022E-003
   4.6955828201630870E-003   3.8354152120057298E-003  -5.3458278911478222E-003
   4.7537058095434830E-003   3.8862491003716451E-003  -5.3667475922914874E-003
   4.8126180099375112E-003   3.9367352433525814E-003  -5.3862540533198087E-003
   4.8721239610267156E-003   3.9869969095509645E-003  -5.4044970430546001E-003
   4.9314431626694463E-003   4.0375652059974751E-003  -5.4224992573494325E-003
   4.9916415312404360E-003   4.0874911679142437E-003  -5.4393383412618028E-003
   5.0518782357858987E-003   4.1375245591429247E-003  -5.4557151294614475E-003
   5.1124595303581695E-003   4.1876642900671619E-003  -5.4704091461362393E-003
   5.1730347303586164E-003   4.2382857706643956E-003  -5.4833749028954364E-003
   5.2333880777907732E-003   4.2891776958928892E-003  -5.4963165179580196E-003
   5.2927055559863533E-003   4.3411058649523281E-003  -5.5099143866844435E-003
   5.3514631737796962E-003   4.3939053746664620E-003  -5.5225537745490893E-003
   5.4095768452597859E-003   4.4474524547797756E-003  -5.5350241957164625E-003
   5.4677934929733881E-003   4.5011849295223984E-003  -5.5461436868344113E-003
   5.5263738481853833E-003   4.5546336590319442E-003  -5.5567066079581255E-003
   5.5846238222377704E-003   4.6086313486038135E-003  -5.5662559556163898E-003
   5.6421062765231542E-003   4.6634676979792154E-003  -5.5756762658177861E-003
   5.7003586481932638E-003   4.7175921567901673E-003  -5.5844628554332721E-003
   5.7576568625547359E-003   4.7729431996154110E-003  -5.5917550900330716E-003
   5.8158386664413962E-003   4.8275075476069051E-003  -5.5978877593985702E-003
   5.8736914550021179E-003   4.8825416520764699E-003  -5.6028174855149143E-003
   5.9315232987434685E-003   4.9376845301018673E-003  -5.6066568664978784E-003
   5.9896408018567738E-003   4.9926235350776765E-003  -5.6086721992793468E-003
   6.0486058176085905E-003   5.0466551829660075E-003  -5.6105978023879427E-003
   6.1075766135581877E-003   5.1007093917056906E-003  -5.6113644425079936E-003
   6.1654744430424254E-003   5.1559148677125521E-003  -5.6109208634684124E-003
   6.2230855666395735E-003   5.2113792054264418E-003  -5.6087608443211260E-003
   6.2808576878351880E-003   5.2666257191130847E-003  -5.6055663584511422E-003
   6.3393893386900907E-003   5.3209943171094306E-003  -5.6013117844852783E-003
   6.3980122133717151E-003   5.3752448981206754E-003  -5.5968136711595949E-003
   6.4573399500491672E-003   5.4286845204518487E-003  -5.5918713611594695E-003
   6.5164551581368716E-003   5.4821230396884593E-003  -5.5848203444976473E-003
   6.5754571200511347E-003   5.5355952111585151E-003  -5.5771070203935978E-003
   6.6343894224585300E-003   5.5887350901911072E-003  -5.5669513820188242E-003
   6.6931796440661898E-003   5.6420386768739348E-003  -5.5568302414157698E-003
   6.7513233669333440E-003   5.6956664318623465E-003  -5.5448564622495901E-003
   6.8093025279680102E-003   5.7493781934129838E-003  -5.5324684215389119E-003
   6.8664118760789726E-003   5.8035339918536656E-003  -5.5181271572880344E-003
   6.9228700482799463E-003   5.8580613333172413E-003  -5.5026596487355844E-003
   6.9793051538279407E-003   5.9125747018098007E-003  -5.4870592796317447E-003
   7.0358161092816379E-003   5.9667141885352392E-003  -5.4704632591426180E-003
   7.0925516688608780E-003   6.0200530550990746E-003  -5.4521318218540560E-003
   7.1496085914304758E-003   6.0726650885062307E-003  -5.4327286899761322E-003
   7.2067982314908087E-003   6.1249301820253538E-003  -5.4127861457517546E-003
   7.2641356732528724E-003   6.1770881901014848E-003  -5.3929881669226428E-003
   7.3207886812355514E-003   6.2294509833608633E-003  -5.3718085878443006E-003
   7.3779194583353811E-003   6.2813380614691406E-003  -5.3507418977600451E-003
   7.4352970661627398E-003   6.3323368609782046E-003  -5.3282267346573030E-003
   7.4922563479508427E-003   6.3831854444101862E-003  -5.3043507680154995E-003
   7.5488741721905488E-003   6.4346355277852540E-003  -5.2809560911989415E-003
   7.6050165263130591E-003   6.4858203177387622E-003  -5.2558931036452462E-003
   7.6614903742575338E-003   6.5362169688539928E-003  -5.2299917125511776E-003
   7.7180165403550275E-003   6.5861387817941295E-003  -5.2032970477069503E-003
   7.7738514833780711E-003   6.6361127929575438E-003  -5.1752781727151228E-003
   7.8289125508402627E-003   6.6858440055084919E-003  -5.1453601958727207E-003
   7.8836297315122879E-003   6.7354053144878098E-003  -5.1145428824647893E-003
   7.9384652510840724E-003   6.7841779011843847E-003  -5.0826947967546931E-003
   7.9927959440962391E-003   6.8329273078706343E-003  -5.0499584079124098E-003
   8.0473331994230929E-003   6.8808715726599128E-003  -5.0163870621181541E-003
   8.1010302276964541E-003   6.9281618524115844E-003  -4.9806063607889901E-003
   8.1549589555965363E-003   6.9752867760064343E-003  -4.9449562010371456E-003
   8.2091937705413200E-003   7.0213407553116032E-003  -4.9083827702460087E-003
   8.2631547637060116E-003   7.0665297272650461E-003  -4.8703542543825189E-003
   8.3174556172227725E-003   7.1113873344275753E-003  -4.8324173015080584E-003
   8.3712429100094958E-003   7.1557034280927030E-003  -4.7931361231480004E-003
   8.4238159532624233E-003   7.1999586913493218E-003  -4.7521782569393007E-003
   8.4768651665590115E-003   7.2436520422628293E-003  -4.7112310708322530E-003
   8.5294559361426773E-003   7.2870555630853715E-003  -4.6693939422424368E-003
   8.5818609927204859E-003   7.3304077335871543E-003  -4.6272715091393206E-003
   8.6348372098484991E-003   7.3730200576826652E-003  -4.5851086077988799E-003
   8.6874756905035034E-003   7.4151147874884785E-003  -4.5420130851192703E-003
   8.7396807311505443E-003   7.4568296626889574E-003  -4.4980301007445508E-003
   8.7921054090906829E-003   7.4978362146911615E-003  -4.4536441138311430E-003
   8.8450567445020334E-003   7.5381979268331206E-003  -4.4092922448686891E-003
   8.8983000117327203E-003   7.5786335914075987E-003  -4.3653592102883701E-003
   8.9506493164690521E-003   7.6188007338581212E-003  -4.3201248101176299E-003
   9.0023909680508590E-003   7.6585826801790231E-003  -4.2738625335715773E-003
   9.0545642284154161E-003   7.6979637398175262E-003  -4.2277422229572131E-003
   9.1062298678266408E-003   7.7369971002691660E-003  -4.1807628820488473E-003
   9.1580835123129430E-003   7.7750804332467702E-003  -4.1332143877248276E-003
   9.2097376273885655E-003   7.8129531295371250E-003  -4.0852820263627349E-003
   9.2608499203845323E-003   7.8509992788218710E-003  -4.0369082314760021E-003
   9.3116423106887648E-003   7.8889211339729405E-003  -3.9881018180478534E-003
   9.3621675222009745E-003   7.9255620884658116E-003  -3.9380554050945085E-003
   9.4115475200840012E-003   7.9617804744213008E-003  -3.8865787664408799E-003
   9.4612516147040294E-003   7.9966413087795181E-003  -3.8344805399173581E-003
   9.5104431618694488E-003   8.0320210846527625E-003  -3.7822458470090892E-003
   9.5589497751182168E-003   8.0682144393291640E-003  -3.7299280722490357E-003
   9.6073307317069423E-003   8.1036689419872049E-003  -3.6769916832206100E-003
   9.6543101937133641E-003   8.1390513709520586E-003  -3.6227605679648857E-003
   9.7001629362300553E-003   8.1732148339254719E-003  -3.5668107349625909E-003
   9.7459550197085774E-003   8.2077217596051143E-003  -3.5110222310302691E-003
   9.7909407222077343E-003   8.2415943748564459E-003  -3.4541985343590122E-003
   9.8354822474136343E-003   8.2753243058435837E-003  -3.3969417070069310E-003
   9.8796408285229884E-003   8.3086663238909550E-003  -3.3391634277037804E-003
   9.9238068625887021E-003   8.3419860854416078E-003  -3.2813780063494411E-003
   9.9681502426777636E-003   8.3759428890175618E-003  -3.2241014829502363E-003
   1.0011527172802803E-002   8.4101215630554733E-003  -3.1662200509000580E-003
   1.0054934791036599E-002   8.4429877340215630E-003  -3.1076061149937083E-003
   1.0097788349827420E-002   8.4759704397295802E-003  -3.0486509318316556E-003
   1.0141221073926895E-002   8.5071903074890737E-003  -2.9891621233577269E-003
   1.0184981395113047E-002   8.5374150283530799E-003  -2.9294000907596463E-003
   1.0229574260900896E-002   8.5684476839137363E-003  -2.8706765809070871E-003
   1.0273860679222082E-002   8.5988510680533037E-003  -2.8113946495668795E-003
   1.0316604453302127E-002   8.6291443301189132E-003  -2.7509356714092337E-003
   1.0359648856483189E-002   8.6576800376740540E-003  -2.6898382675411290E-003
   1.0401862933861274E-002   8.6865433732375534E-003  -2.6283168929668796E-003
   1.0444926476346031E-002   8.7157870513190107E-003  -2.5675687357869723E-003
   1.0488722414954877E-002   8.7461069013987681E-003  -2.5078810280649614E-003
   1.0531950429932940E-002   8.7769706790125444E-003  -2.4480582401785584E-003
   1.0574883401878616E-002   8.8083097878141302E-003  -2.3882701127926334E-003
   1.0616985428471972E-002   8.8386707191032386E-003  -2.3273962005124138E-003
   1.0658280418924554E-002   8.8691703484762539E-003  -2.2660407086880210E-003
   1.0700507294312801E-002   8.8990223395784569E-003  -2.2050017897319225E-003
   1.0741845779770730E-002   8.9288111287920101E-003  -2.1433271785903135E-003
   1.0783202286775697E-002   8.9585088807646509E-003  -2.0816207538872280E-003
   1.0824185279169127E-002   8.9888387909945987E-003  -2.0199726324251726E-003
   1.0865289240125526E-002   9.0180262910345838E-003  -1.9578553704307682E-003
   1.0905635432799238E-002   9.0472046823842876E-003  -1.8952390289418324E-003
   1.0945596370938764E-002   9.0759757314344842E-003  -1.8321886510594154E-003
   1.0986403314314113E-002   9.1055001571215700E-003  -1.7700347962780231E-003
   1.1026943759538332E-002   9.1346080796918649E-003  -1.7075111915658039E-003
   1.1066540495682516E-002   9.1628188730478594E-003  -1.6439797062388591E-003
   1.1106162864001411E-002   9.1906598297926030E-003  -1.5803012243649378E-003
   1.1145447941563053E-002   9.2170499961421789E-003  -1.5158012879167239E-003
   1.1184577942570122E-002   9.2432856283287089E-003  -1.4511442339815925E-003
   1.1223266051734439E-002   9.2694497695471195E-003  -1.3861929605215387E-003
   1.1260667352408923E-002   9.2957746683120738E-003  -1.3205565193333566E-003
   1.1296370941552118E-002   9.3216279263298452E-003  -1.2537967801996015E-003
   1.1332151456105515E-002   9.3470227782527851E-003  -1.1869024136512472E-003
   1.1368017855165584E-002   9.3727037694991914E-003  -1.1201634587049945E-003
   1.1403932238542148E-002   9.3974855221736920E-003  -1.0531110776414885E-003
   1.1440258656500812E-002   9.4218399438522234E-003  -9.8612411251865900E-004
   1.1477470690904110E-002   9.4454038804800723E-003  -9.1934084076334094E-004
   1.1515069056825368E-002   9.4678462932803378E-003  -8.5238786482010661E-004
   1.1552155028266746E-002   9.4907423194167898E-003  -7.8530282394420755E-004
   1.1589338499203449E-002   9.5151072722591233E-003  -7.1879163271821667E-004
   1.1627381536551892E-002   9.5393287961422334E-003  -6.5271557737247795E-004
   1.1665537138972080E-002   9.5638183680257539E-003  -5.8680343223914964E-004
   1.1703736490487192E-002   9.5888220366211717E-003  -5.2111000716981626E-004
   1.1741360091417899E-002   9.6150992808814398E-003  -4.5558160809678494E-004
   1.1779340653102073E-002   9.6406971304987040E-003  -3.8999024412325069E-004
   1.1818292517683031E-002   9.6669165520936670E-003  -3.2521915350940936E-004
   1.1857027264535924E-002   9.6927624353452362E-003  -2.6016832950058097E-004
   1.1895907009006624E-002   9.7181984073341672E-003  -1.9504247597781964E-004
   1.1934782082492573E-002   9.7438511505782838E-003  -1.2999891036487261E-004
   1.1973553286146589E-002   9.7688412861453074E-003  -6.4636177156841289E-005
   1.2012500000010364E-002   9.7953991113085767E-003   7.9711970211988844E-015
