   3.5527136787915777E-015   3.5421283062121764E-015   7.1340190668714905E-015
   2.8060867531926016E-005   4.3357076621352551E-005  -6.1096248813226762E-005
   5.4479043677523788E-005   8.6422548434584429E-005  -1.2312402566274776E-004
   8.1226950610610639E-005   1.2915419104660863E-004  -1.8524130338350901E-004
   1.0672453740900768E-004   1.7187454628825991E-004  -2.4788988128900341E-004
   1.3245632885430596E-004   2.1482539460171031E-004  -3.1028458892263833E-004
   1.5797874182430812E-004   2.5778243337184256E-004  -3.7276097852293388E-004
   1.8341242374763741E-004   3.0107326001553130E-004  -4.3504285505831762E-004
   2.0973874578070694E-004   3.4342032545911088E-004  -4.9760203357746848E-004
   2.3476040148112060E-004   3.8679639964883162E-004  -5.5999139914942545E-004
   2.5937984619649814E-004   4.3096875117153833E-004  -6.2198080394491601E-004
   2.8303263294288567E-004   4.7538685541728958E-004  -6.8417065598381436E-004
   3.0607428918753355E-004   5.1959313373079016E-004  -7.4673971407657864E-004
   3.2908753913340951E-004   5.6474788198167746E-004  -8.0863833310675234E-004
   3.5188780960145711E-004   6.0922691571033485E-004  -8.7110242857652617E-004
   3.7498796154132456E-004   6.5393563595645050E-004  -9.3329176306869790E-004
   3.9872980356708116E-004   6.9835497773244979E-004  -9.9544678706760606E-004
   4.2370300835388284E-004   7.4287865881425162E-004  -1.0570420860934750E-003
   4.4940598578430677E-004   7.8701459892554972E-004  -1.1186162344051741E-003
   4.7653097430650296E-004   8.3057749714960738E-004  -1.1799881244476331E-003
   5.0445483421756665E-004   8.7413599457996716E-004  -1.2410038220513034E-003
   5.3251792000182357E-004   9.1707820533593434E-004  -1.3023913596592492E-003
   5.6062849977185799E-004   9.6111256018733713E-004  -1.3629782467264265E-003
   5.8892928549011481E-004   1.0046906717765451E-003  -1.4238059847521290E-003
   6.1736396989328928E-004   1.0488538963294410E-003  -1.4841473330816639E-003
   6.4623479772389603E-004   1.0934360175709134E-003  -1.5439713229755021E-003
   6.7483902858897938E-004   1.1374308506786656E-003  -1.6043555314509035E-003
   7.0388277972555828E-004   1.1819942790625110E-003  -1.6641097060031407E-003
   7.3371214332946784E-004   1.2265475059860173E-003  -1.7234832609796518E-003
   7.6373010648429231E-004   1.2706910026773844E-003  -1.7830674332414648E-003
   7.9382621188387543E-004   1.3148229323770480E-003  -1.8426207474547273E-003
   8.2331063618468008E-004   1.3587429404227989E-003  -1.9026349258600269E-003
   8.5290666893943939E-004   1.4032895972588947E-003  -1.9621300534373581E-003
   8.8249985876393856E-004   1.4473497639999197E-003  -2.0219877581263584E-003
   9.1250853102939605E-004   1.4915236612415769E-003  -2.0815540774370852E-003
   9.4316983601406851E-004   1.5353739819034264E-003  -2.1410270440930445E-003
   9.7420167108143701E-004   1.5800023238138508E-003  -2.1997240312347974E-003
   1.0045844851453130E-003   1.6252662832270067E-003  -2.2582736562389151E-003
   1.0354397913283468E-003   1.6705369056191164E-003  -2.3165704900085030E-003
   1.0668331447836179E-003   1.7164030228322604E-003  -2.3741096649645948E-003
   1.0977180325237007E-003   1.7623358396016847E-003  -2.4318703787577067E-003
   1.1283314482068688E-003   1.8086718022033372E-003  -2.4894533394126724E-003
   1.1594975582254427E-003   1.8548149147451887E-003  -2.5468944983327146E-003
   1.1908095414981151E-003   1.9014015792309278E-003  -2.6038966244367537E-003
   1.2242539951759540E-003   1.9466116840412284E-003  -2.6607957892264334E-003
   1.2591757872027708E-003   1.9913092199980993E-003  -2.7172103150463409E-003
   1.2942315384069014E-003   2.0357214294798973E-003  -2.7737669233517579E-003
   1.3300234072842296E-003   2.0796789295647209E-003  -2.8302176127536758E-003
   1.3653128923163218E-003   2.1238263060867658E-003  -2.8868361732884641E-003
   1.4017511350351811E-003   2.1681323902536442E-003  -2.9425966016549303E-003
   1.4391232253306997E-003   2.2116036235968477E-003  -2.9983960527040663E-003
   1.4760869742526583E-003   2.2554016955885327E-003  -3.0542119119905515E-003
   1.5131660884319398E-003   2.2989620704192467E-003  -3.1101371570038043E-003
   1.5509195546366884E-003   2.3422117205359285E-003  -3.1658519983747044E-003
   1.5894978865957545E-003   2.3855820155564062E-003  -3.2209040630536926E-003
   1.6290478003949944E-003   2.4289537276367553E-003  -3.2752612051755153E-003
   1.6691138824126523E-003   2.4730068305449720E-003  -3.3286843574611776E-003
   1.7097462106035045E-003   2.5180900025116404E-003  -3.3808046176921269E-003
   1.7504693284019516E-003   2.5636460121863905E-003  -3.4324406287754758E-003
   1.7915946694793798E-003   2.6087823908331875E-003  -3.4841263487726793E-003
   1.8331890270359820E-003   2.6533918301735828E-003  -3.5358941701336753E-003
   1.8758579714710526E-003   2.6982248266349553E-003  -3.5865830605939465E-003
   1.9172684402227222E-003   2.7432136795924947E-003  -3.6381696499837371E-003
   1.9588388505935475E-003   2.7890438512593731E-003  -3.6888795733541475E-003
   2.0014531848667008E-003   2.8356707101687508E-003  -3.7379708613030655E-003
   2.0439953668898812E-003   2.8824485753889536E-003  -3.7869810037759154E-003
   2.0874231001544665E-003   2.9279082838169386E-003  -3.8364526814862144E-003
   2.1315595733774327E-003   2.9730768435501337E-003  -3.8855624865331336E-003
   2.1765332945589233E-003   3.0177107853348322E-003  -3.9344007465924149E-003
   2.2208124766499768E-003   3.0630261114213959E-003  -3.9832461684923296E-003
   2.2658260561798020E-003   3.1086635288161604E-003  -4.0311105999720105E-003
   2.3111840664592977E-003   3.1550219806035398E-003  -4.0779458947203520E-003
   2.3561888784691481E-003   3.2014779148868766E-003  -4.1250246912150779E-003
   2.4014093229106906E-003   3.2474608460798982E-003  -4.1723605279347991E-003
   2.4465193268835088E-003   3.2939009723829721E-003  -4.2193541680716528E-003
   2.4929458080665788E-003   3.3393843870485017E-003  -4.2660000772488044E-003
   2.5393392194493678E-003   3.3856721102548380E-003  -4.3118814249363327E-003
   2.5862151610014485E-003   3.4314540929437963E-003  -4.3577797490880563E-003
   2.6346623277693866E-003   3.4770542570553720E-003  -4.4022038085175597E-003
   2.6836488413161347E-003   3.5233123619218118E-003  -4.4453374291342704E-003
   2.7327131863568430E-003   3.5696239120501334E-003  -4.4883249897199979E-003
   2.7824698844842589E-003   3.6157827230581586E-003  -4.5306763198942630E-003
   2.8326173663590524E-003   3.6624455726609662E-003  -4.5720019600227063E-003
   2.8830457731100260E-003   3.7091052274355850E-003  -4.6129879626398418E-003
   2.9333804511228298E-003   3.7555010947526984E-003  -4.6543865578271082E-003
   2.9845894458109825E-003   3.8019635880890013E-003  -4.6946218107724036E-003
   3.0370168212212282E-003   3.8476929778074797E-003  -4.7341210921000776E-003
   3.0899350302137914E-003   3.8938414574621835E-003  -4.7724614231545795E-003
   3.1422330155561448E-003   3.9405125017643950E-003  -4.8110196174753657E-003
   3.1948622048303208E-003   3.9879074829670003E-003  -4.8482202114767739E-003
   3.2480095349633966E-003   4.0356967716613009E-003  -4.8841582857905531E-003
   3.3021448679963891E-003   4.0833976122909800E-003  -4.9187125262304711E-003
   3.3567416359729816E-003   4.1313434188610361E-003  -4.9521847916128110E-003
   3.4111638849388505E-003   4.1801006858730502E-003  -4.9847569840324795E-003
   3.4660300759577103E-003   4.2288546386736996E-003  -5.0165807673315087E-003
   3.5213588330344266E-003   4.2781483951168965E-003  -5.0467279762791296E-003
   3.5775721415233831E-003   4.3266665987387321E-003  -5.0764945323935684E-003
   3.6338062525092365E-003   4.3755267939319161E-003  -5.1056562556598207E-003
   3.6906328398165736E-003   4.4246647802850102E-003  -5.1331552969120613E-003
   3.7476416813382279E-003   4.4740205430829844E-003  -5.1598760875216573E-003
   3.8050135584126715E-003   4.5231700742369828E-003  -5.1861970166848931E-003
   3.8632380124989638E-003   4.5714771536473344E-003  -5.2122035357092681E-003
   3.9221988506842808E-003   4.6197818393020383E-003  -5.2364991505545961E-003
   3.9811876125387339E-003   4.6686242857885678E-003  -5.2596236268159799E-003
   4.0404908539268553E-003   4.7177000427610525E-003  -5.2814111378093080E-003
   4.1008230388619362E-003   4.7666552639004326E-003  -5.3004745528857661E-003
   4.1616466429070850E-003   4.8148563541668705E-003  -5.3198947502736977E-003
   4.2223444611258184E-003   4.8638797926218516E-003  -5.3375717792701659E-003
   4.2829325814077194E-003   4.9133135081638815E-003  -5.3544651935885507E-003
   4.3432426218990502E-003   4.9634061933725064E-003  -5.3703844243676770E-003
   4.4033754721485158E-003   5.0141978014783678E-003  -5.3846761304288905E-003
   4.4635185032863827E-003   5.0650194352716621E-003  -5.3988174650688595E-003
   4.5242206434916565E-003   5.1155002800635256E-003  -5.4117377779054933E-003
   4.5858617148928291E-003   5.1649958581332879E-003  -5.4240083142959045E-003
   4.6478937862825696E-003   5.2139509446845417E-003  -5.4364751350716532E-003
   4.7106355257232908E-003   5.2623892330973159E-003  -5.4473013233785937E-003
   4.7730796930431823E-003   5.3112974369558391E-003  -5.4577279028161134E-003
   4.8366931946780042E-003   5.3590792041720101E-003  -5.4661079467935589E-003
   4.9004715346104722E-003   5.4066459127746604E-003  -5.4744584907877635E-003
   4.9645562847420608E-003   5.4540412313309116E-003  -5.4813016324145192E-003
   5.0287312759715814E-003   5.5015184836511022E-003  -5.4865438663564501E-003
   5.0932862517342600E-003   5.5486319042702065E-003  -5.4901467399530654E-003
   5.1584343324039984E-003   5.5949929763574333E-003  -5.4926723267671694E-003
   5.2238754649176688E-003   5.6409823913510975E-003  -5.4942317761714297E-003
   5.2902577951594318E-003   5.6856029372121227E-003  -5.4957787449909203E-003
   5.3563130078410678E-003   5.7307288976692966E-003  -5.4951816080503358E-003
   5.4227716224141843E-003   5.7752563045502551E-003  -5.4944315488001027E-003
   5.4889344038532278E-003   5.8201765356658240E-003  -5.4922730346598746E-003
   5.5555629656717362E-003   5.8643473155067221E-003  -5.4891783681620511E-003
   5.6212895941847351E-003   5.9098306621398851E-003  -5.4858204690817420E-003
   5.6868754758942685E-003   5.9553494050546604E-003  -5.4806691424792199E-003
   5.7526107587481876E-003   6.0006121564052280E-003  -5.4751777011501617E-003
   5.8190445788826092E-003   6.0447236685491233E-003  -5.4687963189956092E-003
   5.8860991786434530E-003   6.0878859833877700E-003  -5.4624170376146924E-003
   5.9537442682228037E-003   6.1300621217540473E-003  -5.4556853803345573E-003
   6.0212257490283817E-003   6.1722509841568522E-003  -5.4475398516443526E-003
   6.0883045492315224E-003   6.2150158360965062E-003  -5.4390780549478804E-003
   6.1545662541462477E-003   6.2588158039831683E-003  -5.4295413221771317E-003
   6.2207799179982729E-003   6.3026441204770307E-003  -5.4198032836648563E-003
   6.2883069808844791E-003   6.3442986975834849E-003  -5.4095567242475068E-003
   6.3560179005788765E-003   6.3852463865967206E-003  -5.3977873519049282E-003
   6.4232269404598365E-003   6.4266140103742585E-003  -5.3846852659094613E-003
   6.4908981906029025E-003   6.4669754024511963E-003  -5.3708447481279360E-003
   6.5585771908108596E-003   6.5066387495715831E-003  -5.3551485119141462E-003
   6.6255501151605079E-003   6.5472912659323050E-003  -5.3389620880408568E-003
   6.6921276772013601E-003   6.5879312928084927E-003  -5.3211908627819049E-003
   6.7584797488765246E-003   6.6283372947835558E-003  -5.3020922348272137E-003
   6.8250342840477114E-003   6.6679741528732541E-003  -5.2821069069865900E-003
   6.8913993790897261E-003   6.7075008520811209E-003  -5.2612907062966688E-003
   6.9569616254751710E-003   6.7474712669343198E-003  -5.2388417022409461E-003
   7.0218630900754321E-003   6.7874218925784270E-003  -5.2145158434833503E-003
   7.0866037918179085E-003   6.8272635372670599E-003  -5.1895902564626766E-003
   7.1503070876440603E-003   6.8676792806888825E-003  -5.1629733860829976E-003
   7.2145820656208462E-003   6.9071149509122498E-003  -5.1362609336631547E-003
   7.2785848369850007E-003   6.9470214336506773E-003  -5.1095941397236262E-003
   7.3425058968338668E-003   6.9866679752115498E-003  -5.0823498771682667E-003
   7.4065614083360133E-003   7.0253157871657456E-003  -5.0540084218892653E-003
   7.4704464257664806E-003   7.0639824597141009E-003  -5.0253101123196951E-003
   7.5347822515504361E-003   7.1018102569826418E-003  -4.9965010983035411E-003
   7.5985154434882280E-003   7.1388936417456092E-003  -4.9654704231072736E-003
   7.6616407736942388E-003   7.1772408633372017E-003  -4.9347347224894438E-003
   7.7241316581660429E-003   7.2156815926377573E-003  -4.9028411542971564E-003
   7.7861754871646335E-003   7.2537104023647127E-003  -4.8696090477456594E-003
   7.8481312694699389E-003   7.2915535450226287E-003  -4.8360028340375134E-003
   7.9097676342706723E-003   7.3291291455180336E-003  -4.8015204793717950E-003
   7.9705757402759626E-003   7.3671702173745699E-003  -4.7660909565923042E-003
   8.0313595924869051E-003   7.4043621182739699E-003  -4.7297304584620007E-003
   8.0921819828184867E-003   7.4400748404325045E-003  -4.6919781299669741E-003
   8.1527958462955206E-003   7.4760417892947217E-003  -4.6541318864142030E-003
   8.2134718861003042E-003   7.5115960607372908E-003  -4.6159964439577853E-003
   8.2738220333374024E-003   7.5453461182123926E-003  -4.5757622129755674E-003
   8.3343371545620167E-003   7.5777316198174603E-003  -4.5346635584759924E-003
   8.3946154842882564E-003   7.6100323897723091E-003  -4.4931523163702818E-003
   8.4554461789557601E-003   7.6423168544166205E-003  -4.4524418763448956E-003
   8.5151956374731400E-003   7.6753157064461570E-003  -4.4107156499635907E-003
   8.5739341786446027E-003   7.7081600957326808E-003  -4.3674602471569304E-003
   8.6320835814102086E-003   7.7418715198639999E-003  -4.3240760697369944E-003
   8.6895844297369684E-003   7.7755813796384901E-003  -4.2798347112805507E-003
   8.7463271969838146E-003   7.8081772143110163E-003  -4.2338154769860593E-003
   8.8025590432036852E-003   7.8416589185053044E-003  -4.1878050982911150E-003
   8.8592569908414950E-003   7.8753984405006677E-003  -4.1425614534814454E-003
   8.9156977454093612E-003   7.9086751216640334E-003  -4.0966582541295069E-003
   8.9715390228081345E-003   7.9419058134717301E-003  -4.0499948544463430E-003
   9.0267626454123267E-003   7.9744895576451449E-003  -4.0021550058206594E-003
   9.0818244527245528E-003   8.0067066785675170E-003  -3.9538822961665060E-003
   9.1366565332693835E-003   8.0393255992370748E-003  -3.9056179308425442E-003
   9.1914447597084056E-003   8.0712012375995495E-003  -3.8568102068981050E-003
   9.2460687854046420E-003   8.1027348011676395E-003  -3.8075979098101311E-003
   9.2999685631477130E-003   8.1347993749897544E-003  -3.7579322570316137E-003
   9.3539079445355833E-003   8.1674957566416229E-003  -3.7087236220279150E-003
   9.4079100437995580E-003   8.2000258879049680E-003  -3.6594736083973758E-003
   9.4621345626927488E-003   8.2318441833504966E-003  -3.6100034393233660E-003
   9.5166228645230631E-003   8.2627895566080092E-003  -3.5602700619056528E-003
   9.5709169733054142E-003   8.2935078830663114E-003  -3.5101847927865261E-003
   9.6247136063514985E-003   8.3230240960935533E-003  -3.4588553135213693E-003
   9.6788137871481189E-003   8.3528383443171091E-003  -3.4080194891716450E-003
   9.7323042183563302E-003   8.3813448780854470E-003  -3.3558069304120562E-003
   9.7861729651532430E-003   8.4096091423712209E-003  -3.3038522434708636E-003
   9.8395455770857385E-003   8.4378658964956617E-003  -3.2513839660281772E-003
   9.8916206987589329E-003   8.4663767494944572E-003  -3.1977620212331726E-003
   9.9433951613050898E-003   8.4948829358618052E-003  -3.1438472517438831E-003
   9.9961610543788312E-003   8.5222796562387411E-003  -3.0903198733492933E-003
   1.0047774402956686E-002   8.5497947686552188E-003  -3.0357398327134030E-003
   1.0098449011350550E-002   8.5762645543372325E-003  -2.9797806108696470E-003
   1.0148085450477124E-002   8.6026917508864736E-003  -2.9228787023317421E-003
   1.0197652787281290E-002   8.6283400708135113E-003  -2.8655616646658332E-003
   1.0247925158250178E-002   8.6528795281078253E-003  -2.8083733463556445E-003
   1.0298741423501666E-002   8.6767113054576021E-003  -2.7513667365344960E-003
   1.0348229601161791E-002   8.7009701291193078E-003  -2.6933802746950644E-003
   1.0397396860433524E-002   8.7256990134764387E-003  -2.6353194196167234E-003
   1.0446317003137015E-002   8.7501701322299976E-003  -2.5769414787087832E-003
   1.0495236853196289E-002   8.7741584828171237E-003  -2.5183632634163699E-003
   1.0544113081886495E-002   8.7984553510850119E-003  -2.4598758591359120E-003
   1.0591858258320782E-002   8.8228458093236196E-003  -2.4004999071762703E-003
   1.0638827280404861E-002   8.8477340719386038E-003  -2.3407129074462254E-003
   1.0685105658417538E-002   8.8722222463378658E-003  -2.2802262060276938E-003
   1.0729590322608040E-002   8.8980440099391094E-003  -2.2189534455098279E-003
   1.0774349678899800E-002   8.9237138811923151E-003  -2.1578170591555561E-003
   1.0818601485032310E-002   8.9501718967761462E-003  -2.0966472049883450E-003
   1.0862403656068720E-002   8.9766983651971121E-003  -2.0351840755076442E-003
   1.0905234541867349E-002   9.0030980850265285E-003  -1.9729862458256536E-003
   1.0947875503120430E-002   9.0290391220580399E-003  -1.9104657609617672E-003
   1.0988791057495026E-002   9.0548691770328989E-003  -1.8467576322673946E-003
   1.1029424853620191E-002   9.0807647433116413E-003  -1.7828959515537252E-003
   1.1070462885851012E-002   9.1074013337862081E-003  -1.7196000436288652E-003
   1.1110692244256790E-002   9.1347981506913270E-003  -1.6561097833628355E-003
   1.1151966302440983E-002   9.1613050747097764E-003  -1.5929129867864997E-003
   1.1193039931630532E-002   9.1880053293147013E-003  -1.5296670114992995E-003
   1.1232595698674130E-002   9.2145582915805907E-003  -1.4653997454368828E-003
   1.1271761270625954E-002   9.2418262417104623E-003  -1.4011929165955756E-003
   1.1310405976914560E-002   9.2702619432584506E-003  -1.3371773126203458E-003
   1.1348541580372415E-002   9.2974374563113901E-003  -1.2723146327783532E-003
   1.1386317851713243E-002   9.3238715686234878E-003  -1.2069373352536421E-003
   1.1424456511819930E-002   9.3497607428181893E-003  -1.1415523731823786E-003
   1.1462773700523987E-002   9.3764474459571909E-003  -1.0765938253952301E-003
   1.1500777867208271E-002   9.4030562484646186E-003  -1.0114197896362923E-003
   1.1538238261034530E-002   9.4302437468776184E-003  -9.4616981779994860E-004
   1.1575024920165511E-002   9.4581649426884792E-003  -8.8084640289870660E-004
   1.1611426999177743E-002   9.4854274255632594E-003  -8.1503116400218707E-004
   1.1648030383258168E-002   9.5117546732879695E-003  -7.4894736646229369E-004
   1.1684046546740179E-002   9.5375617081882181E-003  -6.8233781070867823E-004
   1.1718103467303558E-002   9.5630225296221422E-003  -6.1457445234440033E-004
   1.1750801175452940E-002   9.5890350964963778E-003  -5.4635270915989449E-004
   1.1783911552224646E-002   9.6149169786656184E-003  -4.7828045986980368E-004
   1.1816628143382057E-002   9.6410675787380763E-003  -4.1012056860200959E-004
   1.1849302883947753E-002   9.6675220777662392E-003  -3.4205794440520746E-004
   1.1881618782185965E-002   9.6931848676956294E-003  -2.7352252339433699E-004
   1.1913780382987304E-002   9.7189787103544104E-003  -2.0496372298900637E-004
   1.1946015551608879E-002   9.7448615953009774E-003  -1.3647306542961156E-004
   1.1979627657165589E-002   9.7698524789826199E-003  -6.8313824722988166E-005
   1.2012500000010369E-002   9.7953991113086149E-003   7.9725851010000450E-015
