   3.5527136787915817E-015   3.5421283062121981E-015   7.1340190668714984E-015
   4.2250102768362658E-005   2.2651153585304580E-005  -6.4045718483530660E-005
   8.5019268268519792E-005   4.5058977487551982E-005  -1.2783198585070141E-004
   1.2794705175636116E-004   6.6030432506340180E-005  -1.9199898263469264E-004
   1.7095264946181174E-004   8.6160691121841399E-005  -2.5638291892446374E-004
   2.1329230064192164E-004   1.0729755587082014E-004  -3.2088553041458717E-004
   2.5533816433208676E-004   1.2706382795333676E-004  -3.8601186791107240E-004
   2.9782471721085313E-004   1.4846074099824578E-004  -4.5033188757110932E-004
   3.4041801242429368E-004   1.6894034462589793E-004  -5.1487952144392264E-004
   3.8307942099098603E-004   1.8894607951585392E-004  -5.7953069926142153E-004
   4.2660616321300274E-004   2.0884561227555587E-004  -6.4363554550195246E-004
   4.7040214120597196E-004   2.2882127061929741E-004  -7.0753300544871612E-004
   5.1441698182622835E-004   2.4877628257109308E-004  -7.7128636848644810E-004
   5.5930935009363639E-004   2.6906790738836665E-004  -8.3431751343982831E-004
   6.0269889190268022E-004   2.8970763817264065E-004  -8.9828116852976687E-004
   6.4529401454550264E-004   3.1116149893087894E-004  -9.6251034722509110E-004
   6.8851819455241871E-004   3.3240508413171681E-004  -1.0263882021158113E-003
   7.3149109665598543E-004   3.5393839597286310E-004  -1.0903385434943456E-003
   7.7466611186002095E-004   3.7659025385087359E-004  -1.1537641802307041E-003
   8.1863141515996587E-004   3.9778788491717684E-004  -1.2171496086375193E-003
   8.6241721288053599E-004   4.1934730713931613E-004  -1.2805372670278501E-003
   9.0599657593025493E-004   4.3963281083243648E-004  -1.3444851948911458E-003
   9.4990872825718303E-004   4.5956041791609910E-004  -1.4083178929432173E-003
   9.9389526132413362E-004   4.7977617327815811E-004  -1.4720086154950025E-003
   1.0374423807669748E-003   4.9871295115338100E-004  -1.5363906535971320E-003
   1.0817811425592589E-003   5.1802506191121278E-004  -1.6001175441664396E-003
   1.1265317284728333E-003   5.3797259937021595E-004  -1.6633589926513899E-003
   1.1713434747720494E-003   5.5725555997542594E-004  -1.7267630526928445E-003
   1.2163270960665578E-003   5.7726482847098178E-004  -1.7898194003698857E-003
   1.2623616771339781E-003   5.9633813194314887E-004  -1.8524055524870762E-003
   1.3088564117995809E-003   6.1558855471250708E-004  -1.9145960733450702E-003
   1.3555375258187529E-003   6.3625221999687035E-004  -1.9761906065741226E-003
   1.4031294471541329E-003   6.5503046256863522E-004  -2.0376917173369441E-003
   1.4507064066207156E-003   6.7565834037216555E-004  -2.0986090676823744E-003
   1.4986440976293921E-003   6.9573794340625035E-004  -2.1594267240629154E-003
   1.5468391248355383E-003   7.1536406168079450E-004  -2.2201890054754292E-003
   1.5952302697395170E-003   7.3532811744867529E-004  -2.2806847372341212E-003
   1.6442006971144462E-003   7.5556851049370175E-004  -2.3406198999720408E-003
   1.6934070767181343E-003   7.7510460389072517E-004  -2.4005955055134650E-003
   1.7431611976227853E-003   7.9461130757025103E-004  -2.4601271438964255E-003
   1.7933858087209218E-003   8.1506952099103414E-004  -2.5189399821943406E-003
   1.8432172355880526E-003   8.3560897508600960E-004  -2.5780581666189958E-003
   1.8935160977278423E-003   8.5733424423321629E-004  -2.6363508517067372E-003
   1.9439657361720606E-003   8.8024884705914291E-004  -2.6940548805344413E-003
   1.9947630062903537E-003   9.0291820702982964E-004  -2.7515504236623059E-003
   2.0460588235237443E-003   9.2604265458201833E-004  -2.8084186842495772E-003
   2.0972818477705195E-003   9.5105060812498911E-004  -2.8645507074908359E-003
   2.1481033575592445E-003   9.7549673793272649E-004  -2.9212918821845154E-003
   2.1991657311294177E-003   1.0009424428392721E-003  -2.9773735201049350E-003
   2.2497273192197634E-003   1.0272814837730324E-003  -3.0334964274664456E-003
   2.3006218849643423E-003   1.0553190737098467E-003  -3.0884840326790954E-003
   2.3514264229881113E-003   1.0835602524047487E-003  -3.1434507019847961E-003
   2.4028035285876275E-003   1.1117857130263661E-003  -3.1978907275764428E-003
   2.4548419133851931E-003   1.1401010515828586E-003  -3.2516517553267538E-003
   2.5070896598106585E-003   1.1692559764649247E-003  -3.3047569656257637E-003
   2.5595560018461384E-003   1.1976708803846034E-003  -3.3580474542575138E-003
   2.6119939999062376E-003   1.2266336083857519E-003  -3.4110702488877971E-003
   2.6645012813621832E-003   1.2570712254058147E-003  -3.4631906564031550E-003
   2.7180521432559226E-003   1.2876793844805601E-003  -3.5141361740647788E-003
   2.7717601233191746E-003   1.3180818935329161E-003  -3.5650394188391798E-003
   2.8249123308772702E-003   1.3490034629513002E-003  -3.6162126478138010E-003
   2.8782457758853700E-003   1.3802752122375761E-003  -3.6669829279701621E-003
   2.9323232699286286E-003   1.4119232613755159E-003  -3.7167225061882801E-003
   2.9874768865966444E-003   1.4436541045684005E-003  -3.7652120116544860E-003
   3.0431323316555551E-003   1.4739708860255826E-003  -3.8140317229107146E-003
   3.1001958504443088E-003   1.5044366983812151E-003  -3.8611017674402650E-003
   3.1580318145829128E-003   1.5352603951751379E-003  -3.9069809671984255E-003
   3.2165817610747731E-003   1.5661036960826844E-003  -3.9519319912534765E-003
   3.2754255752302439E-003   1.5969444786728391E-003  -3.9964993746927783E-003
   3.3338694196426420E-003   1.6281719997001962E-003  -4.0413230176318590E-003
   3.3914344104333054E-003   1.6599046975536472E-003  -4.0869224445104196E-003
   3.4500486673318949E-003   1.6917100025483282E-003  -4.1311128444318466E-003
   3.5090914166575485E-003   1.7236476120502863E-003  -4.1746322982997922E-003
   3.5684003759374663E-003   1.7570505554561741E-003  -4.2166643184210718E-003
   3.6278862171032502E-003   1.7906746874946945E-003  -4.2582678332753173E-003
   3.6875238353014984E-003   1.8244379213097732E-003  -4.2995400823735118E-003
   3.7483051002101847E-003   1.8571475990620877E-003  -4.3399840537714108E-003
   3.8089032931932451E-003   1.8902472023125622E-003  -4.3803854803191825E-003
   3.8700658918371755E-003   1.9233029866504944E-003  -4.4199639042390255E-003
   3.9309078119445316E-003   1.9568188234064085E-003  -4.4596495369919357E-003
   3.9919038998414641E-003   1.9910639947327848E-003  -4.4984663567584054E-003
   4.0528563748041075E-003   2.0259909554596633E-003  -4.5367404108949336E-003
   4.1139682426761682E-003   2.0601083672468945E-003  -4.5754875633274641E-003
   4.1756641845538157E-003   2.0939423380777100E-003  -4.6135516300479136E-003
   4.2377685014373589E-003   2.1284280272311036E-003  -4.6503455298996634E-003
   4.2997109609103600E-003   2.1632845189606675E-003  -4.6870627833681799E-003
   4.3614084199378568E-003   2.1988572114598638E-003  -4.7235046150971354E-003
   4.4229175824422543E-003   2.2352422672762876E-003  -4.7594594568295401E-003
   4.4841120972477933E-003   2.2727120618415133E-003  -4.7948324104716425E-003
   4.5465326750948054E-003   2.3099093680154868E-003  -4.8282992877617453E-003
   4.6087730218362238E-003   2.3471275822369892E-003  -4.8620771468892423E-003
   4.6710613363455996E-003   2.3844055336568119E-003  -4.8957003565114066E-003
   4.7340398646298588E-003   2.4218473640438450E-003  -4.9278222229481115E-003
   4.7967167673378872E-003   2.4600439693235965E-003  -4.9596439953693231E-003
   4.8596592173397526E-003   2.4982670374682943E-003  -4.9909049144766350E-003
   4.9228734749277425E-003   2.5370991919265980E-003  -5.0208385311816765E-003
   4.9872450204401248E-003   2.5756143315399408E-003  -5.0486393970989194E-003
   5.0513576037038380E-003   2.6145735853173742E-003  -5.0764198439797277E-003
   5.1156869848458823E-003   2.6542556942200216E-003  -5.1026316915407420E-003
   5.1802509712017821E-003   2.6944599012543478E-003  -5.1274331710612501E-003
   5.2447129676819878E-003   2.7353025634076510E-003  -5.1514441677442237E-003
   5.3095690525717248E-003   2.7766203217361976E-003  -5.1735016178702173E-003
   5.3747842012724211E-003   2.8180855289104772E-003  -5.1941806161618182E-003
   5.4397769411690007E-003   2.8602212676349889E-003  -5.2141936941151115E-003
   5.5043805370955674E-003   2.9033201332983581E-003  -5.2333995049213293E-003
   5.5687613534877150E-003   2.9471453326758179E-003  -5.2516878178679128E-003
   5.6326519154237895E-003   2.9921350072299076E-003  -5.2688320663948620E-003
   5.6962852101510690E-003   3.0376390358750069E-003  -5.2855708592956987E-003
   5.7596136029409101E-003   3.0838150718810737E-003  -5.3016110701525733E-003
   5.8218291123336655E-003   3.1315883297485581E-003  -5.3173255929844735E-003
   5.8837218401091356E-003   3.1798453833036156E-003  -5.3328351715072443E-003
   5.9458842389990907E-003   3.2277526593960581E-003  -5.3483506174534486E-003
   6.0082137381034049E-003   3.2758573334285301E-003  -5.3625271430443114E-003
   6.0706999457512140E-003   3.3238038227965897E-003  -5.3765488407413230E-003
   6.1332002857393403E-003   3.3718575910061058E-003  -5.3901334961527049E-003
   6.1960032232849065E-003   3.4199222753508651E-003  -5.4021990322017602E-003
   6.2586470392946639E-003   3.4681832670832944E-003  -5.4143080779292009E-003
   6.3220283618666950E-003   3.5158708438296745E-003  -5.4247341499930029E-003
   6.3852081517865441E-003   3.5641584299662471E-003  -5.4334876160281763E-003
   6.4482626646038344E-003   3.6128253553223389E-003  -5.4409480984234579E-003
   6.5115427018636205E-003   3.6613974781731953E-003  -5.4469801602622233E-003
   6.5747859104775749E-003   3.7101565233042997E-003  -5.4517605450198348E-003
   6.6383537185074996E-003   3.7585897934028279E-003  -5.4554146028530431E-003
   6.7016421425110245E-003   3.8073713477517371E-003  -5.4592792297429235E-003
   6.7654466148375338E-003   3.8555933108682179E-003  -5.4611848997406873E-003
   6.8292842483211602E-003   3.9037768814964638E-003  -5.4629456026718268E-003
   6.8932336602968306E-003   3.9518442019945395E-003  -5.4630191658363364E-003
   6.9575854416233599E-003   3.9993710143733478E-003  -5.4627948007098630E-003
   7.0217582729065909E-003   4.0471394935170518E-003  -5.4626529280719536E-003
   7.0864602574240232E-003   4.0941320383812829E-003  -5.4603390720751582E-003
   7.1510989556734473E-003   4.1412189728862415E-003  -5.4581805333372875E-003
   7.2153469908210043E-003   4.1886888899850937E-003  -5.4538449884015405E-003
   7.2786344389758886E-003   4.2373517949408704E-003  -5.4486854741996214E-003
   7.3420178999615013E-003   4.2858691790870077E-003  -5.4433375483092144E-003
   7.4048267489324011E-003   4.3349122017152658E-003  -5.4362784815260847E-003
   7.4668878360089385E-003   4.3845413533200490E-003  -5.4270389586964568E-003
   7.5295557719582068E-003   4.4330639279414399E-003  -5.4161628584119053E-003
   7.5914053909307199E-003   4.4823841515134466E-003  -5.4042406028886308E-003
   7.6523045519949233E-003   4.5324043220857299E-003  -5.3904828879971214E-003
   7.7126039935299087E-003   4.5825014505637201E-003  -5.3745375104634115E-003
   7.7728094000102726E-003   4.6328170160640173E-003  -5.3589281252853791E-003
   7.8332547566168087E-003   4.6826493078211493E-003  -5.3427077196467922E-003
   7.8941115305650421E-003   4.7318838663489918E-003  -5.3262028321901514E-003
   7.9547002446262692E-003   4.7813104094785817E-003  -5.3092905713166532E-003
   8.0145625890188470E-003   4.8306898979893539E-003  -5.2898440847834027E-003
   8.0737027586929386E-003   4.8803419854292181E-003  -5.2689368960003513E-003
   8.1328206870738846E-003   4.9299112262399273E-003  -5.2477718089402776E-003
   8.1914444897052806E-003   4.9790131324628489E-003  -5.2242717542524417E-003
   8.2490538449686481E-003   5.0285607560211169E-003  -5.1992478619250658E-003
   8.3065282950859892E-003   5.0783818266155294E-003  -5.1744577730526041E-003
   8.3634930332130882E-003   5.1283738889719137E-003  -5.1488489403507436E-003
   8.4204964143756653E-003   5.1779743533719759E-003  -5.1225733153475719E-003
   8.4773376886988442E-003   5.2275059649216369E-003  -5.0958209510629663E-003
   8.5340428772530640E-003   5.2766127333313262E-003  -5.0680172304203809E-003
   8.5899825414025889E-003   5.3262610954119402E-003  -5.0396307173649181E-003
   8.6450286102918335E-003   5.3758983926273339E-003  -5.0095297370306262E-003
   8.6995484959419885E-003   5.4249847084409664E-003  -4.9776218120196336E-003
   8.7529203902615496E-003   5.4743843083135523E-003  -4.9442883390626120E-003
   8.8062421846129679E-003   5.5237265882897022E-003  -4.9107901948152932E-003
   8.8586086536436431E-003   5.5738321843489171E-003  -4.8769201173427664E-003
   8.9096104911660159E-003   5.6248193624791314E-003  -4.8422918016815635E-003
   8.9605156391336527E-003   5.6754914464141491E-003  -4.8070638891215909E-003
   9.0106393032086032E-003   5.7269887164959734E-003  -4.7719120831120794E-003
   9.0611506607716236E-003   5.7783077504260545E-003  -4.7370558136518104E-003
   9.1112751764702918E-003   5.8289840885954744E-003  -4.7007316938761732E-003
   9.1613518875278618E-003   5.8796057347969086E-003  -4.6642656557884755E-003
   9.2104547081906327E-003   5.9301672063166271E-003  -4.6264179265684373E-003
   9.2591098898448798E-003   5.9805475255036919E-003  -4.5877592052597288E-003
   9.3068960066549720E-003   6.0312027684769386E-003  -4.5483823922007963E-003
   9.3546597208856198E-003   6.0813314269008998E-003  -4.5083106415142763E-003
   9.4022590714986556E-003   6.1314103186717013E-003  -4.4679819121266106E-003
   9.4499270185603706E-003   6.1814589928332747E-003  -4.4276967157102203E-003
   9.4974086446439395E-003   6.2313415024229700E-003  -4.3869876206952436E-003
   9.5448991643728963E-003   6.2806962434022711E-003  -4.3456504694040317E-003
   9.5917206613186402E-003   6.3303012296577303E-003  -4.3038522306997912E-003
   9.6375727089927418E-003   6.3797781741421434E-003  -4.2608450023871184E-003
   9.6827923473692314E-003   6.4289724710294861E-003  -4.2168551686954815E-003
   9.7270736273214770E-003   6.4789461370741925E-003  -4.1727892981123938E-003
   9.7710364289028320E-003   6.5287017732754624E-003  -4.1281614061478055E-003
   9.8154344276392431E-003   6.5787320493870174E-003  -4.0842775916701702E-003
   9.8592943417604786E-003   6.6283017914527840E-003  -4.0393426541353201E-003
   9.9023091822891766E-003   6.6777700593010549E-003  -3.9934883853415719E-003
   9.9448072971107110E-003   6.7272384634028915E-003  -3.9471549498786172E-003
   9.9867916840712407E-003   6.7769063609486044E-003  -3.9005672776972395E-003
   1.0028077725565599E-002   6.8264992060199136E-003  -3.8532807838760458E-003
   1.0069713041216587E-002   6.8752760246292731E-003  -3.8054548237748957E-003
   1.0111144804677103E-002   6.9240838068284506E-003  -3.7574839016730121E-003
   1.0151344416430850E-002   6.9729625171598142E-003  -3.7085465653085704E-003
   1.0191323036084495E-002   7.0213947633828841E-003  -3.6589882411094221E-003
   1.0230394129702652E-002   7.0700504999809200E-003  -3.6089275885353446E-003
   1.0269349744285394E-002   7.1182126948391910E-003  -3.5583028605219421E-003
   1.0308525771867756E-002   7.1655975958881879E-003  -3.5071178039335570E-003
   1.0348686548629075E-002   7.2122528738316205E-003  -3.4560257591349469E-003
   1.0387541604886370E-002   7.2589268879730820E-003  -3.4039506113313785E-003
   1.0426299856954089E-002   7.3060323381735270E-003  -3.3521927669186184E-003
   1.0464612868796049E-002   7.3528178164970082E-003  -3.2998168932904400E-003
   1.0502335223373989E-002   7.4005262910589835E-003  -3.2478464650582085E-003
   1.0538451672962221E-002   7.4487542455509139E-003  -3.1952188441080644E-003
   1.0573298319793305E-002   7.4974938270562213E-003  -3.1422078603850585E-003
   1.0608914003009829E-002   7.5457040337364731E-003  -3.0892239092259054E-003
   1.0642757574518689E-002   7.5938841889355560E-003  -3.0350640964977131E-003
   1.0675726682635597E-002   7.6416527242239149E-003  -2.9800077168178605E-003
   1.0708651980486124E-002   7.6890800464169502E-003  -2.9246310622634652E-003
   1.0740895054346123E-002   7.7358310672675512E-003  -2.8682863532242448E-003
   1.0772060090293871E-002   7.7818083692115713E-003  -2.8107118081353013E-003
   1.0803277952727341E-002   7.8278731257826716E-003  -2.7532358717194580E-003
   1.0835215341129911E-002   7.8735552251843720E-003  -2.6958499064093496E-003
   1.0867088615888464E-002   7.9191247424835950E-003  -2.6383389210383819E-003
   1.0898362360846644E-002   7.9644005652991911E-003  -2.5802695422330415E-003
   1.0928775053956572E-002   8.0099027757224057E-003  -2.5219204467586700E-003
   1.0959500102457156E-002   8.0552513271660974E-003  -2.4636153845729019E-003
   1.0989833225710947E-002   8.1004295012066085E-003  -2.4049738103735971E-003
   1.1021009753761461E-002   8.1455824396758220E-003  -2.3467566630339179E-003
   1.1052929097983598E-002   8.1903910107271743E-003  -2.2886761377116597E-003
   1.1084819342832314E-002   8.2357905922818223E-003  -2.2310402958556751E-003
   1.1115170364270911E-002   8.2818317105095955E-003  -2.1730831484507067E-003
   1.1144321985530090E-002   8.3279694737721597E-003  -2.1145896463828215E-003
   1.1173668937022504E-002   8.3730235161849909E-003  -2.0553537644982401E-003
   1.1203762843001534E-002   8.4171052180059130E-003  -1.9957621511537604E-003
   1.1233536968203769E-002   8.4616146908537936E-003  -1.9363280843638280E-003
   1.1264000051741371E-002   8.5057488163486038E-003  -1.8769632840970193E-003
   1.1295379594934631E-002   8.5488175745433645E-003  -1.8172941434710095E-003
   1.1325148898604819E-002   8.5921839703303002E-003  -1.7570185740674298E-003
   1.1355007487952854E-002   8.6357086222728623E-003  -1.6969014440673120E-003
   1.1384427825867415E-002   8.6792492400309933E-003  -1.6365801516095354E-003
   1.1412772050717935E-002   8.7232233705745853E-003  -1.5760584136681685E-003
   1.1441099917142603E-002   8.7669837362876289E-003  -1.5153742940493583E-003
   1.1468731908321291E-002   8.8123024757601927E-003  -1.4555187603293867E-003
   1.1495525961373834E-002   8.8581456471652636E-003  -1.3956816284198404E-003
   1.1522228692343589E-002   8.9022569996550470E-003  -1.3345166650766611E-003
   1.1548659137441235E-002   8.9464359333200870E-003  -1.2732822516222445E-003
   1.1574997731654263E-002   8.9908835296400730E-003  -1.2122028800362510E-003
   1.1601627246847315E-002   9.0348333787596269E-003  -1.1508899149740538E-003
   1.1627404171731965E-002   9.0791660645863411E-003  -1.0894882609965902E-003
   1.1652806501800474E-002   9.1222846012800809E-003  -1.0270742126927733E-003
   1.1677917163654581E-002   9.1644324610845405E-003  -9.6388392413088695E-004
   1.1703380403745189E-002   9.2070835942496196E-003  -9.0117424191166347E-004
   1.1727711318450951E-002   9.2492369874285236E-003  -8.3768331316608051E-004
   1.1752476401798943E-002   9.2914345345029934E-003  -7.7438988801326308E-004
   1.1776794668441131E-002   9.3328882271968821E-003  -7.1043511285333088E-004
   1.1800290485469760E-002   9.3753079304490974E-003  -6.4680716806373557E-004
   1.1822603939528381E-002   9.4174173781420688E-003  -5.8255061831098253E-004
   1.1843609739738067E-002   9.4597822204011608E-003  -5.1802173722173398E-004
   1.1864576939664247E-002   9.5023286950848655E-003  -4.5359989296656718E-004
   1.1884966276015482E-002   9.5451185075138886E-003  -3.8915373781203726E-004
   1.1905239712838273E-002   9.5867729744389275E-003  -3.2393186152020388E-004
   1.1925589433429286E-002   9.6279459458573132E-003  -2.5842861507036855E-004
   1.1946330425848486E-002   9.6692203105428077E-003  -1.9311216957983274E-004
   1.1967461147821691E-002   9.7117291606131709E-003  -1.2871892259913993E-004
   1.1989451590601575E-002   9.7540812347499950E-003  -6.4510494464616703E-005
   1.2012500000010350E-002   9.7953991113086548E-003   7.9733939129549933E-015
