   3.5527136787915904E-015   3.5421283062122360E-015   7.1340190668715032E-015
   4.7948425328435499E-005   1.8214667661466667E-005  -6.1393602185461299E-005
   9.5372405290238308E-005   3.6213478181146393E-005  -1.2325642574460382E-004
   1.4194362704951545E-004   5.3805997924123758E-005  -1.8587930135729121E-004
   1.8846291945902912E-004   7.1672771991015250E-005  -2.4846311568860218E-004
   2.3465884900948004E-004   9.0212710204272883E-005  -3.1109063988152952E-004
   2.8135799909254024E-004   1.0880404354370671E-004  -3.7332850381804498E-004
   3.2823496843549521E-004   1.2819328397054366E-004  -4.3518807941737305E-004
   3.7538296772682750E-004   1.4679791156104474E-004  -4.9708261872017561E-004
   4.2248117347135604E-004   1.6510649647051600E-004  -5.5910321801453658E-004
   4.6908079657499528E-004   1.8408882768653417E-004  -6.2129764085326025E-004
   5.1573669023176056E-004   2.0171828094377013E-004  -6.8384706105212366E-004
   5.6195597617435375E-004   2.2026012256587976E-004  -7.4645678642815171E-004
   6.0833600680534048E-004   2.3864102427705204E-004  -8.0899505640315836E-004
   6.5414910852469035E-004   2.5708279263258446E-004  -8.7193201604122636E-004
   6.9957040375006262E-004   2.7491269700765058E-004  -9.3532760311391332E-004
   7.4582783125758318E-004   2.9110825581008079E-004  -9.9855698133608710E-004
   7.9200319391765917E-004   3.0556396766631249E-004  -1.0622662292865891E-003
   8.3861292541632145E-004   3.1914995712592210E-004  -1.1258504554644442E-003
   8.8508095211062168E-004   3.3275232200978626E-004  -1.1895348189777805E-003
   9.3133414095647449E-004   3.4684616881681626E-004  -1.2532686875922007E-003
   9.7763238321225509E-004   3.5965542711135834E-004  -1.3172405227064050E-003
   1.0245201474591529E-003   3.7274024419911664E-004  -1.3807253643016847E-003
   1.0709274495533309E-003   3.8591108076485527E-004  -1.4445445727876713E-003
   1.1170626299663602E-003   3.9922666114846142E-004  -1.5085308247919438E-003
   1.1639936310361581E-003   4.1352557853786831E-004  -1.5717211887797181E-003
   1.2108799031551572E-003   4.2776624386389777E-004  -1.6349578943755771E-003
   1.2583717781494833E-003   4.4245909309944843E-004  -1.6976367743647082E-003
   1.3064354724135830E-003   4.5679807361986635E-004  -1.7599607258134431E-003
   1.3542882376902899E-003   4.7159172791665847E-004  -1.8223406957088338E-003
   1.4018557628187097E-003   4.8789669054097263E-004  -1.8845619039901712E-003
   1.4496189011114463E-003   5.0402543435875053E-004  -1.9466791015770452E-003
   1.4970840454062305E-003   5.2028709887065030E-004  -2.0089897614990345E-003
   1.5456218485833057E-003   5.3649070165376171E-004  -2.0704838661551963E-003
   1.5945157359897081E-003   5.5377260055154459E-004  -2.1313995763591349E-003
   1.6436809327773734E-003   5.7163560651855383E-004  -2.1919280527238844E-003
   1.6931715329069361E-003   5.8949298966524651E-004  -2.2521924232490882E-003
   1.7429562369483010E-003   6.0719658533373076E-004  -2.3122596018430525E-003
   1.7932518448220223E-003   6.2473519027792641E-004  -2.3719483710061282E-003
   1.8435858036587704E-003   6.4309998925183394E-004  -2.4313556664374201E-003
   1.8942809694464649E-003   6.6161040052763968E-004  -2.4904095811692562E-003
   1.9457293278202677E-003   6.7996462446496956E-004  -2.5488577538703701E-003
   1.9971014187776942E-003   6.9787016512183999E-004  -2.6075118233904039E-003
   2.0485263410991981E-003   7.1678939006780847E-004  -2.6658002465672569E-003
   2.0981264022030153E-003   7.3627270286880445E-004  -2.7254679469864477E-003
   2.1470049721527000E-003   7.5626985375022205E-004  -2.7855595384011487E-003
   2.1960398860475456E-003   7.7741067570123463E-004  -2.8451300248278446E-003
   2.2452011241903633E-003   7.9891461813720371E-004  -2.9044659595502641E-003
   2.2958791461826591E-003   8.2035867549559813E-004  -2.9625339412234996E-003
   2.3471649392852885E-003   8.4121447816522244E-004  -3.0202816937259726E-003
   2.3990831082182709E-003   8.6367338038277543E-004  -3.0768511328661996E-003
   2.4515474510913354E-003   8.8657439441424779E-004  -3.1327352654591362E-003
   2.5050425615806638E-003   9.0921149500016840E-004  -3.1877428542473646E-003
   2.5584255903481480E-003   9.3221914788666046E-004  -3.2427055701823907E-003
   2.6119707187198557E-003   9.5577015723878015E-004  -3.2972790912203210E-003
   2.6666951607946430E-003   9.7906502062106594E-004  -3.3507822198163215E-003
   2.7225233437673481E-003   1.0017273823838802E-003  -3.4034095069354871E-003
   2.7788189161534315E-003   1.0246061959291724E-003  -3.4554418856605922E-003
   2.8356012862549435E-003   1.0469113560122147E-003  -3.5071936224492168E-003
   2.8935739750716237E-003   1.0699562291109060E-003  -3.5572745687555895E-003
   2.9518556346863679E-003   1.0933456023919596E-003  -3.6068344855973555E-003
   3.0101681028216701E-003   1.1167028292529894E-003  -3.6563733190551105E-003
   3.0685519668155747E-003   1.1414995472382116E-003  -3.7051221366802521E-003
   3.1272373659560742E-003   1.1677800503454602E-003  -3.7527179250003615E-003
   3.1856948132686193E-003   1.1940479074993625E-003  -3.8006003491663854E-003
   3.2448582365307180E-003   1.2187220494674659E-003  -3.8484634461940417E-003
   3.3033709401323061E-003   1.2435087190775513E-003  -3.8970626697394767E-003
   3.3623010494087543E-003   1.2691533726594047E-003  -3.9447029255321696E-003
   3.4216835093505509E-003   1.2952131003040827E-003  -3.9915496335073937E-003
   3.4814250661311199E-003   1.3223959392796140E-003  -4.0372884533896912E-003
   3.5415807523738320E-003   1.3511048760548631E-003  -4.0815274675213391E-003
   3.6017729337256403E-003   1.3804046627708573E-003  -4.1253272824216605E-003
   3.6630144390852287E-003   1.4096461558777320E-003  -4.1676877960607596E-003
   3.7239033364421105E-003   1.4396396970176640E-003  -4.2100307962269611E-003
   3.7853393549685506E-003   1.4705784619168840E-003  -4.2508769521894122E-003
   3.8470547416358742E-003   1.5006531539571856E-003  -4.2919466971947295E-003
   3.9093485403807740E-003   1.5310625654277599E-003  -4.3318810224918063E-003
   3.9716636294968594E-003   1.5616053455685061E-003  -4.3716801210363747E-003
   4.0338556772022442E-003   1.5934870157284847E-003  -4.4106122196319033E-003
   4.0967830813999871E-003   1.6248498768697461E-003  -4.4487765058793790E-003
   4.1597745227001286E-003   1.6567331172195219E-003  -4.4864001327973163E-003
   4.2230746195244459E-003   1.6897122445265781E-003  -4.5225314891765003E-003
   4.2867076054306725E-003   1.7226561255609181E-003  -4.5581059717524856E-003
   4.3501210797378623E-003   1.7560628865364266E-003  -4.5936407378141487E-003
   4.4135568212486801E-003   1.7902983827459194E-003  -4.6283370992449419E-003
   4.4762109397401542E-003   1.8264945957155829E-003  -4.6624588753747809E-003
   4.5388611475699996E-003   1.8633842373765948E-003  -4.6958370987976892E-003
   4.6012988276700134E-003   1.9012689446798086E-003  -4.7284911193624284E-003
   4.6631049948566046E-003   1.9404702491834548E-003  -4.7607905840533907E-003
   4.7247842919789541E-003   1.9803818044232175E-003  -4.7924565289429160E-003
   4.7855006108580593E-003   2.0218763826398965E-003  -4.8239482516642639E-003
   4.8457723500487677E-003   2.0643831071524318E-003  -4.8549401189507783E-003
   4.9070833438453216E-003   2.1062434358993872E-003  -4.8847507698631240E-003
   4.9686585656661909E-003   2.1483621721039635E-003  -4.9136385545869828E-003
   5.0304260964801947E-003   2.1910652481186284E-003  -4.9412287602785369E-003
   5.0928054920272216E-003   2.2338501971573403E-003  -4.9672721690084826E-003
   5.1554102165688150E-003   2.2768440864688383E-003  -4.9924152385061047E-003
   5.2182358296298543E-003   2.3203903450828367E-003  -5.0160090029526729E-003
   5.2819324221616533E-003   2.3624964113763535E-003  -5.0398799744196324E-003
   5.3454776768671920E-003   2.4048509965235573E-003  -5.0637146068952758E-003
   5.4085189439371170E-003   2.4487781119940230E-003  -5.0859903151070371E-003
   5.4715401963065227E-003   2.4931600447412874E-003  -5.1074044646815652E-003
   5.5351710863673926E-003   2.5368712448307121E-003  -5.1283911464872836E-003
   5.5990197676089098E-003   2.5810016853435522E-003  -5.1477780010583188E-003
   5.6630464168696054E-003   2.6251591305032564E-003  -5.1665052063555109E-003
   5.7273316864672724E-003   2.6696442546403775E-003  -5.1834898421617981E-003
   5.7911316776750165E-003   2.7146910735675284E-003  -5.2008203125819474E-003
   5.8542933946112517E-003   2.7607127928499058E-003  -5.2179258343960306E-003
   5.9171442335215129E-003   2.8075752792683412E-003  -5.2338531509890191E-003
   5.9800292304577375E-003   2.8545646776429925E-003  -5.2492633296007760E-003
   6.0440615679725534E-003   2.9004127724022062E-003  -5.2633278933908942E-003
   6.1080151429819861E-003   2.9464090044172197E-003  -5.2772665764421536E-003
   6.1721406365740717E-003   2.9924791910215108E-003  -5.2901296623090507E-003
   6.2360044304773377E-003   3.0391175970247084E-003  -5.3022240787475895E-003
   6.3000233137025779E-003   3.0857718578503265E-003  -5.3134027431503399E-003
   6.3634704601111562E-003   3.1335061189189197E-003  -5.3231955945477853E-003
   6.4269758147138534E-003   3.1813253210066471E-003  -5.3321618559869560E-003
   6.4903580573063757E-003   3.2293959164779312E-003  -5.3406417840877263E-003
   6.5524879347426080E-003   3.2791404170915469E-003  -5.3487265218882356E-003
   6.6138287203489259E-003   3.3300349792561349E-003  -5.3555859366663594E-003
   6.6755524144914277E-003   3.3806263210848144E-003  -5.3611268497010169E-003
   6.7376840386497716E-003   3.4308322168630145E-003  -5.3654891088497237E-003
   6.7998857985519141E-003   3.4809772692640018E-003  -5.3695406262897578E-003
   6.8616364390847824E-003   3.5317644864819391E-003  -5.3722823337082138E-003
   6.9228525035805117E-003   3.5832292673869865E-003  -5.3742747613373474E-003
   6.9837881635585472E-003   3.6350398736879172E-003  -5.3758579289963880E-003
   7.0442864952094605E-003   3.6873833491714099E-003  -5.3755226005112950E-003
   7.1049447366918492E-003   3.7395363073057181E-003  -5.3747184284973267E-003
   7.1657654675772566E-003   3.7914966217073164E-003  -5.3737363774294319E-003
   7.2267921003477103E-003   3.8431815902686696E-003  -5.3716353966119876E-003
   7.2880991792062619E-003   3.8944844940493497E-003  -5.3685606368714910E-003
   7.3490324163081443E-003   3.9461155294941135E-003  -5.3639371322774156E-003
   7.4095726941248736E-003   3.9982484123028987E-003  -5.3598095068779624E-003
   7.4697329090427141E-003   4.0505961452392842E-003  -5.3534484220881858E-003
   7.5293530591734248E-003   4.1035588673319634E-003  -5.3470932849284721E-003
   7.5884553306240880E-003   4.1569490105349575E-003  -5.3395823516703663E-003
   7.6480561720084694E-003   4.2092386301739552E-003  -5.3289270531916141E-003
   7.7073062684691442E-003   4.2617409383615603E-003  -5.3173973653642508E-003
   7.7664380332299514E-003   4.3140191934983680E-003  -5.3043429240695892E-003
   7.8245701895205966E-003   4.3670312242444810E-003  -5.2898385455224708E-003
   7.8825637471675557E-003   4.4199395086246245E-003  -5.2744287849096922E-003
   7.9406049960879018E-003   4.4725030294457272E-003  -5.2580492336697067E-003
   7.9976024605967321E-003   4.5258931427027468E-003  -5.2407060838760766E-003
   8.0548480728019744E-003   4.5789418247006242E-003  -5.2231340257522726E-003
   8.1107173718224373E-003   4.6330471053653496E-003  -5.2043926268870210E-003
   8.1660702049557651E-003   4.6873697754290129E-003  -5.1847683719900587E-003
   8.2206188538513792E-003   4.7420868197250807E-003  -5.1640201198213049E-003
   8.2753816010654943E-003   4.7963248885342456E-003  -5.1425894546566981E-003
   8.3300590218080908E-003   4.8502343378948494E-003  -5.1201361490655906E-003
   8.3845028189504130E-003   4.9037953257045058E-003  -5.0963224232904109E-003
   8.4387721553503790E-003   4.9570377867223262E-003  -5.0714210283016939E-003
   8.4927060369425853E-003   5.0101856879539034E-003  -5.0456055869332987E-003
   8.5463557647620855E-003   5.0631480062151221E-003  -5.0188343420327066E-003
   8.5998567432813023E-003   5.1158676246124447E-003  -4.9912973282560981E-003
   8.6524092463975619E-003   5.1688545538916570E-003  -4.9624768538035378E-003
   8.7047739590401640E-003   5.2214092221543147E-003  -4.9325445350531238E-003
   8.7580977461576125E-003   5.2732154465021958E-003  -4.9030032274277021E-003
   8.8110898739080044E-003   5.3252965669257435E-003  -4.8733486951920502E-003
   8.8635675022750264E-003   5.3775913438489729E-003  -4.8431600410051073E-003
   8.9147537470498014E-003   5.4302197935010956E-003  -4.8113761674796257E-003
   8.9650329615316264E-003   5.4831930788877201E-003  -4.7787290904846560E-003
   9.0146480477089532E-003   5.5364244757805606E-003  -4.7454911360994218E-003
   9.0644252656494704E-003   5.5896513275062653E-003  -4.7124891540165359E-003
   9.1135047053390178E-003   5.6428518892290844E-003  -4.6784170416786890E-003
   9.1628526926022889E-003   5.6953689428660310E-003  -4.6436789468530127E-003
   9.2118847776793116E-003   5.7470233875169538E-003  -4.6072416998504404E-003
   9.2602645145758028E-003   5.7980416781112775E-003  -4.5690771208660970E-003
   9.3084844206604827E-003   5.8483330427153589E-003  -4.5297627558088102E-003
   9.3552338529600786E-003   5.8983813306458252E-003  -4.4884147272945853E-003
   9.4000926469418322E-003   5.9492562311304785E-003  -4.4459950019443096E-003
   9.4453201733668245E-003   5.9988903386846634E-003  -4.4025102205315090E-003
   9.4901212302287777E-003   6.0489619926623259E-003  -4.3590856332020762E-003
   9.5345112578264207E-003   6.0984754095404423E-003  -4.3146115171970095E-003
   9.5776076570231461E-003   6.1494020503170110E-003  -4.2704620253134710E-003
   9.6211617097166184E-003   6.1992148873790728E-003  -4.2254984205405228E-003
   9.6652115817905983E-003   6.2487221140341649E-003  -4.1806805303871942E-003
   9.7090374560636385E-003   6.2973557961879204E-003  -4.1347016470414952E-003
   9.7526017197256658E-003   6.3468241358981721E-003  -4.0893691167760808E-003
   9.7966581571428818E-003   6.3955863567084674E-003  -4.0437481112894835E-003
   9.8401854352678560E-003   6.4438554953125220E-003  -3.9971062169218410E-003
   9.8836739652668430E-003   6.4914366070324197E-003  -3.9497270487939421E-003
   9.9263407205745988E-003   6.5390160054362642E-003  -3.9016048207151360E-003
   9.9680868665384878E-003   6.5867530141252070E-003  -3.8528355957045228E-003
   1.0009607826716857E-002   6.6346009247762990E-003  -3.8039828853752024E-003
   1.0050767992040242E-002   6.6815129720162467E-003  -3.7539319051973800E-003
   1.0091726271791656E-002   6.7278132566835199E-003  -3.7031509741099252E-003
   1.0131534330374314E-002   6.7747256750042553E-003  -3.6520183673590038E-003
   1.0171005396080807E-002   6.8210880045044067E-003  -3.6001283936206094E-003
   1.0209625313212706E-002   6.8682612401438376E-003  -3.5483288970877087E-003
   1.0248247598855896E-002   6.9150090432647969E-003  -3.4961468891572685E-003
   1.0286788319837231E-002   6.9623038939737505E-003  -3.4443993295033321E-003
   1.0324336208385103E-002   7.0103205647971010E-003  -3.3925866342331781E-003
   1.0362631623831721E-002   7.0582353785636417E-003  -3.3412287549033711E-003
   1.0401326213593303E-002   7.1058379293096842E-003  -3.2898796955424430E-003
   1.0439910709492316E-002   7.1527038345246055E-003  -3.2377757263576399E-003
   1.0477355325348905E-002   7.1994605972208608E-003  -3.1847502053118744E-003
   1.0513246772933478E-002   7.2466678932736053E-003  -3.1310540678322072E-003
   1.0549069911593340E-002   7.2942416874058726E-003  -3.0776364971211471E-003
   1.0583747519181301E-002   7.3433385244447051E-003  -3.0248447920844493E-003
   1.0618652279808238E-002   7.3924261939866242E-003  -2.9721944513060967E-003
   1.0652859444354035E-002   7.4409747191334988E-003  -2.9185949121096396E-003
   1.0686927671579019E-002   7.4893599682206227E-003  -2.8647597603820257E-003
   1.0721167461793411E-002   7.5377043952552080E-003  -2.8109968257576481E-003
   1.0754448195406389E-002   7.5860545800910647E-003  -2.7566401114002869E-003
   1.0787690122257830E-002   7.6342432134066905E-003  -2.7021164475445015E-003
   1.0821038624953889E-002   7.6813647079920335E-003  -2.6467319540856215E-003
   1.0853456927747109E-002   7.7277788701836806E-003  -2.5902095763015165E-003
   1.0885612540281486E-002   7.7746118741406061E-003  -2.5338829723568455E-003
   1.0918744199121545E-002   7.8215794178691737E-003  -2.4782381789905353E-003
   1.0952144756085920E-002   7.8678245785697674E-003  -2.4221508550705791E-003
   1.0985890867861250E-002   7.9137791584493345E-003  -2.3660315488734083E-003
   1.1020874235333242E-002   7.9596649698157034E-003  -2.3106180458608932E-003
   1.1055073577497807E-002   8.0052320907644785E-003  -2.2544571833142783E-003
   1.1088093957892826E-002   8.0507321249498401E-003  -2.1975414441497941E-003
   1.1120992192980735E-002   8.0966403123839334E-003  -2.1408833075502835E-003
   1.1153047948347329E-002   8.1437992504044369E-003  -2.0847721400519999E-003
   1.1183349396002941E-002   8.1911769903500135E-003  -2.0278759887525457E-003
   1.1213529259201287E-002   8.2385544956137674E-003  -1.9709150560477512E-003
   1.1243538612212889E-002   8.2866118380784688E-003  -1.9144355857906128E-003
   1.1273165556676753E-002   8.3350321355674835E-003  -1.8580643258015077E-003
   1.1302299453639034E-002   8.3832415747854550E-003  -1.8012570549583527E-003
   1.1331623774045351E-002   8.4313516002538190E-003  -1.7444634841193504E-003
   1.1360639980835148E-002   8.4801585070274320E-003  -1.6881079556754412E-003
   1.1388057918713276E-002   8.5297081257818593E-003  -1.6316005051241777E-003
   1.1415879628053341E-002   8.5788693123703234E-003  -1.5749513195678869E-003
   1.1444178088877793E-002   8.6280423317924380E-003  -1.5185490919635738E-003
   1.1472527440704467E-002   8.6768888355682767E-003  -1.4618892885986709E-003
   1.1499545814912823E-002   8.7259917612198343E-003  -1.4048024236617347E-003
   1.1527113711763579E-002   8.7744957768477617E-003  -1.3474668192800920E-003
   1.1553485443447796E-002   8.8224800672335960E-003  -1.2891398131452813E-003
   1.1579396611457691E-002   8.8696413424774589E-003  -1.2299416249239358E-003
   1.1604546968292868E-002   8.9171629546681390E-003  -1.1707034959615504E-003
   1.1628916071120909E-002   8.9641237740218441E-003  -1.1106965940687965E-003
   1.1653088480542107E-002   9.0112518574880420E-003  -1.0507412909515892E-003
   1.1677643119281468E-002   9.0576309980382255E-003  -9.9035880140892858E-004
   1.1701455754670466E-002   9.1038698695547395E-003  -9.2957290542895190E-004
   1.1724825015914635E-002   9.1508408668666448E-003  -8.6917751619561116E-004
   1.1747688648084531E-002   9.1963735656767926E-003  -8.0750071615755237E-004
   1.1771021066526973E-002   9.2425544947437998E-003  -7.4648498015395263E-004
   1.1793534813091189E-002   9.2887382094692730E-003  -6.8516454550132872E-004
   1.1814751477078228E-002   9.3360954827964981E-003  -6.2427824300000545E-004
   1.1835307626042879E-002   9.3830785146780098E-003  -5.6287759595034272E-004
   1.1855597569609902E-002   9.4302112609045783E-003  -5.0150315159507627E-004
   1.1876087694107799E-002   9.4767758132319694E-003  -4.3976258743656614E-004
   1.1896481484068034E-002   9.5233402886017969E-003  -3.7799007766617702E-004
   1.1916509232418953E-002   9.5693977291293822E-003  -3.1571968766827324E-004
   1.1935542222634892E-002   9.6154786685701352E-003  -2.5315538232805271E-004
   1.1954911464487515E-002   9.6614943995605249E-003  -1.9064630322960578E-004
   1.1974471438264529E-002   9.7068343407304015E-003  -1.2770428894117702E-004
   1.1993991829719584E-002   9.7513744656366492E-003  -6.4181603295646907E-005
   1.2012500000010315E-002   9.7953991113086548E-003   7.9739147043644836E-015
