   3.5527136787915328E-015   3.5421283062121887E-015   7.1340190668714132E-015
   2.2999369013049753E-005   5.0897323232115923E-005  -5.7275575175818767E-005
   4.6196895357271448E-005   1.0093670578819080E-004  -1.1522326675336545E-004
   6.8648402227363068E-005   1.5049751521093002E-004  -1.7387184734732135E-004
   8.9306442035904220E-005   2.0015259094109330E-004  -2.3309700115543922E-004
   1.1043509301772371E-004   2.4938511892245015E-004  -2.9250860186414069E-004
   1.3138545920524816E-004   2.9819180194286813E-004  -3.5233326108048257E-004
   1.5218536317257144E-004   3.4661573402401045E-004  -4.1252035927592378E-004
   1.7254281819616558E-004   3.9389798531624313E-004  -4.7375729860313923E-004
   1.9362236838439033E-004   4.4039306579226164E-004  -5.3535161699340644E-004
   2.1533004376772820E-004   4.8719226220364704E-004  -5.9649580763109248E-004
   2.3773388271813013E-004   5.3381880937328500E-004  -6.5752066405531354E-004
   2.5944501623109114E-004   5.8062201093367816E-004  -7.1866056101896239E-004
   2.8085640874883118E-004   6.2849998774337638E-004  -7.7906959682959970E-004
   3.0313880598873701E-004   6.7658345335428361E-004  -8.3899851393807480E-004
   3.2580834096741562E-004   7.2542684293868602E-004  -8.9816282317959186E-004
   3.4812521430859747E-004   7.7435938555437973E-004  -9.5738750918411900E-004
   3.7045150629396822E-004   8.2250128453917012E-004  -1.0172531441077052E-003
   3.9300134366433573E-004   8.7034113095248514E-004  -1.0772769221321812E-003
   4.1487139505099586E-004   9.1829019066615007E-004  -1.1374648654124868E-003
   4.3695198334666488E-004   9.6666038776830536E-004  -1.1972375318881007E-003
   4.5963721442931582E-004   1.0149483880930483E-003  -1.2568500250190102E-003
   4.8210407203122687E-004   1.0630621826049802E-003  -1.3166856588322142E-003
   5.0538711098690482E-004   1.1112908551534977E-003  -1.3761154092647389E-003
   5.2850006996423753E-004   1.1596543563723012E-003  -1.4355019639333967E-003
   5.5228652356210614E-004   1.2076368322655412E-003  -1.4949316419842521E-003
   5.7565222806585609E-004   1.2558054477498331E-003  -1.5543776538952572E-003
   5.9977454077074824E-004   1.3039803619850632E-003  -1.6135155577643638E-003
   6.2363179553120800E-004   1.3524568342420599E-003  -1.6725143969534880E-003
   6.4835742702016794E-004   1.4005138060112800E-003  -1.7314988915947030E-003
   6.7368420194625640E-004   1.4482375444449991E-003  -1.7904988854487265E-003
   6.9979177670619432E-004   1.4962852692757172E-003  -1.8488924696125235E-003
   7.2596231599037788E-004   1.5451126906421077E-003  -1.9066071626449243E-003
   7.5271351402358641E-004   1.5941134159065786E-003  -1.9639072701074130E-003
   7.8003556082058029E-004   1.6432496615443343E-003  -2.0208206703601567E-003
   8.0685542156536789E-004   1.6917398370447233E-003  -2.0785216058633207E-003
   8.3446243273865622E-004   1.7402423865652899E-003  -2.1358396275748407E-003
   8.6128541493840779E-004   1.7877368471129994E-003  -2.1943614512263104E-003
   8.8826459516889176E-004   1.8351282457754231E-003  -2.2528950242071411E-003
   9.1526035885320961E-004   1.8828383803853946E-003  -2.3111614107657248E-003
   9.4301841897282627E-004   1.9294354132483918E-003  -2.3699679293818486E-003
   9.7056995244190628E-004   1.9765473023088632E-003  -2.4284605179761406E-003
   9.9763380985550031E-004   2.0242644672667674E-003  -2.4866895466222907E-003
   1.0252433738381979E-003   2.0727354871474353E-003  -2.5440330047774838E-003
   1.0536975528020376E-003   2.1206971494201784E-003  -2.6013918634137335E-003
   1.0827285446732106E-003   2.1685433950554105E-003  -2.6585577474009621E-003
   1.1125330514536083E-003   2.2165812037141614E-003  -2.7151621668519599E-003
   1.1433620248011726E-003   2.2642262276144319E-003  -2.7715494537640544E-003
   1.1750614510129171E-003   2.3122580201056374E-003  -2.8271200691338239E-003
   1.2063545654916494E-003   2.3593243281756918E-003  -2.8837372363989091E-003
   1.2377078374365164E-003   2.4065841562633003E-003  -2.9401595811418403E-003
   1.2688024407945327E-003   2.4538689148981482E-003  -2.9967040524480747E-003
   1.3004526020856748E-003   2.5010695014033089E-003  -3.0530101082260584E-003
   1.3327266061240659E-003   2.5483048678885791E-003  -3.1089315603801447E-003
   1.3661355246926115E-003   2.5970065036249033E-003  -3.1628944629061187E-003
   1.3998136691240541E-003   2.6455970275913307E-003  -3.2167901358148921E-003
   1.4326642821412849E-003   2.6945589775716344E-003  -3.2708601338057438E-003
   1.4665445616705134E-003   2.7435348760089934E-003  -3.3242781836258415E-003
   1.5003681730579633E-003   2.7932076474008090E-003  -3.3770851819904888E-003
   1.5339343288028418E-003   2.8438528413048370E-003  -3.4291272566096785E-003
   1.5688958487215384E-003   2.8937266477729569E-003  -3.4809953155730496E-003
   1.6033857012589794E-003   2.9445518268782639E-003  -3.5322520346243460E-003
   1.6372961721181649E-003   2.9960196717841898E-003  -3.5832534162171981E-003
   1.6711766337784931E-003   3.0477449890212930E-003  -3.6340136945465624E-003
   1.7071010170554310E-003   3.0988176568719451E-003  -3.6840239064496448E-003
   1.7438146545346914E-003   3.1491093205407391E-003  -3.7342519601596793E-003
   1.7804881107503050E-003   3.2006805868570755E-003  -3.7831954183751167E-003
   1.8161696608391248E-003   3.2521274360040142E-003  -3.8329955057724583E-003
   1.8532584792641748E-003   3.3034249066003982E-003  -3.8819136931875207E-003
   1.8921344560928130E-003   3.3545417417463618E-003  -3.9296182797165990E-003
   1.9319314140331357E-003   3.4063905656227574E-003  -3.9757474636542183E-003
   1.9720084250716011E-003   3.4584125261646519E-003  -4.0214371647949911E-003
   2.0126101137846338E-003   3.5101309607365868E-003  -4.0670080591545411E-003
   2.0538054648556125E-003   3.5620058846522764E-003  -4.1118626610746395E-003
   2.0967354655968000E-003   3.6137001670231966E-003  -4.1552759794143915E-003
   2.1395057369443839E-003   3.6657822709155945E-003  -4.1983823403210357E-003
   2.1837747162820626E-003   3.7174406431644200E-003  -4.2404735513991701E-003
   2.2284610438994493E-003   3.7694270530337212E-003  -4.2817112199582752E-003
   2.2728928899594394E-003   3.8220273776325580E-003  -4.3224422511120089E-003
   2.3179695697989715E-003   3.8745914671092954E-003  -4.3625060681410687E-003
   2.3626813467737839E-003   3.9281499918167456E-003  -4.4016512009885196E-003
   2.4081143246152169E-003   3.9810427733213754E-003  -4.4408710709380860E-003
   2.4543977655325042E-003   4.0338903824612398E-003  -4.4791460406780328E-003
   2.5008713621142813E-003   4.0874182442350989E-003  -4.5162266668356283E-003
   2.5485870590673727E-003   4.1402004272548991E-003  -4.5527951425799393E-003
   2.5961836535650443E-003   4.1927821390744949E-003  -4.5898049761092788E-003
   2.6446609608977104E-003   4.2451553071543458E-003  -4.6259574579179128E-003
   2.6938255223674153E-003   4.2970613218377071E-003  -4.6618546937158296E-003
   2.7446484336063576E-003   4.3481749031808103E-003  -4.6965596428138918E-003
   2.7967417166528921E-003   4.3990629566058254E-003  -4.7296760417874940E-003
   2.8498706907202596E-003   4.4495988898533559E-003  -4.7616671587567185E-003
   2.9041411923220826E-003   4.4995015813107083E-003  -4.7927224973152690E-003
   2.9590098459965023E-003   4.5488419639928921E-003  -4.8236248834947672E-003
   3.0150648949571826E-003   4.5978063816151660E-003  -4.8529560491891730E-003
   3.0721934888397989E-003   4.6463144762419065E-003  -4.8809433414972363E-003
   3.1301889818590427E-003   4.6944926121995486E-003  -4.9076901169365899E-003
   3.1889575682128237E-003   4.7419241256992459E-003  -4.9340814939740551E-003
   3.2483046416142106E-003   4.7891883066822124E-003  -4.9594590843096524E-003
   3.3079483088078883E-003   4.8365710624711199E-003  -4.9839030491094687E-003
   3.3680254568877683E-003   4.8837879519774800E-003  -5.0075948537640826E-003
   3.4277924225478008E-003   4.9318364228090068E-003  -5.0303820051927116E-003
   3.4878092346952144E-003   4.9799320414252758E-003  -5.0524000372624686E-003
   3.5479922359013842E-003   5.0281320027546726E-003  -5.0737253764163211E-003
   3.6081464460611060E-003   5.0763073277511530E-003  -5.0951871812762407E-003
   3.6683715243243709E-003   5.1249873694173701E-003  -5.1152668597688753E-003
   3.7295570940811015E-003   5.1725648462302752E-003  -5.1350837657803588E-003
   3.7909316508641772E-003   5.2203568161116936E-003  -5.1537677528587502E-003
   3.8519139188547265E-003   5.2693953395518134E-003  -5.1703926203180237E-003
   3.9133222848101836E-003   5.3182140668148973E-003  -5.1860688589605592E-003
   3.9750650743017634E-003   5.3673084688134060E-003  -5.1993943098852498E-003
   4.0369374031060147E-003   5.4164378529728248E-003  -5.2119688291905114E-003
   4.0988885709600329E-003   5.4659956623215288E-003  -5.2222681658363589E-003
   4.1608921887226194E-003   5.5156274772154984E-003  -5.2318720366643411E-003
   4.2226100281628678E-003   5.5658270360380603E-003  -5.2402929976578701E-003
   4.2848330590195679E-003   5.6155943725695176E-003  -5.2474698107353264E-003
   4.3471307967260005E-003   5.6654196205592052E-003  -5.2535060798726343E-003
   4.4100610103487712E-003   5.7145430013002775E-003  -5.2586715105131555E-003
   4.4729455948347421E-003   5.7637568211678812E-003  -5.2635221778565520E-003
   4.5366220400379900E-003   5.8120073625679202E-003  -5.2676689329435849E-003
   4.6003330169540882E-003   5.8603241916715416E-003  -5.2701978563442099E-003
   4.6641189756001849E-003   5.9085215875092018E-003  -5.2730896581964200E-003
   4.7278991121353121E-003   5.9567428926527210E-003  -5.2756973219311104E-003
   4.7920108062415095E-003   6.0045772163988230E-003  -5.2769495836445836E-003
   4.8566740652847785E-003   6.0516657624774088E-003  -5.2781036012342865E-003
   4.9212803565576941E-003   6.0988447414246534E-003  -5.2785172039822867E-003
   4.9862934555791579E-003   6.1454491344971858E-003  -5.2796693776179463E-003
   5.0506643029568895E-003   6.1929488719800049E-003  -5.2800804134159988E-003
   5.1154467675518858E-003   6.2398810234057930E-003  -5.2793023144359534E-003
   5.1804803962656985E-003   6.2864372683051565E-003  -5.2775294073292723E-003
   5.2453768921692746E-003   6.3331630800374239E-003  -5.2752615139729144E-003
   5.3105645822748267E-003   6.3794538681693222E-003  -5.2724815868499626E-003
   5.3764808862736642E-003   6.4246681762382728E-003  -5.2692093991245272E-003
   5.4420632555802198E-003   6.4701719421558397E-003  -5.2638839767872522E-003
   5.5075269941740777E-003   6.5157422508791652E-003  -5.2577320750988666E-003
   5.5722824231611463E-003   6.5620389704265474E-003  -5.2497729182835948E-003
   5.6367539066123282E-003   6.6086969923607151E-003  -5.2416208135788464E-003
   5.7006416471515773E-003   6.6559525159591622E-003  -5.2323865242432334E-003
   5.7643127960367900E-003   6.7031927178398138E-003  -5.2216931560657067E-003
   5.8279948221031793E-003   6.7504865651120075E-003  -5.2113060694866800E-003
   5.8916409678549438E-003   6.7976072556394079E-003  -5.1999566795859556E-003
   5.9560605171934877E-003   6.8428335344144116E-003  -5.1856491508741080E-003
   6.0208870877672309E-003   6.8875285163840323E-003  -5.1715114590343645E-003
   6.0850969446877567E-003   6.9327963549174277E-003  -5.1564145365799435E-003
   6.1491650261421074E-003   6.9782479019208053E-003  -5.1412673315930392E-003
   6.2136681041163860E-003   7.0233413552205455E-003  -5.1269169517517699E-003
   6.2775880591317314E-003   7.0687598213879680E-003  -5.1110612814466013E-003
   6.3417676006588446E-003   7.1135524189957985E-003  -5.0944899311763294E-003
   6.4063862154068296E-003   7.1575704156379696E-003  -5.0775532668159559E-003
   6.4716228423733176E-003   7.2004768384944058E-003  -5.0601400137854011E-003
   6.5370254981276356E-003   7.2421564458579587E-003  -5.0405108786018421E-003
   6.6030715369145652E-003   7.2824189956055543E-003  -5.0200940265110626E-003
   6.6690004000424519E-003   7.3227693006201770E-003  -4.9994727294175086E-003
   6.7346820255126142E-003   7.3627145237218500E-003  -4.9773299375616654E-003
   6.8003456877642329E-003   7.4020900263003760E-003  -4.9541382741754023E-003
   6.8661438401273513E-003   7.4405837604931500E-003  -4.9298723396302311E-003
   6.9313845810451882E-003   7.4794897220641409E-003  -4.9047730991864198E-003
   6.9961654263406611E-003   7.5177678221859277E-003  -4.8776027266506190E-003
   7.0614346274542840E-003   7.5554350497273222E-003  -4.8507492102028444E-003
   7.1261220784707901E-003   7.5931844223850265E-003  -4.8226330483192139E-003
   7.1912269972663045E-003   7.6295332423836123E-003  -4.7936483486218278E-003
   7.2563910438316996E-003   7.6658956108031345E-003  -4.7648139038023573E-003
   7.3210723394392776E-003   7.7023445211393607E-003  -4.7350178145108123E-003
   7.3851875750070191E-003   7.7394315729106275E-003  -4.7047889020110324E-003
   7.4496486620617619E-003   7.7755159043845206E-003  -4.6740856565013703E-003
   7.5133068022606390E-003   7.8118255808764447E-003  -4.6420037522363197E-003
   7.5769613182263282E-003   7.8466441327482966E-003  -4.6083025500167404E-003
   7.6404488696696438E-003   7.8808056648168121E-003  -4.5736280558620144E-003
   7.7042648098139248E-003   7.9145139723974800E-003  -4.5391131926873270E-003
   7.7687391734400360E-003   7.9469293043301567E-003  -4.5045834562599711E-003
   7.8322221508396496E-003   7.9799238849235631E-003  -4.4687886350201237E-003
   7.8966231671230534E-003   8.0123231697170061E-003  -4.4341072936346657E-003
   7.9610016849732609E-003   8.0438695426743746E-003  -4.3986075358136917E-003
   8.0251707607309104E-003   8.0755343038657994E-003  -4.3628350238714428E-003
   8.0889223694563927E-003   8.1072252451261598E-003  -4.3263464417536241E-003
   8.1523628377398565E-003   8.1397883761537611E-003  -4.2900842096359366E-003
   8.2154185540149593E-003   8.1718951836069129E-003  -4.2527595588172182E-003
   8.2782487174287590E-003   8.2031876240846353E-003  -4.2143778738139761E-003
   8.3409146012739209E-003   8.2353031754712324E-003  -4.1764097508244970E-003
   8.4033072082659640E-003   8.2670164496766400E-003  -4.1376614498325774E-003
   8.4650319746639585E-003   8.2991839267917804E-003  -4.0982240738803282E-003
   8.5269488919320000E-003   8.3299752797153029E-003  -4.0579973669852935E-003
   8.5887152313477225E-003   8.3601117471619000E-003  -4.0170496852290939E-003
   8.6496235019401495E-003   8.3907054641620613E-003  -3.9751664300652131E-003
   8.7103485676878842E-003   8.4210083397822568E-003  -3.9328084070544781E-003
   8.7701734919614985E-003   8.4510297316707176E-003  -3.8889940889932813E-003
   8.8307573003466588E-003   8.4795740201738194E-003  -3.8452353669144223E-003
   8.8912536592540264E-003   8.5073630483513008E-003  -3.8008736664751396E-003
   8.9514824672020238E-003   8.5344548999316816E-003  -3.7557236690179633E-003
   9.0111786681809618E-003   8.5612437657677353E-003  -3.7096941105044480E-003
   9.0705294490085724E-003   8.5874846064559664E-003  -3.6629083958922989E-003
   9.1289058900971710E-003   8.6135376132007758E-003  -3.6148102465222596E-003
   9.1869109459403204E-003   8.6394969148641289E-003  -3.5662146895615874E-003
   9.2439722869907554E-003   8.6655580428917720E-003  -3.5165677263589226E-003
   9.3000497512013575E-003   8.6907177516970038E-003  -3.4653592595579028E-003
   9.3556070415508046E-003   8.7160445716943317E-003  -3.4136684511097150E-003
   9.4114143149953752E-003   8.7415513741536666E-003  -3.3623366748333590E-003
   9.4672515059750859E-003   8.7668027409975018E-003  -3.3109112281513378E-003
   9.5220524196615239E-003   8.7933215350173930E-003  -3.2590111950567364E-003
   9.5772341657124754E-003   8.8187169656772733E-003  -3.2069530832940685E-003
   9.6326309595132272E-003   8.8438451974112622E-003  -3.1549937991759355E-003
   9.6876935292428586E-003   8.8684194310086305E-003  -3.1024179448311236E-003
   9.7423395381447554E-003   8.8920110138177490E-003  -3.0489646855412435E-003
   9.7971178504251879E-003   8.9152879546176515E-003  -2.9955089044751619E-003
   9.8511049696602005E-003   8.9373023336580572E-003  -2.9407297289484229E-003
   9.9052462412786649E-003   8.9585708727157754E-003  -2.8858082217245260E-003
   9.9587950784910239E-003   8.9796102469966062E-003  -2.8302216517383698E-003
   1.0012338063597187E-002   8.9991413350399615E-003  -2.7740817787059147E-003
   1.0065610765204040E-002   9.0193832241444762E-003  -2.7179365636114667E-003
   1.0118693450921963E-002   9.0394751251074521E-003  -2.6615579860951206E-003
   1.0171481387494560E-002   9.0582387473439399E-003  -2.6044496659369388E-003
   1.0224082671613195E-002   9.0773297678385084E-003  -2.5472776636505305E-003
   1.0276115513087809E-002   9.0972532647144461E-003  -2.4898700188557238E-003
   1.0328767580282221E-002   9.1172221519060428E-003  -2.4330456986882110E-003
   1.0380096546627074E-002   9.1382452407486481E-003  -2.3753970478245854E-003
   1.0429830034746053E-002   9.1593619978923187E-003  -2.3163999062363024E-003
   1.0479148866998935E-002   9.1797099175021501E-003  -2.2567877014609125E-003
   1.0527651625100816E-002   9.2011504798305398E-003  -2.1968895817192188E-003
   1.0575599436334984E-002   9.2222054118040412E-003  -2.1364106825912076E-003
   1.0622957912469101E-002   9.2424379461631418E-003  -2.0751912470734551E-003
   1.0670571618862751E-002   9.2620105434674197E-003  -2.0139552413400530E-003
   1.0717584677347850E-002   9.2811664945757731E-003  -1.9521262685882974E-003
   1.0764792288258069E-002   9.3016252908255537E-003  -1.8908655214930836E-003
   1.0811559624139129E-002   9.3221401402445118E-003  -1.8292866514206746E-003
   1.0858192924471242E-002   9.3419374124752621E-003  -1.7673721675226456E-003
   1.0904808176450200E-002   9.3606407684457202E-003  -1.7051049790526821E-003
   1.0950996532147419E-002   9.3787228122378906E-003  -1.6423381447123076E-003
   1.0995870420283492E-002   9.3959244960097592E-003  -1.5783816263858167E-003
   1.1039203812309006E-002   9.4121256087145774E-003  -1.5131149343952321E-003
   1.1082935823563006E-002   9.4285624483506324E-003  -1.4481738727076914E-003
   1.1127240450188950E-002   9.4444147555379603E-003  -1.3834760797246683E-003
   1.1170765101705010E-002   9.4600224337200983E-003  -1.3181920457567473E-003
   1.1213938472021625E-002   9.4757060985733912E-003  -1.2526933224914201E-003
   1.1256009132683266E-002   9.4913482367427453E-003  -1.1864710979229739E-003
   1.1299462665039969E-002   9.5062495062046923E-003  -1.1209749705992206E-003
   1.1343310958142986E-002   9.5211191906251665E-003  -1.0557352612007957E-003
   1.1386764533376672E-002   9.5369894301975400E-003  -9.9046718103381779E-004
   1.1430466722124270E-002   9.5526871250719257E-003  -9.2532348544847724E-004
   1.1473948439730753E-002   9.5688518891672188E-003  -8.6014649076786797E-004
   1.1516985966913137E-002   9.5849013071019756E-003  -7.9464696834267599E-004
   1.1560100257867781E-002   9.6014912136814009E-003  -7.2933285875406467E-004
   1.1601889198838007E-002   9.6175190960082722E-003  -6.6302455308491891E-004
   1.1643770938409287E-002   9.6342924557249673E-003  -5.9695962821958528E-004
   1.1685537845864805E-002   9.6501567486683981E-003  -5.3059812094506393E-004
   1.1726808907458404E-002   9.6666311982834957E-003  -4.6407525282601586E-004
   1.1766929998103871E-002   9.6843873450011692E-003  -3.9717968243516280E-004
   1.1807759011812498E-002   9.7016831543782801E-003  -3.3059254689089411E-004
   1.1848489664295620E-002   9.7201020900704385E-003  -2.6424681036426396E-004
   1.1889322062117806E-002   9.7392673515637358E-003  -1.9817557578912971E-004
   1.1930402442179184E-002   9.7582204387608416E-003  -1.3219692119669825E-004
   1.1971966896782748E-002   9.7769752435890676E-003  -6.6465243824101705E-005
   1.2012500000010437E-002   9.7953991113086634E-003   7.9728687481869286E-015
