   3.5527136787914937E-015   3.5421283062121421E-015   7.1340190668712981E-015
   5.5673144248055924E-005   2.1005138214093754E-006  -5.7411574181687747E-005
   1.1043501707623392E-004   4.7451811894716671E-006  -1.1567084823409288E-004
   1.6507127357432791E-004   7.8158253096778347E-006  -1.7402708712610746E-004
   2.2041321066439525E-004   1.1499009431032626E-005  -2.3167866257676315E-004
   2.7500864934827722E-004   1.4409996074854402E-005  -2.9008126726345066E-004
   3.2966371247973911E-004   1.7186214188834510E-005  -3.4843464495728452E-004
   3.8397202115325721E-004   2.0042386968490755E-005  -4.0710703947559107E-004
   4.3889825475590779E-004   2.3161479640326907E-005  -4.6518784631913499E-004
   4.9444315899589469E-004   2.6962005099760793E-005  -5.2263625466762438E-004
   5.4951544111741472E-004   3.2022682633700596E-005  -5.8044138669638597E-004
   6.0491632092077123E-004   3.6075818606062218E-005  -6.3801147101174151E-004
   6.6024016424728914E-004   4.0088484421013299E-005  -6.9565842121806145E-004
   7.1596973987562540E-004   4.3953987172266712E-005  -7.5292335192849499E-004
   7.7137651417204158E-004   4.7981715247642404E-005  -8.1048954657716229E-004
   8.2593409602267024E-004   5.2015935478734633E-005  -8.6886073244830280E-004
   8.8082799855711952E-004   5.6312133705485674E-005  -9.2689694648950133E-004
   9.3602313177534304E-004   6.0567147342216374E-005  -9.8464980031036050E-004
   9.9131965902348688E-004   6.4545548865442705E-005  -1.0423253271326345E-003
   1.0470807736355661E-003   7.0241870368535972E-005  -1.0994064099004149E-003
   1.1022269709957116E-003   7.6255240274537606E-005  -1.1570495907969917E-003
   1.1578705976585796E-003   8.3004243504094499E-005  -1.2141305665168563E-003
   1.2141279573401802E-003   8.9132513111470508E-005  -1.2706774831430839E-003
   1.2711331296846929E-003   9.5062553916117867E-005  -1.3264918624490533E-003
   1.3287181402864127E-003   1.0123853213951252E-004  -1.3816808454549362E-003
   1.3861034802926360E-003   1.0538357656984283E-004  -1.4372662874328056E-003
   1.4428671296518151E-003   1.1102244611560715E-004  -1.4933563155877831E-003
   1.4993416760310102E-003   1.1793043421635699E-004  -1.5495960285804545E-003
   1.5548604949259970E-003   1.2445422439954571E-004  -1.6068245258785510E-003
   1.6104919472500489E-003   1.3167465118714869E-004  -1.6638596636934574E-003
   1.6663105331150285E-003   1.3807284083302570E-004  -1.7208100689098541E-003
   1.7221223467585554E-003   1.4449078644825759E-004  -1.7777648880619287E-003
   1.7774592410347578E-003   1.5122871937059716E-004  -1.8351445742527356E-003
   1.8331548951938501E-003   1.5731675155453913E-004  -1.8922491271341282E-003
   1.8889157662423666E-003   1.6279760070268232E-004  -1.9493515400201382E-003
   1.9451605239399145E-003   1.6768950156572206E-004  -2.0060313119486615E-003
   2.0015862881243825E-003   1.7338725103836344E-004  -2.0624553208098144E-003
   2.0579600490290666E-003   1.8008366933461184E-004  -2.1188215967536182E-003
   2.1148233611499568E-003   1.8707426195571246E-004  -2.1746579231767525E-003
   2.1717873384602825E-003   1.9408127247034360E-004  -2.2303894860172544E-003
   2.2295951805306612E-003   2.0058262968351994E-004  -2.2853074771906580E-003
   2.2874636813391405E-003   2.0685291551954954E-004  -2.3401884405344006E-003
   2.3455259527824335E-003   2.1367872894966224E-004  -2.3947977885682039E-003
   2.4034709906792348E-003   2.2075380209986875E-004  -2.4494998535000570E-003
   2.4610273264919933E-003   2.2899266894625266E-004  -2.5044488234034156E-003
   2.5196681516520920E-003   2.3730113419585729E-004  -2.5582282156666179E-003
   2.5778895328992519E-003   2.4621014941638146E-004  -2.6123660046865477E-003
   2.6373484793995867E-003   2.5528609426189248E-004  -2.6651131461417985E-003
   2.6969912252353457E-003   2.6547403390286790E-004  -2.7174481130346861E-003
   2.7570772346311783E-003   2.7622683743803609E-004  -2.7691593177124598E-003
   2.8174017799494858E-003   2.8708035065739401E-004  -2.8205708969701753E-003
   2.8780792174252071E-003   2.9720355665486641E-004  -2.8717154888071440E-003
   2.9398801567034416E-003   3.0761623764433588E-004  -2.9214369124832889E-003
   3.0014417048508848E-003   3.1927081434755637E-004  -2.9711797172523656E-003
   3.0634403116650629E-003   3.3146092569139723E-004  -3.0202467525291083E-003
   3.1257486433234577E-003   3.4476168153638724E-004  -3.0686281713780714E-003
   3.1886862265720008E-003   3.5795277658107519E-004  -3.1162186707512124E-003
   3.2510040982311941E-003   3.7185053329003622E-004  -3.1644196587662576E-003
   3.3136797958518887E-003   3.8739430475385008E-004  -3.2116441024133044E-003
   3.3763496994859677E-003   4.0448084608977602E-004  -3.2583402831070887E-003
   3.4392971442654429E-003   4.2188155812214749E-004  -3.3045445513490875E-003
   3.5022998402189898E-003   4.4047309071317778E-004  -3.3502065182968738E-003
   3.5649043293690349E-003   4.6012535104459338E-004  -3.3959718612942176E-003
   3.6286634630796296E-003   4.7915140707447681E-004  -3.4403878723949636E-003
   3.6932049758214599E-003   4.9884336069661332E-004  -3.4833601902906192E-003
   3.7576673468672469E-003   5.1760575746499381E-004  -3.5268639278045440E-003
   3.8226726093240995E-003   5.3784586518514760E-004  -3.5688717115447909E-003
   3.8876075672129615E-003   5.5843694981511397E-004  -3.6108176110630046E-003
   3.9524559794922899E-003   5.7991080757871353E-004  -3.6524536154262858E-003
   4.0175128148166959E-003   6.0104566790122437E-004  -3.6939376586522504E-003
   4.0824789702318814E-003   6.2348598792291720E-004  -3.7348745698366271E-003
   4.1471200756875203E-003   6.4706918480168579E-004  -3.7756833960041532E-003
   4.2118060634271726E-003   6.7182566901174664E-004  -3.8157188739378371E-003
   4.2763979558884052E-003   6.9600171955401394E-004  -3.8562578182133695E-003
   4.3404039009662691E-003   7.2150626531244705E-004  -3.8969119341564118E-003
   4.4048663988829426E-003   7.4693726538535012E-004  -3.9368850576919634E-003
   4.4705123987325464E-003   7.7209602869827781E-004  -3.9750641008624143E-003
   4.5359336774711727E-003   7.9686786590610955E-004  -4.0138766293129546E-003
   4.6022792897732721E-003   8.2051914075908974E-004  -4.0518091604323375E-003
   4.6683432187730571E-003   8.4543514116661460E-004  -4.0894223258354078E-003
   4.7341411946035684E-003   8.7162160303032635E-004  -4.1266365111202246E-003
   4.8000423823848426E-003   8.9838919014488072E-004  -4.1632497565201928E-003
   4.8659339730585021E-003   9.2624040475053435E-004  -4.1990632752953181E-003
   4.9321405878451118E-003   9.5485620517429814E-004  -4.2336728133758753E-003
   4.9982129569159121E-003   9.8384768375651748E-004  -4.2682261954580620E-003
   5.0645545307051038E-003   1.0132514935360171E-003  -4.3019042530200585E-003
   5.1312176266415967E-003   1.0433367926820372E-003  -4.3343219398178394E-003
   5.1980649989624194E-003   1.0742270835196947E-003  -4.3655824380304832E-003
   5.2651637178594349E-003   1.1052011462879395E-003  -4.3962152530233707E-003
   5.3325307584642838E-003   1.1363053887440187E-003  -4.4261185629121394E-003
   5.3997171258605781E-003   1.1683163170641544E-003  -4.4554663482415709E-003
   5.4670026210622662E-003   1.2003235897611549E-003  -4.4845901639561482E-003
   5.5351070095136816E-003   1.2326916084266445E-003  -4.5113128814867108E-003
   5.6034146499510159E-003   1.2664740401310912E-003  -4.5356606443009775E-003
   5.6719986822539184E-003   1.2998230350691744E-003  -4.5598282892791624E-003
   5.7406300344980373E-003   1.3335942917034862E-003  -4.5832641529448288E-003
   5.8093370287957188E-003   1.3686688674662230E-003  -4.6044566767788559E-003
   5.8785003001060225E-003   1.4029396705822665E-003  -4.6254793781281278E-003
   5.9477462474052467E-003   1.4379436253618733E-003  -4.6449658331671334E-003
   6.0174448912914784E-003   1.4726117024363564E-003  -4.6634109803944572E-003
   6.0869771863134572E-003   1.5083354571490089E-003  -4.6804131361971946E-003
   6.1561906160891040E-003   1.5450922648887042E-003  -4.6964891503202440E-003
   6.2252384125915401E-003   1.5828134575626616E-003  -4.7109637286494891E-003
   6.2935369797075102E-003   1.6222063403739850E-003  -4.7245101864899375E-003
   6.3611882983888781E-003   1.6632027451459752E-003  -4.7364514541475746E-003
   6.4285935558625693E-003   1.7047994386091723E-003  -4.7476873950529769E-003
   6.4965199681027161E-003   1.7461498531232481E-003  -4.7564135464552900E-003
   6.5646289466518943E-003   1.7873747368311792E-003  -4.7642669541697949E-003
   6.6331551709607802E-003   1.8279012211813504E-003  -4.7721257484186685E-003
   6.7012019044165733E-003   1.8693238108737483E-003  -4.7794613556404004E-003
   6.7691398523097388E-003   1.9111620665486222E-003  -4.7852919296656506E-003
   6.8371492696918564E-003   1.9528780276560061E-003  -4.7911654071250412E-003
   6.9049996073359127E-003   1.9950225137309596E-003  -4.7956569519918028E-003
   6.9727958899358095E-003   2.0373167634184682E-003  -4.7995118844445283E-003
   7.0398210142543181E-003   2.0808096457247808E-003  -4.8035121218353910E-003
   7.1065417056819175E-003   2.1248967380890706E-003  -4.8056749042769270E-003
   7.1735129937574322E-003   2.1686449494677873E-003  -4.8066447343961382E-003
   7.2404118043504209E-003   2.2125082839988684E-003  -4.8073910792629220E-003
   7.3075813371710286E-003   2.2559618107379064E-003  -4.8071792503817474E-003
   7.3745055500184040E-003   2.2997914982838198E-003  -4.8068502637314695E-003
   7.4401293840966028E-003   2.3455357202026108E-003  -4.8058610388819019E-003
   7.5057042614455347E-003   2.3913403350005994E-003  -4.8044925651627235E-003
   7.5705209423560663E-003   2.4381542090668611E-003  -4.8017982972770878E-003
   7.6351220669501636E-003   2.4852446235236986E-003  -4.7987671974937304E-003
   7.6987663287166243E-003   2.5335397969387546E-003  -4.7946460128627643E-003
   7.7620925287744166E-003   2.5820594440431315E-003  -4.7886764037294687E-003
   7.8252285236856695E-003   2.6307151224296294E-003  -4.7818594314657488E-003
   7.8880660068067921E-003   2.6796377356639502E-003  -4.7742417793481739E-003
   7.9503621239325750E-003   2.7290647182113097E-003  -4.7655143977385541E-003
   8.0121322621538090E-003   2.7790313467118744E-003  -4.7561449760214350E-003
   8.0737087293182557E-003   2.8289608930624132E-003  -4.7454035098870220E-003
   8.1342412061698385E-003   2.8801253165488495E-003  -4.7345397621430217E-003
   8.1941747364540594E-003   2.9318926092347197E-003  -4.7232207800672757E-003
   8.2544409599575562E-003   2.9827146435836296E-003  -4.7096155188976882E-003
   8.3143711565953782E-003   3.0339807496793970E-003  -4.6961932278091261E-003
   8.3742204130871755E-003   3.0850393243408171E-003  -4.6816643444640574E-003
   8.4336088099277139E-003   3.1361772052927494E-003  -4.6656039754209722E-003
   8.4930545984317658E-003   3.1874184387965495E-003  -4.6500948099006930E-003
   8.5520617333995682E-003   3.2388301258153671E-003  -4.6335117926218968E-003
   8.6100516620331389E-003   3.2908742025527290E-003  -4.6153849547939611E-003
   8.6684227509439566E-003   3.3423015139040944E-003  -4.5967289200269336E-003
   8.7259099121160325E-003   3.3946092643750698E-003  -4.5777783121954442E-003
   8.7828343026315168E-003   3.4474755751405200E-003  -4.5586794392101920E-003
   8.8396660500109862E-003   3.4998113914020681E-003  -4.5379161342901332E-003
   8.8959509955225669E-003   3.5526708211613615E-003  -4.5169904181851179E-003
   8.9520847987863018E-003   3.6055398556263120E-003  -4.4956863968525426E-003
   9.0068004728630132E-003   3.6592794176432048E-003  -4.4729211934619968E-003
   9.0610808465469584E-003   3.7133356480205672E-003  -4.4498655002354502E-003
   9.1148753465737208E-003   3.7674789813988900E-003  -4.4258936163105063E-003
   9.1684109383171185E-003   3.8218397256878063E-003  -4.4018343167607664E-003
   9.2218877473909146E-003   3.8761421261788252E-003  -4.3775139509522080E-003
   9.2743688058576131E-003   3.9308022821862281E-003  -4.3518623262602850E-003
   9.3268902510418115E-003   3.9852328683000777E-003  -4.3258083612003747E-003
   9.3793861438733073E-003   4.0386979074206143E-003  -4.2977785409737427E-003
   9.4319257728030324E-003   4.0919694757572617E-003  -4.2694637497037681E-003
   9.4842566465591222E-003   4.1458738898273711E-003  -4.2419720457216262E-003
   9.5360830431489522E-003   4.1995620806238006E-003  -4.2131345216365450E-003
   9.5876376212167269E-003   4.2535124047884025E-003  -4.1842989881222111E-003
   9.6383903444123408E-003   4.3078582240352421E-003  -4.1547914800471293E-003
   9.6885876828209528E-003   4.3626250249922888E-003  -4.1251127888227218E-003
   9.7374518541368821E-003   4.4176393876738775E-003  -4.0937167274415669E-003
   9.7855765210080204E-003   4.4733315614314409E-003  -4.0623734949336030E-003
   9.8326932063647760E-003   4.5296660459515749E-003  -4.0306489964085819E-003
   9.8792710037377430E-003   4.5862786232843825E-003  -3.9986251789183190E-003
   9.9254843791391992E-003   4.6431079770772763E-003  -3.9664576722805260E-003
   9.9718677463494741E-003   4.6993584639853066E-003  -3.9335264415546580E-003
   1.0018216056330959E-002   4.7558579471426382E-003  -3.9009742899932783E-003
   1.0063652190650727E-002   4.8121933543190257E-003  -3.8668879350579953E-003
   1.0106909411738248E-002   4.8697942112778253E-003  -3.8320891691551013E-003
   1.0149113869318977E-002   4.9284117994642515E-003  -3.7976978604970582E-003
   1.0188439833969529E-002   4.9885690218056345E-003  -3.7625613111737116E-003
   1.0226842057256106E-002   5.0485437730333734E-003  -3.7261154818586926E-003
   1.0264458406978230E-002   5.1086017728134816E-003  -3.6889934278801577E-003
   1.0301492610573060E-002   5.1683961937380061E-003  -3.6508739448254538E-003
   1.0339299486600981E-002   5.2273607859084151E-003  -3.6122240160844986E-003
   1.0376693793413728E-002   5.2862516073444677E-003  -3.5730636155869872E-003
   1.0413075822434762E-002   5.3451811706282347E-003  -3.5330179598317257E-003
   1.0448661841854421E-002   5.4047005166435059E-003  -3.4931295821499851E-003
   1.0482997753540601E-002   5.4643976323870908E-003  -3.4524196381755263E-003
   1.0516885499648842E-002   5.5237447480974231E-003  -3.4108318934246633E-003
   1.0550471358151705E-002   5.5829662945565336E-003  -3.3688223879516851E-003
   1.0583147369568268E-002   5.6428696143126468E-003  -3.3270627117519829E-003
   1.0614349118197747E-002   5.7034823687782035E-003  -3.2851993042454859E-003
   1.0644333397085618E-002   5.7649294232661966E-003  -3.2436637470850886E-003
   1.0675063519743878E-002   5.8255655038188525E-003  -3.2014864392157999E-003
   1.0705574560215697E-002   5.8860215568889247E-003  -3.1588936926605876E-003
   1.0734789162921808E-002   5.9468285810627027E-003  -3.1158935438970487E-003
   1.0763082675592121E-002   6.0073297665270923E-003  -3.0718585158232554E-003
   1.0790753780826610E-002   6.0678614170784333E-003  -3.0274712516846535E-003
   1.0817509861528168E-002   6.1278916895365788E-003  -2.9818589887413848E-003
   1.0842990325956595E-002   6.1888382791118581E-003  -2.9367340603855020E-003
   1.0867648938872652E-002   6.2500713742802373E-003  -2.8915404671711331E-003
   1.0892528672041647E-002   6.3107709425717128E-003  -2.8457522451210788E-003
   1.0917220669286258E-002   6.3716372542213752E-003  -2.8000839039015036E-003
   1.0941753632795212E-002   6.4332926745635476E-003  -2.7553989752999481E-003
   1.0964960879289151E-002   6.4951789705989631E-003  -2.7103266992327627E-003
   1.0988045474326275E-002   6.5573553411096257E-003  -2.6655919206761726E-003
   1.1011915511967120E-002   6.6190962715064715E-003  -2.6206666624234275E-003
   1.1036021785131696E-002   6.6797228619802926E-003  -2.5743708298074657E-003
   1.1059315452089522E-002   6.7400864175088532E-003  -2.5273214276532131E-003
   1.1082304205099695E-002   6.7998487544988261E-003  -2.4793633176530289E-003
   1.1105279346495987E-002   6.8588604114792019E-003  -2.4304780722779772E-003
   1.1126931319825910E-002   6.9181640303128799E-003  -2.3813428217668879E-003
   1.1148813401078473E-002   6.9776047154490282E-003  -2.3324758649368271E-003
   1.1169929315748148E-002   7.0375856228654830E-003  -2.2839330086647943E-003
   1.1190606478567662E-002   7.0974375495043368E-003  -2.2350433183903856E-003
   1.1211217863163670E-002   7.1572894796016881E-003  -2.1861258645836435E-003
   1.1232020408295929E-002   7.2168261338379095E-003  -2.1369055343595862E-003
   1.1251950606964460E-002   7.2767878918526766E-003  -2.0878405288375836E-003
   1.1272224068686372E-002   7.3377060639292892E-003  -2.0401125175758370E-003
   1.1292840748496603E-002   7.3978400833698962E-003  -1.9915445011515322E-003
   1.1313781330054883E-002   7.4575664094868859E-003  -1.9426133452974477E-003
   1.1334596333542982E-002   7.5172452020258965E-003  -1.8935707378130006E-003
   1.1355871375633392E-002   7.5770620319127197E-003  -1.8448950822629361E-003
   1.1377688101939178E-002   7.6365330217716887E-003  -1.7960357760168492E-003
   1.1398786037160902E-002   7.6970747941968185E-003  -1.7481863149285324E-003
   1.1419025943291730E-002   7.7573154754767325E-003  -1.6995920094622899E-003
   1.1438966308448945E-002   7.8174733679545385E-003  -1.6507718311306104E-003
   1.1458559676219034E-002   7.8776917203656188E-003  -1.6018857393893938E-003
   1.1477722239074641E-002   7.9373040171867443E-003  -1.5520944725604278E-003
   1.1496911678413295E-002   7.9960857583124424E-003  -1.5013355095034569E-003
   1.1515901621892298E-002   8.0559611055451806E-003  -1.4517943665315607E-003
   1.1535982753235722E-002   8.1155957312287023E-003  -1.4023933586977365E-003
   1.1556074558540285E-002   8.1748678334736622E-003  -1.3525622714215797E-003
   1.1576020672310748E-002   8.2339889062069821E-003  -1.3024938052386679E-003
   1.1595625524847658E-002   8.2934737745109718E-003  -1.2527223254270529E-003
   1.1614886334161079E-002   8.3525729102009259E-003  -1.2023605007700990E-003
   1.1633755224513568E-002   8.4113990758365020E-003  -1.1515328782187131E-003
   1.1652445819257217E-002   8.4700476242995214E-003  -1.1004348407812727E-003
   1.1670407045667134E-002   8.5292044914309483E-003  -1.0496622160948612E-003
   1.1687381801133640E-002   8.5889474383490805E-003  -9.9923763905856782E-004
   1.1703519075365680E-002   8.6490012315750559E-003  -9.4890742649513394E-004
   1.1719482726465251E-002   8.7085558753827244E-003  -8.9793286179570646E-004
   1.1735888516413405E-002   8.7680148429411988E-003  -8.4698699608214123E-004
   1.1751886521510473E-002   8.8276556263345764E-003  -7.9612403515417758E-004
   1.1768270505017032E-002   8.8879446692846174E-003  -7.4615608164425645E-004
   1.1784658677565391E-002   8.9485791717019512E-003  -6.9660928641656272E-004
   1.1800885706003180E-002   9.0087082262227565E-003  -6.4639792962979854E-004
   1.1817148555975059E-002   9.0694095564239630E-003  -5.9689168535189535E-004
   1.1832901344224779E-002   9.1304045163951280E-003  -5.4758180280630613E-004
   1.1849392449981112E-002   9.1914296349936975E-003  -4.9855142109227137E-004
   1.1866653023585208E-002   9.2519560905017922E-003  -4.4916902761350276E-004
   1.1883703880490109E-002   9.3123997805128131E-003  -3.9961271002018038E-004
   1.1899924092691059E-002   9.3727252104164691E-003  -3.4963524288687435E-004
   1.1916387070801676E-002   9.4327646514424969E-003  -2.9939346871667692E-004
   1.1932161453354254E-002   9.4931114209271701E-003  -2.4929919488998406E-004
   1.1947860188664852E-002   9.5531879908044588E-003  -1.9885759043077527E-004
   1.1963734845650635E-002   9.6133031327074684E-003  -1.4851709998945018E-004
   1.1979762741349051E-002   9.6734209918543732E-003  -9.8228437517761992E-005
   1.1995847467262665E-002   9.7342464082144590E-003  -4.8816391235970908E-005
   1.2012500000010140E-002   9.7953991113085923E-003   7.9716101648876593E-015
