   3.5527136787914775E-015   3.5421283062121547E-015   7.1340190668713233E-015
   6.3792469210653338E-005  -6.9838507891083798E-006  -4.7767632337101312E-005
   1.2730170018142236E-004  -1.4126736357761353E-005  -9.5887864688007636E-005
   1.9087732777403417E-004  -2.0918547624304883E-005  -1.4397123887270599E-004
   2.5536504587208089E-004  -2.7233174928225562E-005  -1.9089095428760072E-004
   3.2053062299672368E-004  -3.3661886080804787E-005  -2.3684875268400823E-004
   3.8607181606063696E-004  -4.0003219652242422E-005  -2.8228155472717967E-004
   4.5138272284912009E-004  -4.6629613992060641E-005  -3.2800437556051673E-004
   5.1721858954607543E-004  -5.3990030559117062E-005  -3.7285371139378468E-004
   5.8384196417416389E-004  -6.1491472945669117E-005  -4.1650063932529603E-004
   6.5046715506769811E-004  -6.9035636598276012E-005  -4.6013743042204995E-004
   7.1764855609830964E-004  -7.6886189225485482E-005  -5.0285777898433819E-004
   7.8440593083504669E-004  -8.4506373128455522E-005  -5.4627880742671021E-004
   8.5048342080230616E-004  -9.3566661844732399E-005  -5.9045659017450231E-004
   9.1672843618003774E-004  -1.0344972214446465E-004  -6.3420499648177565E-004
   9.8297541648478424E-004  -1.1366448538263850E-004  -6.7787416435516920E-004
   1.0491595814383749E-003  -1.2354479676024771E-004  -7.2171519252945489E-004
   1.1154685636573596E-003  -1.3408203637313396E-004  -7.6521330116539107E-004
   1.1825023934245579E-003  -1.4473748848456197E-004  -8.0755626995188384E-004
   1.2490666079628815E-003  -1.5638404584334016E-004  -8.5037639414569928E-004
   1.3157201622096557E-003  -1.6910254636949456E-004  -8.9275024758655422E-004
   1.3830754160935694E-003  -1.8123669500562029E-004  -9.3417526699552636E-004
   1.4504646628094064E-003  -1.9288453297330638E-004  -9.7568451035665558E-004
   1.5175160661136779E-003  -2.0483124893427127E-004  -1.0176533712889194E-003
   1.5844205443666440E-003  -2.1697086896555720E-004  -1.0598009739899103E-003
   1.6509618509730742E-003  -2.2916024359155137E-004  -1.1025054662848676E-003
   1.7174643106960075E-003  -2.4267554310983749E-004  -1.1448700685664946E-003
   1.7843976996590686E-003  -2.5468204506493968E-004  -1.1870098995884527E-003
   1.8519493576905177E-003  -2.6573425378413607E-004  -1.2284178960683398E-003
   1.9193950794274878E-003  -2.7641642396160126E-004  -1.2700948184105494E-003
   1.9865970963285828E-003  -2.8708214889749744E-004  -1.3121677461555947E-003
   2.0537253686543316E-003  -2.9706116692490515E-004  -1.3545259123873604E-003
   2.1206428499039431E-003  -3.0588932553271108E-004  -1.3974690645116095E-003
   2.1872943915944342E-003  -3.1416093968638384E-004  -1.4409334450711496E-003
   2.2543976628436289E-003  -3.2225302825463018E-004  -1.4837314484726285E-003
   2.3220627662197198E-003  -3.3010652331236186E-004  -1.5256808991109055E-003
   2.3899122908723142E-003  -3.3756900615481854E-004  -1.5674032353716514E-003
   2.4579779730019278E-003  -3.4504343226105389E-004  -1.6087698386999388E-003
   2.5262773404070103E-003  -3.5266264559294104E-004  -1.6497227873026015E-003
   2.5948683349788213E-003  -3.5996672794855986E-004  -1.6902434715095188E-003
   2.6637584502726764E-003  -3.6672432357165208E-004  -1.7303494177167366E-003
   2.7333624394662468E-003  -3.7237584231859089E-004  -1.7693794706504196E-003
   2.8031129578861324E-003  -3.7621973033618672E-004  -1.8083677982868686E-003
   2.8730409708126133E-003  -3.8018533754169523E-004  -1.8470245823279760E-003
   2.9434219112445263E-003  -3.8316031181517054E-004  -1.8849412378308978E-003
   3.0142354568914579E-003  -3.8536315762609957E-004  -1.9220975189378682E-003
   3.0855478916664756E-003  -3.8636510674897376E-004  -1.9583402110413687E-003
   3.1570893701457275E-003  -3.8720954831352009E-004  -1.9941327214438513E-003
   3.2283992927185762E-003  -3.8803743497954710E-004  -2.0303847496761958E-003
   3.2999521927501337E-003  -3.8696570337471754E-004  -2.0661483329229408E-003
   3.3715692363405535E-003  -3.8611615073237064E-004  -2.1017892830577918E-003
   3.4433264278508134E-003  -3.8510724620062205E-004  -2.1371430320905930E-003
   3.5153254616326584E-003  -3.8278112812825226E-004  -2.1719385533919885E-003
   3.5873984700137778E-003  -3.7908657589539978E-004  -2.2064614695696703E-003
   3.6596355288735696E-003  -3.7463573424891759E-004  -2.2405495517724919E-003
   3.7320335561882197E-003  -3.6888681474591463E-004  -2.2740976598478015E-003
   3.8045392120201254E-003  -3.6267515959791173E-004  -2.3073293497979119E-003
   3.8769197946412958E-003  -3.5655911227108116E-004  -2.3408501678042642E-003
   3.9496633501066554E-003  -3.5080125885040230E-004  -2.3736407494334959E-003
   4.0226878836724465E-003  -3.4422677181847458E-004  -2.4056437746884101E-003
   4.0958136657256528E-003  -3.3685111345426914E-004  -2.4372383889456639E-003
   4.1693103947830819E-003  -3.3012758006706306E-004  -2.4681094907030780E-003
   4.2429198993340859E-003  -3.2362305160595799E-004  -2.4987580137798781E-003
   4.3167205916530126E-003  -3.1593060503533766E-004  -2.5286625963834891E-003
   4.3904058051253770E-003  -3.0875134372286095E-004  -2.5589767437789032E-003
   4.4641099500952273E-003  -3.0138008651990031E-004  -2.5891986492870109E-003
   4.5382703778370946E-003  -2.9374357806373269E-004  -2.6182144156582403E-003
   4.6124205489374362E-003  -2.8449749094882390E-004  -2.6467847150530030E-003
   4.6861658728307148E-003  -2.7431500835668380E-004  -2.6760754004986976E-003
   4.7600685061215727E-003  -2.6297372498437169E-004  -2.7045319651153301E-003
   4.8340908170242019E-003  -2.5060821480341142E-004  -2.7322410187988391E-003
   4.9078499877837460E-003  -2.3861245862210616E-004  -2.7608012454301014E-003
   4.9813966310172583E-003  -2.2509259599930257E-004  -2.7892284260398648E-003
   5.0551732201938367E-003  -2.0987624593459485E-004  -2.8161631169545970E-003
   5.1291255220590913E-003  -1.9468987636461936E-004  -2.8426287783085741E-003
   5.2034171083555998E-003  -1.7976654344374924E-004  -2.8682813483089866E-003
   5.2777055763415038E-003  -1.6395901769820120E-004  -2.8934079409795258E-003
   5.3516890676835261E-003  -1.4678880314206622E-004  -2.9185401262424716E-003
   5.4259726738791845E-003  -1.2863020168435411E-004  -2.9420392971785132E-003
   5.5001001548045519E-003  -1.1012709327727123E-004  -2.9657616822566422E-003
   5.5743263525025151E-003  -9.2050212428933047E-005  -2.9895040062554354E-003
   5.6486744131498583E-003  -7.3934783299397350E-005  -3.0128320390717246E-003
   5.7226130179664960E-003  -5.5076089516211297E-005  -3.0368618620027843E-003
   5.7966674458893629E-003  -3.6209964338325981E-005  -3.0605264141290093E-003
   5.8708345394236135E-003  -1.6236934198499820E-005  -3.0828942549289153E-003
   5.9450005290649028E-003   3.7310802943758934E-006  -3.1052702327014404E-003
   6.0193553522630517E-003   2.3631169904434304E-005  -3.1270726798699562E-003
   6.0936157808914610E-003   4.4770521853113043E-005  -3.1480134664322555E-003
   6.1677096870141716E-003   6.6660099438079992E-005  -3.1687725479394254E-003
   6.2418585818867830E-003   8.8844465080663453E-005  -3.1890159496085336E-003
   6.3161107909050964E-003   1.1172023648604194E-004  -3.2080766037963226E-003
   6.3901882382301333E-003   1.3569923682672967E-004  -3.2264488478694108E-003
   6.4645590387837635E-003   1.5975651032070333E-004  -3.2434850331213324E-003
   6.5389272704401025E-003   1.8367522675172862E-004  -3.2607262950426334E-003
   6.6131508671245648E-003   2.0871121927065216E-004  -3.2769761192850484E-003
   6.6869107775297193E-003   2.3530284827724535E-004  -3.2928619895823165E-003
   6.7603090653372295E-003   2.6359739536920983E-004  -3.3074259845209519E-003
   6.8333224803332404E-003   2.9320147629868895E-004  -3.3213054527929560E-003
   6.9063399254960271E-003   3.2277741951565719E-004  -3.3352236524721982E-003
   6.9788656148248342E-003   3.5373618664245166E-004  -3.3486987817561743E-003
   7.0510362357095466E-003   3.8561610817274602E-004  -3.3619302627046497E-003
   7.1229080989603710E-003   4.1816983671855113E-004  -3.3751472985761493E-003
   7.1945108104064081E-003   4.5193368938889033E-004  -3.3866822005187121E-003
   7.2658613414395192E-003   4.8623709763432970E-004  -3.3981877604938589E-003
   7.3369624419015239E-003   5.2082377498951669E-004  -3.4103695197850070E-003
   7.4082939729106321E-003   5.5527499137831876E-004  -3.4215465669549363E-003
   7.4790046877283379E-003   5.9100537933784393E-004  -3.4326521585570785E-003
   7.5493781314671018E-003   6.2767732797054047E-004  -3.4427885587231862E-003
   7.6191223420099766E-003   6.6573144106583828E-004  -3.4521496254962874E-003
   7.6891564185190093E-003   7.0368930429127552E-004  -3.4595272098590845E-003
   7.7582638785248835E-003   7.4344756334787860E-004  -3.4661180977835020E-003
   7.8268714982828551E-003   7.8416471894179277E-004  -3.4720432773387355E-003
   7.8955403396381869E-003   8.2482496525382385E-004  -3.4776410087518396E-003
   7.9638282931222670E-003   8.6627616436203421E-004  -3.4819483857533719E-003
   8.0322713737794836E-003   9.0753400117760574E-004  -3.4856001814584591E-003
   8.0999184089152135E-003   9.5010282886158265E-004  -3.4890314425329843E-003
   8.1672215241096226E-003   9.9325582350887802E-004  -3.4918792019828322E-003
   8.2338716557803469E-003   1.0374797608393585E-003  -3.4932945891610061E-003
   8.3002592323662486E-003   1.0821073251935580E-003  -3.4943290802252934E-003
   8.3661794850084497E-003   1.1274138683893544E-003  -3.4956846033976836E-003
   8.4318314969351708E-003   1.1731255010074685E-003  -3.4961944830451527E-003
   8.4966328844164937E-003   1.2200357735616418E-003  -3.4966489121992161E-003
   8.5603995585736038E-003   1.2683428619308242E-003  -3.4971352135393535E-003
   8.6227759048155151E-003   1.3184338252432610E-003  -3.4968405571871898E-003
   8.6845549494983850E-003   1.3692367347077909E-003  -3.4952868449314931E-003
   8.7457849606861465E-003   1.4205696202085488E-003  -3.4913093333712405E-003
   8.8071810057761650E-003   1.4714755114004687E-003  -3.4850550634061509E-003
   8.8681048423219899E-003   1.5226874038700362E-003  -3.4769539397384434E-003
   8.9284891341798490E-003   1.5745397129878456E-003  -3.4688870110535538E-003
   8.9877559327511906E-003   1.6275857853402440E-003  -3.4603102518781081E-003
   9.0462934434276856E-003   1.6814581942361643E-003  -3.4518767825120408E-003
   9.1043535026614601E-003   1.7357509108210792E-003  -3.4428584430244635E-003
   9.1623776938310579E-003   1.7900454225163948E-003  -3.4336226843411678E-003
   9.2190054543526585E-003   1.8457544151161977E-003  -3.4241461404524174E-003
   9.2760193479924542E-003   1.9010246633204837E-003  -3.4144190855663337E-003
   9.3324831250749737E-003   1.9569919353864375E-003  -3.4055024530516252E-003
   9.3886987347460669E-003   2.0132536334181730E-003  -3.3968753698101536E-003
   9.4438990425242900E-003   2.0702846240969524E-003  -3.3868557829731002E-003
   9.4981715186065688E-003   2.1281029791390790E-003  -3.3762947147780499E-003
   9.5521206485023567E-003   2.1862601158675675E-003  -3.3659390966405060E-003
   9.6052023068895157E-003   2.2452019968414072E-003  -3.3555375478696988E-003
   9.6573621169397210E-003   2.3048686319663688E-003  -3.3446175265984960E-003
   9.7083469431480246E-003   2.3654498139372938E-003  -3.3331952726044483E-003
   9.7579837668676055E-003   2.4270987013336543E-003  -3.3215505133127672E-003
   9.8063708620035623E-003   2.4897376155214451E-003  -3.3099291771612571E-003
   9.8543501004767289E-003   2.5526437078833820E-003  -3.2980625762018224E-003
   9.9008698349836201E-003   2.6165702768698321E-003  -3.2858434076589709E-003
   9.9469672748362138E-003   2.6807658431829747E-003  -3.2734355349639029E-003
   9.9929403433536880E-003   2.7449788438677295E-003  -3.2606618309013644E-003
   1.0038798957208212E-002   2.8091249639260489E-003  -3.2471613562944594E-003
   1.0084491836132407E-002   2.8732467641225195E-003  -3.2329995924193951E-003
   1.0129324803069269E-002   2.9382093289592329E-003  -3.2199661643461724E-003
   1.0172628360146660E-002   3.0039071720988401E-003  -3.2055233337538289E-003
   1.0215411806488522E-002   3.0697042761215296E-003  -3.1900211463080645E-003
   1.0256658632662339E-002   3.1362703490471042E-003  -3.1736609118466368E-003
   1.0297688315304365E-002   3.2028032427933650E-003  -3.1566333111871635E-003
   1.0337532952199484E-002   3.2697708015911931E-003  -3.1385294168773128E-003
   1.0377044402084984E-002   3.3368630499745096E-003  -3.1201589099409091E-003
   1.0415925413806587E-002   3.4045617709399303E-003  -3.1026903633120831E-003
   1.0454049455380797E-002   3.4725458685350998E-003  -3.0846703768690801E-003
   1.0491668235365358E-002   3.5409548078360375E-003  -3.0672048558038102E-003
   1.0527713123500627E-002   3.6098010500543671E-003  -3.0482058828030412E-003
   1.0563066623341973E-002   3.6792120916386175E-003  -3.0299785037550199E-003
   1.0597256751638149E-002   3.7490706730561223E-003  -3.0112484814255520E-003
   1.0630160725325181E-002   3.8192414925977279E-003  -2.9914145558867463E-003
   1.0664006654326539E-002   3.8886426734508375E-003  -2.9704877985053195E-003
   1.0697767758666925E-002   3.9581076472144233E-003  -2.9496358139424052E-003
   1.0730155749273258E-002   4.0281444594161943E-003  -2.9285203457379855E-003
   1.0762309676479205E-002   4.0978959239788117E-003  -2.9061404850682119E-003
   1.0794011578707107E-002   4.1678798311900042E-003  -2.8838415585853310E-003
   1.0824303744456105E-002   4.2385018420766302E-003  -2.8615948449757737E-003
   1.0853008125670317E-002   4.3095267715998961E-003  -2.8385401730422295E-003
   1.0880968976021756E-002   4.3804907109168643E-003  -2.8144090694647308E-003
   1.0908344180311882E-002   4.4515422095048902E-003  -2.7898676201107975E-003
   1.0934631104819363E-002   4.5224558055997474E-003  -2.7637858355598769E-003
   1.0961898467443965E-002   4.5929814794837482E-003  -2.7376588331058079E-003
   1.0987694416913602E-002   4.6637114762661438E-003  -2.7106063552987752E-003
   1.1013429713384992E-002   4.7348907981804812E-003  -2.6846988534965730E-003
   1.1038890729997300E-002   4.8058175158241876E-003  -2.6578448527670548E-003
   1.1063431629849352E-002   4.8769972399815105E-003  -2.6308043073541630E-003
   1.1086344132792338E-002   4.9489265186710143E-003  -2.6043242000553519E-003
   1.1108586982788285E-002   5.0206396375462817E-003  -2.5767110835802787E-003
   1.1130698950293054E-002   5.0921023520905592E-003  -2.5483536977254024E-003
   1.1152087633877546E-002   5.1636561662833889E-003  -2.5196731139922588E-003
   1.1173198618881566E-002   5.2353771033000372E-003  -2.4912050001087683E-003
   1.1192455676196996E-002   5.3077074954361782E-003  -2.4629653096075320E-003
   1.1211572074762390E-002   5.3803605502191106E-003  -2.4354680928311565E-003
   1.1231036234557611E-002   5.4528204829987197E-003  -2.4077065254348769E-003
   1.1250712712608676E-002   5.5250352144433253E-003  -2.3794599544044131E-003
   1.1270325618901808E-002   5.5971211964956774E-003  -2.3508427376462758E-003
   1.1288889209869110E-002   5.6696833613061534E-003  -2.3227335694644045E-003
   1.1306267502041799E-002   5.7425880460244003E-003  -2.2947531850898715E-003
   1.1323675373963431E-002   5.8152432041729254E-003  -2.2661490947980421E-003
   1.1340876913092499E-002   5.8874118961177680E-003  -2.2362193943977248E-003
   1.1357597143064354E-002   5.9594528897898204E-003  -2.2057148186642108E-003
   1.1374100092662948E-002   6.0317288026746655E-003  -2.1756508025002124E-003
   1.1390446850119588E-002   6.1042917902019243E-003  -2.1461992091278900E-003
   1.1406163215652802E-002   6.1765698046846347E-003  -2.1157216027718308E-003
   1.1422196488229537E-002   6.2482058684669830E-003  -2.0839220975522217E-003
   1.1438180255081793E-002   6.3193718026512318E-003  -2.0510598242228380E-003
   1.1453209771455291E-002   6.3904831183651603E-003  -2.0176338699770813E-003
   1.1468586364170493E-002   6.4608698002109610E-003  -1.9828592324901270E-003
   1.1484639075863010E-002   6.5304050340799363E-003  -1.9467045412765924E-003
   1.1500636653304948E-002   6.6001193331276806E-003  -1.9108716789360959E-003
   1.1516807157691385E-002   6.6697384417881613E-003  -1.8749315273073701E-003
   1.1532395789164871E-002   6.7392202871723074E-003  -1.8384724032016360E-003
   1.1546825956531037E-002   6.8081920167475593E-003  -1.8005953549076260E-003
   1.1561328899291656E-002   6.8772566676721077E-003  -1.7629159356851176E-003
   1.1575505999753089E-002   6.9460341087548378E-003  -1.7245926603726683E-003
   1.1589105553868632E-002   7.0147632790951943E-003  -1.6859746170438056E-003
   1.1601559474444840E-002   7.0837154263733342E-003  -1.6473676066974018E-003
   1.1612968729114270E-002   7.1523232842222234E-003  -1.6078354583886059E-003
   1.1624071943262752E-002   7.2203648917401886E-003  -1.5672514925900887E-003
   1.1634945955278687E-002   7.2887434835274831E-003  -1.5271750151406580E-003
   1.1644817336800560E-002   7.3570869299600808E-003  -1.4867803478573532E-003
   1.1654541966545943E-002   7.4255371390960015E-003  -1.4465311186599875E-003
   1.1665278268322947E-002   7.4931402536683638E-003  -1.4051239848630786E-003
   1.1676905519035993E-002   7.5609371432832154E-003  -1.3642780695017509E-003
   1.1687929327979085E-002   7.6285803496978196E-003  -1.3230121967280574E-003
   1.1698330133778719E-002   7.6958562666400825E-003  -1.2809910801530803E-003
   1.1708609680806673E-002   7.7631203104275969E-003  -1.2389211463668906E-003
   1.1717478986176044E-002   7.8300805406338776E-003  -1.1960531746451506E-003
   1.1725855146498525E-002   7.8971382392402159E-003  -1.1532383993065258E-003
   1.1734765423750673E-002   7.9642613419327064E-003  -1.1106344552609113E-003
   1.1743607623326661E-002   8.0321168167630987E-003  -1.0691923264083080E-003
   1.1752171601178337E-002   8.0994543481458982E-003  -1.0268565831953447E-003
   1.1761342416510844E-002   8.1668116032190229E-003  -9.8467961871650275E-004
   1.1771463241310606E-002   8.2339057423267917E-003  -9.4230102266261136E-004
   1.1782405665921635E-002   8.3010968693763010E-003  -9.0028179149267138E-004
   1.1792654567180164E-002   8.3680741098694673E-003  -8.5774934176995553E-004
   1.1803726371471987E-002   8.4355467351583547E-003  -8.1621790806893672E-004
   1.1815256148932703E-002   8.5028231137967113E-003  -7.7449317791839162E-004
   1.1826428044956646E-002   8.5702933527548267E-003  -7.3298467763306804E-004
   1.1837488793474495E-002   8.6382371561550507E-003  -6.9222563664821752E-004
   1.1848447106481025E-002   8.7061857647984780E-003  -6.5144694166307930E-004
   1.1859612483736239E-002   8.7743239675874534E-003  -6.1104249061145967E-004
   1.1871154584946590E-002   8.8423439644710854E-003  -5.7054483729891085E-004
   1.1882397842902239E-002   8.9103859043316996E-003  -5.3000000322136478E-004
   1.1892328845326126E-002   8.9784349970449592E-003  -4.8912585281217307E-004
   1.1902714457713792E-002   9.0471045998111090E-003  -4.4941911903249063E-004
   1.1912317413257947E-002   9.1160956558788784E-003  -4.1007426641434319E-004
   1.1921545585810467E-002   9.1849117011948596E-003  -3.7033520827734465E-004
   1.1929641207250775E-002   9.2538592135697206E-003  -3.3057717201360722E-004
   1.1937326486017922E-002   9.3221033690301658E-003  -2.8954460283094898E-004
   1.1945654957568519E-002   9.3898185862115909E-003  -2.4776798350324778E-004
   1.1954712708407825E-002   9.4577246202076637E-003  -2.0645542247134635E-004
   1.1965802573511101E-002   9.5257553298025849E-003  -1.6584954305690912E-004
   1.1976905753328111E-002   9.5936047958347162E-003  -1.2494515019480476E-004
   1.1989128793660970E-002   9.6607267748412464E-003  -8.3169113745802886E-005
   1.2000882733637615E-002   9.7280104514801402E-003  -4.1518762561014467E-005
   1.2012500000010175E-002   9.7953991113085698E-003   7.9716412595993068E-015
