   3.5527136787914511E-015   3.5421283062121366E-015   7.1340190668712649E-015
   6.4594809999276188E-005  -4.9015127372652691E-006  -4.6941300503983205E-005
   1.2939939420222139E-004  -9.7671061395666536E-006  -9.3596330901335117E-005
   1.9381065549560443E-004  -1.5025325654236226E-005  -1.4075076381269642E-004
   2.5840317437346411E-004  -2.0921144110533746E-005  -1.8758073101148576E-004
   3.2269131021218591E-004  -2.6585041228341735E-005  -2.3485605081301531E-004
   3.8764056751802619E-004  -3.1507390261253362E-005  -2.8130348838084808E-004
   4.5219833173178051E-004  -3.7119622581818546E-005  -3.2821615106951127E-004
   5.1596612979701935E-004  -4.1799103203099953E-005  -3.7629702451718613E-004
   5.7993752408868075E-004  -4.6737990881232036E-005  -4.2408057925576078E-004
   6.4355980118322418E-004  -5.1246235851874899E-005  -4.7237013908631588E-004
   7.0662786095069706E-004  -5.5477935534641289E-005  -5.2140596840771943E-004
   7.6957734082247161E-004  -5.9601070668282350E-005  -5.7060315060336185E-004
   8.3219773038718413E-004  -6.4551239036191664E-005  -6.2014285835782087E-004
   8.9481764870664863E-004  -6.9449771626779811E-005  -6.6968829412980806E-004
   9.5720956836687179E-004  -7.5339799573091729E-005  -7.1941309621256224E-004
   1.0200695411285586E-003  -8.2051527038587730E-005  -7.6843938032350348E-004
   1.0838623768288046E-003  -8.9179092854978339E-005  -8.1618529025660063E-004
   1.1481020571634146E-003  -9.6695668646599943E-005  -8.6326781947377630E-004
   1.2125141293758098E-003  -1.0529056551352185E-004  -9.0992843126296756E-004
   1.2764267199695512E-003  -1.1406743570474253E-004  -9.5723749295343490E-004
   1.3401967311216529E-003  -1.2148336995457917E-004  -1.0049699726584680E-003
   1.4045271009537259E-003  -1.2914926877154737E-004  -1.0519043683535226E-003
   1.4689145884310133E-003  -1.3598565920324983E-004  -1.0988885701399402E-003
   1.5333572358269584E-003  -1.4146876892748286E-004  -1.1459744565880182E-003
   1.5983044399294339E-003  -1.4702708245517467E-004  -1.1923529627178035E-003
   1.6633419422697126E-003  -1.5219407808450970E-004  -1.2386501056346393E-003
   1.7286558736188872E-003  -1.5849282419685580E-004  -1.2844148975052832E-003
   1.7937491185232297E-003  -1.6467976036940650E-004  -1.3305081864035987E-003
   1.8588571632032016E-003  -1.7026355983219504E-004  -1.3766575493217950E-003
   1.9237489864873914E-003  -1.7514085404246815E-004  -1.4231899389559569E-003
   1.9883861919975424E-003  -1.8063242686793240E-004  -1.4700073960044213E-003
   2.0526059403583336E-003  -1.8597749617109595E-004  -1.5174126082725837E-003
   2.1170599328160099E-003  -1.9101859686662724E-004  -1.5645323509277302E-003
   2.1815793583013546E-003  -1.9586122123702485E-004  -1.6115833097823495E-003
   2.2463635042629564E-003  -2.0107577663436749E-004  -1.6582290261172824E-003
   2.3112896639547985E-003  -2.0723667169447014E-004  -1.7045608418440811E-003
   2.3761414717124907E-003  -2.1397074094859226E-004  -1.7509170209591284E-003
   2.4408093382503248E-003  -2.2126320057129259E-004  -1.7974453679003575E-003
   2.5055807435338598E-003  -2.2743358390344299E-004  -1.8439920265465913E-003
   2.5709913912774929E-003  -2.3277734523671729E-004  -1.8897401563614359E-003
   2.6360358884199840E-003  -2.3820517540398868E-004  -1.9359976104522426E-003
   2.7016915969916610E-003  -2.4308267216735540E-004  -1.9814458001201759E-003
   2.7675088156156658E-003  -2.4735793374705751E-004  -2.0267206922325600E-003
   2.8333977585446811E-003  -2.5050707717349049E-004  -2.0719835921385959E-003
   2.9000341205010485E-003  -2.5271538064469711E-004  -2.1161957925301929E-003
   2.9669927377123243E-003  -2.5424040378918403E-004  -2.1599475681747943E-003
   3.0337021050433123E-003  -2.5488242240142461E-004  -2.2041001235693107E-003
   3.1005212679021455E-003  -2.5446156142916741E-004  -2.2480890125701610E-003
   3.1673651344620861E-003  -2.5411526592765442E-004  -2.2920410043446859E-003
   3.2344315712743402E-003  -2.5307793348521598E-004  -2.3356416579355861E-003
   3.3014455580522690E-003  -2.5145705296233413E-004  -2.3793051245287124E-003
   3.3683036471656626E-003  -2.4877548233124278E-004  -2.4231549260390630E-003
   3.4348614707458893E-003  -2.4534533869391656E-004  -2.4674074991799413E-003
   3.5017081122455818E-003  -2.4127807735103594E-004  -2.5111680284015279E-003
   3.5683735101476933E-003  -2.3690178981619267E-004  -2.5551745372370750E-003
   3.6348050950814944E-003  -2.3102491659736683E-004  -2.5993594542178481E-003
   3.7009550448194308E-003  -2.2456490929472509E-004  -2.6438841942013199E-003
   3.7671903829232640E-003  -2.1815690979111083E-004  -2.6882893460418119E-003
   3.8332469952402155E-003  -2.0956129008294950E-004  -2.7325910310974067E-003
   3.8997405413267318E-003  -2.0052327372849208E-004  -2.7761447057583063E-003
   3.9668865727214746E-003  -1.9186277816451693E-004  -2.8187640240494214E-003
   4.0336447211444474E-003  -1.8341069927544477E-004  -2.8620296223827663E-003
   4.0998816305647945E-003  -1.7356647975619747E-004  -2.9057990541154011E-003
   4.1662175220346471E-003  -1.6286036267859088E-004  -2.9492148181851138E-003
   4.2323527552894091E-003  -1.5116464938542495E-004  -2.9926813708888683E-003
   4.2989872939709437E-003  -1.3843794762735483E-004  -3.0350826600134590E-003
   4.3650798290508445E-003  -1.2533028107963406E-004  -3.0782099818990778E-003
   4.4318110185610814E-003  -1.1120913728282259E-004  -3.1200135899508148E-003
   4.4981806291633820E-003  -9.6827164368062685E-005  -3.1623011014550125E-003
   4.5643507357218723E-003  -7.9992012596132825E-005  -3.2039915640609054E-003
   4.6306804666840723E-003  -6.2351313628489823E-005  -3.2450911080140398E-003
   4.6977095727648282E-003  -4.3926966774135667E-005  -3.2846845720542308E-003
   4.7646702362780600E-003  -2.3304791247381708E-005  -3.3232979818089863E-003
   4.8322041243517751E-003  -3.0815111066203444E-006  -3.3611158731407316E-003
   4.8997893812700380E-003   1.8144096536932563E-005  -3.3982871878197813E-003
   4.9680172310790586E-003   3.9430098777357442E-005  -3.4342297339762088E-003
   5.0362693837589295E-003   6.1810981413609810E-005  -3.4694538697653968E-003
   5.1039683894242077E-003   8.3374909433105894E-005  -3.5062212687944085E-003
   5.1718618823193415E-003   1.0676978895562058E-004  -3.5414796470537289E-003
   5.2403133545492865E-003   1.3044555839827104E-004  -3.5754480718865438E-003
   5.3091370352546970E-003   1.5458745041654226E-004  -3.6083185758921466E-003
   5.3773531424069904E-003   1.7982865074433809E-004  -3.6416269011959076E-003
   5.4455180434598927E-003   2.0634381942274103E-004  -3.6740381970040764E-003
   5.5140266721335181E-003   2.3332288971510023E-004  -3.7053223393408042E-003
   5.5824971381508741E-003   2.6169995759566000E-004  -3.7354310972931492E-003
   5.6513723742078947E-003   2.9036793203296126E-004  -3.7643161990175808E-003
   5.7202669813032183E-003   3.2004735225134035E-004  -3.7921130537208474E-003
   5.7894709894727205E-003   3.5057097485134746E-004  -3.8181728640237994E-003
   5.8588525485208350E-003   3.8150432069934014E-004  -3.8432592623236328E-003
   5.9282977454268452E-003   4.1252422448736359E-004  -3.8680610807088401E-003
   5.9973557984983987E-003   4.4460069820983047E-004  -3.8925985041943110E-003
   6.0666306783895684E-003   4.7683701992765526E-004  -3.9163010477089684E-003
   6.1354702868154981E-003   5.1034946130104966E-004  -3.9394964044203330E-003
   6.2046758406428268E-003   5.4363254440154528E-004  -3.9619202246324444E-003
   6.2734564134369966E-003   5.7871839588294035E-004  -3.9828538297498970E-003
   6.3421554475956970E-003   6.1427777719048080E-004  -4.0032492484386867E-003
   6.4107455512838066E-003   6.5135269379951492E-004  -4.0211614859046903E-003
   6.4790759817610934E-003   6.8909936803855437E-004  -4.0386583671211907E-003
   6.5473194679548583E-003   7.2742259983272714E-004  -4.0552160384798351E-003
   6.6155271265796577E-003   7.6609671787721358E-004  -4.0710914251567542E-003
   6.6833579944089328E-003   8.0528242438588271E-004  -4.0873226845514164E-003
   6.7510178325281989E-003   8.4564526523249321E-004  -4.1012146743611847E-003
   6.8185082224098753E-003   8.8608437697600584E-004  -4.1156965775960234E-003
   6.8855873562570667E-003   9.2783556693096074E-004  -4.1282356340381693E-003
   6.9527528119015898E-003   9.7000270815240886E-004  -4.1387586459405669E-003
   7.0196839583083022E-003   1.0126732075158094E-003  -4.1487311132056602E-003
   7.0865190725291740E-003   1.0554250152533804E-003  -4.1589951499723605E-003
   7.1522367449842143E-003   1.0998681462211957E-003  -4.1692905681635943E-003
   7.2171545110692910E-003   1.1455162266433493E-003  -4.1793869241611003E-003
   7.2820130683862007E-003   1.1915648383798662E-003  -4.1879246577720391E-003
   7.3467655484122313E-003   1.2379116532011578E-003  -4.1956116004455519E-003
   7.4110900840914373E-003   1.2850102540334228E-003  -4.2022505694555741E-003
   7.4748770828226771E-003   1.3329934355305701E-003  -4.2076202139005774E-003
   7.5378860938348675E-003   1.3819858151113177E-003  -4.2130618381749727E-003
   7.6005837960022565E-003   1.4314990150249638E-003  -4.2172381023954150E-003
   7.6632252943017566E-003   1.4811971627367345E-003  -4.2197153590526242E-003
   7.7246723078789586E-003   1.5323204697512808E-003  -4.2229821629898301E-003
   7.7859450976338713E-003   1.5837036862883197E-003  -4.2253081661753336E-003
   7.8473335644362006E-003   1.6349964708147820E-003  -4.2260197890143427E-003
   7.9078617503483169E-003   1.6873043268944249E-003  -4.2255434420828443E-003
   7.9678722742645910E-003   1.7401652460014728E-003  -4.2234315124211269E-003
   8.0275944036883456E-003   1.7933583229031787E-003  -4.2214914516979897E-003
   8.0865904562270642E-003   1.8473061772660406E-003  -4.2184756942603291E-003
   8.1448575609520419E-003   1.9019075995340324E-003  -4.2136147080365756E-003
   8.2019056529163484E-003   1.9576760981740845E-003  -4.2076657783243938E-003
   8.2583525511224984E-003   2.0140727964060852E-003  -4.2019072963205683E-003
   8.3143854338531380E-003   2.0708694376456041E-003  -4.1960372374362648E-003
   8.3704442278810763E-003   2.1276809597432270E-003  -4.1905725717123823E-003
   8.4259602739046729E-003   2.1850208000596589E-003  -4.1850851907982867E-003
   8.4809959512162636E-003   2.2426271731187135E-003  -4.1778339834638153E-003
   8.5348235798550966E-003   2.3011385870706585E-003  -4.1689457422453098E-003
   8.5878806534350569E-003   2.3602782735660096E-003  -4.1595945699149138E-003
   8.6406490062008890E-003   2.4197966966649741E-003  -4.1510471574164676E-003
   8.6934179644521659E-003   2.4793581715764649E-003  -4.1428089687361655E-003
   8.7465647655866757E-003   2.5382416346671818E-003  -4.1324091945081683E-003
   8.7996135945748143E-003   2.5970920645542656E-003  -4.1213435428570375E-003
   8.8523203995581803E-003   2.6562955072953463E-003  -4.1105294283281992E-003
   8.9044425540121697E-003   2.7158838114045300E-003  -4.0990179110649855E-003
   8.9561864315626794E-003   2.7757777426519808E-003  -4.0873865684186413E-003
   9.0068958818998179E-003   2.8363659102721255E-003  -4.0748316650882086E-003
   9.0580023216822857E-003   2.8966109348907789E-003  -4.0622352839555431E-003
   9.1085102891149058E-003   2.9572020110785065E-003  -4.0489061162752669E-003
   9.1584857322903508E-003   3.0181706362854537E-003  -4.0352942896198273E-003
   9.2073166428275066E-003   3.0797089684493520E-003  -4.0201755644454313E-003
   9.2559852154624461E-003   3.1413917868760542E-003  -4.0051223273287759E-003
   9.3046214938356901E-003   3.2032262777056514E-003  -3.9905962070391331E-003
   9.3523880437229815E-003   3.2654799910600868E-003  -3.9750131429789242E-003
   9.4002062399048490E-003   3.3274452615115876E-003  -3.9584684951104237E-003
   9.4479253382386864E-003   3.3893865519609143E-003  -3.9415521069176259E-003
   9.4953555001382351E-003   3.4517216644574492E-003  -3.9252820886922493E-003
   9.5417951258494442E-003   3.5146832468563090E-003  -3.9085728006302035E-003
   9.5888389524878461E-003   3.5770091144814390E-003  -3.8911841662890964E-003
   9.6343606024158757E-003   3.6400133726602127E-003  -3.8722568623743912E-003
   9.6797671553679743E-003   3.7031948284459971E-003  -3.8536464190814402E-003
   9.7242468858361117E-003   3.7672031996665652E-003  -3.8356330356307199E-003
   9.7676345888010278E-003   3.8317968167953264E-003  -3.8170542340682989E-003
   9.8114305993879623E-003   3.8959789674421264E-003  -3.7980131998184698E-003
   9.8540579773994403E-003   3.9610419668181249E-003  -3.7793125909984554E-003
   9.8965291027614220E-003   4.0260189838207585E-003  -3.7599685801661584E-003
   9.9378553255928068E-003   4.0914410192917335E-003  -3.7396683192999925E-003
   9.9785592255626169E-003   4.1572284000877466E-003  -3.7192915418649847E-003
   1.0018328797240598E-002   4.2234298320464186E-003  -3.6984168785872277E-003
   1.0057487899918179E-002   4.2897853746300492E-003  -3.6768876739350772E-003
   1.0095217281819738E-002   4.3564236258212411E-003  -3.6537395158810831E-003
   1.0132210677613404E-002   4.4232610819713910E-003  -3.6299857138414192E-003
   1.0167344214828749E-002   4.4901327365905091E-003  -3.6036453194303137E-003
   1.0202256044193994E-002   4.5567453676367805E-003  -3.5763703940987351E-003
   1.0235292281007849E-002   4.6242673940028933E-003  -3.5489955330112099E-003
   1.0268358351494993E-002   4.6916928771404331E-003  -3.5214194708929228E-003
   1.0301058554016258E-002   4.7586855822564136E-003  -3.4923906195528914E-003
   1.0333426760990782E-002   4.8255894127519783E-003  -3.4627903382204446E-003
   1.0366245910429579E-002   4.8919423584718683E-003  -3.4324557042193760E-003
   1.0398179970830403E-002   4.9586200002090779E-003  -3.4018892540392900E-003
   1.0429063467123047E-002   5.0256617921995723E-003  -3.3710411134138325E-003
   1.0459703002832645E-002   5.0920571398656916E-003  -3.3385930524819263E-003
   1.0489255688363470E-002   5.1588240745330093E-003  -3.3059003128829345E-003
   1.0518418640734084E-002   5.2250847135431964E-003  -3.2718554905266819E-003
   1.0546604273765844E-002   5.2917534570910887E-003  -3.2377842604025598E-003
   1.0575336233541286E-002   5.3584256637436729E-003  -3.2041793301034204E-003
   1.0603947239498408E-002   5.4246764427966611E-003  -3.1696504346759658E-003
   1.0632040043309705E-002   5.4908882297727349E-003  -3.1346248206816272E-003
   1.0660201136090711E-002   5.5573524932990967E-003  -3.1001363510615872E-003
   1.0688308074800073E-002   5.6233649277050782E-003  -3.0647476735711694E-003
   1.0716807559648687E-002   5.6887432158518889E-003  -3.0285060013581127E-003
   1.0745159122350557E-002   5.7538029257576135E-003  -2.9915814425661318E-003
   1.0772878925674821E-002   5.8185696679221403E-003  -2.9536752213504894E-003
   1.0800483113321260E-002   5.8836850058348201E-003  -2.9162853618670062E-003
   1.0826204406198041E-002   5.9495139909867293E-003  -2.8788025683787154E-003
   1.0850897931916051E-002   6.0154703588405876E-003  -2.8408554034806263E-003
   1.0877487792041110E-002   6.0807044592596374E-003  -2.8029411385058411E-003
   1.0903274224217377E-002   6.1462948352668063E-003  -2.7650866474477186E-003
   1.0928252833571446E-002   6.2120357938871933E-003  -2.7269527330631245E-003
   1.0952686155215044E-002   6.2776275323511970E-003  -2.6882133906545470E-003
   1.0976272560678287E-002   6.3436396287254657E-003  -2.6496636226939342E-003
   1.0999156800344460E-002   6.4098177273066116E-003  -2.6109754999716385E-003
   1.1021752744111378E-002   6.4757895065324618E-003  -2.5717690252328109E-003
   1.1043162374206333E-002   6.5420070375425141E-003  -2.5323118796380111E-003
   1.1063491203288305E-002   6.6074184287287317E-003  -2.4909828510116219E-003
   1.1083640522940742E-002   6.6725704641417529E-003  -2.4491592069982001E-003
   1.1103482670569912E-002   6.7371974962173202E-003  -2.4063849635243780E-003
   1.1122900783445451E-002   6.8013597281183528E-003  -2.3627255442997246E-003
   1.1142817363004917E-002   6.8660191365701043E-003  -2.3200349041549522E-003
   1.1161678395464692E-002   6.9312118381729690E-003  -2.2776772234878464E-003
   1.1179331124808786E-002   6.9961540588031968E-003  -2.2344234476041518E-003
   1.1197066059279731E-002   7.0610366500371757E-003  -2.1911138475847413E-003
   1.1213734253765642E-002   7.1263321336721636E-003  -2.1480015395075750E-003
   1.1230632618864762E-002   7.1909060077556698E-003  -2.1039032398595908E-003
   1.1247410656860135E-002   7.2548326797998858E-003  -2.0588268818387723E-003
   1.1264312458330998E-002   7.3189363879965280E-003  -2.0140491675063703E-003
   1.1281100088993372E-002   7.3825687271630086E-003  -1.9685617970743230E-003
   1.1298471949636011E-002   7.4453408256321945E-003  -1.9221087873525970E-003
   1.1316029471860143E-002   7.5081117757897020E-003  -1.8757240783668519E-003
   1.1333679492664565E-002   7.5705174456149084E-003  -1.8288838271280242E-003
   1.1351183111222672E-002   7.6327921483470285E-003  -1.7818148912426958E-003
   1.1369591946062496E-002   7.6946467383112423E-003  -1.7345377878453540E-003
   1.1387828383801394E-002   7.7565134379546244E-003  -1.6872097431063708E-003
   1.1405441984336162E-002   7.8182239740841233E-003  -1.6394439519043847E-003
   1.1423872738183840E-002   7.8803173984934877E-003  -1.5924895703076122E-003
   1.1442477374530512E-002   7.9422651743773498E-003  -1.5454115439111483E-003
   1.1460955404842786E-002   8.0037415456814046E-003  -1.4976703858860382E-003
   1.1478699265225625E-002   8.0649217392573108E-003  -1.4492747317500136E-003
   1.1495371704162895E-002   8.1265671074262497E-003  -1.4010888587721580E-003
   1.1512230699824981E-002   8.1871128124448283E-003  -1.3515914661832815E-003
   1.1530299093997986E-002   8.2472966765930033E-003  -1.3020794915727162E-003
   1.1548027308169886E-002   8.3072000787427474E-003  -1.2521065705465707E-003
   1.1565963545569038E-002   8.3678022950916496E-003  -1.2030590144497149E-003
   1.1583499628599720E-002   8.4284906053808169E-003  -1.1539732243778665E-003
   1.1600851521789220E-002   8.4893218395431826E-003  -1.1049990194158790E-003
   1.1619063400518976E-002   8.5497084090022709E-003  -1.0557873368334202E-003
   1.1636104742315502E-002   8.6102256159587415E-003  -1.0063175447288396E-003
   1.1652418370291415E-002   8.6709230323619782E-003  -9.5682320988735520E-004
   1.1668831759879083E-002   8.7306741221917627E-003  -9.0622273648883860E-004
   1.1686159396796696E-002   8.7900174195568830E-003  -8.5544748605186473E-004
   1.1703447977902752E-002   8.8490806761005215E-003  -8.0433352812431258E-004
   1.1720567477297411E-002   8.9082577352210569E-003  -7.5329434310281206E-004
   1.1738340960600002E-002   8.9670388869627689E-003  -7.0202174329114645E-004
   1.1756465340050240E-002   9.0263883608635419E-003  -6.5153266707598410E-004
   1.1775638544730627E-002   9.0856288049230554E-003  -6.0130361164150608E-004
   1.1794773950058044E-002   9.1444092147886808E-003  -5.5052271291822913E-004
   1.1815224011211186E-002   9.2030589305012178E-003  -5.0010440428196632E-004
   1.1835891463932704E-002   9.2618253725838574E-003  -4.4991116085095739E-004
   1.1856781458053151E-002   9.3205637608939820E-003  -3.9977724138405384E-004
   1.1877638785537490E-002   9.3795046488289145E-003  -3.4986788737471371E-004
   1.1898503382793598E-002   9.4386846801913903E-003  -3.0024538775970773E-004
   1.1917689120421316E-002   9.4982892988699826E-003  -2.5045385327657275E-004
   1.1937020770481796E-002   9.5573499209820126E-003  -2.0007399400011626E-004
   1.1956366381957677E-002   9.6170791188260833E-003  -1.5049405612362047E-004
   1.1974713039597273E-002   9.6768964656277750E-003  -1.0064142151758624E-004
   1.1993518594298560E-002   9.7359262098160679E-003  -5.0026795031708895E-005
   1.2012500000010353E-002   9.7953991113086582E-003   7.9712629545235283E-015
