   3.5527136787914306E-015   3.5421283062121401E-015   7.1340190668712854E-015
   5.8138956147170524E-005  -3.9182316425127728E-006  -5.4813403814425039E-005
   1.1626978870644857E-004  -9.1295328761442216E-006  -1.0952764912283002E-004
   1.7353096462061464E-004  -1.5233295572173941E-005  -1.6506053857528674E-004
   2.3081593986549648E-004  -2.0752265499940149E-005  -2.2063006781772692E-004
   2.8845251472672649E-004  -2.6230865848461178E-005  -2.7583885497161232E-004
   3.4586002359592553E-004  -3.1356411576389400E-005  -3.3131954267123765E-004
   4.0276178310569679E-004  -3.5509413492185704E-005  -3.8739932808646400E-004
   4.6004234725359125E-004  -3.9576481433283839E-005  -4.4309848364314924E-004
   5.1796662720123628E-004  -4.4184591063155033E-005  -4.9808523769131552E-004
   5.7549828977386151E-004  -4.7731883550741611E-005  -5.5356067839865478E-004
   6.3359047945122933E-004  -5.0725702420771369E-005  -6.0848184507727781E-004
   6.9160058012704396E-004  -5.2401077241898467E-005  -6.6354563839229061E-004
   7.4967165734778573E-004  -5.4100212930607730E-005  -7.1854439227672672E-004
   8.0867555921707143E-004  -5.5041019821522662E-005  -7.7255970903324642E-004
   8.6851372676320529E-004  -5.6012133090604941E-005  -8.2564879128182382E-004
   9.2782764781390126E-004  -5.7114847485070086E-005  -8.7932041120763430E-004
   9.8681519150008190E-004  -5.8053803513275476E-005  -9.3335362366001929E-004
   1.0458345946612641E-003  -5.9381464637340958E-005  -9.8734387616036768E-004
   1.1054089858749171E-003  -6.0839212273651244E-005  -1.0407177168947092E-003
   1.1648664104541735E-003  -6.2653406170166265E-005  -1.0942109255075822E-003
   1.2240517660003546E-003  -6.4424809406843516E-005  -1.1480064257038945E-003
   1.2839733702221343E-003  -6.5275177736591654E-005  -1.2010033898419961E-003
   1.3438668199508975E-003  -6.5563982611119731E-005  -1.2540382016791424E-003
   1.4039148370949476E-003  -6.4977085223987086E-005  -1.3068954735230547E-003
   1.4638861621675174E-003  -6.5094539633156896E-005  -1.3598428660398561E-003
   1.5236954128733172E-003  -6.4731142669574858E-005  -1.4129721561670250E-003
   1.5834199103599981E-003  -6.3985326647624332E-005  -1.4661927176471538E-003
   1.6427228981338083E-003  -6.2469936319386446E-005  -1.5198663538766219E-003
   1.7025908881823542E-003  -6.1391871956001511E-005  -1.5729197377557793E-003
   1.7623954591296403E-003  -5.9410500822361869E-005  -1.6260185840263567E-003
   1.8218819214596254E-003  -5.7081927000863154E-005  -1.6794595658302391E-003
   1.8814967819051633E-003  -5.4861995129140904E-005  -1.7327619139222404E-003
   1.9413353753306919E-003  -5.2455061230117302E-005  -1.7858048153691218E-003
   2.0019120295231493E-003  -4.9267038091304546E-005  -1.8379613631862718E-003
   2.0635067286363202E-003  -4.6606993892358951E-005  -1.8889419204054577E-003
   2.1250068388529637E-003  -4.4871026001762969E-005  -1.9400762811392683E-003
   2.1871146044887707E-003  -4.3962420022186462E-005  -1.9904925471969500E-003
   2.2502478761388515E-003  -4.3435385825785160E-005  -2.0396241281270306E-003
   2.3137385052215808E-003  -4.2907636964549669E-005  -2.0882930248047218E-003
   2.3774686276228619E-003  -4.1352979830170132E-005  -2.1366257729666578E-003
   2.4411072408150368E-003  -3.9207759631660138E-005  -2.1850563929203563E-003
   2.5042625734819539E-003  -3.7086239700228203E-005  -2.2341165916125992E-003
   2.5675899614357360E-003  -3.3651203877607457E-005  -2.2828797175236375E-003
   2.6309441369542137E-003  -2.9817533826026490E-005  -2.3315782948215851E-003
   2.6944226060500532E-003  -2.5683410006359042E-005  -2.3800900767301518E-003
   2.7591058297802258E-003  -2.0879563260736949E-005  -2.4269195931787926E-003
   2.8248203962366937E-003  -1.6454062394576717E-005  -2.4723289614082488E-003
   2.8902103615210317E-003  -1.0103045111595714E-005  -2.5179778061277321E-003
   2.9556058503171830E-003  -4.0515334769398754E-006  -2.5636594134796132E-003
   3.0215006418922120E-003   3.2235764134645999E-006  -2.6084360727811435E-003
   3.0871785382726238E-003   1.1660090837676906E-005  -2.6533274878163490E-003
   3.1534572257764233E-003   2.0862919921848445E-005  -2.6971731662017162E-003
   3.2195600791237282E-003   3.1035403990221522E-005  -2.7410700150853630E-003
   3.2860765361488499E-003   4.1441339455044652E-005  -2.7842820211058310E-003
   3.3522144109690748E-003   5.2540530104727504E-005  -2.8279007036983695E-003
   3.4189241500516177E-003   6.3363097848036161E-005  -2.8707105476973994E-003
   3.4860478785764368E-003   7.4076647866890615E-005  -2.9128961486793031E-003
   3.5534010986213341E-003   8.5709839649024478E-005  -2.9544679249212651E-003
   3.6208166690300460E-003   9.9175313287515638E-005  -2.9953802933915825E-003
   3.6886491612205252E-003   1.1405564743898586E-004  -3.0350958904037753E-003
   3.7557975793756702E-003   1.2862888008567658E-004  -3.0760679642656344E-003
   3.8232498235615930E-003   1.4408540378177000E-004  -3.1162088492464922E-003
   3.8910433360319989E-003   1.5898398282144247E-004  -3.1559841178344060E-003
   3.9594021119378981E-003   1.7532557448178326E-004  -3.1941944586911441E-003
   4.0280840199412339E-003   1.9138454723019053E-004  -3.2319423711942808E-003
   4.0969774829351631E-003   2.0663676381726864E-004  -3.2696393292707890E-003
   4.1667913236195144E-003   2.2281024478927971E-004  -3.3051983811539401E-003
   4.2369065211672746E-003   2.4023796382868545E-004  -3.3395514550138062E-003
   4.3072784698316357E-003   2.5779035949916214E-004  -3.3733109312103927E-003
   4.3775220967508851E-003   2.7649378112461204E-004  -3.4067177404883838E-003
   4.4480633243138782E-003   2.9483571158300971E-004  -3.4396951385614709E-003
   4.5185238517857860E-003   3.1285881553723611E-004  -3.4730190309809378E-003
   4.5892851313541674E-003   3.3185074679992931E-004  -3.5051460889732890E-003
   4.6599388084075733E-003   3.5226103116936481E-004  -3.5366338360124112E-003
   4.7301005651891638E-003   3.7493625789990475E-004  -3.5676686871558639E-003
   4.8000145481671402E-003   3.9817240253120961E-004  -3.5988474711603539E-003
   4.8696350138946803E-003   4.2165179857139509E-004  -3.6304972532852481E-003
   4.9397358161295431E-003   4.4451660196053464E-004  -3.6615307558765056E-003
   5.0104341345325954E-003   4.6651038219376552E-004  -3.6918296239887502E-003
   5.0812032160436772E-003   4.8922006501681697E-004  -3.7214270462228739E-003
   5.1519594653963224E-003   5.1354064274187388E-004  -3.7497477574838542E-003
   5.2221488205958441E-003   5.3892010264289367E-004  -3.7785459767924112E-003
   5.2919500066149639E-003   5.6521357290390103E-004  -3.8074673850138903E-003
   5.3614671716190531E-003   5.9192618171323061E-004  -3.8366872463876473E-003
   5.4306756251397440E-003   6.2014665994199864E-004  -3.8652143312966018E-003
   5.4996370876910314E-003   6.4936611526785208E-004  -3.8933308765168157E-003
   5.5688094399623115E-003   6.7935184317517976E-004  -3.9200898340047748E-003
   5.6375131076744894E-003   7.1019189575081932E-004  -3.9470842259481925E-003
   5.7056186960716716E-003   7.4283125101497736E-004  -3.9734717479609121E-003
   5.7735901289750324E-003   7.7600470868737436E-004  -3.9995371659445941E-003
   5.8418773695605259E-003   8.0941097561827149E-004  -4.0244545116045697E-003
   5.9107173808976149E-003   8.4230761275630385E-004  -4.0485141062608244E-003
   5.9794533760070406E-003   8.7558628665939384E-004  -4.0723446083037055E-003
   6.0481231559544497E-003   9.1036717437239882E-004  -4.0941333940883486E-003
   6.1169654247211960E-003   9.4538996402719080E-004  -4.1149695700128230E-003
   6.1858779891292587E-003   9.8097601808379720E-004  -4.1345831168664963E-003
   6.2544275394395624E-003   1.0173242129564442E-003  -4.1540707513632600E-003
   6.3229761293041612E-003   1.0540286403881468E-003  -4.1728823390720605E-003
   6.3921316671391969E-003   1.0904192400595688E-003  -4.1900064690106867E-003
   6.4615282429475998E-003   1.1271961935603492E-003  -4.2052239248103161E-003
   6.5312770913789793E-003   1.1632471154211087E-003  -4.2205676265176864E-003
   6.6012028302460000E-003   1.1991385004708787E-003  -4.2354739848767644E-003
   6.6709067360756335E-003   1.2354494131491343E-003  -4.2504032560850705E-003
   6.7400581424068998E-003   1.2726297834381669E-003  -4.2657558801109377E-003
   6.8086511694355001E-003   1.3110105493367599E-003  -4.2806526402369514E-003
   6.8772315094895106E-003   1.3498143642406142E-003  -4.2944729472381964E-003
   6.9454148514523370E-003   1.3898154314368422E-003  -4.3067589763133296E-003
   7.0139264801637293E-003   1.4294841816821404E-003  -4.3182718814276690E-003
   7.0821691992068551E-003   1.4701804586954624E-003  -4.3275855455282139E-003
   7.1501303402092811E-003   1.5112258960990207E-003  -4.3374118051045310E-003
   7.2178214844483522E-003   1.5528550479137569E-003  -4.3466271570837484E-003
   7.2849762394255604E-003   1.5952690656649384E-003  -4.3561817362125351E-003
   7.3523290924542893E-003   1.6375796596843255E-003  -4.3647495140931710E-003
   7.4197054794269378E-003   1.6800125613828424E-003  -4.3724871708763283E-003
   7.4872965916250762E-003   1.7219906067644168E-003  -4.3808109478639789E-003
   7.5537905738228724E-003   1.7656993312584340E-003  -4.3890630827587655E-003
   7.6202311479712332E-003   1.8096041923074369E-003  -4.3966797282593882E-003
   7.6863290992234311E-003   1.8542930201886551E-003  -4.4025080641947548E-003
   7.7519738310086609E-003   1.8996874092653666E-003  -4.4079961091151310E-003
   7.8171984486865367E-003   1.9458088634969027E-003  -4.4123043236200905E-003
   7.8820033255682792E-003   1.9925660809268870E-003  -4.4160580613629395E-003
   7.9462091688110234E-003   2.0402310021569465E-003  -4.4184381845467418E-003
   8.0092009863109836E-003   2.0895381333432038E-003  -4.4193534662958743E-003
   8.0718455629168167E-003   2.1392909621210997E-003  -4.4187939627552851E-003
   8.1346521886716469E-003   2.1888238382769170E-003  -4.4174441690097441E-003
   8.1967806591887928E-003   2.2392116935708605E-003  -4.4163871952061836E-003
   8.2585331750386470E-003   2.2900498167272338E-003  -4.4149339179885691E-003
   8.3195618558687366E-003   2.3417410039616557E-003  -4.4130574103704396E-003
   8.3795759070699784E-003   2.3945971289312637E-003  -4.4109258113254526E-003
   8.4388188939677668E-003   2.4482910556699795E-003  -4.4082368083983824E-003
   8.4976885971712324E-003   2.5023550105711763E-003  -4.4048534927657416E-003
   8.5557168036315290E-003   2.5572272235635726E-003  -4.4001879278509470E-003
   8.6138544693790103E-003   2.6119399948355748E-003  -4.3950377352951703E-003
   8.6718173456806422E-003   2.6666857813916079E-003  -4.3884647735174774E-003
   8.7299810711403206E-003   2.7212773681960681E-003  -4.3824034460115298E-003
   8.7879919185377270E-003   2.7760539508734829E-003  -4.3765495946423497E-003
   8.8447244726800218E-003   2.8320750973310853E-003  -4.3699884631031001E-003
   8.9011579760812677E-003   2.8882591895429332E-003  -4.3623329110432929E-003
   8.9578871155664326E-003   2.9439133265421885E-003  -4.3531447793398485E-003
   9.0139034404246518E-003   3.0001111947689342E-003  -4.3429481640782372E-003
   9.0687243649768563E-003   3.0572788278641233E-003  -4.3316996995718358E-003
   9.1235650850923725E-003   3.1144543906189634E-003  -4.3205888742347369E-003
   9.1773500183479004E-003   3.1723294548691985E-003  -4.3080326846131525E-003
   9.2308032210729248E-003   3.2302407981382444E-003  -4.2942838141317311E-003
   9.2821514501290996E-003   3.2895579082420608E-003  -4.2786364558616936E-003
   9.3332042331648862E-003   3.3490714484861205E-003  -4.2627697651952245E-003
   9.3834219228067835E-003   3.4092099211054765E-003  -4.2465973269706853E-003
   9.4334524116259939E-003   3.4695212059346527E-003  -4.2304883508369733E-003
   9.4824949934167319E-003   3.5304284303199853E-003  -4.2136024044089832E-003
   9.5316437975668990E-003   3.5906236573928631E-003  -4.1946042547860813E-003
   9.5804484053078846E-003   3.6509206563212619E-003  -4.1750496597918125E-003
   9.6286583200720054E-003   3.7111653576441480E-003  -4.1539219508484231E-003
   9.6759604670593677E-003   3.7715655763260075E-003  -4.1312433162355592E-003
   9.7215849032791461E-003   3.8329204249050236E-003  -4.1077062522458848E-003
   9.7662514458985942E-003   3.8947122230652367E-003  -4.0834849054076023E-003
   9.8101241276850552E-003   3.9564689800811225E-003  -4.0577693310290099E-003
   9.8538123839552339E-003   4.0180684208957302E-003  -4.0313715063906861E-003
   9.8962619828816597E-003   4.0800717352469486E-003  -4.0039193557527839E-003
   9.9376910386249576E-003   4.1425014156689036E-003  -3.9758806623841920E-003
   9.9783276095841179E-003   4.2059258776734505E-003  -3.9489361503267468E-003
   1.0017836080483769E-002   4.2703778980216246E-003  -3.9227633055517021E-003
   1.0055778837774837E-002   4.3355790667539999E-003  -3.8961333457925057E-003
   1.0092990078876561E-002   4.4009677740080490E-003  -3.8689370132016054E-003
   1.0129706369849627E-002   4.4663071236897486E-003  -3.8409605344713951E-003
   1.0166606145498396E-002   4.5312567595211161E-003  -3.8123257418106612E-003
   1.0203331345150137E-002   4.5960024296260961E-003  -3.7830126403081785E-003
   1.0238095108735622E-002   4.6608170553219400E-003  -3.7515397149006802E-003
   1.0271260998835305E-002   4.7263942604388242E-003  -3.7199224109374005E-003
   1.0304024137089071E-002   4.7920576400287745E-003  -3.6880649573618326E-003
   1.0336542868921463E-002   4.8575095286847690E-003  -3.6555290949143375E-003
   1.0369252744216772E-002   4.9226215129963063E-003  -3.6225064728219549E-003
   1.0401091179024994E-002   4.9882304519285690E-003  -3.5896160304905935E-003
   1.0432222778763012E-002   5.0536972992643227E-003  -3.5557794320271422E-003
   1.0462167444794836E-002   5.1193548271889740E-003  -3.5212481997924060E-003
   1.0491902620645206E-002   5.1851721334146552E-003  -3.4868403298092846E-003
   1.0521505229876913E-002   5.2502729665357675E-003  -3.4509855245096715E-003
   1.0551499768807071E-002   5.3149533629156913E-003  -3.4146981443237017E-003
   1.0581920361202072E-002   5.3792456813964344E-003  -3.3780773122666220E-003
   1.0611841842820168E-002   5.4434052443513622E-003  -3.3408180125947718E-003
   1.0641951000674461E-002   5.5078126730458785E-003  -3.3041421111234628E-003
   1.0671641937316395E-002   5.5726792240712343E-003  -3.2679374313753836E-003
   1.0701414152979774E-002   5.6371453580787156E-003  -3.2310900060918087E-003
   1.0731127143610989E-002   5.7015124866806859E-003  -3.1940223525696110E-003
   1.0760716280268100E-002   5.7657618313756605E-003  -3.1566525157939217E-003
   1.0789512229404791E-002   5.8294137234226814E-003  -3.1176752152879982E-003
   1.0817909331371039E-002   5.8928606346990049E-003  -3.0780760480850771E-003
   1.0845162801731730E-002   5.9564567513306407E-003  -3.0379165871570477E-003
   1.0872415609428131E-002   6.0193127949907206E-003  -2.9966079651861594E-003
   1.0898397171981976E-002   6.0824317976296994E-003  -2.9548832733380962E-003
   1.0924144385549131E-002   6.1455486367092528E-003  -2.9130103032300033E-003
   1.0948746214640818E-002   6.2095101109895722E-003  -2.8717346467772584E-003
   1.0972492721588994E-002   6.2732060377368977E-003  -2.8295572557310738E-003
   1.0995100533475145E-002   6.3370194397180191E-003  -2.7869340627395727E-003
   1.1017057924646887E-002   6.4005711316012801E-003  -2.7435859897496986E-003
   1.1038617962893021E-002   6.4641065621589304E-003  -2.7000151989445818E-003
   1.1060716583214239E-002   6.5272237633862296E-003  -2.6561076838756649E-003
   1.1081736953141541E-002   6.5897107530604512E-003  -2.6107919009528465E-003
   1.1101400416210319E-002   6.6523670311777541E-003  -2.5651023066384643E-003
   1.1121300851280054E-002   6.7155419985078435E-003  -2.5202369950230443E-003
   1.1140314768591238E-002   6.7786082036862530E-003  -2.4748373836250047E-003
   1.1158477250153492E-002   6.8409938350853282E-003  -2.4281666513013538E-003
   1.1176756916566440E-002   6.9035624867690472E-003  -2.3817875868332437E-003
   1.1194669047450397E-002   6.9655602522695828E-003  -2.3345072247429851E-003
   1.1212293446298292E-002   7.0270226199711239E-003  -2.2864264809506190E-003
   1.1228557364760765E-002   7.0893373457049241E-003  -2.2389674469028001E-003
   1.1245305648993944E-002   7.1508594101688519E-003  -2.1906504668892609E-003
   1.1261497486725136E-002   7.2125514097059751E-003  -2.1423604930538701E-003
   1.1278387329201141E-002   7.2735459595768895E-003  -2.0934279055766819E-003
   1.1294548142262226E-002   7.3341868349356427E-003  -2.0438142748359063E-003
   1.1310057352792703E-002   7.3940403315116551E-003  -1.9930498844009524E-003
   1.1324724028529872E-002   7.4540328507322774E-003  -1.9421992574528695E-003
   1.1340586025921568E-002   7.5135734381308415E-003  -1.8911765616304028E-003
   1.1356453491660713E-002   7.5729787218755847E-003  -1.8399980916352437E-003
   1.1372508821286275E-002   7.6327636623303770E-003  -1.7893227793634864E-003
   1.1388313784139785E-002   7.6924195160521175E-003  -1.7384171581478177E-003
   1.1403698678217623E-002   7.7521514635655519E-003  -1.6874720947415165E-003
   1.1419009596184037E-002   7.8123898606003153E-003  -1.6371043340604467E-003
   1.1434606196481314E-002   7.8730530529707854E-003  -1.5873376469694848E-003
   1.1450723177510943E-002   7.9335336425811181E-003  -1.5375145478808698E-003
   1.1467152794917237E-002   7.9939286097804978E-003  -1.4876896985448794E-003
   1.1483236518568292E-002   8.0543629956146556E-003  -1.4377998313481442E-003
   1.1499567079821159E-002   8.1149154243360284E-003  -1.3881337852343181E-003
   1.1515485229500541E-002   8.1760921461158011E-003  -1.3391029660778976E-003
   1.1531152122361164E-002   8.2372816015047045E-003  -1.2900071514001619E-003
   1.1546563365489024E-002   8.2981860249269294E-003  -1.2404779196716472E-003
   1.1561173768864154E-002   8.3588523229181106E-003  -1.1904165932932287E-003
   1.1575869409051285E-002   8.4195372500015155E-003  -1.1404028173393850E-003
   1.1591011522596112E-002   8.4805141782817728E-003  -1.0908797861965995E-003
   1.1607047540288993E-002   8.5405499286703209E-003  -1.0404957131947405E-003
   1.1624069017274306E-002   8.6000353618440727E-003  -9.8978326343780298E-004
   1.1641686535199914E-002   8.6598705017269795E-003  -9.3968956029524483E-004
   1.1659391027919132E-002   8.7203885122657948E-003  -8.9045419353822022E-004
   1.1677582049195273E-002   8.7811086054388372E-003  -8.4164684746948081E-004
   1.1696474016365754E-002   8.8416434954620982E-003  -7.9287574258683064E-004
   1.1715789857546621E-002   8.9019821278100136E-003  -7.4402753157388514E-004
   1.1735704615106719E-002   8.9614235521810939E-003  -6.9432723479112080E-004
   1.1756234403556184E-002   9.0200565301176081E-003  -6.4392186122470385E-004
   1.1776378005840299E-002   9.0791692003127436E-003  -5.9392258613692012E-004
   1.1797777929012305E-002   9.1381713124218250E-003  -5.4431619490439588E-004
   1.1818189860966227E-002   9.1973802378333084E-003  -4.9454013453843109E-004
   1.1838050054327557E-002   9.2568148596862479E-003  -4.4480987767154341E-004
   1.1857121957554468E-002   9.3166061086464372E-003  -3.9519869897405185E-004
   1.1876330703306237E-002   9.3764169696659034E-003  -3.4566401426974053E-004
   1.1894911579617671E-002   9.4356695229676057E-003  -2.9522706391136482E-004
   1.1914431709332035E-002   9.4953486398054922E-003  -2.4565522158392981E-004
   1.1933855451925632E-002   9.5553836554872224E-003  -1.9647682068683756E-004
   1.1953625851340646E-002   9.6155354316315219E-003  -1.4758004030241326E-004
   1.1973604304357387E-002   9.6757321994337987E-003  -9.8823393952162910E-005
   1.1992886175416986E-002   9.7353174922407918E-003  -4.9045865584413297E-005
   1.2012500000010211E-002   9.7953991113086114E-003   7.9718220961792136E-015
