   3.5527136787914211E-015   3.5421283062121334E-015   7.1340190668712444E-015
   5.4083166622353078E-005  -7.6477098298236621E-007  -5.8944263607133013E-005
   1.0833929732482208E-004  -2.5481990485350359E-006  -1.1770727629183337E-004
   1.6304640343152218E-004  -3.2234077942692189E-006  -1.7607401880536977E-004
   2.1758351276018463E-004  -3.3053109311920091E-006  -2.3460347289513609E-004
   2.7196342680386152E-004  -2.1788628838396559E-006  -2.9326824994162936E-004
   3.2635210110266646E-004  -9.9946642961830060E-007  -3.5192386461936110E-004
   3.8117729506158889E-004  -6.1964451209580331E-007  -4.1018237331221522E-004
   4.3647859471364082E-004   7.5173970511173494E-007  -4.6797411634345865E-004
   4.9184173444560169E-004   2.5567738129067709E-006  -5.2569468991524760E-004
   5.4737516300935548E-004   3.3939792495347180E-006  -5.8327365658753514E-004
   6.0323336989429163E-004   4.2715023030025268E-006  -6.4053700157513309E-004
   6.5910994070633093E-004   5.5020822740165003E-006  -6.9777592629137019E-004
   7.1512815067539229E-004   7.3589107432303426E-006  -7.5485930688856597E-004
   7.7027365723413379E-004   1.0151449938579096E-005  -8.1274863948910064E-004
   8.2527961690436163E-004   1.2493295714509842E-005  -8.7079052237873681E-004
   8.8080487835134023E-004   1.4370427500784169E-005  -9.2835285131363408E-004
   9.3701926761867135E-004   1.6010857942242502E-005  -9.8524970029267227E-004
   9.9301973305385323E-004   1.8490044672613245E-005  -1.0423268542407642E-003
   1.0500066076753723E-003   2.0486945225232056E-005  -1.0984384261349261E-003
   1.1065813284225825E-003   2.1928593847569376E-005  -1.1549824145547234E-003
   1.1631654918943671E-003   2.2079944183816191E-005  -1.2115351294250233E-003
   1.2201501637551678E-003   2.2303962146207060E-005  -1.2676840116537032E-003
   1.2775493194598895E-003   2.2687756707560207E-005  -1.3234082399694660E-003
   1.3340695284345891E-003   2.1657504256177022E-005  -1.3800157002163136E-003
   1.3917028033224065E-003   1.9624420969555649E-005  -1.4354618199983460E-003
   1.4498661420170476E-003   1.7574435335735523E-005  -1.4903510137212579E-003
   1.5077189064797785E-003   1.7174491188732193E-005  -1.5456040470726384E-003
   1.5654712748384987E-003   1.7127706840841663E-005  -1.6009634342894906E-003
   1.6229262070277918E-003   1.8891414577820539E-005  -1.6566035286315732E-003
   1.6804097429335321E-003   2.0940158646889706E-005  -1.7122042998540849E-003
   1.7377743378855820E-003   2.2816901700949198E-005  -1.7679338348803053E-003
   1.7958693341478932E-003   2.6232582458350166E-005  -1.8228274094571643E-003
   1.8537261683939513E-003   3.0222861134492293E-005  -1.8779333473854182E-003
   1.9113393463939250E-003   3.4048453522968674E-005  -1.9333056018862439E-003
   1.9690336635347500E-003   3.8335930825345884E-005  -1.9885594100482666E-003
   2.0267768409408145E-003   4.3107087725648630E-005  -2.0437224548673786E-003
   2.0849232146252458E-003   4.6974526648476329E-005  -2.0985315977527308E-003
   2.1428056703615772E-003   5.0733297377307726E-005  -2.1536269057155634E-003
   2.2002805289483584E-003   5.6460050298034223E-005  -2.2089789150325297E-003
   2.2579665576099627E-003   6.2104812293898716E-005  -2.2641192701658422E-003
   2.3154358828035258E-003   6.8324707032874418E-005  -2.3194237869709139E-003
   2.3735102401122097E-003   7.4474542730112851E-005  -2.3741005510568877E-003
   2.4316326941942992E-003   8.2790224230220897E-005  -2.4284386569993393E-003
   2.4910336026008617E-003   9.1306418729818217E-005  -2.4813442949245890E-003
   2.5508243527058668E-003   1.0039432450880321E-004  -2.5337129513221656E-003
   2.6108963658153673E-003   1.0934169986363591E-004  -2.5857830742500596E-003
   2.6705900229900261E-003   1.1942907527544145E-004  -2.6380794620401672E-003
   2.7301847833358134E-003   1.3008503591295162E-004  -2.6903758772792333E-003
   2.7892050676743109E-003   1.4172342918484135E-004  -2.7431125233315793E-003
   2.8484571371856639E-003   1.5417417188167041E-004  -2.7954018268625978E-003
   2.9078059669558282E-003   1.6737775739109341E-004  -2.8473958815905904E-003
   2.9669553650020393E-003   1.8069961948442926E-004  -2.8995866537117310E-003
   3.0260549755684735E-003   1.9453236127929739E-004  -2.9517008675120338E-003
   3.0861979752228028E-003   2.0869319538388109E-004  -3.0025171088373416E-003
   3.1466469138968505E-003   2.2254141781362960E-004  -3.0530557330630858E-003
   3.2068364842971287E-003   2.3564053521378685E-004  -3.1041010927210537E-003
   3.2662170869108336E-003   2.4927249151384268E-004  -3.1559481159329694E-003
   3.3253966004467691E-003   2.6372516620491948E-004  -3.2078027719756072E-003
   3.3839525103203602E-003   2.7943377045384378E-004  -3.2599989900293923E-003
   3.4428667703319603E-003   2.9607884271606096E-004  -3.3114970630413344E-003
   3.5021982329298857E-003   3.1249690282201821E-004  -3.3625874227524201E-003
   3.5609282842729486E-003   3.2992031811183628E-004  -3.4140384255260444E-003
   3.6202300638101688E-003   3.4914180343050482E-004  -3.4641765689655797E-003
   3.6809503164922444E-003   3.6801151402287457E-004  -3.5127253583030252E-003
   3.7413045414783561E-003   3.8849124478321294E-004  -3.5610776917043728E-003
   3.8018476798544268E-003   4.0999294195561450E-004  -3.6087453475793859E-003
   3.8626917940286277E-003   4.3280169814969736E-004  -3.6554117639825199E-003
   3.9235655769133586E-003   4.5585679310589105E-004  -3.7019181630644645E-003
   3.9850179028579182E-003   4.7899670008241015E-004  -3.7476145122267374E-003
   4.0468756315783861E-003   5.0337643145427621E-004  -3.7921032760350379E-003
   4.1091216398416452E-003   5.2807531809361311E-004  -3.8358685526453792E-003
   4.1716071149030826E-003   5.5362449702047779E-004  -3.8787964558815230E-003
   4.2342068791136845E-003   5.7988830033643614E-004  -3.9211223598960947E-003
   4.2968577715924413E-003   6.0723221538983322E-004  -3.9626816667234490E-003
   4.3599995461783949E-003   6.3592359884191252E-004  -4.0025554779936695E-003
   4.4231051887030819E-003   6.6538264222006831E-004  -4.0419235189653050E-003
   4.4866314634318168E-003   6.9585937168587897E-004  -4.0798125856635154E-003
   4.5497751146912988E-003   7.2771780291000564E-004  -4.1172013494385424E-003
   4.6134244459185283E-003   7.5953263830898568E-004  -4.1537606011504465E-003
   4.6772382765528139E-003   7.9220453316501986E-004  -4.1892619011413470E-003
   4.7412496840129855E-003   8.2555827827450804E-004  -4.2237592548335853E-003
   4.8049150720705178E-003   8.6065597585610523E-004  -4.2571489237672750E-003
   4.8680392393150593E-003   8.9728752147300733E-004  -4.2899127662916646E-003
   4.9313054062057179E-003   9.3475541629782543E-004  -4.3214333783201907E-003
   4.9949493881754426E-003   9.7210657584409781E-004  -4.3523256822674238E-003
   5.0593455688091801E-003   1.0084550797369244E-003  -4.3828530173362305E-003
   5.1233182774852309E-003   1.0457522647875431E-003  -4.4131253237345864E-003
   5.1877071177931933E-003   1.0834708504028855E-003  -4.4419590806759682E-003
   5.2518777410894765E-003   1.1227924766923727E-003  -4.4690873097495516E-003
   5.3160993797979374E-003   1.1625985951178737E-003  -4.4953752167987962E-003
   5.3804169488832982E-003   1.2028775955478760E-003  -4.5206902803594804E-003
   5.4447457529619983E-003   1.2434892910756906E-003  -4.5454389195764815E-003
   5.5083988934596616E-003   1.2851004621341018E-003  -4.5702741392449247E-003
   5.5714833949872334E-003   1.3281947065882959E-003  -4.5940066438753951E-003
   5.6337654464505013E-003   1.3728086011721133E-003  -4.6170402381869218E-003
   5.6961471194769114E-003   1.4177626363144073E-003  -4.6391232993801667E-003
   5.7581288680993150E-003   1.4630476386467196E-003  -4.6616517573383337E-003
   5.8197163936293903E-003   1.5092621698932752E-003  -4.6833587561725095E-003
   5.8815026136703587E-003   1.5555558688701845E-003  -4.7043195870707030E-003
   5.9429633302064315E-003   1.6026732431995345E-003  -4.7243828211799661E-003
   6.0043210361159921E-003   1.6498189426509273E-003  -4.7446932853641927E-003
   6.0661635259463016E-003   1.6966698460834330E-003  -4.7641996765106819E-003
   6.1273032651110258E-003   1.7449724479492222E-003  -4.7823322702050669E-003
   6.1891060972755502E-003   1.7926705068993924E-003  -4.7998052523702322E-003
   6.2507814520943563E-003   1.8407804888900218E-003  -4.8165856054950482E-003
   6.3125531489818991E-003   1.8890579056597436E-003  -4.8325088109611837E-003
   6.3743223045632565E-003   1.9377541628841167E-003  -4.8471117544864597E-003
   6.4369316184224451E-003   1.9859462003444582E-003  -4.8596656918126341E-003
   6.4997165764362746E-003   2.0341009813208497E-003  -4.8714625609068652E-003
   6.5621223512356379E-003   2.0827507570072828E-003  -4.8832404466525002E-003
   6.6246356066304388E-003   2.1308966036709489E-003  -4.8964340189621407E-003
   6.6864094669943728E-003   2.1801850265174656E-003  -4.9088695144979579E-003
   6.7480655143560882E-003   2.2297825751745716E-003  -4.9206430010727432E-003
   6.8089641133515719E-003   2.2806508479504151E-003  -4.9308302217783671E-003
   6.8700593683996610E-003   2.3314579968603789E-003  -4.9401040255188577E-003
   6.9311056000673048E-003   2.3826523635235041E-003  -4.9473493286106398E-003
   6.9923314929491226E-003   2.4337021245787855E-003  -4.9540807432166623E-003
   7.0533343333377164E-003   2.4851152254946329E-003  -4.9600260367884093E-003
   7.1138485733323216E-003   2.5371571752723691E-003  -4.9654723409534576E-003
   7.1737399473735383E-003   2.5899749931062657E-003  -4.9702994973213248E-003
   7.2336676587835156E-003   2.6428587138235060E-003  -4.9737609254584241E-003
   7.2932495848590960E-003   2.6961702953981611E-003  -4.9765661641100146E-003
   7.3532003389999278E-003   2.7491361953258290E-003  -4.9772876356931877E-003
   7.4125749207021958E-003   2.8027498744700482E-003  -4.9777697664287928E-003
   7.4716852009416961E-003   2.8566511142519985E-003  -4.9769753344766007E-003
   7.5299075365693252E-003   2.9114887585901562E-003  -4.9752454786876864E-003
   7.5875964068754798E-003   2.9668534721717706E-003  -4.9726488024834292E-003
   7.6449142622649815E-003   3.0225177641633248E-003  -4.9686300896219652E-003
   7.7015220916531821E-003   3.0788733735270662E-003  -4.9642030197039238E-003
   7.7580556423443216E-003   3.1352507712588042E-003  -4.9591486480113694E-003
   7.8137971341303916E-003   3.1924142769191996E-003  -4.9541267247184030E-003
   7.8695728577620836E-003   3.2495719193986463E-003  -4.9494285804872369E-003
   7.9250915168067992E-003   3.3067610459210400E-003  -4.9425669256080666E-003
   7.9803252921482534E-003   3.3640960061494191E-003  -4.9346972116087523E-003
   8.0348778020841310E-003   3.4217973279969723E-003  -4.9249719292443674E-003
   8.0888442811181994E-003   3.4797169662420047E-003  -4.9134422003801583E-003
   8.1431275128730565E-003   3.5371551366375933E-003  -4.9010249813335712E-003
   8.1974856328687219E-003   3.5943110392801249E-003  -4.8876684254596072E-003
   8.2516153211482247E-003   3.6515518291088973E-003  -4.8737591184106477E-003
   8.3057847640179358E-003   3.7085891951203678E-003  -4.8591848141618984E-003
   8.3583443048050477E-003   3.7668162015132619E-003  -4.8434650687772572E-003
   8.4114344311936907E-003   3.8244820452559194E-003  -4.8274622895088893E-003
   8.4645248981381604E-003   3.8819095569161475E-003  -4.8106253292961995E-003
   8.5172272829100153E-003   3.9393451665006027E-003  -4.7926361828088742E-003
   8.5692042043993121E-003   3.9972753854309075E-003  -4.7741297145819841E-003
   8.6199914330627007E-003   4.0556972767170863E-003  -4.7539420940180188E-003
   8.6701834224369532E-003   4.1145442221579391E-003  -4.7335019077408419E-003
   8.7203851765774998E-003   4.1733952569111121E-003  -4.7130975064752821E-003
   8.7697591068210158E-003   4.2324604019399054E-003  -4.6913369078429579E-003
   8.8183274291917732E-003   4.2920036941109059E-003  -4.6690722627661801E-003
   8.8668090916750736E-003   4.3515338522953076E-003  -4.6465847401961444E-003
   8.9152275854588910E-003   4.4111816804533006E-003  -4.6242736205478396E-003
   8.9638019361827827E-003   4.4700937003242774E-003  -4.6004009089133336E-003
   9.0120557360992178E-003   4.5292013974224544E-003  -4.5763623785265318E-003
   9.0594309211073105E-003   4.5884161802469464E-003  -4.5508829489290387E-003
   9.1065462770958498E-003   4.6472696677470537E-003  -4.5241171078431617E-003
   9.1521722208223206E-003   4.7065201250457251E-003  -4.4956978087808547E-003
   9.1974305314242426E-003   4.7658157476633805E-003  -4.4667890821736191E-003
   9.2424933679928871E-003   4.8248867411996464E-003  -4.4371249882852685E-003
   9.2878316417278981E-003   4.8839248201846958E-003  -4.4078172047741365E-003
   9.3317333245454860E-003   4.9429179502035198E-003  -4.3763139849421614E-003
   9.3762457654183243E-003   5.0019869311417756E-003  -4.3458263138247558E-003
   9.4209481981996929E-003   5.0606251534413386E-003  -4.3147900222285937E-003
   9.4659145756396459E-003   5.1186349092298645E-003  -4.2829640401534598E-003
   9.5116175569608299E-003   5.1752889972164328E-003  -4.2497744062135398E-003
   9.5565197762282096E-003   5.2323150495538952E-003  -4.2161318726261421E-003
   9.6010776253525644E-003   5.2890985692286892E-003  -4.1816321629000739E-003
   9.6441893780272337E-003   5.3466474710590255E-003  -4.1465679263277223E-003
   9.6871872048500916E-003   5.4044693328219899E-003  -4.1118142331932452E-003
   9.7305225373650519E-003   5.4619972356584395E-003  -4.0769919796061543E-003
   9.7741937788238357E-003   5.5189176406787747E-003  -4.0415957909064491E-003
   9.8169855501298378E-003   5.5758811864514788E-003  -4.0052087223644353E-003
   9.8599059780691486E-003   5.6317581576245165E-003  -3.9673193972722155E-003
   9.9020547027956814E-003   5.6874728993716898E-003  -3.9283405241157992E-003
   9.9435503414652231E-003   5.7431955659954350E-003  -3.8886782448797940E-003
   9.9843848806673071E-003   5.7995405490684935E-003  -3.8492094812798243E-003
   1.0024380716542646E-002   5.8553490832899922E-003  -3.8081517095068752E-003
   1.0063783583319424E-002   5.9105357289926178E-003  -3.7657035266988443E-003
   1.0102086526095984E-002   5.9654269216028958E-003  -3.7218875302902437E-003
   1.0139921420844356E-002   6.0198788450432248E-003  -3.6771269585834650E-003
   1.0176530035133084E-002   6.0743842165244160E-003  -3.6314216652816545E-003
   1.0212617802850581E-002   6.1284611630872295E-003  -3.5848023894291745E-003
   1.0246435494040550E-002   6.1823896591364329E-003  -3.5363453871404319E-003
   1.0279523498188680E-002   6.2361214993746526E-003  -3.4871714781174079E-003
   1.0312294974370924E-002   6.2893059850421713E-003  -3.4371970763132143E-003
   1.0345408729805028E-002   6.3426413479546195E-003  -3.3876106037849479E-003
   1.0378002757545808E-002   6.3959248322175387E-003  -3.3376256094387047E-003
   1.0409292503398388E-002   6.4499218818251892E-003  -3.2875729327945594E-003
   1.0440405454117493E-002   6.5037552935828837E-003  -3.2372345967796355E-003
   1.0470374115085440E-002   6.5584387688179631E-003  -3.1871187619212289E-003
   1.0499780779454992E-002   6.6137109470097407E-003  -3.1373168100423733E-003
   1.0530529334684563E-002   6.6681169933871945E-003  -3.0873717556244807E-003
   1.0560137020731747E-002   6.7228378192459555E-003  -3.0370824311536752E-003
   1.0588834789721611E-002   6.7782000380886016E-003  -2.9869679344481565E-003
   1.0617279402085428E-002   6.8345071289513115E-003  -2.9377702155704761E-003
   1.0644902514618582E-002   6.8909349094839478E-003  -2.8882437657831873E-003
   1.0672319461281736E-002   6.9463667030575157E-003  -2.8374931272727427E-003
   1.0698075983613118E-002   7.0015375251619135E-003  -2.7856011053261835E-003
   1.0722953094526210E-002   7.0570418160629820E-003  -2.7336357029543461E-003
   1.0746726139781029E-002   7.1128353938320994E-003  -2.6814636893718606E-003
   1.0772050462757329E-002   7.1676989019229861E-003  -2.6290358900385820E-003
   1.0797686934045937E-002   7.2230295825312920E-003  -2.5772547436441837E-003
   1.0823446864660274E-002   7.2777514821017021E-003  -2.5248912097545458E-003
   1.0850297402494803E-002   7.3314321228869920E-003  -2.4720004031361553E-003
   1.0877371731629755E-002   7.3845980356375398E-003  -2.4187053149658578E-003
   1.0903868624554402E-002   7.4379302985988806E-003  -2.3652863633566428E-003
   1.0930489281056215E-002   7.4916437206903174E-003  -2.3123127008095224E-003
   1.0956096983414000E-002   7.5468344797269549E-003  -2.2603682525313379E-003
   1.0982397924027252E-002   7.6018679338211307E-003  -2.2086035980682160E-003
   1.1008750435794017E-002   7.6572378187812571E-003  -2.1572253832006661E-003
   1.1036883430534987E-002   7.7120153420409676E-003  -2.1061572174508108E-003
   1.1065225239319063E-002   7.7661096174445774E-003  -2.0544798409554959E-003
   1.1092901640684456E-002   7.8198791396696839E-003  -2.0021075650458022E-003
   1.1120168663847995E-002   7.8735015338125842E-003  -1.9493709716538405E-003
   1.1146555227454093E-002   7.9271764515989763E-003  -1.8962413898081104E-003
   1.1173718716147068E-002   7.9804626142107125E-003  -1.8431120216474998E-003
   1.1200544123479284E-002   8.0338592907654646E-003  -1.7899218678904276E-003
   1.1227166923357118E-002   8.0868970847599673E-003  -1.7362728331528127E-003
   1.1254076777183800E-002   8.1395733988386312E-003  -1.6824112911953699E-003
   1.1280864236269537E-002   8.1922325934029039E-003  -1.6284720544000118E-003
   1.1307816805407742E-002   8.2444452883362381E-003  -1.5741821519207619E-003
   1.1335471908974756E-002   8.2960976777180923E-003  -1.5197099029372416E-003
   1.1361619730265747E-002   8.3486674011212444E-003  -1.4653710068578763E-003
   1.1387417085893907E-002   8.4014648365437206E-003  -1.4110853986640480E-003
   1.1412641193362376E-002   8.4544601856263168E-003  -1.3567233035903382E-003
   1.1437768740069753E-002   8.5072857732315290E-003  -1.3021516654610132E-003
   1.1462542219131755E-002   8.5596769341835469E-003  -1.2470024044500144E-003
   1.1486965555119339E-002   8.6134858664895370E-003  -1.1930756071966524E-003
   1.1510608849410941E-002   8.6681246518743021E-003  -1.1396378137624051E-003
   1.1534452900000375E-002   8.7227358807145591E-003  -1.0862610872326829E-003
   1.1558216198041730E-002   8.7779485055926882E-003  -1.0334702573713012E-003
   1.1582288093997140E-002   8.8328643214461034E-003  -9.8050992319567774E-004
   1.1605820870872301E-002   8.8876400108048939E-003  -9.2716358060217804E-004
   1.1628896796026283E-002   8.9419775397007253E-003  -8.7317344597636227E-004
   1.1651289220883449E-002   8.9964440974949090E-003  -8.1902574626168886E-004
   1.1673614875984265E-002   9.0515291708697116E-003  -7.6547950628304533E-004
   1.1696407811407411E-002   9.1060307096304718E-003  -7.1153449384121607E-004
   1.1720534979377971E-002   9.1600440133400244E-003  -6.5767873474370455E-004
   1.1744482974648286E-002   9.2136419300182498E-003  -6.0333025871621199E-004
   1.1768946350941310E-002   9.2668263663842551E-003  -5.4880541163879128E-004
   1.1793018349251842E-002   9.3195782073766543E-003  -4.9368933256521512E-004
   1.1816990787390048E-002   9.3726573431392266E-003  -4.3884475623293085E-004
   1.1840644745972687E-002   9.4258707806158127E-003  -3.8399204150252070E-004
   1.1863492564229493E-002   9.4793828666568068E-003  -3.2908818146361600E-004
   1.1886901999154216E-002   9.5326255522687336E-003  -2.7415900171663893E-004
   1.1911089429850735E-002   9.5854460451343642E-003  -2.1915933145587286E-004
   1.1936382067439463E-002   9.6376261735429576E-003  -1.6404566090703681E-004
   1.1961058579013788E-002   9.6902985990247586E-003  -1.0912130044193185E-004
   1.1986584895310333E-002   9.7429627098537183E-003  -5.4578669337656486E-005
   1.2012500000010149E-002   9.7953991113085715E-003   7.9723275711079303E-015
