   3.5527136787913781E-015   3.5421283062121374E-015   7.1340190668712602E-015
   7.4882574230056075E-005  -2.3134443712557662E-005  -1.6043615245228792E-005
   1.4970733216545723E-004  -4.6542839944119617E-005  -3.1959097645252442E-005
   2.2445403856005509E-004  -7.0126457778146918E-005  -4.7982294894227082E-005
   2.9927823481890156E-004  -9.3535274973525833E-005  -6.3899798776016691E-005
   3.7432002849070473E-004  -1.1575408270104263E-004  -8.0484544423813618E-005
   4.4938194271626123E-004  -1.3775244226430519E-004  -9.7270884421556629E-005
   5.2480353152541289E-004  -1.5818375640882075E-004  -1.1442155018906727E-004
   6.0021339391349334E-004  -1.7869793963924108E-004  -1.3152479378394067E-004
   6.7543058926244676E-004  -1.9925506176267526E-004  -1.4940713860798197E-004
   7.5070056459240113E-004  -2.1941669787046197E-004  -1.6751623155390153E-004
   8.2544728234732910E-004  -2.4066053323221681E-004  -1.8653274138785735E-004
   9.0013350811536707E-004  -2.6178101800569296E-004  -2.0592069638330891E-004
   9.7471033283577960E-004  -2.8344176744156077E-004  -2.2513290992062053E-004
   1.0490204592856873E-003  -3.0588982321490466E-004  -2.4447431361097882E-004
   1.1232865437766177E-003  -3.2800276083961124E-004  -2.6436317215660607E-004
   1.1977264844037438E-003  -3.4944159945958395E-004  -2.8433994449256043E-004
   1.2723825053326933E-003  -3.7068524921024260E-004  -3.0370966005090422E-004
   1.3469500900582432E-003  -3.9256667490630446E-004  -3.2270646284280783E-004
   1.4214606441059383E-003  -4.1355574330728694E-004  -3.4289646865133489E-004
   1.4959004782395115E-003  -4.3387529213972736E-004  -3.6401108525236422E-004
   1.5704116802921799E-003  -4.5352530765312718E-004  -3.8550428605888470E-004
   1.6448480091907902E-003  -4.7318610096713982E-004  -4.0724563222278609E-004
   1.7191274379367786E-003  -4.9327404276053430E-004  -4.2913263875501181E-004
   1.7935572660556249E-003  -5.1258525698247911E-004  -4.5120700601063428E-004
   1.8678312445850713E-003  -5.3179204470592159E-004  -4.7388905661428017E-004
   1.9415338453420258E-003  -5.5231589168438307E-004  -4.9727063790430790E-004
   2.0152773083732889E-003  -5.7290505071008280E-004  -5.2046521047203022E-004
   2.0894992480470702E-003  -5.9162212314030913E-004  -5.4371977698153653E-004
   2.1639579232744415E-003  -6.0928737531043163E-004  -5.6704025179212696E-004
   2.2382454269508022E-003  -6.2680889721400347E-004  -5.9100612504465208E-004
   2.3123091658288682E-003  -6.4335609374811960E-004  -6.1631922171434593E-004
   2.3865213615624002E-003  -6.5976649442344446E-004  -6.4128417213780054E-004
   2.4605198397283151E-003  -6.7607610257958465E-004  -6.6694000770724162E-004
   2.5347449775032864E-003  -6.9203526854446729E-004  -6.9215773855020037E-004
   2.6090609275917194E-003  -7.0754086607429550E-004  -7.1739097092465441E-004
   2.6833765115527354E-003  -7.2258027739183250E-004  -7.4290587003471276E-004
   2.7582267013491410E-003  -7.3759669682423176E-004  -7.6682147655393899E-004
   2.8335026049822218E-003  -7.5182155083455468E-004  -7.8986907641984995E-004
   2.9088494270197180E-003  -7.6619363555114825E-004  -8.1259130328591948E-004
   2.9840952145039415E-003  -7.8066205965688631E-004  -8.3558556723874872E-004
   3.0593546792625163E-003  -7.9478284745222337E-004  -8.5875054779404453E-004
   3.1344359155409561E-003  -8.0857116238916701E-004  -8.8268149672927540E-004
   3.2092870345699987E-003  -8.2162762706068648E-004  -9.0771824362507970E-004
   3.2843723253974133E-003  -8.3437801353664564E-004  -9.3220552111003227E-004
   3.3592174286959193E-003  -8.4653383515025018E-004  -9.5770937406640248E-004
   3.4346780971398743E-003  -8.5791950014046491E-004  -9.8171050189819749E-004
   3.5106118727733955E-003  -8.6890375169771359E-004  -1.0043690093783980E-003
   3.5868450542895151E-003  -8.7973596372897670E-004  -1.0260753499974429E-003
   3.6630122683422137E-003  -8.8998344798812176E-004  -1.0482912129789637E-003
   3.7396498236837729E-003  -8.9918987925677676E-004  -1.0693132664802347E-003
   3.8163888213495786E-003  -9.0719038583050567E-004  -1.0904584343503065E-003
   3.8928810059350779E-003  -9.1483579006201767E-004  -1.1126055218547172E-003
   3.9693854394300529E-003  -9.2110376262070589E-004  -1.1351395887382301E-003
   4.0457558600135776E-003  -9.2679894326503417E-004  -1.1582723315434001E-003
   4.1224655009823030E-003  -9.3155660184864118E-004  -1.1804758370592432E-003
   4.1989516213063842E-003  -9.3689697498781845E-004  -1.2033090106610151E-003
   4.2754294161228166E-003  -9.4134384896754229E-004  -1.2263605231301398E-003
   4.3523718301764318E-003  -9.4446825987635368E-004  -1.2480423809252193E-003
   4.4292629327973261E-003  -9.4577833816399885E-004  -1.2700887420831824E-003
   4.5061839684153041E-003  -9.4696150280872843E-004  -1.2920376461142598E-003
   4.5833813142134141E-003  -9.4692511100660738E-004  -1.3130273694188662E-003
   4.6610296547964112E-003  -9.4647599400763825E-004  -1.3322766165766362E-003
   4.7385155423391749E-003  -9.4636557917776554E-004  -1.3521744813357777E-003
   4.8160291330582115E-003  -9.4526025036688734E-004  -1.3719335681531318E-003
   4.8933460986813832E-003  -9.4339508968662995E-004  -1.3923934800176322E-003
   4.9708273206636854E-003  -9.4092603287453385E-004  -1.4121561721656937E-003
   5.0483567018896102E-003  -9.3749223412967111E-004  -1.4315830628474776E-003
   5.1257348212913395E-003  -9.3339562401794252E-004  -1.4514789022396395E-003
   5.2030234422082858E-003  -9.2902138332135082E-004  -1.4716614462002057E-003
   5.2803758294049166E-003  -9.2397117547706646E-004  -1.4914377857287776E-003
   5.3579132192148188E-003  -9.1749417303177503E-004  -1.5100389040685284E-003
   5.4355530841278523E-003  -9.0983904123127920E-004  -1.5277434330692380E-003
   5.5131625319883547E-003  -9.0126855898215797E-004  -1.5451595299723416E-003
   5.5908802980263409E-003  -8.9320656872082771E-004  -1.5623337303283290E-003
   5.6686085206552562E-003  -8.8373487441056713E-004  -1.5787230689761032E-003
   5.7464144776582966E-003  -8.7340786849813504E-004  -1.5942016350876367E-003
   5.8239825815370521E-003  -8.6221340874336968E-004  -1.6102600698367246E-003
   5.9013625958982156E-003  -8.5039663509905267E-004  -1.6267736166748110E-003
   5.9785929080484424E-003  -8.3792881989738527E-004  -1.6435077874676718E-003
   6.0555876051360770E-003  -8.2347200824860580E-004  -1.6597194256346029E-003
   6.1325426717033157E-003  -8.0775572678961846E-004  -1.6749153539163562E-003
   6.2096416367900835E-003  -7.9123488908041924E-004  -1.6884361344955939E-003
   6.2863267720447433E-003  -7.7336862061325976E-004  -1.7025848617753777E-003
   6.3629145035029545E-003  -7.5578602826668201E-004  -1.7175905885075139E-003
   6.4394485788798360E-003  -7.3773197614254986E-004  -1.7323074669697814E-003
   6.5155013541949355E-003  -7.1808278542806795E-004  -1.7474694151627293E-003
   6.5915145003342746E-003  -6.9743024350881790E-004  -1.7614506214411216E-003
   6.6676875329289356E-003  -6.7710850748206272E-004  -1.7750409174860076E-003
   6.7436250786656006E-003  -6.5623780318619306E-004  -1.7891087122892562E-003
   6.8191296722013598E-003  -6.3379586001596332E-004  -1.8030878231796010E-003
   6.8942390669100477E-003  -6.0965375994193917E-004  -1.8163444382175702E-003
   6.9691555133321705E-003  -5.8482615097750761E-004  -1.8294255650630443E-003
   7.0435436857448153E-003  -5.5844239235507576E-004  -1.8424753571724347E-003
   7.1171543419581264E-003  -5.2994005796399451E-004  -1.8554787505840769E-003
   7.1907502864509750E-003  -5.0101749136864833E-004  -1.8676081399765301E-003
   7.2640744034160112E-003  -4.7078534170057559E-004  -1.8780767117307312E-003
   7.3371492691254392E-003  -4.3975124691182150E-004  -1.8879229789784491E-003
   7.4099115939807543E-003  -4.0770952237822739E-004  -1.8968095963428223E-003
   7.4824393723076053E-003  -3.7491338303642148E-004  -1.9048180043680903E-003
   7.5548412303268987E-003  -3.4181752005611754E-004  -1.9127322202251787E-003
   7.6273037356211102E-003  -3.0862188311464437E-004  -1.9196049941346508E-003
   7.6998139429853606E-003  -2.7530534528904491E-004  -1.9252863787994979E-003
   7.7716141016114723E-003  -2.4026526042693162E-004  -1.9294009480778317E-003
   7.8433340420930378E-003  -2.0504036468003875E-004  -1.9333324686320050E-003
   7.9145942410567896E-003  -1.6880983370039736E-004  -1.9363874119567297E-003
   7.9855146401196057E-003  -1.3186121876563502E-004  -1.9386450279189706E-003
   8.0557002403980407E-003  -9.3559550308858056E-005  -1.9412839131888418E-003
   8.1255341376878995E-003  -5.4555985500160456E-005  -1.9426798789423628E-003
   8.1949314212150966E-003  -1.4779170807622958E-005  -1.9440297145294054E-003
   8.2638772583680450E-003   2.5788273189268449E-005  -1.9431613700195672E-003
   8.3323089637942615E-003   6.7209963556704464E-005  -1.9420015162386456E-003
   8.4004175045704239E-003   1.0917629706953102E-004  -1.9417701615758712E-003
   8.4682890221797150E-003   1.5150504395844519E-004  -1.9404532411179095E-003
   8.5356671779336958E-003   1.9460868025368553E-004  -1.9389496900696084E-003
   8.6019804446972273E-003   2.3928965828950933E-004  -1.9364675823850645E-003
   8.6685771222377080E-003   2.8355316542645658E-004  -1.9340959854086924E-003
   8.7351577495332136E-003   3.2784701923932523E-004  -1.9318433005815147E-003
   8.8017845988355870E-003   3.7204216512738225E-004  -1.9290770705055265E-003
   8.8681755264656756E-003   4.1658601546362537E-004  -1.9262327544934102E-003
   8.9338545613279231E-003   4.6219890922213810E-004  -1.9238393664335288E-003
   8.9991574879277753E-003   5.0831592814624287E-004  -1.9208816072343530E-003
   9.0627364009174052E-003   5.5673271040585111E-004  -1.9172023372557082E-003
   9.1243050274686707E-003   6.0767460377222026E-004  -1.9134303718158488E-003
   9.1856278531220505E-003   6.5893184159182593E-004  -1.9099365746373192E-003
   9.2456325130370210E-003   7.1162278979559402E-004  -1.9051298327010832E-003
   9.3049022070935319E-003   7.6509582159399047E-004  -1.8998631221351094E-003
   9.3633380446872042E-003   8.1933945767217130E-004  -1.8933147769857580E-003
   9.4210193907367235E-003   8.7439533755501186E-004  -1.8868562623892385E-003
   9.4781195420389989E-003   9.3002958264184761E-004  -1.8801926674305055E-003
   9.5348747703560346E-003   9.8618823008701003E-004  -1.8751876321890532E-003
   9.5906050517898054E-003   1.0433624267516400E-003  -1.8701629962387671E-003
   9.6459776033242395E-003   1.1008428482775397E-003  -1.8646965826555546E-003
   9.7004370975047709E-003   1.1591976333300779E-003  -1.8593223331948533E-003
   9.7540344091610505E-003   1.2183903977902230E-003  -1.8544700326950177E-003
   9.8071306170390091E-003   1.2780332012231450E-003  -1.8496193927484807E-003
   9.8585619533277120E-003   1.3390352399152790E-003  -1.8438255231869333E-003
   9.9092741157088982E-003   1.4005768933409686E-003  -1.8374300969213927E-003
   9.9589119615329982E-003   1.4627900082188751E-003  -1.8293299364075400E-003
   1.0007953253323109E-002   1.5254491582989194E-003  -1.8210364083979765E-003
   1.0055502548800395E-002   1.5891857933291885E-003  -1.8122782201548519E-003
   1.0101443289944126E-002   1.6540855552329712E-003  -1.8034765609794331E-003
   1.0146831826770807E-002   1.7191955084269568E-003  -1.7934478662210663E-003
   1.0192416545080223E-002   1.7842128748431173E-003  -1.7837125939580095E-003
   1.0235799055887142E-002   1.8507908540791145E-003  -1.7744751464038987E-003
   1.0279291495779625E-002   1.9173150531481601E-003  -1.7653680826921823E-003
   1.0322750596546807E-002   1.9838821377345067E-003  -1.7564165570726660E-003
   1.0365437725354894E-002   2.0508771879065887E-003  -1.7469575779144311E-003
   1.0408119815603984E-002   2.1179141751897453E-003  -1.7377770817811069E-003
   1.0450266005793294E-002   2.1852521809899326E-003  -1.7283276571846457E-003
   1.0491017676334067E-002   2.2534172116262042E-003  -1.7186928272751578E-003
   1.0531941920062829E-002   2.3215981580500832E-003  -1.7099426945979446E-003
   1.0572481680739817E-002   2.3898214235546101E-003  -1.6998375546993225E-003
   1.0612680170338213E-002   2.4582686297574372E-003  -1.6898845957735271E-003
   1.0651279574295711E-002   2.5275454677626198E-003  -1.6793581654225337E-003
   1.0689487796549872E-002   2.5971100576562350E-003  -1.6693132872661824E-003
   1.0726204026512547E-002   2.6675612027855641E-003  -1.6599029409807965E-003
   1.0761469005773530E-002   2.7386187596976216E-003  -1.6495489642760677E-003
   1.0796346847555500E-002   2.8098155338697811E-003  -1.6388459032944881E-003
   1.0831628091003135E-002   2.8808818757496786E-003  -1.6286082817082664E-003
   1.0865638839227669E-002   2.9527428985359218E-003  -1.6197053372952711E-003
   1.0898812401786728E-002   3.0250250240945495E-003  -1.6110561133239403E-003
   1.0931677012416714E-002   3.0974025943274414E-003  -1.6020336587245225E-003
   1.0964057770324637E-002   3.1700845387663623E-003  -1.5937377876464676E-003
   1.0994730349039942E-002   3.2434710891683757E-003  -1.5851583274750045E-003
   1.1023792782501521E-002   3.3175277102178379E-003  -1.5767326626171514E-003
   1.1052023087047384E-002   3.3919766307759160E-003  -1.5689603952811779E-003
   1.1081476303233775E-002   3.4660291827707758E-003  -1.5619798798478487E-003
   1.1109746451528933E-002   3.5404566547363688E-003  -1.5541472468811259E-003
   1.1137560019057146E-002   3.6150480818310715E-003  -1.5462400058327654E-003
   1.1164755826877750E-002   3.6898814821808581E-003  -1.5384714652440015E-003
   1.1190886300327180E-002   3.7650297622441966E-003  -1.5301087878270337E-003
   1.1215827729710059E-002   3.8405305465891082E-003  -1.5213021619570222E-003
   1.1239790823505085E-002   3.9160633156537358E-003  -1.5103216824108360E-003
   1.1263213902853708E-002   3.9917748682885106E-003  -1.4994074647107602E-003
   1.1287327727022584E-002   4.0670727404848329E-003  -1.4872109928796573E-003
   1.1310194974098308E-002   4.1427148301798420E-003  -1.4747465118533588E-003
   1.1331647944871797E-002   4.2183348612343102E-003  -1.4598676358667864E-003
   1.1352130659119289E-002   4.2941078309984204E-003  -1.4444107452359887E-003
   1.1372226189894424E-002   4.3697658724741835E-003  -1.4279174012531586E-003
   1.1391874375127528E-002   4.4456487637919689E-003  -1.4119256649878338E-003
   1.1411532225926301E-002   4.5215067905548263E-003  -1.3958281908429233E-003
   1.1431144125453740E-002   4.5969267194365306E-003  -1.3777393065800008E-003
   1.1451719547473671E-002   4.6719671074774991E-003  -1.3591491972283825E-003
   1.1472501621441887E-002   4.7469848326722628E-003  -1.3406980099845644E-003
   1.1493209103003362E-002   4.8216671344987715E-003  -1.3208547742656004E-003
   1.1514668195928295E-002   4.8957817260074253E-003  -1.2997234077659664E-003
   1.1535981628987590E-002   4.9697306373659988E-003  -1.2778763008766839E-003
   1.1557298357469919E-002   5.0437954749267700E-003  -1.2564287619739256E-003
   1.1578434513126153E-002   5.1180741880975074E-003  -1.2355496889463421E-003
   1.1599113947758829E-002   5.1927504214544576E-003  -1.2156544341742914E-003
   1.1619127624141471E-002   5.2677032645951265E-003  -1.1961217931577134E-003
   1.1638529941645733E-002   5.3428778069550160E-003  -1.1768257249469838E-003
   1.1658377351254207E-002   5.4181702457524747E-003  -1.1584646519050895E-003
   1.1678508870658329E-002   5.4933873892146724E-003  -1.1401042800118992E-003
   1.1697952708342715E-002   5.5686889867152724E-003  -1.1213531044027534E-003
   1.1716336871109592E-002   5.6441942527618531E-003  -1.1023537004916685E-003
   1.1734006886717430E-002   5.7200472642599991E-003  -1.0840755384561329E-003
   1.1751054292837734E-002   5.7959879915119809E-003  -1.0655717041229684E-003
   1.1768462138564717E-002   5.8717385549556340E-003  -1.0466291846347067E-003
   1.1785772084145387E-002   5.9476523031624763E-003  -1.0282588656557634E-003
   1.1801769456747855E-002   6.0238293957371606E-003  -1.0097890352852245E-003
   1.1817889703291893E-002   6.1002501600131882E-003  -9.9246839911260910E-004
   1.1833580734772770E-002   6.1764100113756637E-003  -9.7366763926683576E-004
   1.1848968409800497E-002   6.2524784378810722E-003  -9.5425594309903516E-004
   1.1863049244412499E-002   6.3287009547549787E-003  -9.3446053914137599E-004
   1.1876154140451222E-002   6.4050776833745630E-003  -9.1458952951981357E-004
   1.1887739671500431E-002   6.4815987571949559E-003  -8.9433364838099536E-004
   1.1899799111091599E-002   6.5581154521444788E-003  -8.7433951622311386E-004
   1.1912377780567538E-002   6.6344359154273452E-003  -8.5391982090529488E-004
   1.1923939530579769E-002   6.7110086773398726E-003  -8.3384650354917194E-004
   1.1935119954300371E-002   6.7876129432729001E-003  -8.1367760256565640E-004
   1.1945414545544385E-002   6.8644678687903140E-003  -7.9399660124809584E-004
   1.1954828554472280E-002   6.9413793581858041E-003  -7.7409687181050773E-004
   1.1963818431891846E-002   7.0182450094023689E-003  -7.5382734405425133E-004
   1.1972203479277346E-002   7.0950089246359267E-003  -7.3292298317541196E-004
   1.1979906343399627E-002   7.1717334191867153E-003  -7.1161528913688920E-004
   1.1986523185309458E-002   7.2482264063515279E-003  -6.8914218698988507E-004
   1.1991967097596820E-002   7.3251069463039697E-003  -6.6770048955264757E-004
   1.1997166716644544E-002   7.4019461194656574E-003  -6.4605088379300960E-004
   1.2001156354717574E-002   7.4785097618457622E-003  -6.2320156310186395E-004
   1.2004993312398238E-002   7.5548612785396119E-003  -5.9962777128108201E-004
   1.2007013488280951E-002   7.6314068759180762E-003  -5.7646119184290127E-004
   1.2008485687302351E-002   7.7081922695208249E-003  -5.5405949629679443E-004
   1.2009407914569274E-002   7.7847913385298189E-003  -5.3100017875567194E-004
   1.2011242033653795E-002   7.8614910577727969E-003  -5.0833326282166962E-004
   1.2012951393130876E-002   7.9386109715416774E-003  -4.8712956059829239E-004
   1.2015172505939822E-002   8.0160721735552283E-003  -4.6725926011480061E-004
   1.2016443441276305E-002   8.0933908738630538E-003  -4.4676039905489209E-004
   1.2017803110814558E-002   8.1707107477634790E-003  -4.2627166070439867E-004
   1.2019529661144409E-002   8.2480121860564245E-003  -4.0574103332158252E-004
   1.2021161444523431E-002   8.3251879508760233E-003  -3.8473535302520931E-004
   1.2022054587396067E-002   8.4024040748248811E-003  -3.6383385786669010E-004
   1.2021846749715974E-002   8.4794457572525943E-003  -3.4228076127970516E-004
   1.2021824162618414E-002   8.5567916760210146E-003  -3.2184529346390066E-004
   1.2021975737445843E-002   8.6339227289979146E-003  -3.0061376772765898E-004
   1.2022584684136058E-002   8.7109857835937794E-003  -2.7914484133294141E-004
   1.2022210109000064E-002   8.7881405445247082E-003  -2.5800240630416974E-004
   1.2021757753951734E-002   8.8655668830132286E-003  -2.3787885087711577E-004
   1.2020994775172827E-002   8.9433113500382647E-003  -2.1903168380594065E-004
   1.2019085091111877E-002   9.0210747681831790E-003  -2.0034468551086395E-004
   1.2016929965436789E-002   9.0989174330445514E-003  -1.8201779369157517E-004
   1.2014357094044831E-002   9.1766117908050875E-003  -1.6312422066752281E-004
   1.2012474958921335E-002   9.2540079306832196E-003  -1.4296745759959824E-004
   1.2011263573605600E-002   9.3314375228995203E-003  -1.2288784621119147E-004
   1.2010217152260767E-002   9.4088420604367170E-003  -1.0270263941537597E-004
   1.2009720799281198E-002   9.4862421634394987E-003  -8.2479442637149991E-005
   1.2009106698229417E-002   9.5635927420888965E-003  -6.2070844919075765E-005
   1.2010008202598539E-002   9.6409747468180953E-003  -4.1792466382796188E-005
   1.2011083257494426E-002   9.7182448474838878E-003  -2.1100057124686327E-005
   1.2012500000010164E-002   9.7953991113085247E-003   7.9731302781308440E-015
