   3.5527136787913245E-015   3.5421283062121110E-015   7.1340190668712334E-015
   7.6039620835715175E-005  -2.2629480489775066E-005  -1.0289930775469237E-005
   1.5183139101199159E-004  -4.6063380296231574E-005  -2.0607871832574797E-005
   2.2759208994614459E-004  -6.9273936323972700E-005  -3.1634502458118463E-005
   3.0360474696141293E-004  -9.2506464353369109E-005  -4.0707848750265567E-005
   3.7958931643318949E-004  -1.1518683333238079E-004  -5.1288305625107329E-005
   4.5567061498471531E-004  -1.3749260860798981E-004  -6.1969522843509917E-005
   5.3165448446091713E-004  -1.6081683659323356E-004  -7.1048727696099845E-005
   6.0774616467062299E-004  -1.8366566023837917E-004  -8.0428890880344657E-005
   6.8396984108758129E-004  -2.0627357778086269E-004  -8.9307698257494092E-005
   7.6003253674268849E-004  -2.2973955367228794E-004  -9.7296084150927625E-005
   8.3578338016909021E-004  -2.5382886546422627E-004  -1.0632463773681344E-004
   9.1191624603604671E-004  -2.7679688875090078E-004  -1.1505714233925623E-004
   9.8815262842475013E-004  -2.9936619543498744E-004  -1.2392508441090607E-004
   1.0641181614396340E-003  -3.2274053431179507E-004  -1.3302882394795011E-004
   1.1398828758683326E-003  -3.4648391775982075E-004  -1.4282473126825583E-004
   1.2160496911895471E-003  -3.6922304518840593E-004  -1.5185514225097053E-004
   1.2922430764827487E-003  -3.9145832871924905E-004  -1.6186314906300144E-004
   1.3686360120533211E-003  -4.1327458134918856E-004  -1.7125306464853924E-004
   1.4450275239028360E-003  -4.3493806854855892E-004  -1.8100140969267087E-004
   1.5216261068305796E-003  -4.5603136921473395E-004  -1.9036782657745298E-004
   1.5982461509852902E-003  -4.7690138082461572E-004  -2.0005345877452342E-004
   1.6748310258637438E-003  -4.9772141327620819E-004  -2.1011741302805198E-004
   1.7515077147646138E-003  -5.1782453176240782E-004  -2.2091324563144324E-004
   1.8284521717908825E-003  -5.3698944852620574E-004  -2.3150836227265437E-004
   1.9056624524477486E-003  -5.5432957098691064E-004  -2.4325113514617208E-004
   1.9826388712084826E-003  -5.7240745951977893E-004  -2.5540929692029034E-004
   2.0595632502009285E-003  -5.9121074537672898E-004  -2.6677047482678536E-004
   2.1363910601701593E-003  -6.1044655325422363E-004  -2.7806079384305526E-004
   2.2130882992609925E-003  -6.2954766294629654E-004  -2.9041721406165562E-004
   2.2897171526775283E-003  -6.4914289738892122E-004  -3.0241911492187969E-004
   2.3663996420463670E-003  -6.6871868353207665E-004  -3.1410604838763822E-004
   2.4434228423416047E-003  -6.8649655762576716E-004  -3.2640945460479250E-004
   2.5202526837941460E-003  -7.0522432457375400E-004  -3.3851095018773268E-004
   2.5972739410154914E-003  -7.2341061594869359E-004  -3.5021499850320715E-004
   2.6742122990540385E-003  -7.4147617112176587E-004  -3.6262969894171229E-004
   2.7513199014415194E-003  -7.5934859254300270E-004  -3.7424839918954561E-004
   2.8286440946397812E-003  -7.7722938551107927E-004  -3.8431052567434337E-004
   2.9059940537542162E-003  -7.9564804489522885E-004  -3.9312737377590710E-004
   2.9836085396305980E-003  -8.1317212530332200E-004  -4.0142786725513028E-004
   3.0615164153220734E-003  -8.2949221958875498E-004  -4.0942895672438844E-004
   3.1395033135161810E-003  -8.4536996708520337E-004  -4.1754935402660948E-004
   3.2175489960238578E-003  -8.6082301008218631E-004  -4.2592042868064929E-004
   3.2957095304613146E-003  -8.7560425159268190E-004  -4.3443193504681183E-004
   3.3737959698323088E-003  -8.9016509646375717E-004  -4.4394454749197416E-004
   3.4518104510655964E-003  -9.0461230194395406E-004  -4.5419242406412140E-004
   3.5299622717672265E-003  -9.1920979558984708E-004  -4.6309220421640970E-004
   3.6082660876534073E-003  -9.3296459752340510E-004  -4.7199826209153853E-004
   3.6868047880546269E-003  -9.4584049263338719E-004  -4.8011514998144581E-004
   3.7655339183403141E-003  -9.5789566764945629E-004  -4.8762493013992318E-004
   3.8443303503037586E-003  -9.6876774762928199E-004  -4.9616426182329167E-004
   3.9232157263038156E-003  -9.7955404801555192E-004  -5.0395869379188721E-004
   4.0022360032993167E-003  -9.8944153920895068E-004  -5.1157665512846322E-004
   4.0814116361023020E-003  -9.9807049323401742E-004  -5.1911059947403740E-004
   4.1607825763186300E-003  -1.0050357732555729E-003  -5.2630356379455335E-004
   4.2401098819644647E-003  -1.0119627175539259E-003  -5.3399745823237612E-004
   4.3196213175575298E-003  -1.0169793017814623E-003  -5.4126144452407870E-004
   4.3990225076671365E-003  -1.0209145448419154E-003  -5.5020375331694645E-004
   4.4783508633997604E-003  -1.0241683208215913E-003  -5.6002337143344139E-004
   4.5577519611712247E-003  -1.0270320696426816E-003  -5.6936492500140158E-004
   4.6371803960199307E-003  -1.0283839755731142E-003  -5.7881458505396608E-004
   4.7164732808151096E-003  -1.0284535521727666E-003  -5.8942748225510142E-004
   4.7959150284099398E-003  -1.0285696646541362E-003  -5.9886121293454371E-004
   4.8752929666247341E-003  -1.0287164548181428E-003  -6.0881718395986004E-004
   4.9545917374649211E-003  -1.0269290163297980E-003  -6.1923399809251560E-004
   5.0338371155511383E-003  -1.0248710735551326E-003  -6.3000130576665563E-004
   5.1132147461187480E-003  -1.0217366058746873E-003  -6.3945471151153157E-004
   5.1925884947038670E-003  -1.0178680837374123E-003  -6.4866571475427203E-004
   5.2720675949138110E-003  -1.0137589075846401E-003  -6.5680127268350126E-004
   5.3514568521292891E-003  -1.0097295073547377E-003  -6.6580736829664278E-004
   5.4308797983221458E-003  -1.0052356755562565E-003  -6.7428092146249331E-004
   5.5102746790009942E-003  -1.0004156303669261E-003  -6.8283779408297401E-004
   5.5896199980182346E-003  -9.9489782660060395E-004  -6.9143280457558873E-004
   5.6688276186392895E-003  -9.8798285928444166E-004  -7.0028357048402840E-004
   5.7479040228265452E-003  -9.8013478397590342E-004  -7.0952099531754762E-004
   5.8270521548275250E-003  -9.7160660933396639E-004  -7.1744838110623433E-004
   5.9061481164955571E-003  -9.6255385526681277E-004  -7.2531454260490297E-004
   5.9851955343745451E-003  -9.5320958968343338E-004  -7.3332643517342547E-004
   6.0641730166453214E-003  -9.4292768831253358E-004  -7.4086565194078971E-004
   6.1430710385953118E-003  -9.3195128433263023E-004  -7.4825623316869408E-004
   6.2220168416308305E-003  -9.2083314585495965E-004  -7.5488549968874650E-004
   6.3008889317209193E-003  -9.0878070263967592E-004  -7.6071062003036608E-004
   6.3795910710817286E-003  -8.9550911292349570E-004  -7.6617305263798846E-004
   6.4582211149369802E-003  -8.8164421808639834E-004  -7.7118113571126386E-004
   6.5367959743724115E-003  -8.6766449658096665E-004  -7.7670914164719809E-004
   6.6147771475167164E-003  -8.5078026923440277E-004  -7.8252803377066411E-004
   6.6926383399123993E-003  -8.3384433058899664E-004  -7.8965605613129115E-004
   6.7702875539233679E-003  -8.1647075258262146E-004  -7.9794812182460806E-004
   6.8476569888525768E-003  -7.9817119871412878E-004  -8.0684176356287719E-004
   6.9246966150846717E-003  -7.7830603558795390E-004  -8.1522456052558767E-004
   7.0014620752517588E-003  -7.5728058544711260E-004  -8.2328648158802001E-004
   7.0780553039457078E-003  -7.3567126169548724E-004  -8.3144212117304669E-004
   7.1547828874580690E-003  -7.1432909902016607E-004  -8.3901774072789423E-004
   7.2307615456344947E-003  -6.9054828692191833E-004  -8.4687372352326175E-004
   7.3061701060007731E-003  -6.6494376580660756E-004  -8.5448670822404322E-004
   7.3813750457055469E-003  -6.3895216795494447E-004  -8.6277247170344230E-004
   7.4567264769460012E-003  -6.1314437520619959E-004  -8.7026377601514063E-004
   7.5315302885652696E-003  -5.8550150712081690E-004  -8.7660898112059803E-004
   7.6062473293947363E-003  -5.5737168702931590E-004  -8.8171554834947188E-004
   7.6801587748245659E-003  -5.2711091250094103E-004  -8.8633980431779269E-004
   7.7536148790815860E-003  -4.9605566421372788E-004  -8.9264633307054757E-004
   7.8270592518744977E-003  -4.6500475653213114E-004  -8.9910893656069035E-004
   7.8998915199292481E-003  -4.3258961420931057E-004  -9.0579618372349611E-004
   7.9726400269540410E-003  -3.9999423835177981E-004  -9.1251899597365497E-004
   8.0445109341166377E-003  -3.6549183336947316E-004  -9.1916405060783247E-004
   8.1159084926976932E-003  -3.2983112716008871E-004  -9.2470504974290723E-004
   8.1868643858768048E-003  -2.9333076898004030E-004  -9.3044831140295773E-004
   8.2568148956651700E-003  -2.5487093524447147E-004  -9.3571778744981670E-004
   8.3261871800849319E-003  -2.1526741998028942E-004  -9.4008215820351416E-004
   8.3953940465174900E-003  -1.7541210851443795E-004  -9.4476871244851296E-004
   8.4646527208648188E-003  -1.3578844292356758E-004  -9.5053075619935215E-004
   8.5336880761730585E-003  -9.5714599243192338E-005  -9.5584176093857303E-004
   8.6013357615478160E-003  -5.3344659390123161E-005  -9.6118768091548715E-004
   8.6681027564645043E-003  -9.6110778394539613E-006  -9.6662295733971595E-004
   8.7341063963064895E-003   3.5364629909669905E-005  -9.7117325848443588E-004
   8.8001388418867364E-003   8.0320108672108222E-005  -9.7550004315687317E-004
   8.8645806077403584E-003   1.2753413945477997E-004  -9.7975375996305005E-004
   8.9289600910050920E-003   1.7488452603399679E-004  -9.8339010852933765E-004
   8.9939354865669098E-003   2.2146098755004940E-004  -9.8636184221403034E-004
   9.0583457320272485E-003   2.6887392412613937E-004  -9.8818769349224493E-004
   9.1210228233270171E-003   3.1858103600805848E-004  -9.8907384159387817E-004
   9.1832249998490562E-003   3.6887045580367360E-004  -9.9043893829502670E-004
   9.2449963811091131E-003   4.1966366397568869E-004  -9.9252375716128152E-004
   9.3065850079391017E-003   4.7067001066994335E-004  -9.9480271316095058E-004
   9.3678778673572313E-003   5.2198203880379161E-004  -9.9800601567787703E-004
   9.4285378226993399E-003   5.7404250950269034E-004  -1.0011804779285040E-003
   9.4879446840636355E-003   6.2748840685524041E-004  -1.0049700534333370E-003
   9.5463714337162501E-003   6.8201415484000604E-004  -1.0086111694956733E-003
   9.6048258782109510E-003   7.3641919576792161E-004  -1.0134246342490194E-003
   9.6623393827646523E-003   7.9196675147807623E-004  -1.0160064652969113E-003
   9.7196013109030373E-003   8.4769306150789313E-004  -1.0199624681106688E-003
   9.7758743614594929E-003   9.0441017544067655E-004  -1.0240260585908515E-003
   9.8315372130603294E-003   9.6178765895432576E-004  -1.0271036123248327E-003
   9.8874037058953208E-003   1.0189391048813694E-003  -1.0306599037863901E-003
   9.9428084376577755E-003   1.0766125851336182E-003  -1.0326811349030880E-003
   9.9971139485429284E-003   1.1353118346301007E-003  -1.0349853910305608E-003
   1.0050357088868965E-002   1.1949677792246218E-003  -1.0375025887389882E-003
   1.0101692389089475E-002   1.2562933742881238E-003  -1.0394668540611395E-003
   1.0151855085172464E-002   1.3185712345643204E-003  -1.0417410665286230E-003
   1.0200890621699025E-002   1.3817623545573767E-003  -1.0432897781249620E-003
   1.0248555134195377E-002   1.4460117435127705E-003  -1.0436218534421336E-003
   1.0296236213072834E-002   1.5102166209267837E-003  -1.0456830253421203E-003
   1.0341872491777974E-002   1.5758717051190443E-003  -1.0482791733344358E-003
   1.0387239418475880E-002   1.6417418645599130E-003  -1.0500008185538772E-003
   1.0432471644304955E-002   1.7076923440482990E-003  -1.0521409125192243E-003
   1.0476449688067347E-002   1.7744931510899464E-003  -1.0540340169546106E-003
   1.0518904349221148E-002   1.8422872410930682E-003  -1.0552842600197239E-003
   1.0560201686741507E-002   1.9107706686141814E-003  -1.0574173490424965E-003
   1.0600419183538190E-002   1.9799009692443347E-003  -1.0593026839071048E-003
   1.0639910336484169E-002   2.0494545074338753E-003  -1.0609622507591842E-003
   1.0678563985431714E-002   2.1194481616352463E-003  -1.0635668227964496E-003
   1.0716875367603081E-002   2.1896366108424040E-003  -1.0659792066571717E-003
   1.0754368775413817E-002   2.2602636582832280E-003  -1.0684418362982930E-003
   1.0791636728353484E-002   2.3310182433256528E-003  -1.0706528029459786E-003
   1.0829224442500002E-002   2.4016362788351628E-003  -1.0711595690201553E-003
   1.0866448360914152E-002   2.4724423879057865E-003  -1.0702242572051583E-003
   1.0903801612558774E-002   2.5431861486755877E-003  -1.0699899205528624E-003
   1.0940337282534981E-002   2.6143557644619183E-003  -1.0698149966349882E-003
   1.0976279325273026E-002   2.6858128979894125E-003  -1.0712459564798543E-003
   1.1011400922034564E-002   2.7576629162946935E-003  -1.0732579936608829E-003
   1.1046578096434072E-002   2.8294897961373827E-003  -1.0751196443325986E-003
   1.1080987557179246E-002   2.9017101143557033E-003  -1.0755829489622569E-003
   1.1114640857970677E-002   2.9742872151040560E-003  -1.0754422917031773E-003
   1.1147668758857972E-002   3.0471487692965691E-003  -1.0748492565522429E-003
   1.1179605177403323E-002   3.1204931316044463E-003  -1.0740309107063163E-003
   1.1211324451886148E-002   3.1939362209725086E-003  -1.0740463579797408E-003
   1.1241556318857268E-002   3.2679987131209892E-003  -1.0731623428419763E-003
   1.1270216523151813E-002   3.3426886074358784E-003  -1.0730511068537322E-003
   1.1297277211206045E-002   3.4179720278122213E-003  -1.0726964444117070E-003
   1.1323617580825830E-002   3.4935087260472980E-003  -1.0720702305918066E-003
   1.1348843780079103E-002   3.5694186728269309E-003  -1.0709218208438673E-003
   1.1373143840021794E-002   3.6456317858452963E-003  -1.0698881363736506E-003
   1.1395266916902666E-002   3.7224901932880381E-003  -1.0680565604783317E-003
   1.1416406440346189E-002   3.7996194090819928E-003  -1.0660060440947487E-003
   1.1437275588196821E-002   3.8768061621740992E-003  -1.0634207372166469E-003
   1.1458415340793584E-002   3.9539328698139694E-003  -1.0612802168994012E-003
   1.1478785144553158E-002   4.0312237462624525E-003  -1.0579348436593784E-003
   1.1498143888871810E-002   4.1087629675065586E-003  -1.0543420467629412E-003
   1.1517950807142531E-002   4.1861533730989855E-003  -1.0500512299798351E-003
   1.1537429717218103E-002   4.2636148551029457E-003  -1.0455466921732879E-003
   1.1556659909294777E-002   4.3411137618186817E-003  -1.0406355642964618E-003
   1.1575534306660773E-002   4.4186538395718554E-003  -1.0350415083163033E-003
   1.1594439371251795E-002   4.4962127017948482E-003  -1.0298240919993900E-003
   1.1612727739314878E-002   4.5738447207489333E-003  -1.0235947083221764E-003
   1.1630210685504150E-002   4.6516062478744640E-003  -1.0167033010504342E-003
   1.1647328481461819E-002   4.7294302294185360E-003  -1.0096033742375435E-003
   1.1664631633181826E-002   4.8071451036093187E-003  -1.0017931716900337E-003
   1.1681796474251287E-002   4.8848568090941267E-003  -9.9365320479764341E-004
   1.1698774264973103E-002   4.9626979344368286E-003  -9.8640656222010424E-004
   1.1715990742145401E-002   5.0404888164819099E-003  -9.7918357245082850E-004
   1.1732021974533435E-002   5.1184905093552419E-003  -9.7151966323122494E-004
   1.1746755660391099E-002   5.1966877341588710E-003  -9.6326663128001411E-004
   1.1761382339491352E-002   5.2748381971537538E-003  -9.5440291963582629E-004
   1.1775183577684745E-002   5.3531067403563386E-003  -9.4526175008726712E-004
   1.1787454162560069E-002   5.4315952308547216E-003  -9.3582831983352900E-004
   1.1797690722324313E-002   5.5101277272088670E-003  -9.2452080652004331E-004
   1.1806978581346220E-002   5.5887642290071548E-003  -9.1311746270836996E-004
   1.1816102358890987E-002   5.6674356447437560E-003  -9.0182299319386367E-004
   1.1825939721751838E-002   5.7461406122717188E-003  -8.9139445665330317E-004
   1.1835059216167456E-002   5.8249380367418552E-003  -8.8101174419680597E-004
   1.1843360314890897E-002   5.9038307285401385E-003  -8.7066597486469034E-004
   1.1850567975903446E-002   5.9827224822362616E-003  -8.5952412499048700E-004
   1.1859017837568842E-002   6.0615557616409028E-003  -8.4885107974702612E-004
   1.1866803343595743E-002   6.1405543601309089E-003  -8.3892095730211599E-004
   1.1873536758459084E-002   6.2196270754336430E-003  -8.2881319687642908E-004
   1.1880896589327063E-002   6.2986965775925696E-003  -8.1912574531401588E-004
   1.1888695775665320E-002   6.3775885478479797E-003  -8.0839123461919700E-004
   1.1896370605056985E-002   6.4565036745811944E-003  -7.9773760821735969E-004
   1.1903820613128316E-002   6.5355364362320633E-003  -7.8782196524302826E-004
   1.1911171078946939E-002   6.6143822937442375E-003  -7.7645088773182916E-004
   1.1917787091771260E-002   6.6932839305088023E-003  -7.6501584990207707E-004
   1.1923124928295557E-002   6.7722031965590443E-003  -7.5304685044955209E-004
   1.1926566266060087E-002   6.8510665959192404E-003  -7.4005756895413209E-004
   1.1930671130491210E-002   6.9297748448807327E-003  -7.2634036697172342E-004
   1.1935712223010339E-002   7.0083247169829286E-003  -7.1203984364687938E-004
   1.1940824370255012E-002   7.0867889119568253E-003  -6.9730091346055414E-004
   1.1945553919098252E-002   7.1651912901476589E-003  -6.8211215226086355E-004
   1.1950695286825441E-002   7.2434612710590993E-003  -6.6638394739328903E-004
   1.1954690670282878E-002   7.3220207811756565E-003  -6.5180861636445527E-004
   1.1957931157441769E-002   7.4004914387782892E-003  -6.3658182621222255E-004
   1.1961498729011059E-002   7.4787542147966204E-003  -6.2038891648379015E-004
   1.1965103664891378E-002   7.5568542328585744E-003  -6.0343628770322740E-004
   1.1968412434153315E-002   7.6348204864466335E-003  -5.8582051809569398E-004
   1.1970846487551508E-002   7.7129027977117359E-003  -5.6858021486082310E-004
   1.1972921759607113E-002   7.7908214624786898E-003  -5.5056980319237935E-004
   1.1975681824376798E-002   7.8683119436554882E-003  -5.3088205643820252E-004
   1.1978221290487513E-002   7.9458560256376095E-003  -5.1137650700027186E-004
   1.1980414223772377E-002   8.0232812857691845E-003  -4.9136350777478487E-004
   1.1981729959563600E-002   8.1008232003993066E-003  -4.7172883656715667E-004
   1.1982034276926897E-002   8.1781945301828019E-003  -4.5139205415377750E-004
   1.1982340566957198E-002   8.2554924868446043E-003  -4.3077817336283460E-004
   1.1983134312464514E-002   8.3329254957984523E-003  -4.1069088659617409E-004
   1.1983401894963623E-002   8.4102768975705035E-003  -3.9027792392003831E-004
   1.1982982031869817E-002   8.4875865979930267E-003  -3.6971013512518663E-004
   1.1982370939904133E-002   8.5652331055583990E-003  -3.5045795512978422E-004
   1.1982715414805032E-002   8.6428381145901428E-003  -3.3103261334146874E-004
   1.1983790499042175E-002   8.7206093066069558E-003  -3.1231134504992772E-004
   1.1985749836985488E-002   8.7980350343617071E-003  -2.9227593449112390E-004
   1.1987576333633549E-002   8.8755396736373924E-003  -2.7253524553326144E-004
   1.1990732873858967E-002   8.9529063467933684E-003  -2.5242469768380819E-004
   1.1993777132875290E-002   9.0299372486226121E-003  -2.3104777904425436E-004
   1.1996579611517568E-002   9.1071667750511724E-003  -2.1036574906074345E-004
   1.1999348853384899E-002   9.1840866495759531E-003  -1.8855602189009115E-004
   1.2000448976224643E-002   9.2608324386121831E-003  -1.6599779516588000E-004
   1.2002203187091798E-002   9.3377418769270259E-003  -1.4404646169752664E-004
   1.2003977710808342E-002   9.4145984929472331E-003  -1.2191251397353538E-004
   1.2005867763315281E-002   9.4912106404520455E-003  -9.8955890631902230E-005
   1.2008376481043539E-002   9.5677586736297813E-003  -7.5845179905162765E-005
   1.2009511995302318E-002   9.6440427729564317E-003  -5.1773478690092516E-005
   1.2010685806779503E-002   9.7199199366027646E-003  -2.6450007276164499E-005
   1.2012500000010107E-002   9.7953991113084882E-003   7.9734869790931143E-015
