   3.5527136787912740E-015   3.5421283062121110E-015   7.1340190668711876E-015
   7.4629474848202147E-005  -2.4391667324509132E-005  -1.5345619842739848E-005
   1.4916476388977551E-004  -4.8824442167870242E-005  -3.1078712202267562E-005
   2.2395830920406715E-004  -7.2543636330908864E-005  -4.6677603337112814E-005
   2.9876630315835482E-004  -9.6496470358189591E-005  -6.1844204165625066E-005
   3.7387300496083604E-004  -1.1980248345112798E-004  -7.6534782798970836E-005
   4.4871393710911204E-004  -1.4451630349810848E-004  -9.0248351811559533E-005
   5.2368383442885505E-004  -1.6888074517946669E-004  -1.0388244400215528E-004
   5.9864483752288336E-004  -1.9361690197973385E-004  -1.1688131173564978E-004
   6.7383841608216011E-004  -2.1855141127992791E-004  -1.2802563728617081E-004
   7.4893712013688555E-004  -2.4379887380696948E-004  -1.3910491024469868E-004
   8.2424158279955511E-004  -2.6869362012483362E-004  -1.4956863382311261E-004
   8.9963871993922035E-004  -2.9399545468782268E-004  -1.5823401750434245E-004
   9.7524218350666578E-004  -3.1877136673312231E-004  -1.6661676642287728E-004
   1.0511432494904509E-003  -3.4271104435308549E-004  -1.7473588064160340E-004
   1.1265934333937932E-003  -3.6791350059679881E-004  -1.8322740338484021E-004
   1.2023695133637933E-003  -3.9269713320795537E-004  -1.8984232998144326E-004
   1.2781850739387644E-003  -4.1737643213145829E-004  -1.9639465596720502E-004
   1.3539274200996562E-003  -4.4215835012026595E-004  -2.0339133642601579E-004
   1.4300004126546917E-003  -4.6587518645960246E-004  -2.1049143988810187E-004
   1.5060888295802661E-003  -4.8930827266992400E-004  -2.1833001662172210E-004
   1.5820877334720897E-003  -5.1291872781141152E-004  -2.2649782154005233E-004
   1.6585537398940838E-003  -5.3515123915791145E-004  -2.3415714838674731E-004
   1.7355394659161335E-003  -5.5599360437261149E-004  -2.4038561500314265E-004
   1.8122033734982157E-003  -5.7787968165462164E-004  -2.4699204321561476E-004
   1.8889092814053416E-003  -5.9930522972820440E-004  -2.5455177751676370E-004
   1.9657350476426929E-003  -6.2050588068953674E-004  -2.6150404604128122E-004
   2.0428784223533157E-003  -6.4050356285467503E-004  -2.6850350688527660E-004
   2.1198370431373893E-003  -6.6130581097181547E-004  -2.7518461107109931E-004
   2.1970744197908985E-003  -6.8122575668359451E-004  -2.8131514177889274E-004
   2.2743767751910848E-003  -7.0066319274946919E-004  -2.8813657431291470E-004
   2.3517080776927746E-003  -7.2012981574373224E-004  -2.9453346694608041E-004
   2.4292325228694573E-003  -7.3894756601481835E-004  -3.0052117688890987E-004
   2.5067334680279048E-003  -7.5774362941968701E-004  -3.0687030973106859E-004
   2.5841841828691424E-003  -7.7693202476434924E-004  -3.1263158212434413E-004
   2.6616537294135477E-003  -7.9588470135909641E-004  -3.1889779441064594E-004
   2.7390469291809381E-003  -8.1503809474973163E-004  -3.2548870787213089E-004
   2.8163331143714640E-003  -8.3466739274814269E-004  -3.3193356932118082E-004
   2.8936968663337229E-003  -8.5364581820666832E-004  -3.3932743491351964E-004
   2.9708898596263254E-003  -8.7280088863563119E-004  -3.4794863363518924E-004
   3.0482203289764419E-003  -8.9115757118104545E-004  -3.5706075308973990E-004
   3.1254670155541650E-003  -9.0982563688524806E-004  -3.6625057047142681E-004
   3.2028034447740723E-003  -9.2861159959825893E-004  -3.7438471500490442E-004
   3.2801800515645080E-003  -9.4725756189973980E-004  -3.8245867290760037E-004
   3.3578446354970365E-003  -9.6457216872998150E-004  -3.9073011809034452E-004
   3.4358168632587765E-003  -9.8030900443131963E-004  -3.9925559183392703E-004
   3.5140828408789402E-003  -9.9478272941673517E-004  -4.0731462519304153E-004
   3.5925478222647344E-003  -1.0081005132718296E-003  -4.1543148140410637E-004
   3.6713775549379662E-003  -1.0198236775469899E-003  -4.2239141464236476E-004
   3.7502217005354601E-003  -1.0317372955787895E-003  -4.2884636689843105E-004
   3.8290876609038951E-003  -1.0434169923740464E-003  -4.3546036544733297E-004
   3.9079955414583877E-003  -1.0546150830254338E-003  -4.4239932391253569E-004
   3.9870264525782564E-003  -1.0656921528397847E-003  -4.4800410806033759E-004
   4.0660807918165773E-003  -1.0766010514819220E-003  -4.5360833617286188E-004
   4.1452584708638425E-003  -1.0866630310925451E-003  -4.5905367539759366E-004
   4.2246737343822329E-003  -1.0948388698976508E-003  -4.6418900110562253E-004
   4.3042981976853618E-003  -1.1003473875639620E-003  -4.6962968866318035E-004
   4.3840237997631957E-003  -1.1050771265647020E-003  -4.7426196214007022E-004
   4.4637345398600616E-003  -1.1093779288681629E-003  -4.7952513552774269E-004
   4.5435355953549359E-003  -1.1128326767686548E-003  -4.8398117261346213E-004
   4.6233682399843814E-003  -1.1155852004820089E-003  -4.8835980846694297E-004
   4.7032184810646364E-003  -1.1178654595836739E-003  -4.9268871420493155E-004
   4.7830437779363836E-003  -1.1195309192069242E-003  -4.9770351640886213E-004
   4.8629330500377134E-003  -1.1201808280595282E-003  -5.0186065524155299E-004
   4.9428242719617406E-003  -1.1206849980814949E-003  -5.0600052019841152E-004
   5.0226952472527805E-003  -1.1200898953048479E-003  -5.1050309166158017E-004
   5.1025268160605815E-003  -1.1180519850242086E-003  -5.1527462660859750E-004
   5.1823270225070002E-003  -1.1156308645277819E-003  -5.2038003896315061E-004
   5.2620070651575868E-003  -1.1121518886884868E-003  -5.2662403864143332E-004
   5.3417206517876355E-003  -1.1078580715430403E-003  -5.3184967032854748E-004
   5.4213141483312110E-003  -1.1030620150322018E-003  -5.3832061765536772E-004
   5.5008763497907962E-003  -1.0971180104843944E-003  -5.4419640624247482E-004
   5.5804048365302129E-003  -1.0901851659107383E-003  -5.4940749795205309E-004
   5.6598217799109975E-003  -1.0827410272091962E-003  -5.5553398941587658E-004
   5.7391639058560198E-003  -1.0746042242314820E-003  -5.6174844760999208E-004
   5.8184511078881894E-003  -1.0658811709985886E-003  -5.6786792010218303E-004
   5.8976685178300263E-003  -1.0562652509890462E-003  -5.7353678679110810E-004
   5.9767598035174669E-003  -1.0457161424162523E-003  -5.7930608759972904E-004
   6.0558494022646195E-003  -1.0344104577384957E-003  -5.8343123669409849E-004
   6.1348643897888057E-003  -1.0227129196552329E-003  -5.8788088299475516E-004
   6.2138207359367127E-003  -1.0106072990854027E-003  -5.9227967241220689E-004
   6.2927498998857981E-003  -9.9832951648821380E-004  -5.9668911029701422E-004
   6.3713128552456057E-003  -9.8402690552826895E-004  -6.0151584504130576E-004
   6.4498088549099731E-003  -9.6964939408481063E-004  -6.0714302933035280E-004
   6.5282477450487467E-003  -9.5487489574133633E-004  -6.1253327151327449E-004
   6.6064418180944049E-003  -9.3859157276445827E-004  -6.1706541636740244E-004
   6.6845235753773980E-003  -9.2159760837134800E-004  -6.2086598944326621E-004
   6.7622447319707832E-003  -9.0307295394362157E-004  -6.2489823432474801E-004
   6.8398487744384239E-003  -8.8425147780229389E-004  -6.2973193114652872E-004
   6.9170755499965925E-003  -8.6386150410342551E-004  -6.3423460928156174E-004
   6.9940088528489880E-003  -8.4222988393637386E-004  -6.3788699490526814E-004
   7.0706850019945349E-003  -8.1999018555824503E-004  -6.4300206870693266E-004
   7.1471637259830512E-003  -7.9719638193126549E-004  -6.4860985652781197E-004
   7.2230952594475231E-003  -7.7293917492883015E-004  -6.5539145827131701E-004
   7.2984865252579065E-003  -7.4725182750144691E-004  -6.6289593931655340E-004
   7.3737243969154544E-003  -7.2093376896148920E-004  -6.6972400305747172E-004
   7.4486406356266818E-003  -6.9374117817395118E-004  -6.7666087414395269E-004
   7.5232708053479154E-003  -6.6565389121338964E-004  -6.8309842764934631E-004
   7.5979168816604327E-003  -6.3758639342140352E-004  -6.8943710704021902E-004
   7.6717435274681282E-003  -6.0743402409045480E-004  -6.9579800134395747E-004
   7.7451072521130659E-003  -5.7613954771582705E-004  -7.0199636067106602E-004
   7.8180243581843049E-003  -5.4368977473874753E-004  -7.0748342569284519E-004
   7.8906029738785941E-003  -5.1036796720022645E-004  -7.1217402083484881E-004
   7.9625101523136971E-003  -4.7567750973632572E-004  -7.1726615757956044E-004
   8.0336157559098616E-003  -4.3933516951140297E-004  -7.2208564315719538E-004
   8.1032416557974933E-003  -4.0033739932368562E-004  -7.2768992681997147E-004
   8.1721369319440584E-003  -3.6006283317087921E-004  -7.3329351713384637E-004
   8.2403702373750019E-003  -3.1867094309950670E-004  -7.3885476472621480E-004
   8.3082678662791849E-003  -2.7684572933248959E-004  -7.4522371138220904E-004
   8.3760311002681349E-003  -2.3472605362828553E-004  -7.5106126583523276E-004
   8.4435603769759636E-003  -1.9214301076330155E-004  -7.5620725875405470E-004
   8.5106258944213833E-003  -1.4877696459616042E-004  -7.6085509812796762E-004
   8.5770033462965380E-003  -1.0431325589793461E-004  -7.6497971829256838E-004
   8.6432433288772936E-003  -5.9607894429544888E-005  -7.6868044240408656E-004
   8.7087195997070550E-003  -1.3835460804417951E-005  -7.7289260084201087E-004
   8.7737215051242462E-003   3.2626854533495365E-005  -7.7689329467990511E-004
   8.8378196014899813E-003   8.0329942105218934E-005  -7.8087443448132730E-004
   8.9019354934204396E-003   1.2796488139976182E-004  -7.8535382796902800E-004
   8.9653650001127131E-003   1.7656906768681599E-004  -7.8913942606633793E-004
   9.0282299409167825E-003   2.2600032296110045E-004  -7.9127255230554752E-004
   9.0903161013277528E-003   2.7644114540130291E-004  -7.9228848582766373E-004
   9.1517856770533569E-003   3.2762057582959683E-004  -7.9375721233341709E-004
   9.2133076986577848E-003   3.7875664660419191E-004  -7.9413554075318026E-004
   9.2744740060653943E-003   4.3031536618742670E-004  -7.9475301259372471E-004
   9.3356695788745711E-003   4.8183950926722216E-004  -7.9535678587533670E-004
   9.3959890912540516E-003   5.3438738268601861E-004  -7.9588349985860768E-004
   9.4550841031306194E-003   5.8831107075941883E-004  -7.9600775499742607E-004
   9.5125638964427394E-003   6.4393835239970072E-004  -7.9471203412871726E-004
   9.5687393054286734E-003   7.0077560187336023E-004  -7.9099040812971502E-004
   9.6243123315435490E-003   7.5828279640520490E-004  -7.8885467676137163E-004
   9.6790838424261200E-003   8.1653020127710142E-004  -7.8614886390225287E-004
   9.7336379733445940E-003   8.7501209793731276E-004  -7.8422154398410135E-004
   9.7876963099250858E-003   9.3392024807831492E-004  -7.8147817145291757E-004
   9.8415596133388430E-003   9.9300762436308767E-004  -7.7875300882390415E-004
   9.8953659209870867E-003   1.0521867210689978E-003  -7.7710504897764317E-004
   9.9474542906816833E-003   1.1128777192649132E-003  -7.7525992547519153E-004
   9.9983706692753395E-003   1.1745765344440280E-003  -7.7437754349777383E-004
   1.0047980856569275E-002   1.2373268922087936E-003  -7.7327214130291054E-004
   1.0097263473478972E-002   1.3003036715365814E-003  -7.7100301432034550E-004
   1.0146408922092738E-002   1.3633704518034137E-003  -7.6830003387536722E-004
   1.0195208108838352E-002   1.4266551576371468E-003  -7.6460065727017464E-004
   1.0243739257152031E-002   1.4900927309947434E-003  -7.6008380813845529E-004
   1.0291648008512054E-002   1.5539472303328478E-003  -7.5485365936830019E-004
   1.0339351066169039E-002   1.6179033825646702E-003  -7.4902023096839153E-004
   1.0387301001060601E-002   1.6816258353009787E-003  -7.4267572455449945E-004
   1.0433628279228165E-002   1.7465266730656260E-003  -7.3622091595384673E-004
   1.0478554512919363E-002   1.8123993709096824E-003  -7.2970775959932399E-004
   1.0522270514101989E-002   1.8790241576347071E-003  -7.2263322536683314E-004
   1.0566514806163291E-002   1.9452902359112770E-003  -7.1547435037233630E-004
   1.0610132262988002E-002   2.0119667297961294E-003  -7.0827972590649889E-004
   1.0653193136508258E-002   2.0790254143690317E-003  -7.0128730172986417E-004
   1.0695696624750528E-002   2.1463392706450157E-003  -6.9339437816533537E-004
   1.0736500758012668E-002   2.2146559988272391E-003  -6.8515742706748157E-004
   1.0777129714610369E-002   2.2830030206027704E-003  -6.7632722352333591E-004
   1.0816569628186621E-002   2.3519487907486228E-003  -6.6678919427768269E-004
   1.0854897398058672E-002   2.4216488755691235E-003  -6.5825220273109050E-004
   1.0892783826420007E-002   2.4917098820514149E-003  -6.5076395015473750E-004
   1.0929980038708785E-002   2.5621991799215827E-003  -6.4385738318951339E-004
   1.0967714580901166E-002   2.6325306591377666E-003  -6.3841795573790793E-004
   1.1005067536277863E-002   2.7031562744450994E-003  -6.3432171718686716E-004
   1.1040915501339031E-002   2.7745958890696989E-003  -6.3095944515914062E-004
   1.1075865891162984E-002   2.8465180303645470E-003  -6.2857704171973895E-004
   1.1110522234353222E-002   2.9185872614006570E-003  -6.2634908161463194E-004
   1.1145195667238761E-002   2.9906187425810869E-003  -6.2331283756195436E-004
   1.1178871377830015E-002   3.0631410656057926E-003  -6.2077134566551053E-004
   1.1212221067469278E-002   3.1358106145640452E-003  -6.1813793658271573E-004
   1.1244636745356194E-002   3.2088956554934163E-003  -6.1534497648160855E-004
   1.1275933419164661E-002   3.2824516268129319E-003  -6.1217680854053224E-004
   1.1307598514606550E-002   3.3558394548324345E-003  -6.0877850951781371E-004
   1.1337992003767455E-002   3.4298016125358342E-003  -6.0636292672775329E-004
   1.1366415358001310E-002   3.5045615560172702E-003  -6.0461256146630024E-004
   1.1395008351751132E-002   3.5792283126664967E-003  -6.0190771901927613E-004
   1.1422936510810673E-002   3.6541058353452768E-003  -5.9825059929873351E-004
   1.1450723859154018E-002   3.7290306423178520E-003  -5.9449073627207123E-004
   1.1477546486251764E-002   3.8043194798011277E-003  -5.9100682717290367E-004
   1.1504410526451472E-002   3.8795756906581944E-003  -5.8715636356144140E-004
   1.1529314658476866E-002   3.9554983538137500E-003  -5.8321511541749272E-004
   1.1552894762208707E-002   4.0318852416807091E-003  -5.8021143895749944E-004
   1.1575982308994504E-002   4.1084361968789212E-003  -5.7758152652059944E-004
   1.1598029958005556E-002   4.1853079801059227E-003  -5.7542975761116230E-004
   1.1618968021274554E-002   4.2624748862436137E-003  -5.7280943126260405E-004
   1.1639731056979016E-002   4.3396723110593217E-003  -5.6973470422789856E-004
   1.1660343012357929E-002   4.4169028965103602E-003  -5.6648140191355536E-004
   1.1682370532170049E-002   4.4937657667214878E-003  -5.6385698806074873E-004
   1.1702359772789600E-002   4.5711798418648589E-003  -5.6111997660826833E-004
   1.1721430239795534E-002   4.6488101677059166E-003  -5.5798153741264014E-004
   1.1739319191286979E-002   4.7267292204934905E-003  -5.5504783311133841E-004
   1.1755494272612887E-002   4.8050548360780822E-003  -5.5318646621424364E-004
   1.1770477782544897E-002   4.8836248245030531E-003  -5.5168601626976442E-004
   1.1784068399665960E-002   4.9624573170833665E-003  -5.5082972386348984E-004
   1.1797215710322955E-002   5.0413610875374706E-003  -5.4967074238474010E-004
   1.1809642222219634E-002   5.1203631693649276E-003  -5.4760849327719187E-004
   1.1821333681125916E-002   5.1994069122537779E-003  -5.4368465705293594E-004
   1.1833436807066113E-002   5.2783408303307168E-003  -5.3889394406517589E-004
   1.1845627526389324E-002   5.3572482779050594E-003  -5.3389383607866086E-004
   1.1856619589841438E-002   5.4362721339770506E-003  -5.2802828329898588E-004
   1.1866904703594930E-002   5.5153406822625135E-003  -5.2151820668950135E-004
   1.1877107718857718E-002   5.5943068484704825E-003  -5.1375656471189962E-004
   1.1886715320043156E-002   5.6733518915176246E-003  -5.0603806970256002E-004
   1.1895067835451570E-002   5.7526494355125976E-003  -4.9954692171621303E-004
   1.1901916172513807E-002   5.8321137970095555E-003  -4.9334083328410382E-004
   1.1909035894459925E-002   5.9114856769968928E-003  -4.8631130813097572E-004
   1.1917333222499191E-002   5.9907440241553402E-003  -4.7929213783023180E-004
   1.1925016027612220E-002   6.0700784417186465E-003  -4.7243468241311493E-004
   1.1932321623036512E-002   6.1495071231925042E-003  -4.6629360460090293E-004
   1.1939483467044796E-002   6.2289303291964190E-003  -4.5991690182346263E-004
   1.1946428678994793E-002   6.3084031478348014E-003  -4.5393065702788887E-004
   1.1952444066800780E-002   6.3877974001654179E-003  -4.4616098551178570E-004
   1.1956914556402090E-002   6.4672594634021391E-003  -4.3804955907071207E-004
   1.1960400051400524E-002   6.5467488607861817E-003  -4.2972567617367786E-004
   1.1964500664544461E-002   6.6261859535312728E-003  -4.2118557851373667E-004
   1.1968415961521922E-002   6.7055299618690644E-003  -4.1174106735763013E-004
   1.1973092546447690E-002   6.7847901573109470E-003  -4.0194561075766820E-004
   1.1979078494848401E-002   6.8639087659103015E-003  -3.9172728448252881E-004
   1.1984490112419982E-002   6.9430362070279856E-003  -3.8126007636086958E-004
   1.1989735972884028E-002   7.0222278556071240E-003  -3.7120205723666316E-004
   1.1996139394289982E-002   7.1013726404949903E-003  -3.6145017411724566E-004
   1.2002000981498551E-002   7.1805409421696574E-003  -3.5154957778883657E-004
   1.2007595714872100E-002   7.2599244139493514E-003  -3.4336646346552925E-004
   1.2012696410287352E-002   7.3392071935689859E-003  -3.3397371296504138E-004
   1.2017626626419075E-002   7.4182860495254251E-003  -3.2291805775905541E-004
   1.2022349884305368E-002   7.4974423328045357E-003  -3.1233629708652441E-004
   1.2026264554463173E-002   7.5766621758794461E-003  -3.0190117312120502E-004
   1.2029813521569973E-002   7.6559073135824204E-003  -2.9152750515948285E-004
   1.2032692208159975E-002   7.7351800272363377E-003  -2.8115687185587972E-004
   1.2035435736509486E-002   7.8144537676987109E-003  -2.7075749071661529E-004
   1.2038370127896060E-002   7.8936836175691038E-003  -2.6007946495387507E-004
   1.2040289722116501E-002   7.9729527164827552E-003  -2.4946225645981827E-004
   1.2041766280842052E-002   8.0522370487624804E-003  -2.3888802230543206E-004
   1.2042710094000224E-002   8.1315302394475153E-003  -2.2831924147870676E-004
   1.2043541586645059E-002   8.2107878969408781E-003  -2.1747800780546892E-004
   1.2044942486037182E-002   8.2899002342134622E-003  -2.0567650072009626E-004
   1.2044922259643490E-002   8.3691125856296348E-003  -1.9447815371310487E-004
   1.2044251235345799E-002   8.4483360685561545E-003  -1.8337907808778418E-004
   1.2042436757459774E-002   8.5274900898491823E-003  -1.7191833692055004E-004
   1.2039830800825244E-002   8.6065553270259394E-003  -1.6000627355258496E-004
   1.2036780934948222E-002   8.6857287489257064E-003  -1.4894880625044497E-004
   1.2034333288386649E-002   8.7648426904340677E-003  -1.3733014518086379E-004
   1.2032889082745491E-002   8.8440748530212044E-003  -1.2636754140172703E-004
   1.2030915714321366E-002   8.9232573459882957E-003  -1.1513194525860519E-004
   1.2029296411655862E-002   9.0024219274917935E-003  -1.0371498881813217E-004
   1.2027239044068057E-002   9.0816448480055840E-003  -9.2783561325096589E-005
   1.2024666390586762E-002   9.1608463914043918E-003  -8.1806449954568893E-005
   1.2021717777510673E-002   9.2399995644407412E-003  -7.0577875814831071E-005
   1.2018637077769651E-002   9.3190958101634028E-003  -5.8989381504634179E-005
   1.2016778034530742E-002   9.3983702022862586E-003  -4.8400957912985259E-005
   1.2015471231798150E-002   9.4777932601687528E-003  -3.8899897851021695E-005
   1.2014195035346700E-002   9.5572130199823944E-003  -2.9367160992633181E-005
   1.2013326117894005E-002   9.6365594686165668E-003  -1.9199266730517166E-005
   1.2013044227062246E-002   9.7159333027884778E-003  -9.2135275381349591E-006
   1.2012500000010251E-002   9.7953991113084657E-003   7.9725855549419450E-015
