   3.5527136787912673E-015   3.5421283062121157E-015   7.1340190668712349E-015
   6.8091971693575275E-005  -1.5256179196301690E-005  -3.9124575221165791E-005
   1.3614931673672082E-004  -3.0062823011702508E-005  -7.8481418067775788E-005
   2.0395636218234977E-004  -4.5634920549267006E-005  -1.1797463727408021E-004
   2.7143550570219891E-004  -6.1528431730315233E-005  -1.5789908454965314E-004
   3.3889114178328739E-004  -7.7388905049032204E-005  -1.9787635996357480E-004
   4.0628489134602008E-004  -9.3505041642640745E-005  -2.3785576294026690E-004
   4.7381618118171021E-004  -1.0943600718196413E-004  -2.7767697867451342E-004
   5.4146286190042835E-004  -1.2616850014807540E-004  -3.1697011124682173E-004
   6.0983801360714343E-004  -1.4237679968859653E-004  -3.5520791528488414E-004
   6.7825174615709081E-004  -1.5831077473456954E-004  -3.9349198040164099E-004
   7.4739567353443123E-004  -1.7448875110992864E-004  -4.3033475974179459E-004
   8.1595729408350480E-004  -1.9147916333177949E-004  -4.6789311534569322E-004
   8.8466295418667470E-004  -2.0758439277170283E-004  -5.0557804409681866E-004
   9.5398116135868955E-004  -2.2356896794047053E-004  -5.4217694447442771E-004
   1.0238000160317574E-003  -2.4078656818334222E-004  -5.7723235467431607E-004
   1.0936617602679026E-003  -2.5779578064900356E-004  -6.1230404380511008E-004
   1.1633728335550264E-003  -2.7410060072812121E-004  -6.4800445136328029E-004
   1.2331896128356043E-003  -2.9068437072363152E-004  -6.8336821674856772E-004
   1.3027734814269173E-003  -3.0744993102771982E-004  -7.1910337046251918E-004
   1.3719896897017860E-003  -3.2463275764176339E-004  -7.5535067362279753E-004
   1.4407663707853104E-003  -3.4099068205200125E-004  -7.9279645402661222E-004
   1.5089951541123316E-003  -3.5609884582789764E-004  -8.3173970119058635E-004
   1.5784394130265657E-003  -3.7017909819134616E-004  -8.6887784051544478E-004
   1.6475959573164782E-003  -3.8440052695266826E-004  -9.0649596572306619E-004
   1.7168100412517761E-003  -3.9926089954811701E-004  -9.4375961975950615E-004
   1.7865441832631823E-003  -4.1274552101083095E-004  -9.8057421494557426E-004
   1.8572427526781505E-003  -4.2615124811918518E-004  -1.0155313139271701E-003
   1.9284338571525274E-003  -4.3913044924147711E-004  -1.0496394797353703E-003
   1.9999952543923597E-003  -4.5168043170294318E-004  -1.0831277517351330E-003
   2.0719406074973428E-003  -4.6380543784767822E-004  -1.1159431506454493E-003
   2.1440304970822975E-003  -4.7562247287493542E-004  -1.1485530493814057E-003
   2.2162439395125139E-003  -4.8675348526885383E-004  -1.1811309451243723E-003
   2.2886101759618028E-003  -4.9653214040407188E-004  -1.2138036510686474E-003
   2.3612458776814073E-003  -5.0496495512394391E-004  -1.2462527261946485E-003
   2.4332345237438649E-003  -5.1420605023849068E-004  -1.2799014558511272E-003
   2.5054195327863394E-003  -5.2351519710027545E-004  -1.3131078444398104E-003
   2.5775562442492102E-003  -5.3447352656451632E-004  -1.3459134822936389E-003
   2.6493166467903262E-003  -5.4592601392686581E-004  -1.3793692016746224E-003
   2.7211074249670602E-003  -5.5724535857743407E-004  -1.4128050598132965E-003
   2.7928973136116613E-003  -5.6848455684090906E-004  -1.4462698519945862E-003
   2.8646944617118867E-003  -5.7958534399398106E-004  -1.4797652555169894E-003
   2.9369114933425369E-003  -5.9023590299280395E-004  -1.5124954544516434E-003
   3.0094414363388846E-003  -6.0058054207378438E-004  -1.5446263709651285E-003
   3.0820680874052262E-003  -6.1082896323342553E-004  -1.5765691233688456E-003
   3.1548070257721604E-003  -6.1978745898172384E-004  -1.6086439141203338E-003
   3.2275124478831083E-003  -6.2788153638872950E-004  -1.6410230353727203E-003
   3.3006615448347475E-003  -6.3593880997806244E-004  -1.6723964314736787E-003
   3.3735847556593539E-003  -6.4405935298941655E-004  -1.7042752976525364E-003
   3.4468195678209763E-003  -6.5164833199458775E-004  -1.7355653868750495E-003
   3.5201017641700205E-003  -6.5952344133959515E-004  -1.7666733014618252E-003
   3.5939796607798039E-003  -6.6641554454899212E-004  -1.7965824187720261E-003
   3.6681125625208496E-003  -6.7258860389895884E-004  -1.8260138001729260E-003
   3.7421060913753195E-003  -6.7686566722680085E-004  -1.8561246688369103E-003
   3.8159073165635166E-003  -6.7933106542608743E-004  -1.8869029238994860E-003
   3.8899085471610774E-003  -6.8057519673644592E-004  -1.9172718224188827E-003
   3.9638675371198731E-003  -6.8149445576291617E-004  -1.9477549779549155E-003
   4.0376060891895559E-003  -6.8245482140117666E-004  -1.9787663250999577E-003
   4.1108308344507440E-003  -6.8293676569634550E-004  -2.0109828486944920E-003
   4.1843819773832560E-003  -6.8245084967188409E-004  -2.0424470071384168E-003
   4.2575093157916494E-003  -6.8161651435523008E-004  -2.0748768737608204E-003
   4.3307612954568133E-003  -6.7965784612049589E-004  -2.1069753332394903E-003
   4.4040182907517560E-003  -6.7643642360328156E-004  -2.1389602530437202E-003
   4.4777380439983581E-003  -6.7204550453353682E-004  -2.1697192808674344E-003
   4.5513097383683958E-003  -6.6604833035544420E-004  -2.2005614549016322E-003
   4.6249735779130777E-003  -6.5947608628563780E-004  -2.2310646406772132E-003
   4.6988775060551689E-003  -6.5214783193487597E-004  -2.2608052878751120E-003
   4.7727586696151006E-003  -6.4403056297011071E-004  -2.2903972398930850E-003
   4.8469073538545820E-003  -6.3581937394612464E-004  -2.3192858016782797E-003
   4.9209679141588060E-003  -6.2708752459838255E-004  -2.3482476420898595E-003
   4.9950314864816254E-003  -6.1920432812871240E-004  -2.3774442596613257E-003
   5.0693446426321931E-003  -6.1146833113684765E-004  -2.4060398739433934E-003
   5.1434619302105460E-003  -6.0322946621469797E-004  -2.4350010341507647E-003
   5.2173072470361424E-003  -5.9388539425139829E-004  -2.4643192451591373E-003
   5.2907761331385710E-003  -5.8317393987201949E-004  -2.4941116522918015E-003
   5.3642324180998924E-003  -5.7185328795776407E-004  -2.5237092374509251E-003
   5.4371969740446740E-003  -5.5918295401482057E-004  -2.5539687189179362E-003
   5.5105911976708697E-003  -5.4506135406000495E-004  -2.5824970968638186E-003
   5.5836655470262774E-003  -5.2919468921245130E-004  -2.6109292688511801E-003
   5.6562823270508433E-003  -5.1166537681461089E-004  -2.6395566415668022E-003
   5.7289996800287046E-003  -4.9383790653690089E-004  -2.6677411740998439E-003
   5.8014400890391768E-003  -4.7533411924581635E-004  -2.6962016204769893E-003
   5.8740644453528180E-003  -4.5552984047979658E-004  -2.7232847040534513E-003
   5.9468984064690910E-003  -4.3485636801966326E-004  -2.7491269494314984E-003
   6.0196068760363288E-003  -4.1384532234866971E-004  -2.7750501901877937E-003
   6.0920173123646523E-003  -3.9238777751616545E-004  -2.8014377342973473E-003
   6.1641431421979422E-003  -3.6953070771022768E-004  -2.8274265594470443E-003
   6.2361295885637524E-003  -3.4486770786591378E-004  -2.8521184200685900E-003
   6.3082259405278941E-003  -3.2000040990293356E-004  -2.8762789979156550E-003
   6.3803442150870580E-003  -2.9471850115231151E-004  -2.8999386590608466E-003
   6.4517210126267301E-003  -2.6669873569285120E-004  -2.9227475502243434E-003
   6.5229455984518372E-003  -2.3733879274612929E-004  -2.9443126177169121E-003
   6.5941101209491190E-003  -2.0709392082050033E-004  -2.9648274526143338E-003
   6.6644598287151384E-003  -1.7507297561044510E-004  -2.9854569866162423E-003
   6.7350861129973731E-003  -1.4221782318532726E-004  -3.0036906626503741E-003
   6.8062156253777314E-003  -1.0950569728754341E-004  -3.0201378289452098E-003
   6.8769063119076155E-003  -7.5327728816531464E-005  -3.0354575321391748E-003
   6.9479149435646235E-003  -4.1559418752518737E-005  -3.0502045820868526E-003
   7.0185501187193236E-003  -6.7624102592614120E-006  -3.0643410678027343E-003
   7.0893425254758523E-003   2.8026541982000721E-005  -3.0776888740420096E-003
   7.1600603894649683E-003   6.3087254760782661E-005  -3.0907169259295868E-003
   7.2307112507124056E-003   9.8473434415101999E-005  -3.1032178899342558E-003
   7.3007118014173766E-003   1.3494376342475139E-004  -3.1162500808278090E-003
   7.3701946139025261E-003   1.7241078661639153E-004  -3.1292254786436519E-003
   7.4393501800718211E-003   2.1081806042299865E-004  -3.1411581641572397E-003
   7.5083133982390580E-003   2.4966875911344271E-004  -3.1527641006331517E-003
   7.5762766176782166E-003   2.9028133252471299E-004  -3.1642366619364778E-003
   7.6433428899477067E-003   3.3250612196983131E-004  -3.1751537260410008E-003
   7.7100501035875695E-003   3.7525745974384639E-004  -3.1862203771085844E-003
   7.7758214423080977E-003   4.1962338586115796E-004  -3.1965060762467056E-003
   7.8413934286155895E-003   4.6459416399540642E-004  -3.2053346503767947E-003
   7.9073865959722982E-003   5.0911796934662078E-004  -3.2132424073614300E-003
   7.9729749403545554E-003   5.5444771451734526E-004  -3.2198290061869923E-003
   8.0380270021007654E-003   6.0074095824095295E-004  -3.2248454634368653E-003
   8.1027214256137129E-003   6.4759963638202857E-004  -3.2291923991020740E-003
   8.1665653309862668E-003   6.9562607567757084E-004  -3.2333657527830670E-003
   8.2307201672028665E-003   7.4324375314751970E-004  -3.2374540015658684E-003
   8.2945817994148716E-003   7.9133563719567231E-004  -3.2404310177789036E-003
   8.3580593188645712E-003   8.3998693696373959E-004  -3.2423429676280285E-003
   8.4209418855815243E-003   8.8941004369793436E-004  -3.2441147835541874E-003
   8.4831414381033761E-003   9.3972040368185379E-004  -3.2444034844947970E-003
   8.5447146167392084E-003   9.9079620674548917E-004  -3.2444810116926681E-003
   8.6050861607182751E-003   1.0432636620312241E-003  -3.2429180585804673E-003
   8.6658960149711139E-003   1.0951889928184004E-003  -3.2404846151752606E-003
   8.7262887117688249E-003   1.1475705934942688E-003  -3.2375029918149745E-003
   8.7855189609234441E-003   1.2012189177268539E-003  -3.2338104460414171E-003
   8.8440943120793748E-003   1.2554714860257459E-003  -3.2287520793713108E-003
   8.9020915825132260E-003   1.3104192353626054E-003  -3.2246215274078830E-003
   8.9597115249608374E-003   1.3658367135696201E-003  -3.2216474151056658E-003
   9.0164226416829130E-003   1.4220944946652741E-003  -3.2172987015829276E-003
   9.0717611085996842E-003   1.4796529272077105E-003  -3.2123307115932065E-003
   9.1269243627364344E-003   1.5373187592882987E-003  -3.2067033496180918E-003
   9.1810494804425886E-003   1.5958528023937160E-003  -3.2000522271009397E-003
   9.2343522661761743E-003   1.6550606275226446E-003  -3.1927552086124977E-003
   9.2872799089736384E-003   1.7145004756131661E-003  -3.1846577344266324E-003
   9.3400667812947938E-003   1.7740175537620294E-003  -3.1762159621381604E-003
   9.3920817959062455E-003   1.8341162725704176E-003  -3.1671284842640902E-003
   9.4422003309516198E-003   1.8957234158707632E-003  -3.1575007983405436E-003
   9.4918096337325807E-003   1.9578491743112605E-003  -3.1485953383860953E-003
   9.5406752623912079E-003   2.0204826579240430E-003  -3.1391509187491526E-003
   9.5891593534151668E-003   2.0833009052988560E-003  -3.1289941121130675E-003
   9.6367574302867777E-003   2.1467766944649278E-003  -3.1187351031886903E-003
   9.6836331826525152E-003   2.2102580348106341E-003  -3.1055903982898400E-003
   9.7298386179235676E-003   2.2739853807732849E-003  -3.0913116331825192E-003
   9.7760667563252905E-003   2.3378143652768644E-003  -3.0775704557361879E-003
   9.8214889724840583E-003   2.4020360795455643E-003  -3.0629967226993714E-003
   9.8659411529186773E-003   2.4667567967286827E-003  -3.0476594340674615E-003
   9.9091005020913864E-003   2.5319827381049989E-003  -3.0308413738129258E-003
   9.9518334900085704E-003   2.5970106388999124E-003  -3.0122600965907416E-003
   9.9939001789917138E-003   2.6619111419838469E-003  -2.9918072636496108E-003
   1.0035101327412419E-002   2.7272547358358767E-003  -2.9710062994382056E-003
   1.0076651901978831E-002   2.7925059171583838E-003  -2.9506143134846547E-003
   1.0119193061056568E-002   2.8573829663425024E-003  -2.9310895016365843E-003
   1.0160993017673347E-002   2.9224543227821995E-003  -2.9106326643369260E-003
   1.0202429651108919E-002   2.9876309230638686E-003  -2.8897756225760218E-003
   1.0242962315211079E-002   3.0534499015385506E-003  -2.8691609383588693E-003
   1.0281727159378763E-002   3.1201876983667810E-003  -2.8481049809800452E-003
   1.0319196471001144E-002   3.1874233616298155E-003  -2.8263009386436137E-003
   1.0355449027441314E-002   3.2553621728260655E-003  -2.8046198386023147E-003
   1.0390491572712953E-002   3.3236086931510826E-003  -2.7819387348467024E-003
   1.0424053952959910E-002   3.3928078019489559E-003  -2.7599148845085224E-003
   1.0457106044994726E-002   3.4621333692564072E-003  -2.7375201321543315E-003
   1.0489974853879378E-002   3.5314119190322808E-003  -2.7147139063553702E-003
   1.0521656685163496E-002   3.6010063171550812E-003  -2.6912004777785632E-003
   1.0552854642357981E-002   3.6704783187805614E-003  -2.6666988766302076E-003
   1.0583620383328782E-002   3.7400276420843695E-003  -2.6418722619050415E-003
   1.0612763003088005E-002   3.8102417004036164E-003  -2.6169585360786211E-003
   1.0641498571903510E-002   3.8803242092285040E-003  -2.5912154003333264E-003
   1.0669304010165035E-002   3.9505696572735855E-003  -2.5649012475050565E-003
   1.0697331232425524E-002   4.0207225494357686E-003  -2.5385754706055631E-003
   1.0725037987965631E-002   4.0908295021096965E-003  -2.5117920638378565E-003
   1.0752661631833658E-002   4.1611364612813518E-003  -2.4854507312178030E-003
   1.0779566256742512E-002   4.2318267223446443E-003  -2.4593925627298370E-003
   1.0806296307523906E-002   4.3024306909677443E-003  -2.4329240154018763E-003
   1.0832475310661399E-002   4.3733699041334315E-003  -2.4068033755396054E-003
   1.0858570352842408E-002   4.4442535996811992E-003  -2.3804490499452998E-003
   1.0885241946257500E-002   4.5150344523713403E-003  -2.3543972360614198E-003
   1.0913270462652242E-002   4.5854019621126875E-003  -2.3286520259474890E-003
   1.0940326763120893E-002   4.6563826453962761E-003  -2.3035582178816045E-003
   1.0966377071553304E-002   4.7278406766551127E-003  -2.2787563794001717E-003
   1.0991831504114782E-002   4.7992992930876131E-003  -2.2533450038565526E-003
   1.1017239007172858E-002   4.8704093330527885E-003  -2.2269287020581230E-003
   1.1041977036680676E-002   4.9414368874243879E-003  -2.1996685401789668E-003
   1.1066386648866031E-002   5.0126594978506687E-003  -2.1726220877076735E-003
   1.1089973326098106E-002   5.0841805523566055E-003  -2.1456330636044044E-003
   1.1114092549032518E-002   5.1557580943402100E-003  -2.1192717553816872E-003
   1.1138268892081991E-002   5.2272752625352808E-003  -2.0927991453142040E-003
   1.1162953531437116E-002   5.2987419721187033E-003  -2.0666614713441707E-003
   1.1187507615570882E-002   5.3699906855739403E-003  -2.0398152838239066E-003
   1.1212298577219122E-002   5.4411170901302224E-003  -2.0128626811244969E-003
   1.1237129970235789E-002   5.5119335879207096E-003  -1.9851421910672103E-003
   1.1261463116372957E-002   5.5831419788977352E-003  -1.9579896026844759E-003
   1.1285119935397381E-002   5.6536960957779972E-003  -1.9286217376468728E-003
   1.1308642946802413E-002   5.7245436098435232E-003  -1.8998589544611201E-003
   1.1331671407992695E-002   5.7956029103464497E-003  -1.8712186718602092E-003
   1.1354180829214336E-002   5.8666135760314366E-003  -1.8420500018177740E-003
   1.1374600691160258E-002   5.9379952434366915E-003  -1.8122559288012482E-003
   1.1394767818475907E-002   6.0098711489649202E-003  -1.7834958663439930E-003
   1.1414265193267006E-002   6.0819740565016900E-003  -1.7548423657360497E-003
   1.1433300698130200E-002   6.1544134749754011E-003  -1.7267322215666113E-003
   1.1451722532247436E-002   6.2269840885059219E-003  -1.6985516949246935E-003
   1.1469802793546034E-002   6.2995325473633604E-003  -1.6700942659127009E-003
   1.1487489529409240E-002   6.3723345634832352E-003  -1.6420399289576919E-003
   1.1503663057151515E-002   6.4451990478470843E-003  -1.6132443751676229E-003
   1.1521166090951633E-002   6.5177680678079764E-003  -1.5844801412732588E-003
   1.1537353210846450E-002   6.5904414744196093E-003  -1.5552132124826701E-003
   1.1552940294008159E-002   6.6634333331608070E-003  -1.5264168343412251E-003
   1.1568902619036538E-002   6.7361791938297380E-003  -1.4972064950016209E-003
   1.1584710480892331E-002   6.8090531471313373E-003  -1.4682323954680863E-003
   1.1599888062412635E-002   6.8817186037020217E-003  -1.4384100474912249E-003
   1.1614775569526890E-002   6.9546681226201473E-003  -1.4091401000780473E-003
   1.1629167925392739E-002   7.0278357264098677E-003  -1.3801683578313954E-003
   1.1644545336624689E-002   7.1002297432541635E-003  -1.3497933426547864E-003
   1.1659295990295677E-002   7.1723461822128295E-003  -1.3184622487544114E-003
   1.1672024281124157E-002   7.2450875388362403E-003  -1.2876939917735469E-003
   1.1683503376224825E-002   7.3182483221345433E-003  -1.2574329579475929E-003
   1.1695431918395999E-002   7.3909404209336615E-003  -1.2262308961745268E-003
   1.1708069041527479E-002   7.4637586204215726E-003  -1.1956071644522170E-003
   1.1719357236677871E-002   7.5365438431411816E-003  -1.1643839679906650E-003
   1.1729246422471952E-002   7.6089760899665159E-003  -1.1318912976778330E-003
   1.1737935027223291E-002   7.6814727351012177E-003  -1.0991996382796667E-003
   1.1746573725025243E-002   7.7539075187173113E-003  -1.0663579722233895E-003
   1.1755044072826126E-002   7.8266588733435991E-003  -1.0341788858536326E-003
   1.1763855737245170E-002   7.8990838611221834E-003  -1.0013615776238328E-003
   1.1771653266921291E-002   7.9715794115080060E-003  -9.6844359307288760E-004
   1.1780159203578501E-002   8.0435863343654105E-003  -9.3464045557103471E-004
   1.1788382272891158E-002   8.1153107787824315E-003  -9.0017329436478644E-004
   1.1797076772864583E-002   8.1871253180583765E-003  -8.6601077660626146E-004
   1.1806185505940583E-002   8.2588078955029634E-003  -8.3167946333007926E-004
   1.1814373143264773E-002   8.3306767531001434E-003  -7.9750593697978315E-004
   1.1822567473692621E-002   8.4022477597036904E-003  -7.6271450180519001E-004
   1.1831164726701388E-002   8.4735877035729754E-003  -7.2754776117316111E-004
   1.1840171649563930E-002   8.5447153472620746E-003  -6.9205503451631441E-004
   1.1849193832897273E-002   8.6152195480761421E-003  -6.5534321249949615E-004
   1.1857890417057445E-002   8.6859993804686373E-003  -6.1908600969068177E-004
   1.1866781192195152E-002   8.7563222601789031E-003  -5.8199629817733860E-004
   1.1875632768611413E-002   8.8265402142644524E-003  -5.4469899908923401E-004
   1.1884121743465448E-002   8.8964520830190248E-003  -5.0674813726848619E-004
   1.1892829503426006E-002   8.9664605003038442E-003  -4.6902551241906169E-004
   1.1903100882320300E-002   9.0361560936227468E-003  -4.3111742563476584E-004
   1.1913468225834740E-002   9.1055583830981345E-003  -3.9270075732372251E-004
   1.1922884972291643E-002   9.1745869386320959E-003  -3.5337667551300309E-004
   1.1931692292973835E-002   9.2441905582968439E-003  -3.1493493740556501E-004
   1.1940865395803203E-002   9.3134761843708027E-003  -2.7600736103600669E-004
   1.1951483241491782E-002   9.3825692867893530E-003  -2.3710486047629951E-004
   1.1962423189164274E-002   9.4513391733653512E-003  -1.9772186608010416E-004
   1.1973779183432162E-002   9.5202949538334431E-003  -1.5878420136731557E-004
   1.1983997159199773E-002   9.5892671309610704E-003  -1.1956135404931766E-004
   1.1992953338936980E-002   9.6578471024920311E-003  -7.9354708436111016E-005
   1.2002533989212394E-002   9.7265864548079697E-003  -3.9566361092751627E-005
   1.2012500000010373E-002   9.7953991113084865E-003   7.9724266823927396E-015
