   3.5527136787912409E-015   3.5421283062121050E-015   7.1340190668712097E-015
   4.5337001321588180E-005   9.7324134845913412E-006  -6.5190769573610327E-005
   9.0477136557714892E-005   1.8920090056057164E-005  -1.3059684562418262E-004
   1.3607883875630482E-004   2.8329697822883807E-005  -1.9565023935062470E-004
   1.8188900662515165E-004   3.7423209389464308E-005  -2.6060204121410052E-004
   2.2804692960036772E-004   4.6076852615246137E-005  -3.2536746878201138E-004
   2.7357426580181102E-004   5.4795765143024040E-005  -3.9056901956061485E-004
   3.1965326282118781E-004   6.3263717715514198E-005  -4.5541514361872068E-004
   3.6663337688517834E-004   7.2785810664171630E-005  -5.1946355209917829E-004
   4.1386122393709550E-004   8.1710840519196563E-005  -5.8341567722016883E-004
   4.6118475266204305E-004   9.0984794574982275E-005  -6.4724731051619142E-004
   5.0876754593311613E-004   9.9954528114240963E-005  -7.1092950321581755E-004
   5.5671670585752593E-004   1.0813940543867832E-004  -7.7444238254891070E-004
   6.0510059255657414E-004   1.1596468717188204E-004  -8.3767025989896844E-004
   6.5369581613609407E-004   1.2422461991117836E-004  -9.0068039998860859E-004
   7.0243678924045703E-004   1.3191315060240324E-004  -9.6365026617008514E-004
   7.5139050013194541E-004   1.3927005951569637E-004  -1.0264945982621744E-003
   8.0114663371229475E-004   1.4587883239547723E-004  -1.0887894719568173E-003
   8.5075819549789778E-004   1.5183782066435065E-004  -1.1512649342969219E-003
   9.0062712191581965E-004   1.5817547451651244E-004  -1.2134977577341951E-003
   9.5081286562139747E-004   1.6456924101099921E-004  -1.2754696133101008E-003
   1.0006992052253930E-003   1.7128499833453343E-004  -1.3376488039322162E-003
   1.0514168459444663E-003   1.7805917926804509E-004  -1.3991454004169091E-003
   1.1028931130245875E-003   1.8452952075330024E-004  -1.4600414479392549E-003
   1.1553169331872378E-003   1.9206648920856026E-004  -1.5199992429648611E-003
   1.2075978727609665E-003   2.0008635099581895E-004  -1.5800191161321443E-003
   1.2600620615181456E-003   2.0727304704531248E-004  -1.6399846086650458E-003
   1.3125459047298919E-003   2.1557705136644557E-004  -1.6997883687457532E-003
   1.3647686159615256E-003   2.2412404532791208E-004  -1.7597861796950361E-003
   1.4165721226749243E-003   2.3343742360136679E-004  -1.8200328200457441E-003
   1.4686706799271470E-003   2.4323392182895123E-004  -1.8799475007823653E-003
   1.5212266374544571E-003   2.5239771476112341E-004  -1.9395620646092170E-003
   1.5738876249400920E-003   2.6094802383955999E-004  -1.9991750884150537E-003
   1.6266432601232559E-003   2.6939612649833083E-004  -2.0587189588442975E-003
   1.6792650753951811E-003   2.7808065670571931E-004  -2.1183471694287488E-003
   1.7315703473609208E-003   2.8689189627598632E-004  -2.1782347356686417E-003
   1.7842892309543519E-003   2.9749869098310232E-004  -2.2374649239814922E-003
   1.8376530669519102E-003   3.0964351605623579E-004  -2.2958156243362291E-003
   1.8915400581963615E-003   3.2246980311378422E-004  -2.3535363184924107E-003
   1.9463900080396316E-003   3.3564549247577666E-004  -2.4102627163690017E-003
   2.0015481933681558E-003   3.4921013411541780E-004  -2.4665972092963243E-003
   2.0567106973820052E-003   3.6352868371590183E-004  -2.5227405730727523E-003
   2.1120315979694802E-003   3.7771340975235868E-004  -2.5787619216132754E-003
   2.1671552596905781E-003   3.9138350524974138E-004  -2.6351047152281394E-003
   2.2221920357326443E-003   4.0660203204115455E-004  -2.6911346156178236E-003
   2.2773503067304588E-003   4.2209068672359153E-004  -2.7469706856733350E-003
   2.3335758602298119E-003   4.3931424377072632E-004  -2.8012112258883476E-003
   2.3899944238998222E-003   4.5724349463095780E-004  -2.8550209616471957E-003
   2.4464692947269678E-003   4.7650105689010758E-004  -2.9083101281401945E-003
   2.5037018958613071E-003   4.9625651063388819E-004  -2.9605992418543490E-003
   2.5598934794850976E-003   5.1655533102849870E-004  -3.0138013453777628E-003
   2.6162361008474000E-003   5.3807531529465828E-004  -3.0663598773929160E-003
   2.6727346684807174E-003   5.6059732548689300E-004  -3.1183278570127561E-003
   2.7295799374232230E-003   5.8322739993099248E-004  -3.1698690553325316E-003
   2.7860022659708539E-003   6.0744259852231843E-004  -3.2211539947468023E-003
   2.8428691752402928E-003   6.3342031828144123E-004  -3.2710670461078765E-003
   2.8994943954461696E-003   6.6080671172930581E-004  -3.3204995242458934E-003
   2.9561479771968435E-003   6.8853223984728965E-004  -3.3697099579023801E-003
   3.0126540130062563E-003   7.1687406202347820E-004  -3.4187386129340335E-003
   3.0697845103351685E-003   7.4583306361971019E-004  -3.4666706743243258E-003
   3.1262820999885428E-003   7.7485165313735660E-004  -3.5153116427878582E-003
   3.1825236866061912E-003   8.0429191291564841E-004  -3.5639958809553156E-003
   3.2394396917149182E-003   8.3397659514447033E-004  -3.6117388178254326E-003
   3.2959851517622733E-003   8.6497111033645880E-004  -3.6590880623572969E-003
   3.3526496911445583E-003   8.9668823698792915E-004  -3.7058122944356193E-003
   3.4096512445753254E-003   9.2747142099464867E-004  -3.7527507486060777E-003
   3.4666898002432599E-003   9.5922422318168857E-004  -3.7989931828304076E-003
   3.5242662006227509E-003   9.9086321013834751E-004  -3.8446432938087538E-003
   3.5814730766103187E-003   1.0241302527793385E-003  -3.8895952372080041E-003
   3.6389770506776295E-003   1.0579187364249043E-003  -3.9337725087965313E-003
   3.6962516906558079E-003   1.0925474017229432E-003  -3.9775956894713910E-003
   3.7532677083812549E-003   1.1273164833743687E-003  -4.0216443519543151E-003
   3.8100633730154621E-003   1.1616431968333356E-003  -4.0663201757925897E-003
   3.8667285783821185E-003   1.1958355945635689E-003  -4.1112638564699119E-003
   3.9236829845168478E-003   1.2304051960043715E-003  -4.1555485974189193E-003
   3.9806517621682079E-003   1.2658617681889509E-003  -4.1991076363105282E-003
   4.0381309339049118E-003   1.3024659733036682E-003  -4.2410155948560567E-003
   4.0957224371707263E-003   1.3401813720053126E-003  -4.2817681094727018E-003
   4.1539232742202614E-003   1.3773099303992916E-003  -4.3221925168192210E-003
   4.2115989251838206E-003   1.4154937168989361E-003  -4.3623860204900057E-003
   4.2698596980569291E-003   1.4540680268357682E-003  -4.4013437533788361E-003
   4.3281951785946286E-003   1.4930525709521514E-003  -4.4397778143168603E-003
   4.3866304850486938E-003   1.5311600542883242E-003  -4.4789330780347029E-003
   4.4452286022639408E-003   1.5700210488336485E-003  -4.5170917436745143E-003
   4.5032677160121368E-003   1.6099121665404093E-003  -4.5550411837447548E-003
   4.5606334740098476E-003   1.6508821603172939E-003  -4.5928648459539652E-003
   4.6183141243330596E-003   1.6917926026803188E-003  -4.6302717742679224E-003
   4.6767143429440917E-003   1.7324481543486586E-003  -4.6668305021915959E-003
   4.7350726050482215E-003   1.7738443558708013E-003  -4.7026169205660650E-003
   4.7936204252748684E-003   1.8161082419157646E-003  -4.7370540616218614E-003
   4.8530845475152750E-003   1.8579906879518096E-003  -4.7703689063569961E-003
   4.9128965299636007E-003   1.9006133955683600E-003  -4.8020837540277859E-003
   4.9731242175332681E-003   1.9440102609894791E-003  -4.8319055197805763E-003
   5.0338059112822724E-003   1.9869786888360151E-003  -4.8614257880749724E-003
   5.0953420783761937E-003   2.0298405643239380E-003  -4.8892854324222440E-003
   5.1570695105096036E-003   2.0730663106185892E-003  -4.9161416974420448E-003
   5.2183488303391952E-003   2.1173891204701503E-003  -4.9422249005594858E-003
   5.2790396538277161E-003   2.1629591598993129E-003  -4.9675230322544480E-003
   5.3400416962267987E-003   2.2089782203959076E-003  -4.9912084052029376E-003
   5.4015367158614918E-003   2.2546736898051462E-003  -5.0142363582051062E-003
   5.4635993359397270E-003   2.3001502582523990E-003  -5.0361478372741905E-003
   5.5257021382801386E-003   2.3459497443604144E-003  -5.0572582380353295E-003
   5.5874997489719930E-003   2.3924535286270728E-003  -5.0777143705694099E-003
   5.6489062563293843E-003   2.4395903920204185E-003  -5.0978974567979594E-003
   5.7108969121379225E-003   2.4863824506496193E-003  -5.1170719669267157E-003
   5.7722024021773606E-003   2.5345605997969503E-003  -5.1349745602027085E-003
   5.8334834136312087E-003   2.5831418492013583E-003  -5.1518416826588434E-003
   5.8942514846131644E-003   2.6327629004544960E-003  -5.1674939294674123E-003
   5.9551380979067370E-003   2.6824706938799589E-003  -5.1823921036265519E-003
   6.0153536328493252E-003   2.7331694721433857E-003  -5.1966652685974894E-003
   6.0760450113737834E-003   2.7834874752623471E-003  -5.2102540555339508E-003
   6.1366537074444899E-003   2.8343752005130737E-003  -5.2219598396026851E-003
   6.1977084404865749E-003   2.8851399936066220E-003  -5.2317197246146314E-003
   6.2589733752319038E-003   2.9359960072831174E-003  -5.2394833345268156E-003
   6.3201548209012330E-003   2.9868267251047793E-003  -5.2480313654090270E-003
   6.3817510317769003E-003   3.0373323075497307E-003  -5.2554538281561142E-003
   6.4433771772996916E-003   3.0879478295853238E-003  -5.2618010411505066E-003
   6.5047814191560816E-003   3.1389364048627143E-003  -5.2672493692278782E-003
   6.5657003142828695E-003   3.1905376870849087E-003  -5.2723675609367944E-003
   6.6265468847191353E-003   3.2422952424640697E-003  -5.2767092582045785E-003
   6.6877246473177878E-003   3.2937010384952977E-003  -5.2805466403441246E-003
   6.7489608351080027E-003   3.3451254504047313E-003  -5.2829255394756438E-003
   6.8098101398056284E-003   3.3970508738499199E-003  -5.2839803033608969E-003
   6.8709131642680516E-003   3.4486882127984179E-003  -5.2840553115478554E-003
   6.9321387342045990E-003   3.5001802101394673E-003  -5.2839937522897546E-003
   6.9932042590011732E-003   3.5518430518936312E-003  -5.2825964457839337E-003
   7.0534362880888190E-003   3.6044488571074771E-003  -5.2804211450824933E-003
   7.1134942012965243E-003   3.6572093512635150E-003  -5.2773589053740451E-003
   7.1732983029488863E-003   3.7102186804451832E-003  -5.2736873324491116E-003
   7.2322308098846091E-003   3.7640986200020172E-003  -5.2687973689960442E-003
   7.2910247122013501E-003   3.8179203509679615E-003  -5.2619784007343785E-003
   7.3488250001958397E-003   3.8725698931179786E-003  -5.2534605224899720E-003
   7.4059452591250007E-003   3.9277334158434743E-003  -5.2437516718772973E-003
   7.4631740335920488E-003   3.9824306952764826E-003  -5.2322158581701549E-003
   7.5210490512000617E-003   4.0363392154807061E-003  -5.2202011260616436E-003
   7.5785480426454350E-003   4.0903871312980167E-003  -5.2070600158057329E-003
   7.6370984534819379E-003   4.1430388517015790E-003  -5.1929304110359632E-003
   7.6953546059708678E-003   4.1958001403652172E-003  -5.1780150795699715E-003
   7.7542333541326192E-003   4.2476550952365803E-003  -5.1623831676160681E-003
   7.8127165784697104E-003   4.2998481933879751E-003  -5.1463958922859914E-003
   7.8712885453761754E-003   4.3521121363745289E-003  -5.1309749661495787E-003
   7.9307948263803371E-003   4.4034275223374915E-003  -5.1159505300275758E-003
   7.9895461055339428E-003   4.4551217480770901E-003  -5.0993374562055046E-003
   8.0480732633479574E-003   4.5072505999449210E-003  -5.0833014153547828E-003
   8.1059811476525100E-003   4.5598562965200821E-003  -5.0665886171564105E-003
   8.1633571516688160E-003   4.6125010794765883E-003  -5.0482441087225044E-003
   8.2209281141788874E-003   4.6648345344089542E-003  -5.0296217090092400E-003
   8.2778186040070242E-003   4.7175758223105962E-003  -5.0100812709949856E-003
   8.3333455412240177E-003   4.7714952710460013E-003  -4.9898463434511547E-003
   8.3892917592618878E-003   4.8247918824235311E-003  -4.9691221570784460E-003
   8.4447569878568600E-003   4.8784680551136371E-003  -4.9480870221118370E-003
   8.4995077832781020E-003   4.9323131915258939E-003  -4.9256582083342495E-003
   8.5549934538359344E-003   4.9853684648015874E-003  -4.9031531345843050E-003
   8.6103847789246266E-003   5.0382103025999620E-003  -4.8799251067419610E-003
   8.6652361549137708E-003   5.0915754792945668E-003  -4.8566123532736011E-003
   8.7200117374166691E-003   5.1448246892242316E-003  -4.8328603597702401E-003
   8.7752119385284492E-003   5.1973039170396624E-003  -4.8083885708067042E-003
   8.8302405328067497E-003   5.2495228444842407E-003  -4.7829909839462500E-003
   8.8842594779052243E-003   5.3019848959567593E-003  -4.7559782695331815E-003
   8.9386455632943229E-003   5.3539406753515036E-003  -4.7287248167852845E-003
   8.9918188850100066E-003   5.4062207196535822E-003  -4.6997525052537891E-003
   9.0437117242115981E-003   5.4595871079566498E-003  -4.6704410426075503E-003
   9.0955926428679477E-003   5.5126783875966718E-003  -4.6406134329603013E-003
   9.1468000927487289E-003   5.5652255086074184E-003  -4.6087293121907374E-003
   9.1975425799490380E-003   5.6185047264599971E-003  -4.5773203176258000E-003
   9.2482720516440832E-003   5.6716395888006697E-003  -4.5456468730106928E-003
   9.2977426888386974E-003   5.7250317892911335E-003  -4.5124515572422313E-003
   9.3460609869570974E-003   5.7790930928637617E-003  -4.4786474521765190E-003
   9.3946817181209327E-003   5.8328850328605679E-003  -4.4448472791065591E-003
   9.4430964016779355E-003   5.8862715493622981E-003  -4.4101212331519399E-003
   9.4913028416858964E-003   5.9387651712991974E-003  -4.3737817396015113E-003
   9.5382702578567444E-003   5.9924113580966595E-003  -4.3375029789679232E-003
   9.5851842492956311E-003   6.0456889004784032E-003  -4.3006169263105120E-003
   9.6324077189168401E-003   6.0979794083223524E-003  -4.2627269975147909E-003
   9.6795526881298787E-003   6.1494759075063285E-003  -4.2236698285653658E-003
   9.7257392509566658E-003   6.2002400967265513E-003  -4.1825626697545148E-003
   9.7715940185998783E-003   6.2509065474243434E-003  -4.1409663830499271E-003
   9.8167444332577358E-003   6.3016633734139064E-003  -4.0987149372295273E-003
   9.8614723254186257E-003   6.3518025109064666E-003  -4.0552927936609428E-003
   9.9050426996676443E-003   6.4018248741255970E-003  -4.0105783031834912E-003
   9.9473121902732380E-003   6.4515664974552382E-003  -3.9643283185461587E-003
   9.9893968484459274E-003   6.5010372773317924E-003  -3.9176215365851500E-003
   1.0030433661867256E-002   6.5500877834063446E-003  -3.8695587879369231E-003
   1.0071128954636535E-002   6.5982532876415539E-003  -3.8203248835366453E-003
   1.0110490725080348E-002   6.6472054250318185E-003  -3.7707835949485598E-003
   1.0150514995147537E-002   6.6956254260037438E-003  -3.7212501586240368E-003
   1.0189979774129018E-002   6.7441788703230254E-003  -3.6713994388865761E-003
   1.0228822033420650E-002   6.7921879731795498E-003  -3.6205427290499042E-003
   1.0267189101078706E-002   6.8405478439130694E-003  -3.5696576524262016E-003
   1.0304932092718055E-002   6.8885687139464396E-003  -3.5179908098660838E-003
   1.0342100068988338E-002   6.9371756217827150E-003  -3.4664552875727345E-003
   1.0379579835433951E-002   6.9845663547499189E-003  -3.4140207041532490E-003
   1.0416124551307958E-002   7.0313611136803289E-003  -3.3604041556782745E-003
   1.0452686846158370E-002   7.0788090917463502E-003  -3.3073769175442258E-003
   1.0488723269746276E-002   7.1260722580438855E-003  -3.2538272276598531E-003
   1.0525426889762697E-002   7.1721843565454501E-003  -3.1997299204598877E-003
   1.0561559333972429E-002   7.2180377204864978E-003  -3.1450315157201896E-003
   1.0596177981409594E-002   7.2639497470663788E-003  -3.0894110601561156E-003
   1.0628905927665562E-002   7.3110129817099473E-003  -3.0336084305153488E-003
   1.0661082485959521E-002   7.3574254176827711E-003  -2.9769466719575706E-003
   1.0692390364509653E-002   7.4042748185751388E-003  -2.9201580253898980E-003
   1.0723810935379387E-002   7.4503003120663051E-003  -2.8627611467960889E-003
   1.0754838867477638E-002   7.4953927724944729E-003  -2.8044178743412860E-003
   1.0785010734056206E-002   7.5399905117944435E-003  -2.7452511597470101E-003
   1.0814571968151774E-002   7.5846348996115379E-003  -2.6858120137489673E-003
   1.0843717057430391E-002   7.6295030050780553E-003  -2.6263358262229412E-003
   1.0872468308849954E-002   7.6751565004744334E-003  -2.5672670197512196E-003
   1.0900560651009278E-002   7.7206096390891139E-003  -2.5077285238752399E-003
   1.0928202352569503E-002   7.7668646866594472E-003  -2.4485981009174330E-003
   1.0954945477109951E-002   7.8130514598845676E-003  -2.3890029059166519E-003
   1.0980465354178627E-002   7.8596549552114644E-003  -2.3291961329080122E-003
   1.1006765525503838E-002   7.9061516440180560E-003  -2.2696448195822002E-003
   1.1031792548178937E-002   7.9531788189296671E-003  -2.2099615476055662E-003
   1.1056945376885133E-002   8.0001851309122411E-003  -2.1503147384813034E-003
   1.1082630602105152E-002   8.0474569708641284E-003  -2.0911062733651826E-003
   1.1109465023092773E-002   8.0951007208775148E-003  -2.0327111799044316E-003
   1.1135705796282451E-002   8.1432141757024588E-003  -1.9744315325798891E-003
   1.1161914050693047E-002   8.1911292271064466E-003  -1.9159740672569881E-003
   1.1187731527091686E-002   8.2399937516376386E-003  -1.8581319014250829E-003
   1.1213501337461037E-002   8.2875907688097425E-003  -1.7992214538815703E-003
   1.1239510447908850E-002   8.3353117815368801E-003  -1.7405168448590433E-003
   1.1265836630902384E-002   8.3834412094008371E-003  -1.6822889282804496E-003
   1.1292309823602881E-002   8.4321886649389392E-003  -1.6246447122806500E-003
   1.1316947607516208E-002   8.4812104994172015E-003  -1.5664223853585229E-003
   1.1340972638249973E-002   8.5304209077390614E-003  -1.5081031465712913E-003
   1.1365993783763885E-002   8.5797807395596136E-003  -1.4503316199984903E-003
   1.1391984167740003E-002   8.6288441505625434E-003  -1.3927357725871195E-003
   1.1418345505835243E-002   8.6775520277886237E-003  -1.3350069015547572E-003
   1.1445221618564753E-002   8.7261548486492705E-003  -1.2774270407728927E-003
   1.1471905792747900E-002   8.7746540646544066E-003  -1.2196708212334326E-003
   1.1498406258094772E-002   8.8237876114489588E-003  -1.1623679424683068E-003
   1.1524681215782274E-002   8.8729541602417770E-003  -1.1049895748061773E-003
   1.1551198917465517E-002   8.9217118124501442E-003  -1.0473744478836061E-003
   1.1577377117291515E-002   8.9705145808177452E-003  -9.8964238007165513E-004
   1.1603260273079778E-002   9.0193611366011003E-003  -9.3181439169588319E-004
   1.1628767926462252E-002   9.0682383492498297E-003  -8.7384562686468055E-004
   1.1654821312675857E-002   9.1170280715058422E-003  -8.1604611069661156E-004
   1.1681395411217065E-002   9.1643374925628254E-003  -7.5726145312571139E-004
   1.1706912132442401E-002   9.2120105651886906E-003  -6.9830235642226338E-004
   1.1733416009527521E-002   9.2599395359341894E-003  -6.3998976551094618E-004
   1.1759420491651944E-002   9.3072136866911015E-003  -5.8092267162809580E-004
   1.1785322196212727E-002   9.3558244840632309E-003  -5.2290463923407131E-004
   1.1811185542700900E-002   9.4037352005711984E-003  -4.6429021653017922E-004
   1.1836751618679888E-002   9.4527248473695973E-003  -4.0644222379444085E-004
   1.1861417911808491E-002   9.5020826214123333E-003  -3.4851654621066952E-004
   1.1885300337447238E-002   9.5509769343695410E-003  -2.8987376397464403E-004
   1.1908807864865718E-002   9.6002833298858455E-003  -2.3142485025492727E-004
   1.1933773927218406E-002   9.6499091647813048E-003  -1.7385773950818009E-004
   1.1958944727877736E-002   9.6985884487925909E-003  -1.1557602621447877E-004
   1.1985517708322565E-002   9.7475133238779498E-003  -5.8128369090780430E-005
   1.2012500000010482E-002   9.7953991113084640E-003   7.9719239340650969E-015
