   3.5527136787912302E-015   3.5421283062121110E-015   7.1340190668712113E-015
   5.8030820697410000E-005  -1.7804507449956482E-006  -5.5038657715750194E-005
   1.1622678814121774E-004  -3.0931932192810823E-006  -1.0991584855790760E-004
   1.7473061856773902E-004  -3.9188850195443278E-006  -1.6447425813459539E-004
   2.3367016985923413E-004  -4.4157399684523648E-006  -2.1856568469012883E-004
   2.9316193200024061E-004  -5.3786746087583139E-006  -2.7204281061099462E-004
   3.5271326249636335E-004  -6.8638855565555149E-006  -3.2544162319876412E-004
   4.1182090678750519E-004  -7.4735115832743640E-006  -3.7934816023185345E-004
   4.7133650361698708E-004  -6.8960159118555053E-006  -4.3280431266774007E-004
   5.3079227844389444E-004  -6.8016626664859931E-006  -4.8633002555192607E-004
   5.9039590121139312E-004  -7.2106152298618985E-006  -5.3968956935469272E-004
   6.5044069718825609E-004  -7.7448815920009244E-006  -5.9255105852995722E-004
   7.1060624906534768E-004  -7.5732442371895448E-006  -6.4527749310878534E-004
   7.7101259074313579E-004  -7.8461704029756442E-006  -6.9772746352746292E-004
   8.3120629063609063E-004  -8.9965273361264055E-006  -7.5040948294431676E-004
   8.9199082630506122E-004  -8.2781528586234210E-006  -8.0241644566934054E-004
   9.5289938437913974E-004  -7.7761851539891270E-006  -8.5428064889918288E-004
   1.0127710004652734E-003  -7.7323427627086510E-006  -9.0734087563782925E-004
   1.0722574340804028E-003  -7.2781353470767203E-006  -9.6083066821528354E-004
   1.1319065702637895E-003  -6.3764450939973250E-006  -1.0141332713286895E-003
   1.1917248496813610E-003  -5.1132870298820672E-006  -1.0672386183665310E-003
   1.2513355300122148E-003  -3.5423680910606947E-006  -1.1205687133047568E-003
   1.3113446431517156E-003  -3.1547183719209403E-006  -1.1734719840404842E-003
   1.3716521055902005E-003  -2.5499789166310128E-006  -1.2260328464734954E-003
   1.4327433026769467E-003  -1.5276385299944369E-006  -1.2776741134692088E-003
   1.4937228608158330E-003   6.2063234669895365E-007  -1.3294126718395353E-003
   1.5535145238049605E-003   3.4851125995738076E-006  -1.3824857515188018E-003
   1.6131451721697165E-003   6.9947127719205579E-006  -1.4357010546567181E-003
   1.6734379291619170E-003   1.1096214125826555E-005  -1.4881220536342018E-003
   1.7335498809438216E-003   1.6027408709012395E-005  -1.5406790376531331E-003
   1.7941321105512838E-003   2.1217900906159593E-005  -1.5926680005163894E-003
   1.8554578790527815E-003   2.6578994731056933E-005  -1.6437601602230002E-003
   1.9163288904360740E-003   3.3212726869395389E-005  -1.6952452412335912E-003
   1.9774973693212554E-003   3.8562988770931737E-005  -1.7465267376652457E-003
   2.0383412133462560E-003   4.4564841243362584E-005  -1.7981213538194255E-003
   2.0997452557466358E-003   5.0518619078199518E-005  -1.8490536236952608E-003
   2.1617566492185460E-003   5.6874464273076314E-005  -1.8991953259040672E-003
   2.2236657586238084E-003   6.3922755099115548E-005  -1.9493708554917447E-003
   2.2847972775403968E-003   7.1544289728367415E-005  -2.0004085827508818E-003
   2.3458886614201179E-003   7.8818786373551430E-005  -2.0515449154140152E-003
   2.4074862452903695E-003   8.5519408264931348E-005  -2.1021496516799203E-003
   2.4693860393485275E-003   9.1798085830090950E-005  -2.1524387529988586E-003
   2.5311945993495132E-003   9.8939311649522713E-005  -2.2027249816429424E-003
   2.5928965920005804E-003   1.0648526558699265E-004  -2.2530829270620222E-003
   2.6546267121567318E-003   1.1417011282561663E-004  -2.3033853663758444E-003
   2.7162675979092946E-003   1.2176416719130088E-004  -2.3538108712766216E-003
   2.7783264150529762E-003   1.2846984957446544E-004  -2.4038482275714583E-003
   2.8410693195730415E-003   1.3461165403189833E-004  -2.4530986711819459E-003
   2.9041859860772863E-003   1.4140446580260886E-004  -2.5017827971601922E-003
   2.9680106545938488E-003   1.4797316176828770E-004  -2.5495663081268292E-003
   3.0321483759226998E-003   1.5541275455088264E-004  -2.5967998254726107E-003
   3.0966217193145558E-003   1.6268940571196501E-004  -2.6435998076534727E-003
   3.1611121084096348E-003   1.7066474743648435E-004  -2.6902622511410677E-003
   3.2263674834744254E-003   1.7883630318000390E-004  -2.7358139986005960E-003
   3.2913525227092422E-003   1.8786473280932704E-004  -2.7815898890490901E-003
   3.3565195810061057E-003   1.9643374778906221E-004  -2.8271950037307030E-003
   3.4223547140072356E-003   2.0571866059629172E-004  -2.8716868643480168E-003
   3.4883171144240812E-003   2.1600993596497257E-004  -2.9157669210382311E-003
   3.5545775825492126E-003   2.2773564946419172E-004  -2.9590342064643302E-003
   3.6211476735778323E-003   2.4016318620324366E-004  -3.0016250425521727E-003
   3.6877177228786741E-003   2.5194477215119627E-004  -3.0443991323253973E-003
   3.7546754769595060E-003   2.6448942934757206E-004  -3.0863430323742618E-003
   3.8223783436092756E-003   2.7689823543870361E-004  -3.1271148780075354E-003
   3.8904906295585233E-003   2.9039209076056860E-004  -3.1668468846647773E-003
   3.9585383105507702E-003   3.0424453487508862E-004  -3.2065661861864600E-003
   4.0276197899372611E-003   3.1786819058333613E-004  -3.2445417731069605E-003
   4.0962169425742745E-003   3.3357228664944498E-004  -3.2825918981953211E-003
   4.1652720200909673E-003   3.4929034413603042E-004  -3.3197986038631887E-003
   4.2340245030607774E-003   3.6535207016809323E-004  -3.3574166453332827E-003
   4.3030652066098126E-003   3.8162039532004070E-004  -3.3944128996816771E-003
   4.3726960700211353E-003   3.9769600403284167E-004  -3.4303728451004580E-003
   4.4430100867009761E-003   4.1450729327323691E-004  -3.4646265981083399E-003
   4.5138158113738032E-003   4.3131379340877125E-004  -3.4978544617246788E-003
   4.5841410147602025E-003   4.4952211755974259E-004  -3.5313630083192117E-003
   4.6542088491969488E-003   4.6725944057856986E-004  -3.5656542018293836E-003
   4.7245404315569344E-003   4.8541174019016507E-004  -3.5991797525162148E-003
   4.7944003291759216E-003   5.0441627526696985E-004  -3.6332153567606804E-003
   4.8645608461655547E-003   5.2413452885020776E-004  -3.6662106947125805E-003
   4.9345611206090970E-003   5.4431380560380160E-004  -3.6992675904914496E-003
   5.0051379461060934E-003   5.6556106050307219E-004  -3.7303717038026265E-003
   5.0757918566047911E-003   5.8735283813435486E-004  -3.7609190990045590E-003
   5.1467036394891238E-003   6.0871244885845439E-004  -3.7911727944417960E-003
   5.2169592073677629E-003   6.3290634436142731E-004  -3.8208175343770415E-003
   5.2872302129806960E-003   6.5675008131779559E-004  -3.8507083687539709E-003
   5.3575810793903755E-003   6.8099528779057479E-004  -3.8800839633303338E-003
   5.4283463506829624E-003   7.0617015724965849E-004  -3.9076248843434355E-003
   5.4995107387455942E-003   7.3158607840586199E-004  -3.9338862785449832E-003
   5.5704753273399460E-003   7.5768358313986473E-004  -3.9600195411608093E-003
   5.6417768964504055E-003   7.8291656049225334E-004  -3.9860845194395382E-003
   5.7130092583928347E-003   8.0929213714820987E-004  -4.0111898887691825E-003
   5.7840923733439098E-003   8.3601371144061706E-004  -4.0363523257677990E-003
   5.8546318973823428E-003   8.6375232840188259E-004  -4.0619403051574809E-003
   5.9253462347300346E-003   8.9163605479765482E-004  -4.0868798377664585E-003
   5.9959993306803990E-003   9.2055982625392589E-004  -4.1107870639832686E-003
   6.0662233504505661E-003   9.5012767480500944E-004  -4.1351659358493907E-003
   6.1364208913938035E-003   9.7988250249211829E-004  -4.1593930996574628E-003
   6.2066410285452804E-003   1.0113808501069456E-003  -4.1812331187223370E-003
   6.2765147133004850E-003   1.0438466255227605E-003  -4.2027654577015657E-003
   6.3458504926933168E-003   1.0773003389234221E-003  -4.2245231862888541E-003
   6.4149639716591586E-003   1.1118555931199773E-003  -4.2452418111588843E-003
   6.4847135145626993E-003   1.1455184922070014E-003  -4.2652870223951157E-003
   6.5543909156397578E-003   1.1802181090638728E-003  -4.2837531095747325E-003
   6.6237635454009149E-003   1.2155299008627734E-003  -4.3022061742675165E-003
   6.6929447336409979E-003   1.2514986090848158E-003  -4.3201007328991905E-003
   6.7621652150590744E-003   1.2878268451684829E-003  -4.3370943850175045E-003
   6.8310025757689448E-003   1.3251570665955184E-003  -4.3534611913321319E-003
   6.8991080313034895E-003   1.3639584090497463E-003  -4.3694644012796345E-003
   6.9666749479573176E-003   1.4038731047228846E-003  -4.3850055998084971E-003
   7.0345043226533758E-003   1.4439282396794550E-003  -4.3989613187377079E-003
   7.1019016475239657E-003   1.4846858413721038E-003  -4.4129762575053685E-003
   7.1696388219216443E-003   1.5256148169201166E-003  -4.4246593290488290E-003
   7.2372372421187431E-003   1.5671943146177477E-003  -4.4347389599613688E-003
   7.3051097659538990E-003   1.6086125893547223E-003  -4.4435620561399198E-003
   7.3721781900381918E-003   1.6515246997774154E-003  -4.4513323370346265E-003
   7.4390056513798271E-003   1.6949238800192535E-003  -4.4584458147628103E-003
   7.5049659666074301E-003   1.7397064763505308E-003  -4.4650606380016158E-003
   7.5708255927273375E-003   1.7847900136060651E-003  -4.4705364312400842E-003
   7.6364310175022331E-003   1.8303092891605180E-003  -4.4754276272796663E-003
   7.7012256940925099E-003   1.8770646932294069E-003  -4.4793750407053556E-003
   7.7653584152102368E-003   1.9247713181236618E-003  -4.4827025068680916E-003
   7.8293100951935882E-003   1.9727828168739168E-003  -4.4849560860102007E-003
   7.8929859417397052E-003   2.0211878757585991E-003  -4.4864847577800746E-003
   7.9562738800140372E-003   2.0701218525428031E-003  -4.4868053729443837E-003
   8.0178849647570376E-003   2.1211476037294834E-003  -4.4874739168811748E-003
   8.0783600822324515E-003   2.1735182224273089E-003  -4.4871938145972599E-003
   8.1382334103580391E-003   2.2265704122468371E-003  -4.4863877520774018E-003
   8.1980597596537867E-003   2.2796406451331681E-003  -4.4843000943689546E-003
   8.2572306808446141E-003   2.3333758168581908E-003  -4.4809335828852976E-003
   8.3168231445095615E-003   2.3866074091000336E-003  -4.4770430990827975E-003
   8.3765735511585962E-003   2.4396017489891142E-003  -4.4724074925449201E-003
   8.4359117213419054E-003   2.4931199104540188E-003  -4.4685619815711857E-003
   8.4948933953501657E-003   2.5469101075898735E-003  -4.4632916094307076E-003
   8.5535501782864551E-003   2.6009509006739910E-003  -4.4570486535418109E-003
   8.6121928788518865E-003   2.6549012872349232E-003  -4.4499500999826951E-003
   8.6702646144768050E-003   2.7092722348656213E-003  -4.4414958953139794E-003
   8.7272671416819027E-003   2.7646969243434192E-003  -4.4326180752714524E-003
   8.7841351783370710E-003   2.8199893928959005E-003  -4.4221888217077579E-003
   8.8410529778305026E-003   2.8751418280875537E-003  -4.4112996991422281E-003
   8.8981145336375061E-003   2.9299883602186255E-003  -4.3996447961710304E-003
   8.9551138712683741E-003   2.9845611835655427E-003  -4.3864963187861981E-003
   9.0113812400840054E-003   3.0398756551909831E-003  -4.3732943324927233E-003
   9.0677501912822950E-003   3.0952298506338651E-003  -4.3607064659569794E-003
   9.1238454538953902E-003   3.1506418005045490E-003  -4.3471847307608395E-003
   9.1798237452515707E-003   3.2056983554013822E-003  -4.3318482818654313E-003
   9.2353459352136451E-003   3.2610151818414910E-003  -4.3158066131605147E-003
   9.2893968326326452E-003   3.3174899536722547E-003  -4.2988036535946735E-003
   9.3425521268087012E-003   3.3747892457399024E-003  -4.2817359697997232E-003
   9.3952263606964063E-003   3.4322795243130785E-003  -4.2638392395354290E-003
   9.4476678464689452E-003   3.4898784551158058E-003  -4.2456114107655594E-003
   9.4989706204187778E-003   3.5478824202745617E-003  -4.2255224732918048E-003
   9.5490737594366212E-003   3.6061674883267653E-003  -4.2033295396524594E-003
   9.5982981813089886E-003   3.6648097247728027E-003  -4.1801337555979349E-003
   9.6465922830489218E-003   3.7241784862591747E-003  -4.1568307536283275E-003
   9.6934121076075862E-003   3.7848239238369458E-003  -4.1338082662787500E-003
   9.7391636244479728E-003   3.8462812479214859E-003  -4.1107909678049391E-003
   9.7849423098254149E-003   3.9075412663720438E-003  -4.0873064602183198E-003
   9.8303800843233102E-003   3.9688757312569978E-003  -4.0633587656345605E-003
   9.8759652093223810E-003   4.0297793072955066E-003  -4.0386049619949146E-003
   9.9202395221172513E-003   4.0908076813433716E-003  -4.0118594427099004E-003
   9.9643416280748298E-003   4.1518316880617767E-003  -3.9848210470980992E-003
   1.0008683434183986E-002   4.2121803795846010E-003  -3.9566814011783927E-003
   1.0051834149202557E-002   4.2730490017746673E-003  -3.9278192004752795E-003
   1.0095285050262803E-002   4.3331090869997372E-003  -3.8977392179036022E-003
   1.0137715174154769E-002   4.3931726975792859E-003  -3.8662424358818486E-003
   1.0179707664464166E-002   4.4536126019103514E-003  -3.8348792612354376E-003
   1.0220992165411995E-002   4.5143972996903097E-003  -3.8032436723289260E-003
   1.0260824616918560E-002   4.5755353571717526E-003  -3.7704486461666536E-003
   1.0299722963791067E-002   4.6368497509162122E-003  -3.7368709195216739E-003
   1.0338407814094980E-002   4.6979817032925418E-003  -3.7027188073948075E-003
   1.0377048064448320E-002   4.7589664161380562E-003  -3.6682543931747334E-003
   1.0414965906783081E-002   4.8200548438989037E-003  -3.6331767475842247E-003
   1.0451503995346716E-002   4.8815365109409420E-003  -3.5973302315102525E-003
   1.0488193914464110E-002   4.9431297330805616E-003  -3.5618319946915909E-003
   1.0523963029866209E-002   5.0050116367174411E-003  -3.5258987178659528E-003
   1.0558511986816196E-002   5.0671333286356904E-003  -3.4891936097262337E-003
   1.0593362974597753E-002   5.1291004910668349E-003  -3.4525128323448350E-003
   1.0626660598311133E-002   5.1910316949660522E-003  -3.4143579604650263E-003
   1.0658774344615853E-002   5.2528320071826874E-003  -3.3749951771481664E-003
   1.0690750757606671E-002   5.3138970707076764E-003  -3.3343926276389840E-003
   1.0721685362574888E-002   5.3753178323970611E-003  -3.2935203847121214E-003
   1.0751955299675965E-002   5.4370060397666616E-003  -3.2525533737655741E-003
   1.0781704825629913E-002   5.4984928600189465E-003  -3.2109080062311997E-003
   1.0812411836623802E-002   5.5592887843738548E-003  -3.1689445093894507E-003
   1.0842557443851517E-002   5.6207617221851252E-003  -3.1275643175578266E-003
   1.0872351614036865E-002   5.6817633768489204E-003  -3.0852428625526588E-003
   1.0900454760829525E-002   5.7435286939697648E-003  -3.0428723687627758E-003
   1.0930100294085534E-002   5.8045811039623063E-003  -3.0005197350112529E-003
   1.0958430304358717E-002   5.8658822308144780E-003  -2.9576293822035863E-003
   1.0986144682578905E-002   5.9272233469010007E-003  -2.9143953595112231E-003
   1.1013347045996179E-002   5.9882414700089363E-003  -2.8703860414788502E-003
   1.1040394310231684E-002   6.0491768695950191E-003  -2.8261670118408318E-003
   1.1066021646385068E-002   6.1108536123448721E-003  -2.7821304469451149E-003
   1.1092056107702156E-002   6.1716400912204721E-003  -2.7371058891808389E-003
   1.1117436335640309E-002   6.2326910180581837E-003  -2.6920655919628516E-003
   1.1141988709837925E-002   6.2935046425660291E-003  -2.6462520132372941E-003
   1.1165981627858614E-002   6.3542748728427538E-003  -2.6000858027171040E-003
   1.1189382723969224E-002   6.4153984627795752E-003  -2.5540825914768901E-003
   1.1212788547076271E-002   6.4768182931199273E-003  -2.5084780752768661E-003
   1.1235148735768471E-002   6.5385563547121972E-003  -2.4627786911612681E-003
   1.1257595603904455E-002   6.6004179577233103E-003  -2.4172893497367981E-003
   1.1280055781628317E-002   6.6620106072549611E-003  -2.3714430200850118E-003
   1.1301935012058589E-002   6.7243920993320903E-003  -2.3263891776383809E-003
   1.1322340075143463E-002   6.7865074754003508E-003  -2.2802880555813539E-003
   1.1341675951938765E-002   6.8491548296220634E-003  -2.2344466673282657E-003
   1.1360717344505462E-002   6.9119959402489262E-003  -2.1887474311630020E-003
   1.1378847006790385E-002   6.9746232182480890E-003  -2.1423886197489712E-003
   1.1395068713911818E-002   7.0383795579428221E-003  -2.0968695537997508E-003
   1.1412025612399507E-002   7.1017909941790847E-003  -2.0511371436597557E-003
   1.1429041173766625E-002   7.1648912410036368E-003  -2.0049979029627490E-003
   1.1444466808835750E-002   7.2283464382302360E-003  -1.9587865653283754E-003
   1.1460719326519929E-002   7.2924134430356327E-003  -1.9137169018707424E-003
   1.1476630138008745E-002   7.3562176725042510E-003  -1.8681552252090812E-003
   1.1491033302703537E-002   7.4207262302840556E-003  -1.8230864464601993E-003
   1.1503993520395602E-002   7.4846627572246385E-003  -1.7767814437391692E-003
   1.1516544699283128E-002   7.5483233145914484E-003  -1.7299861305900663E-003
   1.1528206304070528E-002   7.6121833048046258E-003  -1.6832324288204444E-003
   1.1539841896928516E-002   7.6757259432507800E-003  -1.6360418992284317E-003
   1.1550644931211856E-002   7.7386904608447290E-003  -1.5878883533913301E-003
   1.1562413444863104E-002   7.8019893471852888E-003  -1.5404041131857379E-003
   1.1574060961469646E-002   7.8659044648115989E-003  -1.4937222848624024E-003
   1.1585076630824750E-002   7.9294419948195763E-003  -1.4463763524961714E-003
   1.1596502399826845E-002   7.9931815304874823E-003  -1.3994005778658019E-003
   1.1608320847760764E-002   8.0565759315710268E-003  -1.3520563681761202E-003
   1.1620372829859889E-002   8.1199422064873530E-003  -1.3047333829074221E-003
   1.1632520497685617E-002   8.1827720089939163E-003  -1.2567245286712596E-003
   1.1645408524514293E-002   8.2453186742627686E-003  -1.2085393293780492E-003
   1.1657213445037578E-002   8.3073747267942769E-003  -1.1594507340310454E-003
   1.1669812097358716E-002   8.3691929517338681E-003  -1.1102594642190022E-003
   1.1681977394853979E-002   8.4308624300487613E-003  -1.0607732946364935E-003
   1.1693817822670306E-002   8.4921521507889848E-003  -1.0107395620039740E-003
   1.1707160390671810E-002   8.5530156089687059E-003  -9.6056371785045030E-004
   1.1721344679343309E-002   8.6142692842937629E-003  -9.1109864723155074E-004
   1.1736351055360302E-002   8.6754451651654442E-003  -8.6178008804588442E-004
   1.1751210512450721E-002   8.7365088121554857E-003  -8.1227829462843964E-004
   1.1766686329685690E-002   8.7978671075445280E-003  -7.6333282831178909E-004
   1.1780477166992896E-002   8.8600230202675392E-003  -7.1489260418597768E-004
   1.1795750080951383E-002   8.9225902583560182E-003  -6.6743653168241455E-004
   1.1811276328768151E-002   8.9851087841394083E-003  -6.1999847141059011E-004
   1.1825700640487836E-002   9.0477879570763763E-003  -5.7242473379071274E-004
   1.1840677167487150E-002   9.1102230627644176E-003  -5.2470093246672820E-004
   1.1855610648651541E-002   9.1732292599320513E-003  -4.7771997612398257E-004
   1.1871740349671554E-002   9.2351390589513662E-003  -4.2968863704615932E-004
   1.1887897666534355E-002   9.2973731046861706E-003  -3.8208753768831057E-004
   1.1903588002894275E-002   9.3595743321391277E-003  -3.3428774013452187E-004
   1.1919711569131625E-002   9.4221290303173021E-003  -2.8709727132657405E-004
   1.1934171524086665E-002   9.4849424556084569E-003  -2.3971179561718572E-004
   1.1949992216722485E-002   9.5471040732230499E-003  -1.9190343882449551E-004
   1.1964767479430510E-002   9.6087444019528016E-003  -1.4309604712818189E-004
   1.1980737201670474E-002   9.6707276358723882E-003  -9.5105978503635247E-005
   1.1996320879966819E-002   9.7336032763556887E-003  -4.8161300366138234E-005
   1.2012500000010595E-002   9.7953991113085368E-003   7.9718013642151572E-015
