   3.5527136787912058E-015   3.5421283062121031E-015   7.1340190668711671E-015
   6.1696282554146747E-005  -6.4921374230792670E-006  -5.0511591437587373E-005
   1.2373675908079296E-004  -1.3258395698113559E-005  -1.0056353461218535E-004
   1.8633637722340705E-004  -1.9915667728589169E-005  -1.4992919610449168E-004
   2.4867692650360471E-004  -2.6640317595424957E-005  -1.9961254339216232E-004
   3.1154379372674580E-004  -3.4346829362538342E-005  -2.4848346198851106E-004
   3.7514971036535966E-004  -4.2142257317061082E-005  -2.9637415704265310E-004
   4.3947199079868592E-004  -4.9767198632268497E-005  -3.4332630824189753E-004
   5.0371577339297028E-004  -5.7211114171766149E-005  -3.9041478368852673E-004
   5.6830896027871918E-004  -6.6386125199386297E-005  -4.3671315712808916E-004
   6.3286249188160694E-004  -7.5471756512472359E-005  -4.8308440754564301E-004
   6.9769987512028307E-004  -8.4166943031322851E-005  -5.2913337570388217E-004
   7.6299428430854352E-004  -9.3460390405259773E-005  -5.7441330459205369E-004
   8.2847240541674728E-004  -1.0320636280943312E-004  -6.1933135974296164E-004
   8.9415231564062524E-004  -1.1341436581430309E-004  -6.6385041257825228E-004
   9.6045000856035485E-004  -1.2247932265143090E-004  -7.0769607919795392E-004
   1.0268518931630826E-003  -1.3043906007134060E-004  -7.5159861097368399E-004
   1.0936577973732020E-003  -1.3759204962151146E-004  -7.9502447768509913E-004
   1.1598074889053081E-003  -1.4464228669050267E-004  -8.3945996424800932E-004
   1.2261875197110469E-003  -1.5168791915323642E-004  -8.8355135303119477E-004
   1.2932821208794327E-003  -1.5927877945327436E-004  -9.2645465522046019E-004
   1.3601918757879499E-003  -1.6677197347340271E-004  -9.6966271885910347E-004
   1.4272247587732813E-003  -1.7350390340371328E-004  -1.0128052002981523E-003
   1.4942732060138440E-003  -1.8046840620613365E-004  -1.0558865352196909E-003
   1.5610878246265160E-003  -1.8667231179767259E-004  -1.0994447525079503E-003
   1.6281356593874914E-003  -1.9274189043567603E-004  -1.1426622034952315E-003
   1.6949544229848804E-003  -2.0029382730499118E-004  -1.1860006515247358E-003
   1.7621637960520760E-003  -2.0723447905796508E-004  -1.2288343710805511E-003
   1.8290108114734761E-003  -2.1447625948214997E-004  -1.2721821869242165E-003
   1.8953668782687217E-003  -2.2167959501817895E-004  -1.3162841636694014E-003
   1.9613052025433536E-003  -2.2970921725339770E-004  -1.3608673731957328E-003
   2.0272823999024185E-003  -2.3653779715079404E-004  -1.4055929801565145E-003
   2.0939086675163276E-003  -2.4352875217409036E-004  -1.4493201685783451E-003
   2.1605414315990371E-003  -2.5033373863793959E-004  -1.4930667901362916E-003
   2.2275695573555905E-003  -2.5654414223241778E-004  -1.5362948047760925E-003
   2.2945135559430583E-003  -2.6297915054622478E-004  -1.5796202214439117E-003
   2.3617576534379283E-003  -2.6832360697462144E-004  -1.6226279896544506E-003
   2.4294766568775119E-003  -2.7433315729824315E-004  -1.6647945863677454E-003
   2.4973360515157792E-003  -2.7964345315349991E-004  -1.7068291354456308E-003
   2.5660341605107302E-003  -2.8557767634672458E-004  -1.7473921089514544E-003
   2.6350503339103446E-003  -2.9147946109888968E-004  -1.7874163110163622E-003
   2.7044133891784552E-003  -2.9611329552492417E-004  -1.8270053770606796E-003
   2.7739357355755028E-003  -2.9948932828927099E-004  -1.8664419811369763E-003
   2.8440203434721249E-003  -3.0133453910497767E-004  -1.9049743430914620E-003
   2.9146713844306125E-003  -3.0258229835985231E-004  -1.9424826557810646E-003
   2.9851357588251770E-003  -3.0399401052410256E-004  -1.9803347232611153E-003
   3.0554433864660095E-003  -3.0545062416511561E-004  -2.0184754594717372E-003
   3.1258339147368858E-003  -3.0563525553180596E-004  -2.0564904494946331E-003
   3.1962803799342543E-003  -3.0529627425140196E-004  -2.0944006148532028E-003
   3.2666402764265517E-003  -3.0431264417603028E-004  -2.1324600083810485E-003
   3.3372606608770674E-003  -3.0229117820307512E-004  -2.1699923274441334E-003
   3.4082674040972279E-003  -2.9932758462048863E-004  -2.2067245955843385E-003
   3.4794263466311490E-003  -2.9518131230544983E-004  -2.2430455718492749E-003
   3.5505632243315981E-003  -2.9046763961739137E-004  -2.2793405565653909E-003
   3.6222812358123854E-003  -2.8514515582746269E-004  -2.3143862126133370E-003
   3.6940108705370068E-003  -2.8010089868015604E-004  -2.3494492267737543E-003
   3.7657673022207833E-003  -2.7568670373061575E-004  -2.3845423799416770E-003
   3.8377348397660499E-003  -2.7010610323930159E-004  -2.4190319501492968E-003
   3.9095838002492153E-003  -2.6452796554133127E-004  -2.4537682602394396E-003
   3.9813432391975854E-003  -2.5746349841493669E-004  -2.4884190356081748E-003
   4.0528796304926422E-003  -2.5067108821274229E-004  -2.5235816275407321E-003
   4.1239655777218437E-003  -2.4322340070096580E-004  -2.5595165696486381E-003
   4.1945197246337079E-003  -2.3431093049924490E-004  -2.5961591711663816E-003
   4.2656933358211193E-003  -2.2597234847135107E-004  -2.6317229884811402E-003
   4.3373018746981047E-003  -2.1724666317293496E-004  -2.6663073720338431E-003
   4.4095041779368691E-003  -2.0744191912237613E-004  -2.6993330346637753E-003
   4.4820029102960535E-003  -1.9690176000891149E-004  -2.7314708450214098E-003
   4.5541458601827530E-003  -1.8362141879429682E-004  -2.7633930524562146E-003
   4.6265453719289322E-003  -1.7009798961391723E-004  -2.7946248881977991E-003
   4.6988619080471717E-003  -1.5620486071459477E-004  -2.8258866789152245E-003
   4.7706790119402395E-003  -1.4129794485299299E-004  -2.8578254869287747E-003
   4.8426627951850326E-003  -1.2491207142153280E-004  -2.8886449302130790E-003
   4.9147101337262741E-003  -1.0750427963472073E-004  -2.9187472525153361E-003
   4.9865544619080394E-003  -8.9382571502638690E-005  -2.9489133957407068E-003
   5.0583110467034894E-003  -7.0223388424698393E-005  -2.9786441583473234E-003
   5.1298749425215569E-003  -5.0819016645296784E-005  -3.0086787913310353E-003
   5.2010587472613116E-003  -3.0071491532377819E-005  -3.0387188670561293E-003
   5.2725730033955929E-003  -9.0370882525137649E-006  -3.0677578932697467E-003
   5.3436828204962532E-003   1.2491751806029160E-005  -3.0974210513726387E-003
   5.4147401995428964E-003   3.5011883492357311E-005  -3.1264674376314697E-003
   5.4847736977542286E-003   5.8654757937994821E-005  -3.1570668430332973E-003
   5.5545865101081313E-003   8.2317456321062660E-005  -3.1881513720823933E-003
   5.6245979591249525E-003   1.0694112879481260E-004  -3.2180189425202173E-003
   5.6942437024196484E-003   1.3212277210015712E-004  -3.2482737815221212E-003
   5.7643907610317726E-003   1.5790692405522812E-004  -3.2768144135097528E-003
   5.8345146623091353E-003   1.8385219944855574E-004  -3.3052657958668502E-003
   5.9044363619110557E-003   2.1012942968885221E-004  -3.3339095228872777E-003
   5.9746290579081283E-003   2.3653640725618551E-004  -3.3617601416790549E-003
   6.0440176265435849E-003   2.6474241848627059E-004  -3.3898608083894584E-003
   6.1133322507491627E-003   2.9406977724167423E-004  -3.4169788632732734E-003
   6.1826846128222954E-003   3.2444598862271156E-004  -3.4428155746841823E-003
   6.2521854892741936E-003   3.5455387603397298E-004  -3.4685671435641992E-003
   6.3217070459844179E-003   3.8539604169128419E-004  -3.4933766973927415E-003
   6.3914728610731664E-003   4.1699511667363974E-004  -3.5164901024480016E-003
   6.4612638052173061E-003   4.4951863815339405E-004  -3.5382028793343040E-003
   6.5310708181526757E-003   4.8239365954135725E-004  -3.5593266551598615E-003
   6.6007342923690973E-003   5.1569033029315076E-004  -3.5802630367419955E-003
   6.6702427876362208E-003   5.4973673563522743E-004  -3.6004969534538895E-003
   6.7389955108128445E-003   5.8496221696432093E-004  -3.6212870597191454E-003
   6.8072154639836459E-003   6.2123423715839863E-004  -3.6420326260952511E-003
   6.8749026242347659E-003   6.5857978310405649E-004  -3.6626180223476648E-003
   6.9421320438150889E-003   6.9648491784185702E-004  -3.6836752280026376E-003
   7.0091804769260649E-003   7.3523064215449605E-004  -3.7037569724848703E-003
   7.0761090708330110E-003   7.7435725701106113E-004  -3.7234970670538573E-003
   7.1421111803660333E-003   8.1533772049767895E-004  -3.7425843179467741E-003
   7.2075373277494560E-003   8.5743165124343025E-004  -3.7612262127846587E-003
   7.2726554902803001E-003   9.0005903096015180E-004  -3.7797338162368038E-003
   7.3375469729886336E-003   9.4302379003157995E-004  -3.7982574486655910E-003
   7.4020545277390356E-003   9.8668754714882384E-004  -3.8164852212504981E-003
   7.4659313434998365E-003   1.0319550680721718E-003  -3.8329352656828485E-003
   7.5298248847886374E-003   1.0774666524360535E-003  -3.8486295661048853E-003
   7.5933672441271744E-003   1.1235700743436965E-003  -3.8640192723841727E-003
   7.6565747797949632E-003   1.1705821087337992E-003  -3.8779719086017984E-003
   7.7202539322447274E-003   1.2173682141532341E-003  -3.8904629405132349E-003
   7.7840021098599431E-003   1.2642390981464494E-003  -3.9022650625626129E-003
   7.8472050409004717E-003   1.3117503066505632E-003  -3.9144336524540926E-003
   7.9102032558186122E-003   1.3596371403919074E-003  -3.9261842297616143E-003
   7.9723222571880959E-003   1.4088920557557519E-003  -3.9369165634761368E-003
   8.0336635101942791E-003   1.4593308749988950E-003  -3.9465693449310026E-003
   8.0943615827147476E-003   1.5108557425207107E-003  -3.9543752418683157E-003
   8.1552349741289328E-003   1.5622346667223804E-003  -3.9617668837374810E-003
   8.2160602803348446E-003   1.6137141555135326E-003  -3.9688481516413215E-003
   8.2764665058200331E-003   1.6656398410170117E-003  -3.9762516046622188E-003
   8.3373110739266166E-003   1.7172722087104081E-003  -3.9819117404093487E-003
   8.3973390260609869E-003   1.7699338202958300E-003  -3.9867490559375249E-003
   8.4568480740751639E-003   1.8233532895254032E-003  -3.9889926053443278E-003
   8.5163890393708148E-003   1.8767488135482623E-003  -3.9909397749220967E-003
   8.5762231295714256E-003   1.9298229215270683E-003  -3.9926777929242688E-003
   8.6356078351114505E-003   1.9833976308544382E-003  -3.9944686784293216E-003
   8.6951403677185436E-003   2.0368328657578896E-003  -3.9952124762336078E-003
   8.7537855943545032E-003   2.0912450501240324E-003  -3.9954396045323312E-003
   8.8123542705620759E-003   2.1457397197496833E-003  -3.9952367525551251E-003
   8.8702884758331355E-003   2.2008845054294125E-003  -3.9935995379202609E-003
   8.9286600472028386E-003   2.2555555012291231E-003  -3.9916394674012912E-003
   8.9862563777109144E-003   2.3110073814071809E-003  -3.9888552802620986E-003
   9.0432205818499166E-003   2.3669575501676027E-003  -3.9838895917200176E-003
   9.0987033949223358E-003   2.4242381646000792E-003  -3.9775186682925430E-003
   9.1534955421227974E-003   2.4820263720596002E-003  -3.9698803647651229E-003
   9.2074681384473316E-003   2.5404973287250525E-003  -3.9616277243520182E-003
   9.2615264473682908E-003   2.5988134280044493E-003  -3.9528566470296775E-003
   9.3154582393601918E-003   2.6570614212320966E-003  -3.9429302627816635E-003
   9.3695645746601757E-003   2.7151761908811287E-003  -3.9331743402063980E-003
   9.4236312225887287E-003   2.7731792200469622E-003  -3.9225702755064035E-003
   9.4766097823561091E-003   2.8319823624742193E-003  -3.9109314331825500E-003
   9.5289454070811366E-003   2.8910049619978472E-003  -3.8976154604220326E-003
   9.5813847067282264E-003   2.9496195903581791E-003  -3.8829715130773595E-003
   9.6325939414052229E-003   3.0091368876695268E-003  -3.8676318388606201E-003
   9.6835350379228403E-003   3.0685366180636894E-003  -3.8509982368780736E-003
   9.7343284738555767E-003   3.1280383996172851E-003  -3.8342780437156769E-003
   9.7833916928418956E-003   3.1886299859054390E-003  -3.8163487321914826E-003
   9.8315864479643945E-003   3.2495694548255734E-003  -3.7972792091978706E-003
   9.8785189763568263E-003   3.3112869591993875E-003  -3.7775741988067347E-003
   9.9250487035511432E-003   3.3733816109850039E-003  -3.7581001465590595E-003
   9.9712956145050508E-003   3.4356615826510225E-003  -3.7385443711725271E-003
   1.0016887194240265E-002   3.4982702562012880E-003  -3.7185053627297191E-003
   1.0062520131756399E-002   3.5606726053334773E-003  -3.6979242590550248E-003
   1.0107665459410950E-002   3.6228759886794558E-003  -3.6757287977801445E-003
   1.0152948179219211E-002   3.6845279612524326E-003  -3.6523085169381125E-003
   1.0196832131297660E-002   3.7462486765718044E-003  -3.6265257307299872E-003
   1.0239996077879093E-002   3.8082535828080758E-003  -3.6002147957169169E-003
   1.0282821306848405E-002   3.8700650903530664E-003  -3.5729139292699267E-003
   1.0324963205188966E-002   3.9322698580979455E-003  -3.5454434491608445E-003
   1.0367009297623844E-002   3.9944289554941746E-003  -3.5177239124849495E-003
   1.0407911083421756E-002   4.0571364392398002E-003  -3.4895314417183673E-003
   1.0447715222219845E-002   4.1201866087039211E-003  -3.4605433982020594E-003
   1.0486782060606723E-002   4.1836141094365653E-003  -3.4313760486921474E-003
   1.0525246304758205E-002   4.2477978890244697E-003  -3.4030750881735732E-003
   1.0563156040793853E-002   4.3121301068696017E-003  -3.3743658970117520E-003
   1.0599618167800459E-002   4.3768340547184351E-003  -3.3446352321345441E-003
   1.0636030899368300E-002   4.4411874914256893E-003  -3.3140943061585647E-003
   1.0671316279332594E-002   4.5059298167959786E-003  -3.2830560513713854E-003
   1.0705215046995739E-002   4.5712260794507180E-003  -3.2516351722137915E-003
   1.0737880910432689E-002   4.6363944754313283E-003  -3.2186803314943530E-003
   1.0769842740793355E-002   4.7013702073081809E-003  -3.1846715728450622E-003
   1.0801588247504542E-002   4.7663744251469969E-003  -3.1505149561583366E-003
   1.0832106235339633E-002   4.8315599632424103E-003  -3.1155936440391244E-003
   1.0861916719609992E-002   4.8970273747854960E-003  -3.0805886006462662E-003
   1.0890787331777159E-002   4.9620783039389322E-003  -3.0440528048889868E-003
   1.0919543148397930E-002   5.0272101087533170E-003  -3.0075706036144993E-003
   1.0948026023060735E-002   5.0922944592687392E-003  -2.9707908107679828E-003
   1.0976226216888650E-002   5.1575286538727855E-003  -2.9340586868315936E-003
   1.1002969226709191E-002   5.2225557139353642E-003  -2.8958972811753310E-003
   1.1029549330480851E-002   5.2883547897036960E-003  -2.8589651850928744E-003
   1.1055476843892303E-002   5.3546616721764032E-003  -2.8224801007520812E-003
   1.1080557845496455E-002   5.4215386309439942E-003  -2.7864465643304289E-003
   1.1105260811108594E-002   5.4885657466814466E-003  -2.7504308837376680E-003
   1.1130160132196086E-002   5.5558992724811674E-003  -2.7151290409192534E-003
   1.1154461057408582E-002   5.6231083288366393E-003  -2.6791789675252729E-003
   1.1178112217548417E-002   5.6902640643062092E-003  -2.6426997978716690E-003
   1.1201935897835601E-002   5.7570962269039112E-003  -2.6057417906625250E-003
   1.1225682107554986E-002   5.8236615631968745E-003  -2.5682561462684892E-003
   1.1248819587699370E-002   5.8906603739204578E-003  -2.5311641474474126E-003
   1.1271768618788277E-002   5.9576617579203796E-003  -2.4939598935749909E-003
   1.1292615085029370E-002   6.0244337229691872E-003  -2.4551407032149144E-003
   1.1311915234179239E-002   6.0913461231023114E-003  -2.4157676800722443E-003
   1.1329829532247249E-002   6.1584122228451228E-003  -2.3760031709362667E-003
   1.1346736728430539E-002   6.2254625344863677E-003  -2.3357737983784274E-003
   1.1363031426694235E-002   6.2925594392513086E-003  -2.2953697368047498E-003
   1.1379056344111771E-002   6.3594288724707028E-003  -2.2544835420839500E-003
   1.1394714891193512E-002   6.4261826564091388E-003  -2.2132677413196772E-003
   1.1409802768000106E-002   6.4935336679923569E-003  -2.1728178066541177E-003
   1.1424068439233739E-002   6.5607594436747118E-003  -2.1318643488592842E-003
   1.1438602923171670E-002   6.6282570356032237E-003  -2.0914561336176089E-003
   1.1452742668763737E-002   6.6956233053988463E-003  -2.0506902988070125E-003
   1.1465875545923173E-002   6.7631803240734882E-003  -2.0099033307031371E-003
   1.1479137149004481E-002   6.8302335295526984E-003  -1.9683341411686484E-003
   1.1492061669407793E-002   6.8974049582191206E-003  -1.9268497351666700E-003
   1.1504531419156442E-002   6.9641784931699247E-003  -1.8845910039923333E-003
   1.1517804806613614E-002   7.0308696770066915E-003  -1.8424471646570832E-003
   1.1531360012418881E-002   7.0973860413731911E-003  -1.8001171556169268E-003
   1.1544480563993017E-002   7.1641516223908937E-003  -1.7580433119873714E-003
   1.1557894086019895E-002   7.2304803363878395E-003  -1.7153750670401487E-003
   1.1572093911038974E-002   7.2968792738344092E-003  -1.6730720402764309E-003
   1.1586626976256805E-002   7.3631177279296078E-003  -1.6306308196140644E-003
   1.1600008863728842E-002   7.4294595652946898E-003  -1.5879730455142659E-003
   1.1612777300503432E-002   7.4953747155774757E-003  -1.5444740801136493E-003
   1.1625487635852763E-002   7.5609019929555642E-003  -1.5003761969472780E-003
   1.1638146280856675E-002   7.6264932137206825E-003  -1.4563585815251892E-003
   1.1650156206198137E-002   7.6915375352601886E-003  -1.4113586046118382E-003
   1.1662306519595394E-002   7.7557604871719265E-003  -1.3652307135700557E-003
   1.1674317969052864E-002   7.8205313815298029E-003  -1.3198384639176866E-003
   1.1686509206708127E-002   7.8853352560696137E-003  -1.2745413163736739E-003
   1.1697473122557703E-002   7.9498881324687291E-003  -1.2285769966323072E-003
   1.1708910269189856E-002   8.0144880467847793E-003  -1.1827944371657366E-003
   1.1720694995573976E-002   8.0797307363834510E-003  -1.1380226639189266E-003
   1.1733107323157651E-002   8.1454950632757102E-003  -1.0941935932571145E-003
   1.1745333157439626E-002   8.2116442803814773E-003  -1.0508945164782297E-003
   1.1757135664164321E-002   8.2792503053076838E-003  -1.0097833716460392E-003
   1.1768162252744650E-002   8.3467418884873735E-003  -9.6827071643232267E-004
   1.1779293051256341E-002   8.4145943265269852E-003  -9.2737876151441096E-004
   1.1791723390538612E-002   8.4822285283219223E-003  -8.8649965423602171E-004
   1.1804301726443367E-002   8.5493934784052275E-003  -8.4489851310459892E-004
   1.1817296432904212E-002   8.6158459776776580E-003  -8.0229331452283631E-004
   1.1829190646693247E-002   8.6823885380503067E-003  -7.5950762371746101E-004
   1.1840398307550902E-002   8.7488363766657605E-003  -7.1639065389666405E-004
   1.1850969241562237E-002   8.8151671371764495E-003  -6.7293394489083703E-004
   1.1861642479057678E-002   8.8812508520333018E-003  -6.2912727151413566E-004
   1.1871822929909596E-002   8.9477573111556470E-003  -5.8584622121242934E-004
   1.1882039365258628E-002   9.0134729389613043E-003  -5.4138184546482571E-004
   1.1891962823286320E-002   9.0790971350149154E-003  -4.9671653600492558E-004
   1.1903200644149192E-002   9.1444319697732597E-003  -4.5193851964140834E-004
   1.1914076421483753E-002   9.2098231940115054E-003  -4.0715341873476382E-004
   1.1924837635342604E-002   9.2753904373064269E-003  -3.6259858869585785E-004
   1.1936284590091040E-002   9.3407004981342703E-003  -3.1783740931499088E-004
   1.1946903302055084E-002   9.4054423478567503E-003  -2.7205820170483138E-004
   1.1957429008323582E-002   9.4701558732497790E-003  -2.2621750863522589E-004
   1.1967630681849480E-002   9.5355720798883555E-003  -1.8131042939999821E-004
   1.1978275177185102E-002   9.6007260257749451E-003  -1.3612571901421345E-004
   1.1989748303743410E-002   9.6655998109034403E-003  -9.0741147051668806E-005
   1.2001071437039273E-002   9.7302961623721082E-003  -4.5066550612662424E-005
   1.2012500000010517E-002   9.7953991113084900E-003   7.9713918708482479E-015
