   3.5527136787911794E-015   3.5421283062120845E-015   7.1340190668710851E-015
   6.7645494603095859E-005  -1.2551312121695189E-005  -4.0823420029963934E-005
   1.3525918253659005E-004  -2.4274588247059880E-005  -8.1944631042912776E-005
   2.0306202222063451E-004  -3.6377109249541814E-005  -1.2264234490040322E-004
   2.7075792364607775E-004  -4.7828590379150898E-005  -1.6370484005388965E-004
   3.3796215933076378E-004  -5.8856257354360011E-005  -2.0568080066995590E-004
   4.0530474152022835E-004  -6.8377116330046669E-005  -2.4780359580064179E-004
   4.7258888813649948E-004  -7.7824764009828864E-005  -2.9003611360244128E-004
   5.4013128267309501E-004  -8.6261304895662462E-005  -3.3207002513365049E-004
   6.0733865584905737E-004  -9.5706087026261097E-005  -3.7442525012249271E-004
   6.7473999736510808E-004  -1.0551565887663617E-004  -4.1638751252574976E-004
   7.4300099405035273E-004  -1.1546464801778515E-004  -4.5690237336569803E-004
   8.1148042270239463E-004  -1.2504930812421244E-004  -4.9713547090476820E-004
   8.8074243605034915E-004  -1.3456001053064768E-004  -5.3602403024076320E-004
   9.5004327188247999E-004  -1.4287284675907174E-004  -5.7511739162762171E-004
   1.0191552663411363E-003  -1.5067205551045419E-004  -6.1464844998764402E-004
   1.0883232948191148E-003  -1.5821763114674369E-004  -6.5413070067948790E-004
   1.1569197333308214E-003  -1.6658762264857798E-004  -6.9443543814595916E-004
   1.2254633852494176E-003  -1.7423791326424536E-004  -7.3497234520313091E-004
   1.2937385166399372E-003  -1.7973174455064599E-004  -7.7630422445881093E-004
   1.3623999832442194E-003  -1.8495610270666154E-004  -8.1702656587467296E-004
   1.4304757661056610E-003  -1.9031096572795926E-004  -8.5870405682323206E-004
   1.4982810354669050E-003  -1.9555652852330501E-004  -9.0083396905239299E-004
   1.5660685661477549E-003  -2.0140641045559928E-004  -9.4291281838140958E-004
   1.6339923842475859E-003  -2.0782849511383249E-004  -9.8468735322812116E-004
   1.7021118415930893E-003  -2.1355290570401075E-004  -1.0262441896713287E-003
   1.7697933742700058E-003  -2.1971805856935635E-004  -1.0684484669594247E-003
   1.8376458666535037E-003  -2.2614393013206365E-004  -1.1103381728289458E-003
   1.9058574867187874E-003  -2.3325416024631165E-004  -1.1515282142063894E-003
   1.9737814094322177E-003  -2.3984541047986766E-004  -1.1932762218209835E-003
   2.0421859738477834E-003  -2.4542723366542609E-004  -1.2343816816784516E-003
   2.1102198459729080E-003  -2.5224120276737911E-004  -1.2759143442650051E-003
   2.1782437760296258E-003  -2.5881311049171137E-004  -1.3175022627518785E-003
   2.2466460556196371E-003  -2.6434891024887261E-004  -1.3586177471312801E-003
   2.3146490490153675E-003  -2.6811376761320856E-004  -1.4005870066337910E-003
   2.3832525525845729E-003  -2.7095969538008693E-004  -1.4416413608668664E-003
   2.4520380319335688E-003  -2.7353613731442893E-004  -1.4824080110426405E-003
   2.5205466263730943E-003  -2.7604912038263105E-004  -1.5236421886668610E-003
   2.5896980781504020E-003  -2.7844708013376353E-004  -1.5637959743544090E-003
   2.6592433946158057E-003  -2.8024710012441648E-004  -1.6032954539684896E-003
   2.7280746689532665E-003  -2.8188079838218933E-004  -1.6440334793011665E-003
   2.7968187894558427E-003  -2.8286244383155288E-004  -1.6849392524438478E-003
   2.8658223064480649E-003  -2.8251562753023334E-004  -1.7254163366769732E-003
   2.9351131922484581E-003  -2.8142802656104586E-004  -1.7653862035005195E-003
   3.0044620559266451E-003  -2.8001377886606704E-004  -1.8052451425542323E-003
   3.0743917433730238E-003  -2.7799176162635991E-004  -1.8440491405764198E-003
   3.1446014267462780E-003  -2.7519228321187746E-004  -1.8822952288431076E-003
   3.2153225628148694E-003  -2.7275067048358666E-004  -1.9196122419322238E-003
   3.2859087566615361E-003  -2.6975356197976716E-004  -1.9571436498925744E-003
   3.3560667327443700E-003  -2.6638112916244056E-004  -1.9954383634582405E-003
   3.4262285871647811E-003  -2.6286757189238687E-004  -2.0337132781999782E-003
   3.4963094036910732E-003  -2.6035056591782054E-004  -2.0722144967300180E-003
   3.5666666454033579E-003  -2.5803328337921589E-004  -2.1102209268935913E-003
   3.6377310191563869E-003  -2.5501510494246117E-004  -2.1468371169838718E-003
   3.7092237682287824E-003  -2.5259826970227986E-004  -2.1826553490699621E-003
   3.7809105998299311E-003  -2.5054116180201191E-004  -2.2181062513432852E-003
   3.8527450320898302E-003  -2.4871794392722384E-004  -2.2532700142645166E-003
   3.9248210536499848E-003  -2.4534414158687145E-004  -2.2878194656219663E-003
   3.9973394960498764E-003  -2.4119210284459942E-004  -2.3213431299137937E-003
   4.0700735193337483E-003  -2.3691974246855196E-004  -2.3543811201883293E-003
   4.1427993404910598E-003  -2.3173651721391847E-004  -2.3873066285401735E-003
   4.2153327080828480E-003  -2.2594288708674079E-004  -2.4205533493228677E-003
   4.2879701683221205E-003  -2.1918200733984025E-004  -2.4533876285535877E-003
   4.3608032907671655E-003  -2.1366964002875240E-004  -2.4860212011931690E-003
   4.4340823206498103E-003  -2.0760272966563150E-004  -2.5175390752941291E-003
   4.5077880068921626E-003  -2.0155625614609829E-004  -2.5480499252417571E-003
   4.5811576666898403E-003  -1.9508440902773564E-004  -2.5792750468343656E-003
   4.6549290726497486E-003  -1.8764078156786144E-004  -2.6093145555112648E-003
   4.7281452373859013E-003  -1.7851424803719379E-004  -2.6402354159253813E-003
   4.8012170267925491E-003  -1.6704697250636687E-004  -2.6707151660955784E-003
   4.8743989928412296E-003  -1.5450160805500704E-004  -2.7004979410744012E-003
   4.9477591518752723E-003  -1.4239608778235933E-004  -2.7300232425651340E-003
   5.0210415298428549E-003  -1.2922623733944359E-004  -2.7592849604315245E-003
   5.0942361312027624E-003  -1.1580541237627806E-004  -2.7886521493283830E-003
   5.1677795329548486E-003  -1.0243814269777476E-004  -2.8171597652051771E-003
   5.2409252828034972E-003  -8.8669373450816198E-005  -2.8464875724833849E-003
   5.3143151281379751E-003  -7.4074999765898658E-005  -2.8747883651164970E-003
   5.3876928110421253E-003  -5.8156258604895477E-005  -2.9023983148931173E-003
   5.4608247553325460E-003  -4.1283489272870284E-005  -2.9300935919337684E-003
   5.5336239909056662E-003  -2.3779131600191794E-005  -2.9582692687716932E-003
   5.6059572884847196E-003  -4.0682256590616973E-006  -2.9861865437649997E-003
   5.6781611148734772E-003   1.5959595266975659E-005  -3.0142132070257220E-003
   5.7503295178165138E-003   3.6036560006630198E-005  -3.0422958904243384E-003
   5.8225285031744782E-003   5.6867593241073503E-005  -3.0697435600762629E-003
   5.8947425716618547E-003   7.7796648536301050E-005  -3.0970767442148237E-003
   5.9674303140302273E-003   9.8623189624493754E-005  -3.1232061777973462E-003
   6.0401372654183272E-003   1.1959981157225813E-004  -3.1491615347292116E-003
   6.1125448248579052E-003   1.4260606054403196E-004  -3.1742186264780941E-003
   6.1844984399135033E-003   1.6714434459566847E-004  -3.1991294653356170E-003
   6.2565771586790180E-003   1.9223000001534178E-004  -3.2231162991058623E-003
   6.3281718404465063E-003   2.1833942746853245E-004  -3.2474576084412354E-003
   6.3993896479370930E-003   2.4465747195880777E-004  -3.2726644416851813E-003
   6.4712009091615922E-003   2.7040511560426556E-004  -3.2967518159520274E-003
   6.5424863996863154E-003   2.9846129703956295E-004  -3.3198002326418627E-003
   6.6138576774534439E-003   3.2717584598218580E-004  -3.3417459703371207E-003
   6.6848413299318713E-003   3.5747530625846152E-004  -3.3627998008467562E-003
   6.7561286721597889E-003   3.8756824963051312E-004  -3.3831106254013196E-003
   6.8269207880447859E-003   4.1953749415966403E-004  -3.4022533459309875E-003
   6.8973300931452356E-003   4.5259217579704156E-004  -3.4209594351729987E-003
   6.9674215226586738E-003   4.8620144293214275E-004  -3.4398699786675107E-003
   7.0369087623623483E-003   5.2120076543661024E-004  -3.4584863947112136E-003
   7.1063570894700596E-003   5.5651936786375910E-004  -3.4766392509909599E-003
   7.1756829717161026E-003   5.9264982678111991E-004  -3.4936248915682627E-003
   7.2450385899348636E-003   6.2919382513615949E-004  -3.5095727569999474E-003
   7.3143500243061333E-003   6.6610537754815491E-004  -3.5248522321533280E-003
   7.3833179407507736E-003   7.0384682074709230E-004  -3.5396512178195757E-003
   7.4518428071079605E-003   7.4248308265913155E-004  -3.5541970740910170E-003
   7.5196868896571772E-003   7.8226020978701307E-004  -3.5688586097878360E-003
   7.5872655127050999E-003   8.2280066600355162E-004  -3.5826281818796728E-003
   7.6543899854777716E-003   8.6445402457010015E-004  -3.5952497063215958E-003
   7.7218997955134927E-003   9.0569219522051222E-004  -3.6071593169698236E-003
   7.7895907378612451E-003   9.4678659385666580E-004  -3.6185253508453463E-003
   7.8571044042522950E-003   9.8822745337333231E-004  -3.6296859965744077E-003
   7.9241382463536361E-003   1.0308284203173887E-003  -3.6392579150762820E-003
   7.9904967227619628E-003   1.0747521656073666E-003  -3.6474589643342619E-003
   8.0565432935280363E-003   1.1193177430952109E-003  -3.6546533926511975E-003
   8.1223227878350138E-003   1.1644137160931401E-003  -3.6609312381226289E-003
   8.1883152466115522E-003   1.2093172518343963E-003  -3.6662854764549129E-003
   8.2541456475580168E-003   1.2544395176644180E-003  -3.6717936008594113E-003
   8.3200323334637703E-003   1.2995810228961715E-003  -3.6763967664611378E-003
   8.3853349951545034E-003   1.3455946626474789E-003  -3.6806754738478464E-003
   8.4495249683510815E-003   1.3932509115085971E-003  -3.6835959672728682E-003
   8.5135823576284811E-003   1.4410992200295392E-003  -3.6862774332323822E-003
   8.5766969076219342E-003   1.4901909599290093E-003  -3.6888376385217810E-003
   8.6387636840080072E-003   1.5406211295938075E-003  -3.6909620797057050E-003
   8.7000239804155659E-003   1.5920473671801260E-003  -3.6925489552621506E-003
   8.7609364179605659E-003   1.6439052199711016E-003  -3.6932108159720557E-003
   8.8210744763648728E-003   1.6966631033104808E-003  -3.6933510706058889E-003
   8.8807621444623331E-003   1.7499235576264713E-003  -3.6925106626007425E-003
   8.9396739227903879E-003   1.8039704156449607E-003  -3.6896228406623653E-003
   8.9979476825391216E-003   1.8586436334987822E-003  -3.6857488019182449E-003
   9.0550814767750582E-003   1.9145213110673854E-003  -3.6820861928777240E-003
   9.1115299112566085E-003   1.9711068440927942E-003  -3.6786727347133015E-003
   9.1671603234080717E-003   2.0285259632337785E-003  -3.6757914150116577E-003
   9.2218864439138678E-003   2.0868322080643334E-003  -3.6734604174815336E-003
   9.2764234474804648E-003   2.1452820869278088E-003  -3.6704064196083717E-003
   9.3309941099012379E-003   2.2036588255576087E-003  -3.6666382381623621E-003
   9.3845761120992053E-003   2.2628880269359272E-003  -3.6620697874888992E-003
   9.4372959491508188E-003   2.3228214866124397E-003  -3.6567219660978913E-003
   9.4897785337161294E-003   2.3828087988522419E-003  -3.6498589723241376E-003
   9.5416927546202093E-003   2.4433049100183448E-003  -3.6431407725311198E-003
   9.5935332875650928E-003   2.5039844802617556E-003  -3.6376136670253547E-003
   9.6441382771646541E-003   2.5655515042564457E-003  -3.6306396736993647E-003
   9.6938349527466525E-003   2.6277727762079478E-003  -3.6229745737125277E-003
   9.7434444364911318E-003   2.6899288778361842E-003  -3.6142844555646747E-003
   9.7917200862427684E-003   2.7529500588059680E-003  -3.6043954521076194E-003
   9.8399873001941123E-003   2.8157949062328162E-003  -3.5934044917414073E-003
   9.8871654027058182E-003   2.8796690012702110E-003  -3.5836923021418028E-003
   9.9329639466508180E-003   2.9444086301935271E-003  -3.5731436614394869E-003
   9.9776552255021467E-003   3.0097909586382044E-003  -3.5618369943935086E-003
   1.0021962087236307E-002   3.0754607671756901E-003  -3.5506844946411069E-003
   1.0065368198014693E-002   3.1413661589384584E-003  -3.5375547998351005E-003
   1.0108671321577578E-002   3.2071135218406160E-003  -3.5233377760546794E-003
   1.0151383887290744E-002   3.2731166084516193E-003  -3.5085313827575145E-003
   1.0193023180769008E-002   3.3393910685053248E-003  -3.4919825100140764E-003
   1.0233672831673594E-002   3.4062228319431762E-003  -3.4752158386334442E-003
   1.0273812617579908E-002   3.4732047254948319E-003  -3.4578312611717120E-003
   1.0312321220190365E-002   3.5406682355494635E-003  -3.4387063474145348E-003
   1.0350100337978722E-002   3.6084566630773815E-003  -3.4192778280001334E-003
   1.0388263670467262E-002   3.6762193860347728E-003  -3.4005222044719342E-003
   1.0426051152133353E-002   3.7436111166808421E-003  -3.3797746532949497E-003
   1.0464339948497835E-002   3.8108692144396259E-003  -3.3595183860623576E-003
   1.0501810950447785E-002   3.8784986626280949E-003  -3.3389713244165046E-003
   1.0537785170801684E-002   3.9467689921171695E-003  -3.3178758844233523E-003
   1.0573435105424953E-002   4.0152442867230605E-003  -3.2968945548234644E-003
   1.0607252309798273E-002   4.0844947527826627E-003  -3.2754290097092667E-003
   1.0641015861128937E-002   4.1532690224033563E-003  -3.2524046216321125E-003
   1.0674401114321021E-002   4.2216384215441067E-003  -3.2276851935091545E-003
   1.0707662432767663E-002   4.2899120150547160E-003  -3.2025376065181253E-003
   1.0739778743873479E-002   4.3587441418320317E-003  -3.1774242459309716E-003
   1.0771542341852406E-002   4.4278051964644904E-003  -3.1524914448384429E-003
   1.0802576565332978E-002   4.4969854300665807E-003  -3.1269772867192226E-003
   1.0833530142763132E-002   4.5662952082667387E-003  -3.1017180174160389E-003
   1.0864421538827843E-002   4.6355913063556497E-003  -3.0763453463582397E-003
   1.0894370478500379E-002   4.7050492211530882E-003  -3.0502942603703505E-003
   1.0924143420484160E-002   4.7744219545978505E-003  -3.0238179355036149E-003
   1.0953996378404929E-002   4.8441702675163806E-003  -2.9984412974695192E-003
   1.0982629859776440E-002   4.9139509347318555E-003  -2.9717807980406299E-003
   1.1011528656026236E-002   4.9830738772626039E-003  -2.9437294453294230E-003
   1.1040075641946366E-002   5.0521282962055986E-003  -2.9151539871138401E-003
   1.1068010388213390E-002   5.1210842101852838E-003  -2.8857476632242829E-003
   1.1094435655854145E-002   5.1899553926937911E-003  -2.8547885701133303E-003
   1.1120420933150375E-002   5.2590029192439575E-003  -2.8238498492174917E-003
   1.1145120457360781E-002   5.3281514267227983E-003  -2.7920942605514825E-003
   1.1169033642711258E-002   5.3976310945566828E-003  -2.7604598595514823E-003
   1.1192792503858151E-002   5.4671004812175787E-003  -2.7286869019204373E-003
   1.1215683573623635E-002   5.5368373485714358E-003  -2.6968628818995395E-003
   1.1237533681200444E-002   5.6061791396352654E-003  -2.6634819171088716E-003
   1.1258042931190123E-002   5.6761299613522827E-003  -2.6305235614609746E-003
   1.1279945411827389E-002   5.7454749499241979E-003  -2.5971835869759443E-003
   1.1300381839354733E-002   5.8146454190245401E-003  -2.5625743592780979E-003
   1.1319583393835625E-002   5.8833463860318144E-003  -2.5263600328299463E-003
   1.1338606743100667E-002   5.9517456531801103E-003  -2.4894865677317492E-003
   1.1357260688415544E-002   6.0202302259522280E-003  -2.4525827247355385E-003
   1.1375701485272539E-002   6.0887445342032165E-003  -2.4156269866651989E-003
   1.1393515552881013E-002   6.1575498929104019E-003  -2.3789053090722051E-003
   1.1411231860723769E-002   6.2258594789512288E-003  -2.3412233122874046E-003
   1.1429087376791297E-002   6.2942871676644674E-003  -2.3038223500603883E-003
   1.1447644032264771E-002   6.3628341436348683E-003  -2.2669853765280275E-003
   1.1465625099257144E-002   6.4307247486933257E-003  -2.2286768008031505E-003
   1.1483736752439104E-002   6.4984910336773633E-003  -2.1902099496095744E-003
   1.1501612023995978E-002   6.5661249878100972E-003  -2.1514011501906410E-003
   1.1520046998397836E-002   6.6336344654591897E-003  -2.1126374797650511E-003
   1.1538022510453673E-002   6.7010011170414085E-003  -2.0734122937193784E-003
   1.1555895723486736E-002   6.7677613387916342E-003  -2.0331181123836549E-003
   1.1573171247576052E-002   6.8345991009400101E-003  -1.9926920092035601E-003
   1.1589404310241145E-002   6.9020327290049335E-003  -1.9528273195572698E-003
   1.1604456426554862E-002   6.9692097621892107E-003  -1.9120758779128328E-003
   1.1618965467067380E-002   7.0367261408871363E-003  -1.8716899105354786E-003
   1.1633696788995396E-002   7.1041215571990782E-003  -1.8311825530226340E-003
   1.1648500143993396E-002   7.1707717772917070E-003  -1.7894859243531578E-003
   1.1663489339991773E-002   7.2375027755380581E-003  -1.7479853475271269E-003
   1.1677189384129049E-002   7.3045688989702567E-003  -1.7065795040214218E-003
   1.1690739213739192E-002   7.3710558790622046E-003  -1.6642016372434600E-003
   1.1703545909939368E-002   7.4381947210866292E-003  -1.6226280348920900E-003
   1.1716012163835346E-002   7.5054870587469959E-003  -1.5811993755920136E-003
   1.1726785894576089E-002   7.5723869615695735E-003  -1.5386749151804662E-003
   1.1736301046818380E-002   7.6389752102907198E-003  -1.4953682527336035E-003
   1.1745797172031282E-002   7.7055392776871354E-003  -1.4520202593423916E-003
   1.1754886264339598E-002   7.7719266792710545E-003  -1.4083155535110979E-003
   1.1763328212084818E-002   7.8383889797098462E-003  -1.3645948931644549E-003
   1.1772383242961430E-002   7.9047557506219633E-003  -1.3208518006688715E-003
   1.1782021996918746E-002   7.9702358046560423E-003  -1.2759134324597885E-003
   1.1790508970317054E-002   8.0363323115964433E-003  -1.2316503207658795E-003
   1.1798099038360153E-002   8.1022867426703213E-003  -1.1870139690946845E-003
   1.1805573657988146E-002   8.1686655957418884E-003  -1.1429914983664637E-003
   1.1812042866170980E-002   8.2345668871486571E-003  -1.0981008631077550E-003
   1.1818195540590399E-002   8.3010505141364928E-003  -1.0540319177976131E-003
   1.1824688645239835E-002   8.3672408469394940E-003  -1.0095720546158178E-003
   1.1832199489726376E-002   8.4335833698793525E-003  -9.6550101122530347E-004
   1.1838067504852333E-002   8.5003291068821048E-003  -9.2179090953897476E-004
   1.1844436597327422E-002   8.5667946953182066E-003  -8.7772550119931154E-004
   1.1851375632484997E-002   8.6331181120260087E-003  -8.3353212851697983E-004
   1.1857969891585222E-002   8.6993551099402260E-003  -7.8915673156656195E-004
   1.1865123637059567E-002   8.7647833608891588E-003  -7.4368181640929818E-004
   1.1873132741587069E-002   8.8300471396934935E-003  -6.9811325911080062E-004
   1.1879983755916403E-002   8.8948821758163404E-003  -6.5175075600901644E-004
   1.1886666855859299E-002   8.9596425537603122E-003  -6.0525957809886156E-004
   1.1894743187582659E-002   9.0237673222769866E-003  -5.5811313678754695E-004
   1.1902349567741475E-002   9.0886147367520292E-003  -5.1188591739418569E-004
   1.1909832838021668E-002   9.1536077906161934E-003  -4.6584350634247166E-004
   1.1917657611960373E-002   9.2185028449997854E-003  -4.1971970736005707E-004
   1.1924883436702040E-002   9.2831704956807242E-003  -3.7318066558842528E-004
   1.1933105557546491E-002   9.3478487092232884E-003  -3.2682200491242653E-004
   1.1941600290441686E-002   9.4124002648891449E-003  -2.8033613423277730E-004
   1.1951125844698108E-002   9.4760011144201569E-003  -2.3275256818962290E-004
   1.1961745348903310E-002   9.5398722846119950E-003  -1.8576640269489582E-004
   1.1973133149970776E-002   9.6040073632341627E-003  -1.3932278445558883E-004
   1.1985152046176208E-002   9.6681129968255071E-003  -9.2997695378520707E-005
   1.1998304402703028E-002   9.7320654697583189E-003  -4.6768951891024171E-005
   1.2012500000010444E-002   9.7953991113084917E-003   7.9714954714585757E-015
