   3.5527136787911466E-015   3.5421283062121618E-015   7.1340190668710567E-015
   4.5313248785219047E-005   7.8299640037189958E-006  -6.5462975389759214E-005
   9.0164025306754806E-005   1.5851202828541229E-005  -1.3122061804353313E-004
   1.3430535106760468E-004   2.5280551784117081E-005  -1.9727083178589078E-004
   1.7799062707458090E-004   3.4550088458929424E-005  -2.6364607075438854E-004
   2.2169749925676880E-004   4.4283598940757067E-005  -3.2994062633981197E-004
   2.6523259232746107E-004   5.2706734202475746E-005  -3.9652700981939240E-004
   3.0831470412634129E-004   6.2018970287670293E-005  -4.6328937866955673E-004
   3.5101573635178259E-004   7.1309252149467394E-005  -5.3029917280650470E-004
   3.9408611938609062E-004   8.0957676328234442E-005  -5.9702135816269979E-004
   4.3681002261896815E-004   9.0432401024929983E-005  -6.6399073690044533E-004
   4.7943949368268009E-004   1.0089007525270571E-004  -7.3087395788180409E-004
   5.2225313231173728E-004   1.1182528137592809E-004  -7.9756288957096586E-004
   5.6468826852805736E-004   1.2381473780850500E-004  -8.6431251241076605E-004
   6.0746087494328502E-004   1.3589627611228423E-004  -9.3082973251488641E-004
   6.4954887317205258E-004   1.4855788667558791E-004  -9.9767495697628363E-004
   6.9183529573547736E-004   1.6176962520665812E-004  -1.0642880820095240E-003
   7.3350373213918092E-004   1.7704167071240783E-004  -1.1308501284790818E-003
   7.7523945596555367E-004   1.9176471205557810E-004  -1.1974936683677802E-003
   8.1814140066841033E-004   2.0673136148125859E-004  -1.2633375939577281E-003
   8.6227034497369766E-004   2.2176468082165166E-004  -1.3283501741932922E-003
   9.0563761687681768E-004   2.3725368433661275E-004  -1.3937670720082895E-003
   9.4905605443032645E-004   2.5125451208292117E-004  -1.4594847719790881E-003
   9.9208261917219619E-004   2.6550092627478165E-004  -1.5254071081366412E-003
   1.0352514274932579E-003   2.7895011007698537E-004  -1.5914038765536076E-003
   1.0792006066355530E-003   2.9126771850328329E-004  -1.6571058261150423E-003
   1.1225370889147020E-003   3.0485371277726891E-004  -1.7229645389784125E-003
   1.1658880410473462E-003   3.1915535283082028E-004  -1.7886620126499188E-003
   1.2097031222235719E-003   3.3373417737085474E-004  -1.8539896218930021E-003
   1.2538757379627120E-003   3.4961437013449173E-004  -1.9187707880815254E-003
   1.2994480464473624E-003   3.6608446106453440E-004  -1.9824253308668815E-003
   1.3456827009225678E-003   3.8358348513070108E-004  -2.0453231915226688E-003
   1.3923798620863320E-003   4.0103463771792251E-004  -2.1078918131168679E-003
   1.4387610387405045E-003   4.1915961323220010E-004  -2.1705038862545483E-003
   1.4852966019319651E-003   4.3807211230382674E-004  -2.2327675091997927E-003
   1.5317016050178575E-003   4.5705486465166692E-004  -2.2951071499608235E-003
   1.5786828126395601E-003   4.7587520965263462E-004  -2.3570632693785472E-003
   1.6262692697245962E-003   4.9525839008770058E-004  -2.4183806520580967E-003
   1.6743284937025039E-003   5.1479289701135064E-004  -2.4792798641120229E-003
   1.7223878385504180E-003   5.3593844808530737E-004  -2.5396385009965956E-003
   1.7710063148870863E-003   5.5783116200246977E-004  -2.5992786958402361E-003
   1.8196972518883313E-003   5.8063826224863022E-004  -2.6585157521491244E-003
   1.8688207927510564E-003   6.0290200330655056E-004  -2.7176021596733114E-003
   1.9177003661824395E-003   6.2523941247659247E-004  -2.7768628332896189E-003
   1.9668538661889051E-003   6.4662666765711565E-004  -2.8362473326599834E-003
   2.0173461694781838E-003   6.6906990855735956E-004  -2.8940991109301143E-003
   2.0677493368581011E-003   6.9328955982150982E-004  -2.9513086310919024E-003
   2.1187313451544380E-003   7.1829050272052190E-004  -3.0076627587996415E-003
   2.1704425603975988E-003   7.4360910536253424E-004  -3.0632048021809397E-003
   2.2233706252033124E-003   7.6918392987947539E-004  -3.1174684945091341E-003
   2.2759001298972535E-003   7.9413317510070957E-004  -3.1724065168465790E-003
   2.3292362859079108E-003   8.1841319316250784E-004  -3.2268650807030352E-003
   2.3835595506018054E-003   8.4245068880548434E-004  -3.2804484896063408E-003
   2.4380000381996935E-003   8.6632889810433068E-004  -3.3339841265739053E-003
   2.4934766867409182E-003   8.9079806657790144E-004  -3.3861722600250000E-003
   2.5493461130621097E-003   9.1520986168390516E-004  -3.4379667718207286E-003
   2.6052774573423086E-003   9.3998877461093399E-004  -3.4895195622926065E-003
   2.6613370778072343E-003   9.6593519339644980E-004  -3.5403536288309634E-003
   2.7165763462117720E-003   9.9258477151989888E-004  -3.5917192125747262E-003
   2.7709711812114665E-003   1.0201294726696960E-003  -3.6435119859270304E-003
   2.8254144206974678E-003   1.0490154221923442E-003  -3.6945172364579418E-003
   2.8791695056814290E-003   1.0785735919382881E-003  -3.7458660966859592E-003
   2.9332358966781343E-003   1.1084571550636154E-003  -3.7966971702245388E-003
   2.9875982250488781E-003   1.1391024442957615E-003  -3.8467531736969887E-003
   3.0417697910865731E-003   1.1708959458539146E-003  -3.8962972419742115E-003
   3.0966570967584607E-003   1.2032737598852497E-003  -3.9446610799694333E-003
   3.1519760054062596E-003   1.2365846360909757E-003  -3.9918861143778753E-003
   3.2077259287921515E-003   1.2719318771574613E-003  -4.0370803463110798E-003
   3.2642985713881361E-003   1.3074137311831205E-003  -4.0811322945802616E-003
   3.3207540111205650E-003   1.3429933697681137E-003  -4.1252556741927342E-003
   3.3759820991925479E-003   1.3805001646909839E-003  -4.1693362666564340E-003
   3.4310646112640894E-003   1.4175343504984888E-003  -4.2139948148661220E-003
   3.4863931620792588E-003   1.4559269725552438E-003  -4.2571776592611700E-003
   3.5421188904394829E-003   1.4945137266113701E-003  -4.2996712541280464E-003
   3.5985717606974734E-003   1.5335559416468326E-003  -4.3407660091184155E-003
   3.6554716410890096E-003   1.5735992065248484E-003  -4.3802494304059992E-003
   3.7129134695165177E-003   1.6141340879421307E-003  -4.4184248117469984E-003
   3.7711142035095229E-003   1.6543112805955181E-003  -4.4558209044363462E-003
   3.8298133716060498E-003   1.6939198061307610E-003  -4.4930441815713290E-003
   3.8893165361583541E-003   1.7333990599941939E-003  -4.5291102587823890E-003
   3.9488537832278571E-003   1.7739838418609653E-003  -4.5638693106538125E-003
   4.0087900229125025E-003   1.8151682018761547E-003  -4.5972084119073470E-003
   4.0693144154778033E-003   1.8559148890980111E-003  -4.6300185534551867E-003
   4.1298647640317454E-003   1.8965036761249645E-003  -4.6629761877656573E-003
   4.1902753332828703E-003   1.9374333014331516E-003  -4.6957683955770255E-003
   4.2506108809142653E-003   1.9790529026806870E-003  -4.7278219521300850E-003
   4.3109696255133117E-003   2.0209842960236847E-003  -4.7594222718221994E-003
   4.3713510423924280E-003   2.0633249860449098E-003  -4.7904279239986648E-003
   4.4309346530793312E-003   2.1061360500941400E-003  -4.8223184575283060E-003
   4.4910628413521916E-003   2.1488838789155127E-003  -4.8532574960907446E-003
   4.5516360779351171E-003   2.1920459710599049E-003  -4.8827179239726917E-003
   4.6125701465871381E-003   2.2351357982889775E-003  -4.9115329561362463E-003
   4.6732041101942949E-003   2.2787505561435288E-003  -4.9401908581112397E-003
   4.7337820419716386E-003   2.3226524961691896E-003  -4.9685269452015091E-003
   4.7945138126113795E-003   2.3668406445975327E-003  -4.9960779812527048E-003
   4.8556530058847273E-003   2.4110040018629235E-003  -5.0227537551355726E-003
   4.9164763390383386E-003   2.4558873482981927E-003  -5.0489454972254110E-003
   4.9774438915873116E-003   2.5013938613000987E-003  -5.0736864516751825E-003
   5.0389555325184793E-003   2.5465749651524157E-003  -5.0976653149134490E-003
   5.0998872234781605E-003   2.5931756119970169E-003  -5.1203745362659531E-003
   5.1610494818866617E-003   2.6394898463230230E-003  -5.1430498499099014E-003
   5.2212337544469680E-003   2.6872445185187090E-003  -5.1653510746853520E-003
   5.2817938428538378E-003   2.7347393207489243E-003  -5.1871849806523858E-003
   5.3426887984856803E-003   2.7820216737010762E-003  -5.2085434329382290E-003
   5.4031927493054591E-003   2.8300416499184673E-003  -5.2293605849116874E-003
   5.4635545960390920E-003   2.8788565899942539E-003  -5.2486880031191938E-003
   5.5235635842509692E-003   2.9285432831527743E-003  -5.2668581389235256E-003
   5.5838984250213431E-003   2.9786137225505812E-003  -5.2827533613564433E-003
   5.6443678495821589E-003   3.0286583848731174E-003  -5.2982123543780478E-003
   5.7044864457249274E-003   3.0793923925094020E-003  -5.3127662154176724E-003
   5.7643158778195860E-003   3.1300710639823844E-003  -5.3286442287807552E-003
   5.8243514864021149E-003   3.1809016952828954E-003  -5.3432035084679677E-003
   5.8842699067311313E-003   3.2321908392900110E-003  -5.3565903158688437E-003
   5.9438899864720065E-003   3.2841993879668919E-003  -5.3684459875697806E-003
   6.0037710803160999E-003   3.3363707520917001E-003  -5.3780586545164842E-003
   6.0638096637221778E-003   3.3883170129476565E-003  -5.3879052016920581E-003
   6.1241116811668423E-003   3.4400736230295490E-003  -5.3971204065487036E-003
   6.1834731042594389E-003   3.4930402543369449E-003  -5.4055321496479791E-003
   6.2426415677794955E-003   3.5463586949644821E-003  -5.4130312702994300E-003
   6.3016732336909197E-003   3.6000604934474513E-003  -5.4186329903298733E-003
   6.3607185803879491E-003   3.6538318998678002E-003  -5.4233534658267163E-003
   6.4200048295359807E-003   3.7073555000955551E-003  -5.4278662118878397E-003
   6.4788850271933615E-003   3.7614497174343693E-003  -5.4305002170759288E-003
   6.5372507361509888E-003   3.8161163768678928E-003  -5.4327363661311528E-003
   6.5959329381652049E-003   3.8704891352362453E-003  -5.4327844071338080E-003
   6.6547322440817262E-003   3.9247162152178392E-003  -5.4313472493055844E-003
   6.7138105046574423E-003   3.9785883538559922E-003  -5.4285991937703965E-003
   6.7723694922323481E-003   4.0329175755676929E-003  -5.4242196233681194E-003
   6.8308487626577673E-003   4.0871899387797395E-003  -5.4183301816134889E-003
   6.8888115142040065E-003   4.1418818790917144E-003  -5.4113222503119141E-003
   6.9459304416823768E-003   4.1972768991223302E-003  -5.4030264753904675E-003
   7.0039320406920357E-003   4.2518273673294521E-003  -5.3952765766847842E-003
   7.0621769825683746E-003   4.3058565640303305E-003  -5.3858759038666187E-003
   7.1199102285069262E-003   4.3604392607600592E-003  -5.3765163347818650E-003
   7.1767398684568461E-003   4.4155415643931575E-003  -5.3649349635864953E-003
   7.2334400614150699E-003   4.4706755528503258E-003  -5.3528796147522982E-003
   7.2900557536466201E-003   4.5260410952050823E-003  -5.3415077145425325E-003
   7.3467922217894241E-003   4.5811878576721169E-003  -5.3296836810046051E-003
   7.4036959656880452E-003   4.6361469612251046E-003  -5.3177899486976160E-003
   7.4597918824186185E-003   4.6915993051621658E-003  -5.3044375828383379E-003
   7.5155388122581986E-003   4.7473609206800209E-003  -5.2909127148141038E-003
   7.5709625612926249E-003   4.8034121169951809E-003  -5.2772572605640916E-003
   7.6252719131699427E-003   4.8603395879104330E-003  -5.2627742583628428E-003
   7.6793260362229667E-003   4.9174498578955349E-003  -5.2480579800288250E-003
   7.7323806739405523E-003   4.9749012022876037E-003  -5.2311894162250412E-003
   7.7854679103147011E-003   5.0323712157916232E-003  -5.2144878330414729E-003
   7.8376314253816737E-003   5.0903010826103233E-003  -5.1965128997475104E-003
   7.8890068139998056E-003   5.1481310280730016E-003  -5.1761102809807832E-003
   7.9398228183156314E-003   5.2060297492991306E-003  -5.1545354858053153E-003
   7.9914004767812699E-003   5.2629535927356287E-003  -5.1321877522827949E-003
   8.0424024099669377E-003   5.3202482877101045E-003  -5.1094694614167583E-003
   8.0929435861411235E-003   5.3776436019868055E-003  -5.0859882473937848E-003
   8.1433716655816227E-003   5.4347054427607245E-003  -5.0614738610980725E-003
   8.1939045719941969E-003   5.4912021151048091E-003  -5.0358896593700559E-003
   8.2451026074122843E-003   5.5467499903044471E-003  -5.0095610677622238E-003
   8.2955608561216428E-003   5.6023348519293886E-003  -4.9819153033969690E-003
   8.3457094744673645E-003   5.6573984232567934E-003  -4.9527070990582275E-003
   8.3957368402957817E-003   5.7121065498271072E-003  -4.9226357913796726E-003
   8.4456118123229958E-003   5.7665763758712680E-003  -4.8918863973973492E-003
   8.4944821802087692E-003   5.8214349298590980E-003  -4.8602284413655581E-003
   8.5428728518245380E-003   5.8762353244043693E-003  -4.8277436808096888E-003
   8.5907578476319066E-003   5.9309376847343160E-003  -4.7943568727237349E-003
   8.6382153108608174E-003   5.9854066556734023E-003  -4.7599923506062569E-003
   8.6855796569521321E-003   6.0396604093262314E-003  -4.7251620629084959E-003
   8.7327301090719348E-003   6.0935162324736204E-003  -4.6894355296341807E-003
   8.7802565875498718E-003   6.1471652166992137E-003  -4.6538965324168227E-003
   8.8267275892131829E-003   6.2016202119564478E-003  -4.6181879969860095E-003
   8.8732938448373919E-003   6.2550403945416848E-003  -4.5810683535888966E-003
   8.9198925688639807E-003   6.3076750375515959E-003  -4.5428825803023095E-003
   8.9664812548688813E-003   6.3592511635644344E-003  -4.5032669576578538E-003
   9.0136447191234009E-003   6.4108408323071417E-003  -4.4643553435497378E-003
   9.0595160823021617E-003   6.4628927733544851E-003  -4.4245255370463877E-003
   9.1059844222181937E-003   6.5143181074666743E-003  -4.3845739614523779E-003
   9.1515228938676193E-003   6.5657732618949671E-003  -4.3436030610428623E-003
   9.1961954114122141E-003   6.6170514841446641E-003  -4.3014733791568362E-003
   9.2405806076835580E-003   6.6683648545122331E-003  -4.2590836118543644E-003
   9.2842392094327746E-003   6.7195880703503508E-003  -4.2158388588551081E-003
   9.3282339453331937E-003   6.7693820248907370E-003  -4.1712852360343061E-003
   9.3725623660120393E-003   6.8179302239787199E-003  -4.1256994544449236E-003
   9.4160437333859221E-003   6.8666296270527491E-003  -4.0794637666645662E-003
   9.4590615750254920E-003   6.9151875927519020E-003  -4.0326493535592679E-003
   9.5024732239103876E-003   6.9635800149562424E-003  -3.9860274465787085E-003
   9.5447499288180970E-003   7.0118932787831224E-003  -3.9382937187746334E-003
   9.5867051265016139E-003   7.0597650396196391E-003  -3.8898369762507276E-003
   9.6277085383626119E-003   7.1080548717982524E-003  -3.8409819629313096E-003
   9.6684173488304041E-003   7.1561685781827752E-003  -3.7917086028785305E-003
   9.7091191046063622E-003   7.2037710774799767E-003  -3.7419354260553764E-003
   9.7490330804346822E-003   7.2522503979758849E-003  -3.6923710233336621E-003
   9.7873353330384487E-003   7.3015807307672213E-003  -3.6423764664980998E-003
   9.8250841441547398E-003   7.3512460285566445E-003  -3.5922926821798226E-003
   9.8624779939859662E-003   7.4003738740067047E-003  -3.5414187713440561E-003
   9.8983642119629366E-003   7.4503234359812936E-003  -3.4902599928194108E-003
   9.9340508423411533E-003   7.4995228357209480E-003  -3.4382418856881681E-003
   9.9682308550267020E-003   7.5486798067642994E-003  -3.3851823065133213E-003
   1.0003012388947331E-002   7.5974686900697440E-003  -3.3321739131778705E-003
   1.0040145030177508E-002   7.6452092361775576E-003  -3.2798097344912810E-003
   1.0076137909967546E-002   7.6927321968667268E-003  -3.2264610625106940E-003
   1.0112261596463173E-002   7.7398432816550471E-003  -3.1728362084204337E-003
   1.0148643921132261E-002   7.7876287430421335E-003  -3.1199885393359311E-003
   1.0184024524875228E-002   7.8349258818112850E-003  -3.0660330619260183E-003
   1.0219598795602440E-002   7.8817535132351142E-003  -3.0117961353925437E-003
   1.0255173835834833E-002   7.9281079563939226E-003  -2.9571547398299291E-003
   1.0291288064787660E-002   7.9744450922784108E-003  -2.9028534294986332E-003
   1.0327359129683652E-002   8.0194746076188688E-003  -2.8474348313136323E-003
   1.0362897566914907E-002   8.0642880840624213E-003  -2.7914994059548529E-003
   1.0397522425843984E-002   8.1090627996739766E-003  -2.7349631875987668E-003
   1.0431957605069851E-002   8.1531571103387237E-003  -2.6777800589961377E-003
   1.0467892049019101E-002   8.1965690606464817E-003  -2.6209987390261318E-003
   1.0504694616071517E-002   8.2388918004864045E-003  -2.5639517692482554E-003
   1.0540971225435243E-002   8.2810397755899070E-003  -2.5064404155339961E-003
   1.0578025629536428E-002   8.3220458206531862E-003  -2.4486003307750844E-003
   1.0615590280987328E-002   8.3622539672376980E-003  -2.3905296676989506E-003
   1.0652659483982597E-002   8.4021270800497348E-003  -2.3319121868414739E-003
   1.0688438090856883E-002   8.4428215252056529E-003  -2.2730576762207688E-003
   1.0724420527174575E-002   8.4838533401863023E-003  -2.2145627668313595E-003
   1.0759616976566581E-002   8.5243912984616210E-003  -2.1552510150911934E-003
   1.0795477410005094E-002   8.5647085496311590E-003  -2.0961870787450793E-003
   1.0831680835190559E-002   8.6056269254430121E-003  -2.0377490900044784E-003
   1.0867459320998816E-002   8.6460910423728828E-003  -1.9787359119182589E-003
   1.0902998924245705E-002   8.6860266248849679E-003  -1.9192204866046959E-003
   1.0938841661109611E-002   8.7248659517418087E-003  -1.8591638058281759E-003
   1.0974376529779071E-002   8.7634949804282214E-003  -1.7987893802983812E-003
   1.1010291480891910E-002   8.8016999180746246E-003  -1.7383700206748359E-003
   1.1046656319532349E-002   8.8387802838247945E-003  -1.6775206575674283E-003
   1.1083151700460833E-002   8.8752506864266372E-003  -1.6163814973954433E-003
   1.1120001075766869E-002   8.9122282729737334E-003  -1.5557615201973608E-003
   1.1156878416778161E-002   8.9496915928611448E-003  -1.4954576116962921E-003
   1.1193747328017031E-002   8.9863485523988592E-003  -1.4346550566334462E-003
   1.1230764131687068E-002   9.0228256253045008E-003  -1.3738341770192508E-003
   1.1267906990374764E-002   9.0585614906575230E-003  -1.3126512057249995E-003
   1.1305415952027130E-002   9.0949578638601924E-003  -1.2520840379482696E-003
   1.1343177436384662E-002   9.1309023101621093E-003  -1.1914039994151654E-003
   1.1381013159860658E-002   9.1661585589234811E-003  -1.1303674943209509E-003
   1.1418845042915562E-002   9.2016257592374383E-003  -1.0694509421633512E-003
   1.1456409485579617E-002   9.2356151684256371E-003  -1.0075346057451862E-003
   1.1492064093093017E-002   9.2705859399269969E-003  -9.4503825307521577E-004
   1.1529016877497737E-002   9.3046324791897402E-003  -8.8278614556720888E-004
   1.1565297297711781E-002   9.3389597684419828E-003  -8.2029319939327418E-004
   1.1600451467079257E-002   9.3740279685604472E-003  -7.5756835809145722E-004
   1.1635605665897993E-002   9.4084608233148161E-003  -6.9449252424925382E-004
   1.1670060020411091E-002   9.4442919208038052E-003  -6.3181054990259190E-004
   1.1704592443604356E-002   9.4805072704738941E-003  -5.6939292258587960E-004
   1.1738091145527834E-002   9.5172785744692262E-003  -5.0673745060835136E-004
   1.1770743583211432E-002   9.5541724372213230E-003  -4.4370840014380363E-004
   1.1804422621222390E-002   9.5907494456613646E-003  -3.8103587944329629E-004
   1.1837838900823770E-002   9.6257358866211513E-003  -3.1732323384681853E-004
   1.1872334190345711E-002   9.6596765576944434E-003  -2.5361996982503572E-004
   1.1907674076235121E-002   9.6942615995782577E-003  -1.9073143874499961E-004
   1.1942802530425334E-002   9.7286302173990175E-003  -1.2760624712187214E-004
   1.1977890627548539E-002   9.7622866248243557E-003  -6.4076162277543916E-005
   1.2012500000010242E-002   9.7953991113082610E-003   7.9713388264752938E-015
