   3.5527136787911166E-015   3.5421283062121390E-015   7.1340190668710283E-015
   1.3187763422137382E-005   5.1125345384395240E-005  -6.0102262470340792E-005
   2.7742938788420580E-005   1.0225283024320647E-004  -1.1988626665473549E-004
   4.3941431999488907E-005   1.5319009253812391E-004  -1.7940940605993953E-004
   5.8741173680044446E-005   2.0331133442897412E-004  -2.3998026337270932E-004
   7.3830146170654956E-005   2.5388704528137002E-004  -3.0010031313542268E-004
   9.0480283831931836E-005   3.0413522700874229E-004  -3.6008275348385106E-004
   1.0666627619302181E-004   3.5446646008867246E-004  -4.2012257876994618E-004
   1.2214168002435113E-004   4.0513534901604804E-004  -4.8006568155573265E-004
   1.3724473577033324E-004   4.5541415760717055E-004  -5.4043073035346559E-004
   1.5226748158799367E-004   5.0466096575134303E-004  -6.0166037186606264E-004
   1.6736731144547480E-004   5.5470035967504321E-004  -6.6222483501311301E-004
   1.8321134394160999E-004   6.0537119610153893E-004  -7.2206990971069207E-004
   1.9878901186667778E-004   6.5700454673808361E-004  -7.8115741570444492E-004
   2.1484183531003139E-004   7.0716061764688435E-004  -8.4137930049895337E-004
   2.3218782850608483E-004   7.5779061003938136E-004  -9.0084122445564753E-004
   2.4954659838211427E-004   8.0734112944370136E-004  -9.6120196608528031E-004
   2.6622676155384456E-004   8.5756960809394778E-004  -1.0211925660616422E-003
   2.8231022799877196E-004   9.0808928805882706E-004  -1.0811015306826583E-003
   2.9839066586303858E-004   9.5956109078167606E-004  -1.1401952954465180E-003
   3.1466591501609295E-004   1.0110091050306255E-003  -1.1992564341048451E-003
   3.2977850809816036E-004   1.0631485452210804E-003  -1.2580194184479247E-003
   3.4504844009606634E-004   1.1149200490626033E-003  -1.3170663536214446E-003
   3.6035828720532584E-004   1.1667726324863814E-003  -1.3760317516872094E-003
   3.7545718314433010E-004   1.2185640216518885E-003  -1.4351052258361090E-003
   3.8987418647176551E-004   1.2697018581349134E-003  -1.4949138514321701E-003
   4.0550348203285480E-004   1.3198676910855752E-003  -1.5552389235116309E-003
   4.2153895396961321E-004   1.3688814285677221E-003  -1.6163986911994874E-003
   4.3738946561614698E-004   1.4184543097179138E-003  -1.6771546845489298E-003
   4.5270564186484336E-004   1.4681644205122657E-003  -1.7379355995315888E-003
   4.6793980483548689E-004   1.5178129295950996E-003  -1.7987874346519254E-003
   4.8347708961302371E-004   1.5678078905478063E-003  -1.8592779021147489E-003
   5.0012784694996053E-004   1.6171105952135561E-003  -1.9200396959355153E-003
   5.1673408332923308E-004   1.6673164519858245E-003  -1.9800697288098312E-003
   5.3462313387438306E-004   1.7182860084645223E-003  -2.0390789330740852E-003
   5.5266746161880748E-004   1.7703240757480218E-003  -2.0970999792382160E-003
   5.7276618945888299E-004   1.8214848719227239E-003  -2.1552258260089910E-003
   5.9500075684908269E-004   1.8723813850531389E-003  -2.2128033299882452E-003
   6.1766739700875564E-004   1.9243507671835467E-003  -2.2692427377081444E-003
   6.3991818525107702E-004   1.9765865954583560E-003  -2.3256015938981109E-003
   6.6264110518380172E-004   2.0281789679561122E-003  -2.3823633417105377E-003
   6.8589911504402803E-004   2.0803886943338177E-003  -2.4383384206004819E-003
   7.0832961562965538E-004   2.1326286869715414E-003  -2.4946221287192329E-003
   7.3166790077024125E-004   2.1848390020610870E-003  -2.5505632355163734E-003
   7.5562924663060891E-004   2.2376517555512416E-003  -2.6056691969527481E-003
   7.8024454487530387E-004   2.2912547745104271E-003  -2.6597136550716360E-003
   8.0537739079007470E-004   2.3445712795313938E-003  -2.7138033059766389E-003
   8.3150935262672602E-004   2.3980872729615654E-003  -2.7672182761929245E-003
   8.5874613860476500E-004   2.4512508239115738E-003  -2.8204328826895888E-003
   8.8672342456787214E-004   2.5054129714965072E-003  -2.8722376434492302E-003
   9.1356405717708464E-004   2.5604424081378543E-003  -2.9237288227222618E-003
   9.4193662471496247E-004   2.6159183561930070E-003  -2.9739026863474269E-003
   9.6992835248102137E-004   2.6709957970514806E-003  -3.0247253061012475E-003
   9.9713688005623842E-004   2.7262458976449345E-003  -3.0757852944125041E-003
   1.0259019928188600E-003   2.7805055844530684E-003  -3.1270537514546727E-003
   1.0555354087228191E-003   2.8348810696752227E-003  -3.1777012317339066E-003
   1.0850066394230069E-003   2.8901162791945584E-003  -3.2275060326535810E-003
   1.1151355295267412E-003   2.9452513211159549E-003  -3.2770275143432139E-003
   1.1454530987957639E-003   3.0000501469358764E-003  -3.3268063618965738E-003
   1.1755720459535551E-003   3.0554618908523895E-003  -3.3760241195234597E-003
   1.2064433097468922E-003   3.1112005617512464E-003  -3.4243993779256594E-003
   1.2379801421742462E-003   3.1679224205690797E-003  -3.4711760701966647E-003
   1.2701878275116457E-003   3.2250621732121082E-003  -3.5169768746728114E-003
   1.3017696342898339E-003   3.2831597192716070E-003  -3.5620020299098557E-003
   1.3338593173682722E-003   3.3414991824952858E-003  -3.6063501897414746E-003
   1.3664318495101491E-003   3.4006477619570484E-003  -3.6492509553350699E-003
   1.3991611095283672E-003   3.4597973902727760E-003  -3.6920308222261988E-003
   1.4327920786400519E-003   3.5182112150711348E-003  -3.7351212271631738E-003
   1.4673231590332165E-003   3.5760656781962490E-003  -3.7782543418788906E-003
   1.5016621766325569E-003   3.6341996550961144E-003  -3.8211643941484176E-003
   1.5360678726702289E-003   3.6927925886302143E-003  -3.8633913550792679E-003
   1.5712368149785451E-003   3.7521223906396991E-003  -3.9039267725951700E-003
   1.6068220056958034E-003   3.8117509732440739E-003  -3.9436524110663075E-003
   1.6432596514783624E-003   3.8712384162031682E-003  -3.9828128770313977E-003
   1.6805274188263818E-003   3.9306910329259164E-003  -4.0212381276443152E-003
   1.7192780051826801E-003   3.9901456205929092E-003  -4.0581643252500764E-003
   1.7585806093169147E-003   4.0498498489322261E-003  -4.0940907839093054E-003
   1.7974775281833911E-003   4.1105998692546357E-003  -4.1286807351788328E-003
   1.8374874779299487E-003   4.1708025149132686E-003  -4.1629567525661116E-003
   1.8783143842401246E-003   4.2310336815340049E-003  -4.1962038620855444E-003
   1.9203036110419160E-003   4.2910050440057015E-003  -4.2284581720399561E-003
   1.9634789310282170E-003   4.3503039102019683E-003  -4.2603883493290409E-003
   2.0078123983544812E-003   4.4093813816409276E-003  -4.2911193767534942E-003
   2.0522940505990580E-003   4.4684808993828559E-003  -4.3215928015349478E-003
   2.0988409518532180E-003   4.5266249287223411E-003  -4.3507931069119562E-003
   2.1459651306612176E-003   4.5849273500398139E-003  -4.3787240833331759E-003
   2.1942434728052440E-003   4.6427014999604003E-003  -4.4057675535744733E-003
   2.2427606913615170E-003   4.7001852488314259E-003  -4.4330016888093470E-003
   2.2912800889870891E-003   4.7577082062812770E-003  -4.4601490167916679E-003
   2.3405126431066451E-003   4.8154746017152255E-003  -4.4854314054164511E-003
   2.3909513573189978E-003   4.8724225133366366E-003  -4.5101876464469452E-003
   2.4416539404460407E-003   4.9296008499496100E-003  -4.5338495546141623E-003
   2.4931529122285945E-003   4.9864447381099582E-003  -4.5565790129261400E-003
   2.5457464306091280E-003   5.0422831595272888E-003  -4.5792944813566674E-003
   2.5980288136320888E-003   5.0985275354158309E-003  -4.6017248763692200E-003
   2.6504626277269686E-003   5.1543415004785655E-003  -4.6248656722661669E-003
   2.7038675438812942E-003   5.2100203382315228E-003  -4.6460265312729442E-003
   2.7580297782346806E-003   5.2653140408831876E-003  -4.6662517341985402E-003
   2.8124293594068862E-003   5.3207303119765948E-003  -4.6854799027009507E-003
   2.8674048351718354E-003   5.3760833045454056E-003  -4.7031927020867821E-003
   2.9221223506167120E-003   5.4319520369526079E-003  -4.7200651128930533E-003
   2.9771259318051128E-003   5.4876184782464534E-003  -4.7366739471919302E-003
   3.0325831636679582E-003   5.5426879230351415E-003  -4.7537576142823220E-003
   3.0882680977072827E-003   5.5972561657780216E-003  -4.7716878962402896E-003
   3.1439277658765912E-003   5.6519742667641400E-003  -4.7892358522689995E-003
   3.2003785807948491E-003   5.7060575180341629E-003  -4.8062154705618351E-003
   3.2571714758526139E-003   5.7597557433431033E-003  -4.8232761753559490E-003
   3.3146307179088602E-003   5.8129458818888232E-003  -4.8396848520934795E-003
   3.3726594276817777E-003   5.8658728361142658E-003  -4.8548968985514807E-003
   3.4306413350219354E-003   5.9190425893350124E-003  -4.8694253453996682E-003
   3.4888480119691112E-003   5.9720118707471308E-003  -4.8837863335570034E-003
   3.5470934665698668E-003   6.0251940825509533E-003  -4.8971698819394180E-003
   3.6051026415782153E-003   6.0789202875303977E-003  -4.9093530881446461E-003
   3.6624652459433279E-003   6.1336311585309319E-003  -4.9201351199591502E-003
   3.7205277522828531E-003   6.1876998430496939E-003  -4.9303978053981557E-003
   3.7785755583711368E-003   6.2417743488423520E-003  -4.9407128447716076E-003
   3.8377702715538873E-003   6.2946910025957464E-003  -4.9505012911409416E-003
   3.8979221997681923E-003   6.3467447607824176E-003  -4.9589955124915396E-003
   3.9578225258725779E-003   6.3992118563265567E-003  -4.9666867292080755E-003
   4.0178551618518833E-003   6.4517429111503608E-003  -4.9727341174359008E-003
   4.0783329428300480E-003   6.5038838151745930E-003  -4.9776089650589795E-003
   4.1397567493202192E-003   6.5549037098386548E-003  -4.9825167487866267E-003
   4.2016071910977986E-003   6.6054858311585408E-003  -4.9865132302011885E-003
   4.2633733961432380E-003   6.6562274797984985E-003  -4.9897102610041693E-003
   4.3257213338968349E-003   6.7062634874126116E-003  -4.9927322791516069E-003
   4.3885093531808479E-003   6.7558104681328278E-003  -4.9943940065991883E-003
   4.4517465041318920E-003   6.8047802840369492E-003  -4.9926562283529041E-003
   4.5152705848470667E-003   6.8533402544184215E-003  -4.9900832067130843E-003
   4.5788723273629400E-003   6.9017772557541449E-003  -4.9871378285015729E-003
   4.6426866529129121E-003   6.9498948616194458E-003  -4.9836125109971562E-003
   4.7068841616873733E-003   6.9975321116760936E-003  -4.9805510936501039E-003
   4.7716311774474570E-003   7.0443106932765731E-003  -4.9761252318318181E-003
   4.8362575768532900E-003   7.0912815874838199E-003  -4.9719823346592090E-003
   4.9010039826468468E-003   7.1380256110816992E-003  -4.9671970241173180E-003
   4.9660479828281326E-003   7.1841855797760718E-003  -4.9609893408217118E-003
   5.0313357254499575E-003   7.2297335758137920E-003  -4.9530589738413424E-003
   5.0967074190353054E-003   7.2748248601303611E-003  -4.9433988621451520E-003
   5.1626797560867330E-003   7.3187624566216020E-003  -4.9325758147212208E-003
   5.2288701789997014E-003   7.3622645360442449E-003  -4.9213331726050491E-003
   5.2952227279182539E-003   7.4052961412070942E-003  -4.9092658528893185E-003
   5.3618318384537301E-003   7.4479224379751007E-003  -4.8971734906580440E-003
   5.4292455626378687E-003   7.4889525312426836E-003  -4.8840616168730425E-003
   5.4966548341227120E-003   7.5298136876518927E-003  -4.8704103893186012E-003
   5.5639905097259919E-003   7.5703955782015376E-003  -4.8556111678782470E-003
   5.6311906401415391E-003   7.6110370032816069E-003  -4.8403659377986175E-003
   5.6985477580145079E-003   7.6510258946155254E-003  -4.8241207157136310E-003
   5.7653779595208884E-003   7.6911274963158425E-003  -4.8060767220223215E-003
   5.8324753027277996E-003   7.7297579733795960E-003  -4.7859363948929146E-003
   5.8989080272545853E-003   7.7687248013441493E-003  -4.7642966298434989E-003
   5.9653484833340643E-003   7.8074141922127001E-003  -4.7421878798078985E-003
   6.0316493755312485E-003   7.8455747064485673E-003  -4.7187791880920760E-003
   6.0979973069846217E-003   7.8826308895976714E-003  -4.6937833627537246E-003
   6.1639716445262204E-003   7.9198250218605552E-003  -4.6680154890525070E-003
   6.2300371650819350E-003   7.9570711306671312E-003  -4.6425581842641202E-003
   6.2966001390848177E-003   7.9937083084483888E-003  -4.6175164650354619E-003
   6.3627644029752373E-003   8.0302471929035359E-003  -4.5913019633484504E-003
   6.4284495481599325E-003   8.0669359592212050E-003  -4.5641101237975188E-003
   6.4945799419068124E-003   8.1029823149062347E-003  -4.5371391902813843E-003
   6.5612030922197308E-003   8.1375236125526863E-003  -4.5094217839528449E-003
   6.6276915366890688E-003   8.1715062243612573E-003  -4.4807082186952398E-003
   6.6943165300511719E-003   8.2048700501025883E-003  -4.4515883732040625E-003
   6.7610573201529597E-003   8.2378321947028307E-003  -4.4222768743808014E-003
   6.8282925224043148E-003   8.2695874704999620E-003  -4.3927636565137028E-003
   6.8954853939665311E-003   8.2999323009242520E-003  -4.3617103268216960E-003
   6.9625355358516718E-003   8.3300563381227041E-003  -4.3301378568864199E-003
   7.0296966582309829E-003   8.3596472828777312E-003  -4.2982982649059712E-003
   7.0969417229842097E-003   8.3881027298542861E-003  -4.2656120474676941E-003
   7.1633069707101602E-003   8.4166486708063589E-003  -4.2312495221586595E-003
   7.2294761589339349E-003   8.4448584318905784E-003  -4.1962374111608209E-003
   7.2955410661837876E-003   8.4721995539620461E-003  -4.1603502119150950E-003
   7.3611283257893180E-003   8.4989968977036701E-003  -4.1231989839446139E-003
   7.4266170484795242E-003   8.5257071173927539E-003  -4.0858119356872785E-003
   7.4924109157173411E-003   8.5518416063759383E-003  -4.0485539766038844E-003
   7.5577866519952169E-003   8.5775870924953580E-003  -4.0103024008415079E-003
   7.6228661886175277E-003   8.6036727544732509E-003  -3.9717771863861670E-003
   7.6878323772664684E-003   8.6293353437844264E-003  -3.9327794192593772E-003
   7.7522423686492243E-003   8.6553765251802979E-003  -3.8931157092595690E-003
   7.8162872272860163E-003   8.6809477265106898E-003  -3.8525648800833380E-003
   7.8804106365420786E-003   8.7054634131437658E-003  -3.8114897112825901E-003
   7.9443994456187394E-003   8.7305557580557407E-003  -3.7705530952433122E-003
   8.0086224372976338E-003   8.7555048022169620E-003  -3.7298965761860658E-003
   8.0723911511395574E-003   8.7795059523758934E-003  -3.6879740771884606E-003
   8.1359065171917253E-003   8.8033295138704726E-003  -3.6455684619657470E-003
   8.1994712128320678E-003   8.8267781784569718E-003  -3.6030280154284952E-003
   8.2631433568218886E-003   8.8495711793683297E-003  -3.5602923489228321E-003
   8.3261736182685467E-003   8.8726419050251144E-003  -3.5167615809258736E-003
   8.3891161431258448E-003   8.8960376155381819E-003  -3.4732773390933318E-003
   8.4509612855105144E-003   8.9194553663787066E-003  -3.4282574844928062E-003
   8.5125765107183747E-003   8.9420160554685973E-003  -3.3824909101014522E-003
   8.5742778533574714E-003   8.9651295523902712E-003  -3.3371178941846262E-003
   8.6365791272357741E-003   8.9874713581155931E-003  -3.2921802151437002E-003
   8.6986310816011894E-003   9.0087772208011455E-003  -3.2464023255368690E-003
   8.7610015030154930E-003   9.0295722613697085E-003  -3.2008227598038386E-003
   8.8230657897380629E-003   9.0500814691572024E-003  -3.1546990487528598E-003
   8.8854968248957278E-003   9.0702208150756636E-003  -3.1089085192170453E-003
   8.9472314981334945E-003   9.0895311865428034E-003  -3.0618347508213559E-003
   9.0089675422668405E-003   9.1090803027986094E-003  -3.0148614296841496E-003
   9.0703124479769078E-003   9.1271267721067337E-003  -2.9667872422116884E-003
   9.1315805783238196E-003   9.1442377050911794E-003  -2.9182750563998949E-003
   9.1922499847050948E-003   9.1612380598086202E-003  -2.8689778854036076E-003
   9.2525310554278269E-003   9.1767665806217376E-003  -2.8187279345952077E-003
   9.3118675638389162E-003   9.1930929251486920E-003  -2.7676140495822223E-003
   9.3721500067037253E-003   9.2088249417464300E-003  -2.7174290843592994E-003
   9.4320015245678984E-003   9.2241414976515397E-003  -2.6666039043403795E-003
   9.4915578215020273E-003   9.2393751631250094E-003  -2.6154083680740635E-003
   9.5508036609381081E-003   9.2556590140598586E-003  -2.5641758909898294E-003
   9.6095077074090460E-003   9.2715318755122351E-003  -2.5121962103894190E-003
   9.6676648858309931E-003   9.2869076724959726E-003  -2.4594579182843496E-003
   9.7257359594445491E-003   9.3029134133603229E-003  -2.4068122472491495E-003
   9.7834671199604345E-003   9.3194315464568515E-003  -2.3539514452988394E-003
   9.8411402013753417E-003   9.3358399459045095E-003  -2.3009931588120207E-003
   9.8989232653506187E-003   9.3519850390575265E-003  -2.2480738477324100E-003
   9.9558551590985291E-003   9.3673526929463798E-003  -2.1940128203063454E-003
   1.0012533612284189E-002   9.3836538276117175E-003  -2.1399589032420198E-003
   1.0068877891203653E-002   9.4005346586623021E-003  -2.0857338189685290E-003
   1.0124975327182685E-002   9.4176778221857181E-003  -2.0313353849251941E-003
   1.0181458150796501E-002   9.4329925468200956E-003  -1.9767904506874509E-003
   1.0238214978418841E-002   9.4460731730624352E-003  -1.9219492277099508E-003
   1.0294790617736650E-002   9.4586714657297170E-003  -1.8668086795525925E-003
   1.0350811733495190E-002   9.4713500944573117E-003  -1.8111230713348254E-003
   1.0406403474813183E-002   9.4829412295909191E-003  -1.7547741238207464E-003
   1.0461875584430099E-002   9.4949874479514865E-003  -1.6984027331641935E-003
   1.0516168741616594E-002   9.5076143019602391E-003  -1.6410196726681606E-003
   1.0570573908489166E-002   9.5202580542058483E-003  -1.5837465258114649E-003
   1.0623966243103522E-002   9.5325224138896620E-003  -1.5254469195731290E-003
   1.0677756838655643E-002   9.5444710058096415E-003  -1.4674486180117020E-003
   1.0731361815911424E-002   9.5567945399204351E-003  -1.4093569928144167E-003
   1.0784800546729834E-002   9.5698938473209073E-003  -1.3512819534704458E-003
   1.0838284186281478E-002   9.5834172668125689E-003  -1.2933456313206639E-003
   1.0892099238117804E-002   9.5948162099220424E-003  -1.2352594514470181E-003
   1.0946233923462710E-002   9.6064926965972429E-003  -1.1775264842574323E-003
   1.0999916019383268E-002   9.6174842037153648E-003  -1.1192390984346391E-003
   1.1053530066982242E-002   9.6284165822850144E-003  -1.0608780069379837E-003
   1.1107131527718686E-002   9.6394225622824688E-003  -1.0025191874536113E-003
   1.1160579837066332E-002   9.6509474108039239E-003  -9.4412007701954244E-004
   1.1213973710771723E-002   9.6614986231163200E-003  -8.8548761022099766E-004
   1.1267465952508552E-002   9.6694953125879574E-003  -8.2654159227510101E-004
   1.1321762264591351E-002   9.6781708221225123E-003  -7.6843267705238160E-004
   1.1376018201044131E-002   9.6862711410648419E-003  -7.1020314680846509E-004
   1.1430138018410580E-002   9.6942786393752547E-003  -6.5183427381042703E-004
   1.1483593398944704E-002   9.7026892017727899E-003  -5.9291242105349753E-004
   1.1536686555152905E-002   9.7115695773044349E-003  -5.3373256217089488E-004
   1.1589995013444019E-002   9.7202382898997769E-003  -4.7471509277912337E-004
   1.1643975365335780E-002   9.7298446001101505E-003  -4.1645841580815909E-004
   1.1697829325681544E-002   9.7392242453532563E-003  -3.5804802966911051E-004
   1.1751388264745938E-002   9.7480635608125938E-003  -2.9928318855786633E-004
   1.1804357661911825E-002   9.7574869727509762E-003  -2.4007641301250002E-004
   1.1856612806390504E-002   9.7665958423193734E-003  -1.8018961673081624E-004
   1.1908421505045274E-002   9.7763501646110865E-003  -1.2001726475367433E-004
   1.1960312440488912E-002   9.7855425360201843E-003  -5.9827306060143417E-005
   1.2012500000010098E-002   9.7953991113080667E-003   7.9743855265927431E-015
