   3.5527136787911285E-015   3.5421283062121827E-015   7.1340190668711403E-015
   2.8479152249071697E-005   3.2617013059357160E-005  -6.7268628237396506E-005
   5.6406974425000922E-005   6.4469185804496472E-005  -1.3513228444729248E-004
   8.4952274515760732E-005   9.6846172193147410E-005  -2.0248877331198369E-004
   1.1273648948124524E-004   1.2958082016298520E-004  -2.6999047861740125E-004
   1.4084176386867708E-004   1.6216301045978801E-004  -3.3743300547982622E-004
   1.6904853194534743E-004   1.9523546889535045E-004  -4.0459393704643743E-004
   1.9744175489420644E-004   2.2915210435203110E-004  -4.7125342041017264E-004
   2.2575480591920102E-004   2.6299968262060808E-004  -5.3798206933607031E-004
   2.5416937674187879E-004   2.9646598448045830E-004  -6.0485970989963725E-004
   2.8271204737683099E-004   3.2865346338443801E-004  -6.7230807651355291E-004
   3.1058533940458592E-004   3.6161779033426619E-004  -7.3966112204635378E-004
   3.3819756386824532E-004   3.9550679622152665E-004  -8.0666187081532932E-004
   3.6686485046598930E-004   4.3036571643710722E-004  -8.7271520048938598E-004
   3.9602970785316849E-004   4.6524885606451932E-004  -9.3853751935645772E-004
   4.2548225886275450E-004   4.9964252956310811E-004  -1.0044891870575341E-003
   4.5568135267778643E-004   5.3394822825947200E-004  -1.0701484115780296E-003
   4.8662209858264490E-004   5.6875164993016648E-004  -1.1351975628356469E-003
   5.1734031351050188E-004   6.0355818708784860E-004  -1.2003504310866982E-003
   5.4807103070006621E-004   6.4042909199295826E-004  -1.2643516762613207E-003
   5.7919017429635213E-004   6.7726493802405948E-004  -1.3281852047067099E-003
   6.1024195105337513E-004   7.1467635150500514E-004  -1.3917160895072175E-003
   6.4164629562356084E-004   7.5218717192915524E-004  -1.4550146319852327E-003
   6.7389678834984959E-004   7.9046349971343321E-004  -1.5174231926604362E-003
   7.0509826047080858E-004   8.2907851960822843E-004  -1.5801555477437583E-003
   7.3653175675770252E-004   8.6830740574936859E-004  -1.6423892187275072E-003
   7.6807976858553448E-004   9.0779643605821405E-004  -1.7044000196555884E-003
   7.9980906057452127E-004   9.4715343758718562E-004  -1.7664022653113547E-003
   8.3192049014559955E-004   9.8728213401129005E-004  -1.8277092290844125E-003
   8.6582981145547522E-004   1.0268680248146391E-003  -1.8883979032650838E-003
   8.9921867588191415E-004   1.0672385679883689E-003  -1.9488578320547901E-003
   9.3339576419801103E-004   1.1078766130111853E-003  -2.0086949102232471E-003
   9.6806189371259372E-004   1.1490251766620144E-003  -2.0678984166188010E-003
   1.0030751624990212E-003   1.1900890291589878E-003  -2.1269562782021728E-003
   1.0396089804932420E-003   1.2305066095221146E-003  -2.1855369861639362E-003
   1.0758882053343748E-003   1.2705107444405952E-003  -2.2445580590335556E-003
   1.1112953619100603E-003   1.3112964734393947E-003  -2.3035737989856365E-003
   1.1466480746543900E-003   1.3515820440931181E-003  -2.3629645263685871E-003
   1.1826257767909437E-003   1.3931563069110682E-003  -2.4210780843308749E-003
   1.2199119159851865E-003   1.4346496006551613E-003  -2.4784196085717246E-003
   1.2579027071220527E-003   1.4757556565375518E-003  -2.5355772149205369E-003
   1.2956445363196125E-003   1.5167411966394216E-003  -2.5929857494709318E-003
   1.3338490716920735E-003   1.5579693303179609E-003  -2.6499124958847386E-003
   1.3725644822887323E-003   1.5987505920446669E-003  -2.7068159725715246E-003
   1.4114429165679135E-003   1.6393715320906282E-003  -2.7637229720556002E-003
   1.4520150253387442E-003   1.6799862511324385E-003  -2.8194396534861636E-003
   1.4929384082818238E-003   1.7214995337004641E-003  -2.8742294708371178E-003
   1.5344171745616285E-003   1.7632270024231212E-003  -2.9284358387966381E-003
   1.5762881806766626E-003   1.8047734900112548E-003  -2.9824794158492362E-003
   1.6189765600499513E-003   1.8464299677991133E-003  -3.0357939553582393E-003
   1.6619850105669761E-003   1.8880758673936431E-003  -3.0888589365597992E-003
   1.7051388426961279E-003   1.9302170477370774E-003  -3.1414124110808526E-003
   1.7480916167647684E-003   1.9722692973289106E-003  -3.1942013066701218E-003
   1.7906723012197194E-003   2.0150083143195955E-003  -3.2467394997564582E-003
   1.8335356042658460E-003   2.0577005512520214E-003  -3.2990855614034118E-003
   1.8759880122474152E-003   2.0998097695754669E-003  -3.3522325912232745E-003
   1.9187024529351885E-003   2.1421356526901024E-003  -3.4049961788530322E-003
   1.9622057371071573E-003   2.1845731882947626E-003  -3.4570204025699473E-003
   2.0062805087912331E-003   2.2284344009353627E-003  -3.5073553656476569E-003
   2.0507210101146805E-003   2.2718585877665302E-003  -3.5577476452921110E-003
   2.0957831288143337E-003   2.3146141611935620E-003  -3.6081596119914819E-003
   2.1413413065257919E-003   2.3583420262708009E-003  -3.6572750501604780E-003
   2.1869290002552318E-003   2.4023377579403473E-003  -3.7061231595696227E-003
   2.2326747758156483E-003   2.4468304727051937E-003  -3.7543696343928738E-003
   2.2779212078159247E-003   2.4909710630328001E-003  -3.8034039966962203E-003
   2.3234396415585628E-003   2.5345816252787109E-003  -3.8526603774120300E-003
   2.3689767606764598E-003   2.5789788789020909E-003  -3.9011913433570360E-003
   2.4152179165267337E-003   2.6235083855473654E-003  -3.9489289443881692E-003
   2.4609159273651900E-003   2.6682309302084144E-003  -3.9970078982675171E-003
   2.5066172326911043E-003   2.7136249671223735E-003  -4.0444502010129864E-003
   2.5525832245846991E-003   2.7587895205983784E-003  -4.0918557988679554E-003
   2.5992365298597516E-003   2.8038974046468513E-003  -4.1386398547668566E-003
   2.6453597318731644E-003   2.8493955488973826E-003  -4.1855713912806675E-003
   2.6925825344485165E-003   2.8940423328449841E-003  -4.2322262044796367E-003
   2.7399679424654705E-003   2.9392011909029963E-003  -4.2782186022095733E-003
   2.7878151689419380E-003   2.9854043654252128E-003  -4.3226698068032331E-003
   2.8374207849709994E-003   3.0298028693706526E-003  -4.3670325807343893E-003
   2.8875383157279783E-003   3.0739130446443353E-003  -4.4111066722568029E-003
   2.9377878914803287E-003   3.1191516325659529E-003  -4.4538670545109620E-003
   2.9890271005217715E-003   3.1646059529897136E-003  -4.4952004334477330E-003
   3.0400567770954004E-003   3.2102974588976239E-003  -4.5365315160786485E-003
   3.0916296277184526E-003   3.2565135937444832E-003  -4.5765853544490085E-003
   3.1426891390996326E-003   3.3031756313952397E-003  -4.6167796394053426E-003
   3.1942154599959066E-003   3.3499085215724133E-003  -4.6562900840022518E-003
   3.2455480930912617E-003   3.3970826373559476E-003  -4.6955273568159480E-003
   3.2971328430043620E-003   3.4441369563755729E-003  -4.7345773842374450E-003
   3.3489492857586866E-003   3.4916444579328036E-003  -4.7727623755036636E-003
   3.4011267386061315E-003   3.5385706883669429E-003  -4.8111738622528431E-003
   3.4539926205266647E-003   3.5854630571431848E-003  -4.8486745859214874E-003
   3.5080773753312575E-003   3.6317724622553700E-003  -4.8851475662899666E-003
   3.5631810881361012E-003   3.6777249499778050E-003  -4.9205304676215329E-003
   3.6183676065464094E-003   3.7249569872740028E-003  -4.9540503550070253E-003
   3.6735854715789556E-003   3.7729639104660336E-003  -4.9863972667271526E-003
   3.7288871500975205E-003   3.8212509926540445E-003  -5.0181790545133290E-003
   3.7841790596657107E-003   3.8705875271811919E-003  -5.0483238900777081E-003
   3.8393348673556502E-003   3.9203274199975657E-003  -5.0780523264980651E-003
   3.8948776296249894E-003   3.9697202402889237E-003  -5.1076386554354198E-003
   3.9509962385104944E-003   4.0193598929492789E-003  -5.1356851638995893E-003
   4.0080148070526104E-003   4.0686611562722385E-003  -5.1624856913893577E-003
   4.0655556464934900E-003   4.1174201340096967E-003  -5.1891617831270114E-003
   4.1231766255165501E-003   4.1669915802789474E-003  -5.2141116227030163E-003
   4.1806632619858621E-003   4.2167764214422285E-003  -5.2389461998984185E-003
   4.2387251095909462E-003   4.2669756209214637E-003  -5.2615041745585510E-003
   4.2968860465886936E-003   4.3170760054729715E-003  -5.2840265385870064E-003
   4.3548665178640231E-003   4.3682919325982077E-003  -5.3044028423842584E-003
   4.4129867935071522E-003   4.4200322870372897E-003  -5.3229761913540985E-003
   4.4706593556131397E-003   4.4721341858037318E-003  -5.3419305497831070E-003
   4.5288430918742680E-003   4.5239362075916584E-003  -5.3601295437616823E-003
   4.5868397731424655E-003   4.5762172711680130E-003  -5.3775386032456031E-003
   4.6453387012080072E-003   4.6282902622074833E-003  -5.3938566614519521E-003
   4.7036997003182014E-003   4.6808786347854944E-003  -5.4089714504974799E-003
   4.7621587176462582E-003   4.7336999214775298E-003  -5.4228442644327834E-003
   4.8200081751144895E-003   4.7876344233404120E-003  -5.4348654864792168E-003
   4.8787142149171771E-003   4.8407896259320994E-003  -5.4461847321868751E-003
   4.9370079848787586E-003   4.8944095329840533E-003  -5.4574427049990087E-003
   4.9953037610346680E-003   4.9480347953778899E-003  -5.4686647244788110E-003
   5.0530896692635640E-003   5.0023577049912197E-003  -5.4791437653167055E-003
   5.1118591798427638E-003   5.0557909960300754E-003  -5.4886846269490090E-003
   5.1709414555075770E-003   5.1089062479007293E-003  -5.4980683744837175E-003
   5.2300141559430318E-003   5.1621867104679441E-003  -5.5065305479558508E-003
   5.2892316011313818E-003   5.2152970152521926E-003  -5.5150505077525705E-003
   5.3487074874146731E-003   5.2683621920644602E-003  -5.5218846834179207E-003
   5.4077417563703194E-003   5.3219359821290221E-003  -5.5285782710937882E-003
   5.4671526756851184E-003   5.3752364229358697E-003  -5.5340009710079605E-003
   5.5268138480753220E-003   5.4284010590121366E-003  -5.5377514341407620E-003
   5.5868957126719663E-003   5.4811435904896693E-003  -5.5406488333419887E-003
   5.6476883123172776E-003   5.5330651010303700E-003  -5.5435499667307164E-003
   5.7087280663335616E-003   5.5847566822387782E-003  -5.5450090267851540E-003
   5.7697125632661861E-003   5.6365054434309222E-003  -5.5467285765039495E-003
   5.8302333900200056E-003   5.6888238283725962E-003  -5.5466015753655815E-003
   5.8913152524594573E-003   5.7404526552619689E-003  -5.5447386967163803E-003
   5.9522179702990634E-003   5.7922653229364246E-003  -5.5422274365827078E-003
   6.0135666569843026E-003   5.8435014572275311E-003  -5.5388812171256758E-003
   6.0753852752494369E-003   5.8940922154146289E-003  -5.5345184629359383E-003
   6.1375642912352380E-003   5.9441482224766853E-003  -5.5292112857746236E-003
   6.1999283119514911E-003   5.9938576596206801E-003  -5.5229104303537750E-003
   6.2620344193340298E-003   6.0439366112042077E-003  -5.5170002665993669E-003
   6.3248408170457704E-003   6.0929600429045416E-003  -5.5097850363363624E-003
   6.3879854820007324E-003   6.1411652860874034E-003  -5.5003507468223082E-003
   6.4512850425136577E-003   6.1885672239544026E-003  -5.4882585211678686E-003
   6.5142456124158126E-003   6.2362922404239629E-003  -5.4756772077453357E-003
   6.5766339501753769E-003   6.2846157963485378E-003  -5.4625421687076710E-003
   6.6388987774182772E-003   6.3324361293902055E-003  -5.4471698873180662E-003
   6.7013264237483104E-003   6.3798055842336282E-003  -5.4310787802597238E-003
   6.7637408419622879E-003   6.4268454401372292E-003  -5.4139997768910793E-003
   6.8253383178898119E-003   6.4743729544239487E-003  -5.3953748918176706E-003
   6.8875438785409287E-003   6.5208055323628727E-003  -5.3760233045259892E-003
   6.9493320618506669E-003   6.5676569035014341E-003  -5.3563466832165837E-003
   7.0119732012054112E-003   6.6130395339637294E-003  -5.3359382409994237E-003
   7.0734972984193983E-003   6.6593585486119621E-003  -5.3142741153073764E-003
   7.1349470952000223E-003   6.7055505072995637E-003  -5.2921330803493869E-003
   7.1966797857878455E-003   6.7504145268004623E-003  -5.2681269421967821E-003
   7.2585678792868157E-003   6.7953682175854596E-003  -5.2446955621306230E-003
   7.3201310877996457E-003   6.8397782773031426E-003  -5.2194424841390625E-003
   7.3815221348100171E-003   6.8835699660126761E-003  -5.1927324232490255E-003
   7.4423867944065055E-003   6.9271887561783482E-003  -5.1645740435236950E-003
   7.5031678991109617E-003   6.9704191252383833E-003  -5.1356466773816375E-003
   7.5635854597203966E-003   7.0137110015373342E-003  -5.1060572906618260E-003
   7.6233452216600455E-003   7.0564236975157449E-003  -5.0743650760112259E-003
   7.6828058477172809E-003   7.0989549389875875E-003  -5.0418761943606775E-003
   7.7419547167407489E-003   7.1403255998943775E-003  -5.0073815611645211E-003
   7.8010173906923486E-003   7.1810170792678974E-003  -4.9719442354278776E-003
   7.8594945874969711E-003   7.2220508210148983E-003  -4.9359352159496928E-003
   7.9173316908920099E-003   7.2626505923039123E-003  -4.8984315088081718E-003
   7.9741541292921141E-003   7.3044491690346294E-003  -4.8606943986994420E-003
   8.0313937273270557E-003   7.3457681103292838E-003  -4.8230596608198869E-003
   8.0890916966385798E-003   7.3867083969538800E-003  -4.7857121404846362E-003
   8.1466748173632010E-003   7.4272327328854032E-003  -4.7477389604626422E-003
   8.2043910672555363E-003   7.4663933655998464E-003  -4.7085563195236246E-003
   8.2626547462325232E-003   7.5047749812373107E-003  -4.6694130533216291E-003
   8.3201689226619982E-003   7.5442476121511375E-003  -4.6302463466426705E-003
   8.3780730387674768E-003   7.5825797420910465E-003  -4.5905253047980408E-003
   8.4360982943070817E-003   7.6210818099249952E-003  -4.5511468781189238E-003
   8.4934056129740230E-003   7.6589065663740579E-003  -4.5100961896417432E-003
   8.5509734856898858E-003   7.6960608414722307E-003  -4.4687984915266895E-003
   8.6083418120136476E-003   7.7331865173456008E-003  -4.4271984996488356E-003
   8.6649429572519931E-003   7.7702434346107723E-003  -4.3845007801565413E-003
   8.7205159712175056E-003   7.8078030342985261E-003  -4.3409012779547403E-003
   8.7762867050654638E-003   7.8447063086675792E-003  -4.2969948594628578E-003
   8.8313576453517648E-003   7.8809464405985297E-003  -4.2516754997313439E-003
   8.8856541294693153E-003   7.9174047429785861E-003  -4.2056029047676368E-003
   8.9400714839008577E-003   7.9533807726560879E-003  -4.1592944085558879E-003
   8.9938690773448508E-003   7.9891715542859589E-003  -4.1121262105876851E-003
   9.0467785169003247E-003   8.0242946517981358E-003  -4.0634748054546987E-003
   9.0992254923787149E-003   8.0589386312125370E-003  -4.0139863274427107E-003
   9.1516727854076170E-003   8.0938096151521761E-003  -3.9646578778842834E-003
   9.2036702016894314E-003   8.1287876789219587E-003  -3.9149305840858887E-003
   9.2555339551476067E-003   8.1627331693308637E-003  -3.8643553455072364E-003
   9.3069794252771607E-003   8.1961950214415238E-003  -3.8130360698144213E-003
   9.3572342363843763E-003   8.2289796090997784E-003  -3.7601245893068842E-003
   9.4075254042277449E-003   8.2617383735575905E-003  -3.7072316616545680E-003
   9.4577511232142742E-003   8.2938145118395968E-003  -3.6538603350136901E-003
   9.5090645041394240E-003   8.3237652974207481E-003  -3.6002890052458467E-003
   9.5608044447487526E-003   8.3524490428391000E-003  -3.5464353024376614E-003
   9.6127444684097219E-003   8.3813788850529026E-003  -3.4929068224333636E-003
   9.6641419995569574E-003   8.4098269832140488E-003  -3.4386021311086498E-003
   9.7158762514465927E-003   8.4386848929397257E-003  -3.3848360803140029E-003
   9.7674130555519163E-003   8.4673308498186897E-003  -3.3307679104789103E-003
   9.8180776906399043E-003   8.4963465533927866E-003  -3.2760761954437451E-003
   9.8674703308342399E-003   8.5262418860456522E-003  -3.2206989782912229E-003
   9.9163569291893430E-003   8.5574633285166457E-003  -3.1656052215325338E-003
   9.9645752505977576E-003   8.5878241255453510E-003  -3.1094517222517142E-003
   1.0013013049409138E-002   8.6174682623230414E-003  -3.0531045413161257E-003
   1.0060848279294517E-002   8.6465144120658373E-003  -2.9959371383116032E-003
   1.0109038478172334E-002   8.6747441321201740E-003  -2.9386589780788339E-003
   1.0157373989889199E-002   8.7019387713720923E-003  -2.8810037102970161E-003
   1.0204725560285064E-002   8.7284778456820349E-003  -2.8222371695290510E-003
   1.0250962736607623E-002   8.7549925063403668E-003  -2.7625790075984243E-003
   1.0296278147295463E-002   8.7821194606965136E-003  -2.7024903904436428E-003
   1.0342085880744561E-002   8.8081087913408542E-003  -2.6422724010443117E-003
   1.0386896870564717E-002   8.8339762380685669E-003  -2.5812572357894682E-003
   1.0430807729273635E-002   8.8595914432931921E-003  -2.5194859014252414E-003
   1.0474866624024162E-002   8.8852203944479648E-003  -2.4578257793508042E-003
   1.0518361048764137E-002   8.9108439857445380E-003  -2.3957639828695097E-003
   1.0561165816655881E-002   8.9361879025375759E-003  -2.3331106691847890E-003
   1.0603893591006615E-002   8.9624713904992402E-003  -2.2707928100675419E-003
   1.0647125080121693E-002   8.9887052862416082E-003  -2.2088023183114485E-003
   1.0689345322023759E-002   9.0148622909563512E-003  -2.1460865923702403E-003
   1.0731407533339217E-002   9.0406885072362875E-003  -2.0831280589897051E-003
   1.0773038262819511E-002   9.0663759571458676E-003  -2.0198268956522279E-003
   1.0815152334035917E-002   9.0907746612687995E-003  -1.9563358864848643E-003
   1.0857563394961673E-002   9.1157344745290015E-003  -1.8932620437297504E-003
   1.0900289970309854E-002   9.1401579555119711E-003  -1.8301911841591236E-003
   1.0941793276790611E-002   9.1641845702811631E-003  -1.7661584008519717E-003
   1.0983086813318867E-002   9.1874196225176352E-003  -1.7016992960630301E-003
   1.1024723010192755E-002   9.2096680191953786E-003  -1.6371126414211450E-003
   1.1065825708508179E-002   9.2313623365544127E-003  -1.5719979366057893E-003
   1.1106295709344785E-002   9.2537115894558656E-003  -1.5067086577946480E-003
   1.1146195787139485E-002   9.2769089581693671E-003  -1.4413644470685752E-003
   1.1186319135170441E-002   9.3007645400754110E-003  -1.3763950069051872E-003
   1.1226122939843028E-002   9.3249569947831089E-003  -1.3113536180225007E-003
   1.1265926539596386E-002   9.3489659915334030E-003  -1.2462441600384151E-003
   1.1305103277920694E-002   9.3720456045381824E-003  -1.1804223198965467E-003
   1.1344410060379102E-002   9.3942289376419165E-003  -1.1143702450951930E-003
   1.1382891645552643E-002   9.4175057882393623E-003  -1.0482086562857752E-003
   1.1421467844940542E-002   9.4407043753977141E-003  -9.8207468326076209E-004
   1.1460077742071827E-002   9.4627160202931677E-003  -9.1555578870635172E-004
   1.1499309078816083E-002   9.4848376889763737E-003  -8.4943821168050266E-004
   1.1538601261971666E-002   9.5077038813491284E-003  -7.8361069775983387E-004
   1.1577786111694214E-002   9.5299673120563880E-003  -7.1751313954922442E-004
   1.1616958460741103E-002   9.5533255270770362E-003  -6.5178703467895028E-004
   1.1656165658386680E-002   9.5767690026053384E-003  -5.8611208427134811E-004
   1.1695160705194720E-002   9.5993977077311141E-003  -5.2002632161711145E-004
   1.1734599112579746E-002   9.6224530336874985E-003  -4.5435240011163392E-004
   1.1773762422767224E-002   9.6474785314707521E-003  -3.8923742798855563E-004
   1.1812911788203401E-002   9.6720669228718449E-003  -3.2394777952434844E-004
   1.1852280915132338E-002   9.6969999405174326E-003  -2.5892150425755418E-004
   1.1892016277426127E-002   9.7221796701216518E-003  -1.9421383702527292E-004
   1.1932620741807714E-002   9.7471279447017348E-003  -1.2995762277429184E-004
   1.1972525385827545E-002   9.7710566081786569E-003  -6.4880449735492962E-005
   1.2012500000010045E-002   9.7953991113079331E-003   7.9725466652209690E-015
