   3.5527136787911281E-015   3.5421283062121713E-015   7.1340190668711387E-015
   2.3669868659321601E-005   3.7774418902156603E-005  -6.6429139637288193E-005
   4.6848511363312977E-005   7.6580104573097850E-005  -1.3243572473499175E-004
   7.0731930593593786E-005   1.1509539228033168E-004  -1.9836109842192169E-004
   9.5382878851006647E-005   1.5376919503067718E-004  -2.6391007041183875E-004
   1.1932039400334547E-004   1.9291080888329316E-004  -3.2944578156127787E-004
   1.4364520055707602E-004   2.3174625506228709E-004  -3.9502102008467352E-004
   1.6837629548946848E-004   2.7108123352753721E-004  -4.6014499727455569E-004
   1.9342293707612119E-004   3.1009403990988314E-004  -5.2534213435794679E-004
   2.1805149326644289E-004   3.4819019415873885E-004  -5.9123687810879399E-004
   2.4256236714096649E-004   3.8454352678943894E-004  -6.5815213998980096E-004
   2.6780543603257092E-004   4.2027294792537455E-004  -7.2513121090369257E-004
   2.9291945563573996E-004   4.5650058177278076E-004  -7.9189081366353331E-004
   3.1940751562225769E-004   4.9301784114524753E-004  -8.5795799497603061E-004
   3.4769567256564556E-004   5.2978819228447513E-004  -9.2313254101635705E-004
   3.7684481813238263E-004   5.6623905985783935E-004  -9.8810685575788653E-004
   4.0616172824247028E-004   6.0357752516416758E-004  -1.0524990741161110E-003
   4.3604587442573102E-004   6.4131398597871265E-004  -1.1163966275008982E-003
   4.6552982590042271E-004   6.7953514080635376E-004  -1.1801919245664478E-003
   4.9531228044424219E-004   7.1764866739692926E-004  -1.2439129139152031E-003
   5.2514667662620135E-004   7.5622622369469691E-004  -1.3073296385178875E-003
   5.5627858553204581E-004   7.9491203934652392E-004  -1.3700529351243105E-003
   5.8780219144157972E-004   8.3312177936921297E-004  -1.4328723431482053E-003
   6.1931529427355675E-004   8.7159316987998610E-004  -1.4955371375495251E-003
   6.5069387294489393E-004   9.1033428711469622E-004  -1.5581031877226119E-003
   6.8185446035190923E-004   9.4852123154752391E-004  -1.6211172739902119E-003
   7.1445519221176985E-004   9.8640546566294233E-004  -1.6835830813127239E-003
   7.4799109610930946E-004   1.0234841853700982E-003  -1.7460371580450373E-003
   7.8129820880847045E-004   1.0603394890243672E-003  -1.8087453937805967E-003
   8.1501780257316528E-004   1.0978665673029419E-003  -1.8708316836392774E-003
   8.4832507912395709E-004   1.1353024470195244E-003  -1.9331949761413497E-003
   8.8226482883001786E-004   1.1721368464092500E-003  -1.9955754250357673E-003
   9.1724493792645601E-004   1.2085103862302677E-003  -2.0576508433917270E-003
   9.5269333972058923E-004   1.2454971496980265E-003  -2.1190950467491628E-003
   9.8925357976810315E-004   1.2824488270768038E-003  -2.1799055918174637E-003
   1.0255842764734548E-003   1.3187017736437823E-003  -2.2412717416922276E-003
   1.0616488491957605E-003   1.3556909986260845E-003  -2.3023548311556139E-003
   1.0982561107743983E-003   1.3920540880932989E-003  -2.3634910244004310E-003
   1.1356243462020924E-003   1.4288624960679484E-003  -2.4238959586551302E-003
   1.1738282616541717E-003   1.4667660860543401E-003  -2.4830886838355312E-003
   1.2121489606550808E-003   1.5050455657566557E-003  -2.5419631729351063E-003
   1.2506156639801598E-003   1.5439884541967729E-003  -2.6003049605584365E-003
   1.2899761380832180E-003   1.5829949137465390E-003  -2.6580046068197041E-003
   1.3306058763055790E-003   1.6220023499512494E-003  -2.7148169670721516E-003
   1.3722147087438432E-003   1.6596575157346973E-003  -2.7718326979316666E-003
   1.4143460880848991E-003   1.6974497197024452E-003  -2.8283720311137565E-003
   1.4570990151548389E-003   1.7357979637797664E-003  -2.8840640358322716E-003
   1.5003083658471689E-003   1.7744273358202716E-003  -2.9392067928721561E-003
   1.5439407145296487E-003   1.8128841182922335E-003  -2.9941366939733854E-003
   1.5884631995050139E-003   1.8512260285577847E-003  -3.0484289240534789E-003
   1.6335309836260762E-003   1.8901021556438874E-003  -3.1018849019796664E-003
   1.6791267328793041E-003   1.9289917987025988E-003  -3.1548813481360838E-003
   1.7249091463098674E-003   1.9683816388924207E-003  -3.2073447744800465E-003
   1.7711547038571276E-003   2.0076761093348870E-003  -3.2594724350313783E-003
   1.8175436437275400E-003   2.0469221511409618E-003  -3.3115090997257839E-003
   1.8646394701573579E-003   2.0857408057774513E-003  -3.3632304219731830E-003
   1.9119802489658050E-003   2.1251556392513841E-003  -3.4142727727057695E-003
   1.9596358914633423E-003   2.1646372490293480E-003  -3.4649693430313265E-003
   2.0076015127982894E-003   2.2037888167469669E-003  -3.5156295236128160E-003
   2.0557410718875192E-003   2.2430445237970865E-003  -3.5660435327995012E-003
   2.1047880444785109E-003   2.2829407427295200E-003  -3.6150607357167560E-003
   2.1550532672456836E-003   2.3216677718313240E-003  -3.6637805941346110E-003
   2.2063228271100390E-003   2.3598220321510259E-003  -3.7119021555009229E-003
   2.2584036198795643E-003   2.3963931520026315E-003  -3.7603804413508086E-003
   2.3107615106071708E-003   2.4341120596189400E-003  -3.8076661188493600E-003
   2.3639627709858575E-003   2.4712341318113775E-003  -3.8544804077072807E-003
   2.4178838530397612E-003   2.5076541586345064E-003  -3.9010217716618435E-003
   2.4715233442931151E-003   2.5437095102627200E-003  -3.9481685277082904E-003
   2.5256216884941562E-003   2.5799839565405101E-003  -3.9946177871601563E-003
   2.5793094472810214E-003   2.6174507083220953E-003  -4.0405945971082853E-003
   2.6331124417706534E-003   2.6553954793564522E-003  -4.0860416228034177E-003
   2.6878803312560869E-003   2.6935314790209608E-003  -4.1301565159084803E-003
   2.7434065082740768E-003   2.7309755628267414E-003  -4.1739147639022279E-003
   2.7984260796778439E-003   2.7691895197882602E-003  -4.2176473633041625E-003
   2.8540514506191802E-003   2.8072449481225427E-003  -4.2607472761223382E-003
   2.9095667153518699E-003   2.8458712627996612E-003  -4.3034797368910966E-003
   2.9658358317010297E-003   2.8833018202991285E-003  -4.3462902486335313E-003
   3.0235266684134308E-003   2.9210292621108902E-003  -4.3868908334708757E-003
   3.0817444908217109E-003   2.9589148876093380E-003  -4.4265816954617912E-003
   3.1397733094898862E-003   2.9966595776437744E-003  -4.4666815032032795E-003
   3.1980551847358854E-003   3.0339865380722537E-003  -4.5068053245287121E-003
   3.2556427908625712E-003   3.0725179490289699E-003  -4.5467927975678963E-003
   3.3130290097925269E-003   3.1114410350431602E-003  -4.5866903570848513E-003
   3.3709907141543857E-003   3.1504628286140889E-003  -4.6256485456417258E-003
   3.4300290549822000E-003   3.1900065444721926E-003  -4.6624013529733459E-003
   3.4899846447910944E-003   3.2286283334663698E-003  -4.6986461411390786E-003
   3.5496580643788753E-003   3.2680693461318452E-003  -4.7344719630632070E-003
   3.6089329571724733E-003   3.3082067415291065E-003  -4.7701857780052155E-003
   3.6683022466502558E-003   3.3481478196705685E-003  -4.8059628340630153E-003
   3.7276592075682537E-003   3.3882621522108494E-003  -4.8415660855508254E-003
   3.7877187747553847E-003   3.4289986634921943E-003  -4.8752318699216762E-003
   3.8481523524057214E-003   3.4698764939397348E-003  -4.9080462826396540E-003
   3.9084892066199315E-003   3.5106348694430951E-003  -4.9411856676791419E-003
   3.9693946064108220E-003   3.5514855864571013E-003  -4.9731505106138238E-003
   4.0319337932514694E-003   3.5911339404249162E-003  -5.0034301762494808E-003
   4.0944932910743151E-003   3.6315726475104693E-003  -5.0326024266377067E-003
   4.1565362631894838E-003   3.6738810157750383E-003  -5.0601827018852338E-003
   4.2189908478599296E-003   3.7156541921455830E-003  -5.0876495292606462E-003
   4.2821367867756773E-003   3.7568949123736746E-003  -5.1143289856095354E-003
   4.3453613861565042E-003   3.7985427267874308E-003  -5.1401768012168843E-003
   4.4083518111511432E-003   3.8412886416550451E-003  -5.1647734092101711E-003
   4.4714670708392691E-003   3.8845854922030204E-003  -5.1880510107579422E-003
   4.5349309722518064E-003   3.9280025772714623E-003  -5.2101256554460233E-003
   4.5982371297005036E-003   3.9723413717806791E-003  -5.2307751526952930E-003
   4.6615541379111990E-003   4.0173609133885221E-003  -5.2498591077812977E-003
   4.7248635675784245E-003   4.0624771468850129E-003  -5.2687387688098910E-003
   4.7883685644810863E-003   4.1079432640624934E-003  -5.2860577623030499E-003
   4.8526075942244128E-003   4.1528486148124308E-003  -5.3020845068286410E-003
   4.9164327512193498E-003   4.1982834997484455E-003  -5.3182715561068379E-003
   4.9804369398344832E-003   4.2435781250053494E-003  -5.3341416779333038E-003
   5.0442299452203559E-003   4.2894743639298781E-003  -5.3491078969571488E-003
   5.1083708520780454E-003   4.3347806988854693E-003  -5.3643814061031612E-003
   5.1726181777567541E-003   4.3800132457417736E-003  -5.3794246054995488E-003
   5.2374928642736525E-003   4.4246867501348272E-003  -5.3934086338834645E-003
   5.3022223100254329E-003   4.4698853430629754E-003  -5.4063386783695256E-003
   5.3668053702321502E-003   4.5156582520872639E-003  -5.4179088615756051E-003
   5.4317276866501993E-003   4.5609880915768479E-003  -5.4293236974627280E-003
   5.4959133506094441E-003   4.6073982523549620E-003  -5.4405619145953587E-003
   5.5605277612130050E-003   4.6532368650933943E-003  -5.4516884379236987E-003
   5.6249669798362220E-003   4.6995828175951547E-003  -5.4616704115718444E-003
   5.6893903616478799E-003   4.7463223907969121E-003  -5.4697351605894288E-003
   5.7537282644043895E-003   4.7933461018392241E-003  -5.4767640200292025E-003
   5.8183624206036471E-003   4.8400519590722025E-003  -5.4831662666299822E-003
   5.8832308246670115E-003   4.8865784641650423E-003  -5.4883983289837797E-003
   5.9477491059131832E-003   4.9336146797395192E-003  -5.4933969091114304E-003
   6.0128096985909334E-003   4.9798842333208474E-003  -5.4985201594476519E-003
   6.0777298492554347E-003   5.0265109078103500E-003  -5.5018857600102611E-003
   6.1424749016679298E-003   5.0733381410814609E-003  -5.5057957992320902E-003
   6.2070699001887213E-003   5.1203355538242332E-003  -5.5101235427393721E-003
   6.2711085486486344E-003   5.1682036289362387E-003  -5.5128982304076856E-003
   6.3349162309690298E-003   5.2164305110125736E-003  -5.5145557960869212E-003
   6.3989918917655873E-003   5.2643294518845019E-003  -5.5145897975606923E-003
   6.4629013932050961E-003   5.3124350297431558E-003  -5.5133943878382932E-003
   6.5265936335471789E-003   5.3607314709850076E-003  -5.5101153200054018E-003
   6.5902916524726487E-003   5.4089088624377528E-003  -5.5054783663548677E-003
   6.6530667822098360E-003   5.4582055398734539E-003  -5.5000820082889606E-003
   6.7155706098866409E-003   5.5076806088723510E-003  -5.4933374493825503E-003
   6.7782898395880968E-003   5.5568395496361327E-003  -5.4862878560907810E-003
   6.8407825559344462E-003   5.6062638286369136E-003  -5.4790836177451268E-003
   6.9028084910226261E-003   5.6561085902481420E-003  -5.4708202581185712E-003
   6.9653383934065857E-003   5.7052678054337370E-003  -5.4622538774921538E-003
   7.0274933907524114E-003   5.7548043695499988E-003  -5.4531497511416211E-003
   7.0895852992411534E-003   5.8042454826937318E-003  -5.4431411932894420E-003
   7.1510704894451613E-003   5.8542408626100131E-003  -5.4321852187812405E-003
   7.2128254576918063E-003   5.9038595442236757E-003  -5.4210357644328064E-003
   7.2735789476347564E-003   5.9543837869607168E-003  -5.4085331905174162E-003
   7.3337042685991654E-003   6.0049673491210705E-003  -5.3934916141782146E-003
   7.3932876466671184E-003   6.0558625712583527E-003  -5.3773826905003565E-003
   7.4524561646723726E-003   6.1069125103381640E-003  -5.3602657340516453E-003
   7.5121319816063379E-003   6.1568579170020662E-003  -5.3417116718430810E-003
   7.5714489757585232E-003   6.2070824309272410E-003  -5.3227645769074973E-003
   7.6304567637109728E-003   6.2571151675662436E-003  -5.3023977846379557E-003
   7.6890431665257676E-003   6.3066054909521694E-003  -5.2796306745807658E-003
   7.7482283679141091E-003   6.3546907738479680E-003  -5.2554456068734604E-003
   7.8075564355681781E-003   6.4024798670735883E-003  -5.2310246535152826E-003
   7.8657559305630384E-003   6.4509825465977376E-003  -5.2053281780103230E-003
   7.9239288172467948E-003   6.4987617260476270E-003  -5.1782529997824248E-003
   7.9815814817335382E-003   6.5465969009622562E-003  -5.1501822622005223E-003
   8.0384381363531390E-003   6.5941643573726163E-003  -5.1201047302140762E-003
   8.0946271372934440E-003   6.6422094818006363E-003  -5.0895357561526692E-003
   8.1513095222906454E-003   6.6895083589923396E-003  -5.0587149278473759E-003
   8.2071361933762615E-003   6.7369727579246553E-003  -5.0266133136706156E-003
   8.2624091260872900E-003   6.7850196450873019E-003  -4.9944201539131889E-003
   8.3170155363398550E-003   6.8325922977259292E-003  -4.9604351176843050E-003
   8.3704966690343295E-003   6.8797479513659950E-003  -4.9241568490195802E-003
   8.4246275205916727E-003   6.9272377564674383E-003  -4.8893061774441179E-003
   8.4778294297616907E-003   6.9746083005152006E-003  -4.8528975462687396E-003
   8.5309822222596962E-003   7.0217716782661737E-003  -4.8161498055921169E-003
   8.5828608256372767E-003   7.0691877002906391E-003  -4.7779355232599645E-003
   8.6336449641381159E-003   7.1164741191071350E-003  -4.7381238934507894E-003
   8.6842955857490429E-003   7.1632847542238507E-003  -4.6975865160800139E-003
   8.7349316745581797E-003   7.2096006027285529E-003  -4.6564668285775275E-003
   8.7851086999956689E-003   7.2554267958900697E-003  -4.6142504083809379E-003
   8.8338394918696592E-003   7.3013980590022984E-003  -4.5705245248690808E-003
   8.8816648208922960E-003   7.3472797078431799E-003  -4.5257181391611459E-003
   8.9305255790331703E-003   7.3921484397411839E-003  -4.4810032287816715E-003
   8.9790996585195765E-003   7.4373838312541685E-003  -4.4363454392478303E-003
   9.0269395106725662E-003   7.4820705117161143E-003  -4.3903622995394133E-003
   9.0747169300700401E-003   7.5278044456411437E-003  -4.3453542393576128E-003
   9.1224890778986521E-003   7.5724769102328412E-003  -4.2992869755794959E-003
   9.1703501185355554E-003   7.6163873765199208E-003  -4.2525837450033653E-003
   9.2174964848422761E-003   7.6604622651273574E-003  -4.2053119316846840E-003
   9.2647209022493349E-003   7.7036083989620455E-003  -4.1572675194674232E-003
   9.3126254215474651E-003   7.7455864411448251E-003  -4.1088629639005701E-003
   9.3611491622145552E-003   7.7863366001195457E-003  -4.0600278214553013E-003
   9.4094461376031963E-003   7.8273355959302265E-003  -4.0111761632069254E-003
   9.4569894601276554E-003   7.8682109235222574E-003  -3.9614887395347980E-003
   9.5026126370959408E-003   7.9102395584343121E-003  -3.9109702323328012E-003
   9.5475502077059602E-003   7.9523201455309073E-003  -3.8598836495694622E-003
   9.5921838959359945E-003   7.9936306379141970E-003  -3.8079098379825327E-003
   9.6356931147085819E-003   8.0344865192776733E-003  -3.7546393503999510E-003
   9.6786683606684548E-003   8.0753211529187435E-003  -3.7009210022095427E-003
   9.7201998270237330E-003   8.1159089110975219E-003  -3.6458958154273035E-003
   9.7602805340639108E-003   8.1566842449625199E-003  -3.5899412885062741E-003
   9.8017823233856501E-003   8.1963760453082797E-003  -3.5342442287239571E-003
   9.8439626792334329E-003   8.2347706499025543E-003  -3.4781490246909180E-003
   9.8860943404280571E-003   8.2725291696760413E-003  -3.4215874007764739E-003
   9.9279858419685386E-003   8.3099302908946834E-003  -3.3646114563568273E-003
   9.9699397494337379E-003   8.3466862054364047E-003  -3.3072627650851051E-003
   1.0011436443435601E-002   8.3835704530977138E-003  -3.2496643565939382E-003
   1.0054035710563196E-002   8.4192466714502166E-003  -3.1921099485370604E-003
   1.0095681745041905E-002   8.4549365167364797E-003  -3.1338704194114591E-003
   1.0137045964188103E-002   8.4902779152203154E-003  -3.0752190176719226E-003
   1.0177138594033630E-002   8.5254585502411630E-003  -3.0155960023930768E-003
   1.0217495612796536E-002   8.5597080242877134E-003  -2.9556102993797948E-003
   1.0257618405950918E-002   8.5950385256636924E-003  -2.8960962914323669E-003
   1.0298249705463985E-002   8.6304163454583582E-003  -2.8369565639687123E-003
   1.0338857203896589E-002   8.6652851015688453E-003  -2.7774990084570711E-003
   1.0378762479460716E-002   8.7010599585823321E-003  -2.7181043235278216E-003
   1.0418202316187536E-002   8.7360895670111384E-003  -2.6579592837434520E-003
   1.0457313899779688E-002   8.7694529422644354E-003  -2.5966635316837508E-003
   1.0496354901471106E-002   8.8003235554736346E-003  -2.5340312282980536E-003
   1.0534780476111213E-002   8.8306349450839091E-003  -2.4707485697598370E-003
   1.0573737156563250E-002   8.8615896985291334E-003  -2.4081052917152806E-003
   1.0612894907261101E-002   8.8923924768693260E-003  -2.3455124854579860E-003
   1.0651813714858316E-002   8.9227997126872030E-003  -2.2825781829635219E-003
   1.0689567456185498E-002   8.9529893307260522E-003  -2.2188346187113116E-003
   1.0726453584563506E-002   8.9833843371306624E-003  -2.1546820106490491E-003
   1.0762107084934537E-002   9.0147522995646465E-003  -2.0903012772146251E-003
   1.0797390416549809E-002   9.0462050735193433E-003  -2.0257581945453572E-003
   1.0833716859570103E-002   9.0759679442794228E-003  -1.9609927634572661E-003
   1.0871465553250101E-002   9.1043981828476499E-003  -1.8964423361377898E-003
   1.0909510144637868E-002   9.1325693309742256E-003  -1.8319520619048048E-003
   1.0946952610172691E-002   9.1594491452829802E-003  -1.7665644685741638E-003
   1.0985707735124256E-002   9.1859005322563990E-003  -1.7017696816016719E-003
   1.1023162201898924E-002   9.2123285648730100E-003  -1.6362050416398705E-003
   1.1060677527679943E-002   9.2392766770515427E-003  -1.5708873596599424E-003
   1.1097832521619585E-002   9.2666312933197808E-003  -1.5055327011050607E-003
   1.1135275838250103E-002   9.2928700926516346E-003  -1.4398857404138937E-003
   1.1173368970637441E-002   9.3186637836500975E-003  -1.3744365328553735E-003
   1.1211789567820658E-002   9.3429989029023604E-003  -1.3086211875167847E-003
   1.1249914241476741E-002   9.3675364322677885E-003  -1.2427089814504555E-003
   1.1288385305496017E-002   9.3914774562209469E-003  -1.1767786803201414E-003
   1.1326710905056022E-002   9.4151887064451798E-003  -1.1106808359410488E-003
   1.1364886169137466E-002   9.4381447286145930E-003  -1.0442303260599444E-003
   1.1404159102226525E-002   9.4605923563603651E-003  -9.7824744397232290E-004
   1.1443659597321949E-002   9.4819895500289370E-003  -9.1205174176613494E-004
   1.1482083387747984E-002   9.5038547165400018E-003  -8.4537695775768924E-004
   1.1520075908309607E-002   9.5260792682004703E-003  -7.7857398114287817E-004
   1.1559010081871166E-002   9.5480627919960169E-003  -7.1223504230111560E-004
   1.1598636000884555E-002   9.5709883307896690E-003  -6.4662859281944566E-004
   1.1638141263518286E-002   9.5934355475229202E-003  -5.8078440789577498E-004
   1.1678367359771031E-002   9.6155713842677459E-003  -5.1527207387626968E-004
   1.1718761772062993E-002   9.6388928781483141E-003  -4.5027669421969269E-004
   1.1759333562711451E-002   9.6618410586460368E-003  -3.8525892115607896E-004
   1.1800149950162311E-002   9.6843424895324930E-003  -3.2023809275596749E-004
   1.1841591231925581E-002   9.7066701409899026E-003  -2.5555350305054973E-004
   1.1883640208626894E-002   9.7289946384530139E-003  -1.9126119892632766E-004
   1.1927303973028205E-002   9.7506650834136236E-003  -1.2782723723680502E-004
   1.1969560755911914E-002   9.7729963477120353E-003  -6.3673679767078874E-005
   1.2012500000010078E-002   9.7953991113079193E-003   7.9729617524987609E-015
