   3.5527136787910997E-015   3.5421283062121831E-015   7.1340190668711766E-015
   1.0579610194441590E-005   5.9135873124714357E-005  -5.2830108431264361E-005
   2.1261757444025878E-005   1.1779104509884757E-004  -1.0617298541661957E-004
   3.1583449593346465E-005   1.7635958076676482E-004  -1.5968176318207071E-004
   4.0981112587013828E-005   2.3519333153876161E-004  -2.1306971780155908E-004
   4.9759185988807623E-005   2.9356228966873668E-004  -2.6706981184491919E-004
   5.8367951620705127E-005   3.5155314152597995E-004  -3.2150280052241587E-004
   6.7125095046137903E-005   4.0960040056848835E-004  -3.7585193252212784E-004
   7.6103101060657157E-005   4.6708155030430814E-004  -4.3076379675489705E-004
   8.4650699767714908E-005   5.2426641850591440E-004  -4.8605239781940155E-004
   9.3569540219939473E-005   5.8112735815605513E-004  -5.4161576552823072E-004
   1.0364435786642715E-004   6.3853006709497183E-004  -5.9641929696668252E-004
   1.1372783947419197E-004   6.9565384156275282E-004  -6.5151192609875835E-004
   1.2394392023244203E-004   7.5288758942865144E-004  -7.0646581403826364E-004
   1.3476801961611202E-004   8.1047018091723983E-004  -7.6093676067690778E-004
   1.4589390464799686E-004   8.6854811474414487E-004  -8.1481781759775167E-004
   1.5760790863634350E-004   9.2633494176537869E-004  -8.6888689127492293E-004
   1.6970208526846645E-004   9.8388185420214243E-004  -9.2312786985250951E-004
   1.8203315272227930E-004   1.0411517438837397E-003  -9.7760818290143535E-004
   1.9475338152580876E-004   1.0980712142705407E-003  -1.0323655537430258E-003
   2.0827187061758502E-004   1.1552247926568881E-003  -1.0866860741298083E-003
   2.2164280898562936E-004   1.2125983312232089E-003  -1.1408108845358054E-003
   2.3582935531483824E-004   1.2709523842975685E-003  -1.1936648945979848E-003
   2.5079272087616693E-004   1.3296846089522500E-003  -1.2458819748829132E-003
   2.6623132243895625E-004   1.3882336894406942E-003  -1.2981663392190020E-003
   2.8159714703717553E-004   1.4475283159981398E-003  -1.3496254365355444E-003
   2.9797266878707826E-004   1.5059502972657509E-003  -1.4017667290870995E-003
   3.1445491980842548E-004   1.5647690691636996E-003  -1.4534260697674369E-003
   3.3108070958645566E-004   1.6241967241513759E-003  -1.5043371386010995E-003
   3.4794626242712920E-004   1.6839924652824339E-003  -1.5547357741596309E-003
   3.6527408902569303E-004   1.7444888416279370E-003  -1.6041314712143637E-003
   3.8208270151043563E-004   1.8053773305986740E-003  -1.6532238580984325E-003
   3.9836648286237030E-004   1.8661158407660974E-003  -1.7026775924680734E-003
   4.1503773531707984E-004   1.9266021177600106E-003  -1.7523110451468291E-003
   4.3311068119963528E-004   1.9860589548693118E-003  -1.8026921244625686E-003
   4.5219714944354027E-004   2.0454867602217150E-003  -1.8527325350255490E-003
   4.7193448623974874E-004   2.1046709969902845E-003  -1.9028091128152598E-003
   4.9288220417575306E-004   2.1631048904086239E-003  -1.9532736866627260E-003
   5.1436858615246551E-004   2.2216834595032856E-003  -2.0033425056151339E-003
   5.3610821287975883E-004   2.2804178195020316E-003  -2.0531186403515149E-003
   5.5788983950147636E-004   2.3390934125128806E-003  -2.1029456965707409E-003
   5.7924541485155311E-004   2.3980175603553326E-003  -2.1526637437001197E-003
   6.0126584860600179E-004   2.4579254067681505E-003  -2.2008939253537877E-003
   6.2289779136310761E-004   2.5188106315273025E-003  -2.2480643445093240E-003
   6.4341036778882952E-004   2.5798720387090654E-003  -2.2955062961329421E-003
   6.6362304543694675E-004   2.6413379724068626E-003  -2.3425529395791752E-003
   6.8310941347008499E-004   2.7031628222355152E-003  -2.3894354458151193E-003
   7.0290365095958783E-004   2.7644909393823285E-003  -2.4368385072658120E-003
   7.2337216819195463E-004   2.8261791060725603E-003  -2.4834819408586909E-003
   7.4505438631509600E-004   2.8879364127903412E-003  -2.5294810330507922E-003
   7.6549862642343502E-004   2.9493489675235852E-003  -2.5764973192331686E-003
   7.8663318782571225E-004   3.0108949189672032E-003  -2.6230314590407183E-003
   8.0808167722230752E-004   3.0723344736061768E-003  -2.6695625607018668E-003
   8.3102945791977355E-004   3.1340951967789841E-003  -2.7149389028749801E-003
   8.5365120044450570E-004   3.1959531474831980E-003  -2.7603465091990504E-003
   8.7796548441380331E-004   3.2576979818458255E-003  -2.8050275008452809E-003
   9.0225436722211709E-004   3.3192077520600217E-003  -2.8500452567244835E-003
   9.2545472675950027E-004   3.3810703342011649E-003  -2.8951536180719752E-003
   9.4907398198834181E-004   3.4432589312424146E-003  -2.9395913178527910E-003
   9.7264872281775184E-004   3.5053414908764904E-003  -2.9842005925799393E-003
   9.9748348337523607E-004   3.5675751734289803E-003  -3.0279064664561406E-003
   1.0222666989030285E-003   3.6297438945503556E-003  -3.0717338819559706E-003
   1.0469135131181448E-003   3.6927538906249978E-003  -3.1144219946019846E-003
   1.0736835830785880E-003   3.7561074238140731E-003  -3.1552838737610722E-003
   1.1011799032519037E-003   3.8200860890541468E-003  -3.1946625835003826E-003
   1.1292552006457108E-003   3.8837012052975574E-003  -3.2342213328817450E-003
   1.1583088619997249E-003   3.9473364822434987E-003  -3.2730341695772565E-003
   1.1867128096578847E-003   4.0105744876414292E-003  -3.3129612335739324E-003
   1.2157174514014785E-003   4.0739300491129662E-003  -3.3522652230613785E-003
   1.2453352200516596E-003   4.1373446255335558E-003  -3.3910128586432677E-003
   1.2756120923684221E-003   4.2006402662484411E-003  -3.4294442634921754E-003
   1.3057371522306135E-003   4.2638988547705446E-003  -3.4680555536703676E-003
   1.3364342206318913E-003   4.3274157033919118E-003  -3.5057822013689535E-003
   1.3678421851843646E-003   4.3907784965915046E-003  -3.5431813483536353E-003
   1.4005410984933723E-003   4.4534272855718156E-003  -3.5806768188895760E-003
   1.4336888668485882E-003   4.5161654753641733E-003  -3.6176246875952523E-003
   1.4671498621138550E-003   4.5792124994774464E-003  -3.6537554854194207E-003
   1.5008328834854078E-003   4.6421147268609899E-003  -3.6899323268629746E-003
   1.5363030053109103E-003   4.7045744313701648E-003  -3.7251552705397373E-003
   1.5735210180425909E-003   4.7667099373663851E-003  -3.7591258228695402E-003
   1.6104180880694271E-003   4.8288327792471962E-003  -3.7934676157009893E-003
   1.6485435466605130E-003   4.8908933988517887E-003  -3.8265573257524575E-003
   1.6878145058183793E-003   4.9530872181962338E-003  -3.8580171510142021E-003
   1.7277710887427550E-003   5.0152944803147107E-003  -3.8885741145809091E-003
   1.7703162329752058E-003   5.0762890082951921E-003  -3.9180627269085428E-003
   1.8129133444514368E-003   5.1373299754574955E-003  -3.9473797258234421E-003
   1.8557572407432452E-003   5.1981164872626096E-003  -3.9768653245962878E-003
   1.8982791729897049E-003   5.2591710037027395E-003  -4.0062631357903888E-003
   1.9402394034336347E-003   5.3212833774258627E-003  -4.0342165271397869E-003
   1.9829515537322304E-003   5.3828755555457115E-003  -4.0621821455382482E-003
   2.0277291705200510E-003   5.4432929220546615E-003  -4.0894714631968827E-003
   2.0729569438608089E-003   5.5037683980028260E-003  -4.1158753519111536E-003
   2.1182095231114919E-003   5.5644379648721529E-003  -4.1417868882988509E-003
   2.1639580142937425E-003   5.6250835468435768E-003  -4.1668705269907649E-003
   2.2101658421103862E-003   5.6857514358735336E-003  -4.1910416648031548E-003
   2.2580494654051166E-003   5.7453362956315030E-003  -4.2146383403975796E-003
   2.3062303324760981E-003   5.8050744696799359E-003  -4.2372205149265726E-003
   2.3545920946603728E-003   5.8647353127236302E-003  -4.2596197064805252E-003
   2.4043450515178460E-003   5.9232799203097295E-003  -4.2819170651597037E-003
   2.4549412689912646E-003   5.9813712966656444E-003  -4.3034905385570350E-003
   2.5063042096751579E-003   6.0389666903415042E-003  -4.3245765281064337E-003
   2.5574551477529077E-003   6.0972172705350599E-003  -4.3443363724279130E-003
   2.6103422309622618E-003   6.1534819159484878E-003  -4.3652468029001428E-003
   2.6646020297416031E-003   6.2086971050043949E-003  -4.3854249380980192E-003
   2.7193172699098798E-003   6.2642142024414774E-003  -4.4034275596434008E-003
   2.7739335809780761E-003   6.3199985996253479E-003  -4.4208963777598474E-003
   2.8288580219925979E-003   6.3752046728234642E-003  -4.4392156364708108E-003
   2.8841284418758425E-003   6.4303832197516522E-003  -4.4565508218826046E-003
   2.9392635729751414E-003   6.4854693167541088E-003  -4.4745962987288715E-003
   2.9952535053408549E-003   6.5400912189029796E-003  -4.4913765038393861E-003
   3.0506569461758643E-003   6.5955672394875991E-003  -4.5072783867210024E-003
   3.1069618956589915E-003   6.6506319387312591E-003  -4.5213365360365302E-003
   3.1635666384104296E-003   6.7056370235353165E-003  -4.5343881161612780E-003
   3.2201488707334636E-003   6.7606920893288069E-003  -4.5473260723791651E-003
   3.2784092847317281E-003   6.8142003096573834E-003  -4.5592673670505329E-003
   3.3373488317262612E-003   6.8670431324401966E-003  -4.5708330873525686E-003
   3.3972358548466320E-003   6.9190470747396010E-003  -4.5812798305130140E-003
   3.4586007180723100E-003   6.9696007335457409E-003  -4.5901500699825765E-003
   3.5199553624131025E-003   7.0203755605387297E-003  -4.5977345645883553E-003
   3.5814366899761113E-003   7.0710713897929158E-003  -4.6048041660864836E-003
   3.6425217963257936E-003   7.1223830619462263E-003  -4.6107809617960812E-003
   3.7033888282353945E-003   7.1739999003341609E-003  -4.6163403158613024E-003
   3.7652368115339107E-003   7.2245420154975161E-003  -4.6208482605947640E-003
   3.8277845445313522E-003   7.2742415883713775E-003  -4.6250593829414259E-003
   3.8910818439999860E-003   7.3230759581515781E-003  -4.6280015253531140E-003
   3.9551830347146150E-003   7.3708563334819784E-003  -4.6308428427283416E-003
   4.0197590066995111E-003   7.4180280538417749E-003  -4.6330274808872793E-003
   4.0853247831779864E-003   7.4638442068280251E-003  -4.6344448992281882E-003
   4.1516536651405667E-003   7.5085661079795328E-003  -4.6351013878151714E-003
   4.2180158118262472E-003   7.5532433941472455E-003  -4.6351761616136881E-003
   4.2844680068660160E-003   7.5977834466972012E-003  -4.6346381140389050E-003
   4.3507454118680046E-003   7.6425515814252821E-003  -4.6328718472435689E-003
   4.4171931374362211E-003   7.6869243556095933E-003  -4.6289023790393622E-003
   4.4841853074744503E-003   7.7303818702173415E-003  -4.6240553614068014E-003
   4.5512195681092311E-003   7.7736410526121199E-003  -4.6181349694376485E-003
   4.6186647904740896E-003   7.8161966906226937E-003  -4.6117978049504465E-003
   4.6866340640673273E-003   7.8576661892996950E-003  -4.6040222967222389E-003
   4.7547387155039058E-003   7.8987999843919722E-003  -4.5956696114659379E-003
   4.8236647008620317E-003   7.9382835294787950E-003  -4.5861691793179461E-003
   4.8923345360485032E-003   7.9780058277471675E-003  -4.5758448027426162E-003
   4.9610063607320679E-003   8.0176787141064201E-003  -4.5653451556332790E-003
   5.0297455941260699E-003   8.0570269330449886E-003  -4.5540919136608975E-003
   5.0989003084222859E-003   8.0954090671150596E-003  -4.5420737077310975E-003
   5.1682044042187089E-003   8.1330267078330541E-003  -4.5285883298160036E-003
   5.2375912636605463E-003   8.1700557604081278E-003  -4.5139488966785980E-003
   5.3069026315761226E-003   8.2067995882603734E-003  -4.4982700768439465E-003
   5.3768224878675960E-003   8.2421431349196141E-003  -4.4820821984644333E-003
   5.4466851907828588E-003   8.2775686682373759E-003  -4.4658269122181595E-003
   5.5161733727169156E-003   8.3127967696915335E-003  -4.4476507343892639E-003
   5.5855221509107577E-003   8.3480530736395626E-003  -4.4290029465062167E-003
   5.6552269211982108E-003   8.3823144991955027E-003  -4.4098352727084010E-003
   5.7253355857178733E-003   8.4153714564171103E-003  -4.3900359610919634E-003
   5.7957089609010654E-003   8.4475776838137291E-003  -4.3697789379578212E-003
   5.8665732661773674E-003   8.4788762833558923E-003  -4.3498127690997672E-003
   5.9374572248633278E-003   8.5095543505218276E-003  -4.3289724091747474E-003
   6.0080505710586353E-003   8.5405795592328505E-003  -4.3076647605614134E-003
   6.0786107997747342E-003   8.5710172353610260E-003  -4.2854206151389596E-003
   6.1490070594566616E-003   8.6004546512335432E-003  -4.2613830370694635E-003
   6.2194162615918465E-003   8.6296638861038631E-003  -4.2371061989871263E-003
   6.2894586202020012E-003   8.6579170995328310E-003  -4.2107277245348245E-003
   6.3591348551326225E-003   8.6856709252527611E-003  -4.1828898464952823E-003
   6.4290310738823872E-003   8.7123648483585364E-003  -4.1545710704455037E-003
   6.4986712504127315E-003   8.7388052266009209E-003  -4.1253965575462591E-003
   6.5682982052629769E-003   8.7648327826576923E-003  -4.0958220162778643E-003
   6.6376017810781283E-003   8.7897863368134876E-003  -4.0646076843767762E-003
   6.7071208110227095E-003   8.8135799490405928E-003  -4.0329695984536651E-003
   6.7770926558975327E-003   8.8360087125291427E-003  -4.0013327291393000E-003
   6.8474685230112253E-003   8.8565009457705623E-003  -3.9692811191826254E-003
   6.9178289137275173E-003   8.8756107506395218E-003  -3.9363534593311036E-003
   6.9876763329728506E-003   8.8934696751909285E-003  -3.9016778651121270E-003
   7.0568408132638408E-003   8.9122804409828785E-003  -3.8661471776690144E-003
   7.1257427751422863E-003   8.9311906801332816E-003  -3.8301621458157360E-003
   7.1943196646360227E-003   8.9489766917668218E-003  -3.7930021133452192E-003
   7.2626696064125688E-003   8.9653291026793123E-003  -3.7547805995847734E-003
   7.3308376652812127E-003   8.9820474943790446E-003  -3.7163929567061117E-003
   7.3992106419302752E-003   8.9977761888299420E-003  -3.6779515176920408E-003
   7.4673722255523475E-003   9.0151497279071149E-003  -3.6398443180129855E-003
   7.5350358579570663E-003   9.0320679095112384E-003  -3.6006600356640393E-003
   7.6025348840873209E-003   9.0485510004032731E-003  -3.5610091947654529E-003
   7.6702816606930187E-003   9.0646899994691471E-003  -3.5216403370024276E-003
   7.7373391709482956E-003   9.0813721486459817E-003  -3.4813290950986417E-003
   7.8043690281446258E-003   9.0978225901522745E-003  -3.4408768860785376E-003
   7.8712449765340059E-003   9.1149429178088992E-003  -3.4004479123396032E-003
   7.9378374741001251E-003   9.1335537354172176E-003  -3.3602101597919698E-003
   8.0050599020846294E-003   9.1508669008860816E-003  -3.3204433459924697E-003
   8.0720158650595293E-003   9.1678995726261429E-003  -3.2801098968671238E-003
   8.1386104841365964E-003   9.1855540793807887E-003  -3.2394469518826487E-003
   8.2049889154735666E-003   9.2033240358473344E-003  -3.1984819363257313E-003
   8.2706453696429517E-003   9.2215702328896330E-003  -3.1565736278347141E-003
   8.3361873823932543E-003   9.2400658992942350E-003  -3.1145955992283821E-003
   8.4018684376327354E-003   9.2587758653751434E-003  -3.0729310320350765E-003
   8.4673253433976397E-003   9.2768956473577528E-003  -3.0306573169067291E-003
   8.5329891517547315E-003   9.2941384249069260E-003  -2.9883376892327102E-003
   8.5988678874145408E-003   9.3110453166772768E-003  -2.9462170385947126E-003
   8.6647956277532464E-003   9.3279523285671705E-003  -2.9041731805078495E-003
   8.7301293895473159E-003   9.3448903884640992E-003  -2.8612243540555816E-003
   8.7958649847888204E-003   9.3605828481399655E-003  -2.8184157308835736E-003
   8.8616550015877676E-003   9.3757552183227986E-003  -2.7755033447359975E-003
   8.9268020991254519E-003   9.3911741382821604E-003  -2.7317070825014487E-003
   8.9914510246050551E-003   9.4053418538694224E-003  -2.6867649834331816E-003
   9.0563924647328771E-003   9.4186868935665930E-003  -2.6419931253952962E-003
   9.1212284853764130E-003   9.4320780557061550E-003  -2.5970824674089446E-003
   9.1867911260231968E-003   9.4447066622062072E-003  -2.5530136751892533E-003
   9.2528811455127105E-003   9.4572659359827352E-003  -2.5097196344284669E-003
   9.3192197993368156E-003   9.4687029017872099E-003  -2.4664948866109930E-003
   9.3854241146719246E-003   9.4803393996741939E-003  -2.4231176973535549E-003
   9.4508151486612166E-003   9.4928323924789344E-003  -2.3787562523519008E-003
   9.5162515241367131E-003   9.5043447880781527E-003  -2.3341967920633374E-003
   9.5817545242677105E-003   9.5148173598010692E-003  -2.2894789854827702E-003
   9.6468166945059934E-003   9.5251349894161091E-003  -2.2440866896449247E-003
   9.7114677770042089E-003   9.5348115691688915E-003  -2.1979716017017773E-003
   9.7748421418490800E-003   9.5457024024064429E-003  -2.1503787489581356E-003
   9.8377442126861628E-003   9.5563218453693331E-003  -2.1021029070310009E-003
   9.8999430748480666E-003   9.5663722620116017E-003  -2.0528049286956543E-003
   9.9619464194434203E-003   9.5759820265293727E-003  -2.0031739134603569E-003
   1.0024421417856014E-002   9.5857929395456922E-003  -1.9541777854045579E-003
   1.0086118308342678E-002   9.5951748354491575E-003  -1.9041230779473528E-003
   1.0147210261728016E-002   9.6040990372234566E-003  -1.8532493926428167E-003
   1.0208227037862285E-002   9.6132547210538207E-003  -1.8023266425463685E-003
   1.0269066235748654E-002   9.6223804758484490E-003  -1.7511865154473481E-003
   1.0329931704208947E-002   9.6319605548294569E-003  -1.7001608666200817E-003
   1.0390707774441442E-002   9.6416788378680136E-003  -1.6490548565174887E-003
   1.0450818885365231E-002   9.6508877036517553E-003  -1.5970755228764363E-003
   1.0511103164013432E-002   9.6603133034632270E-003  -1.5453361392290680E-003
   1.0570793027951433E-002   9.6682068316952686E-003  -1.4926596515255413E-003
   1.0629909892992569E-002   9.6760413548417860E-003  -1.4393322053327102E-003
   1.0688054447956050E-002   9.6831312776401585E-003  -1.3848441908666485E-003
   1.0745985982376503E-002   9.6887280915698148E-003  -1.3299569155272159E-003
   1.0803757168813518E-002   9.6943715827998971E-003  -1.2749056573845298E-003
   1.0860235590238099E-002   9.7000958321821189E-003  -1.2185370412682891E-003
   1.0916304480933555E-002   9.7058098483523789E-003  -1.1617600255458291E-003
   1.0972307945679266E-002   9.7113077604231487E-003  -1.1048971651128577E-003
   1.1028456374968035E-002   9.7164948501018023E-003  -1.0481481740125882E-003
   1.1084542035269747E-002   9.7203984255221955E-003  -9.9123454815853692E-004
   1.1140174581201076E-002   9.7231477467536673E-003  -9.3381102448609761E-004
   1.1195277374675227E-002   9.7260849412916794E-003  -8.7588818759970889E-004
   1.1249754396294517E-002   9.7287170925136213E-003  -8.1736190379751194E-004
   1.1304214572735683E-002   9.7329385167161161E-003  -7.5891304786718954E-004
   1.1358928954069633E-002   9.7367704679623395E-003  -7.0067515105919726E-004
   1.1413060242072472E-002   9.7410606554434731E-003  -6.4192655153079870E-004
   1.1467422979024739E-002   9.7464587504211813E-003  -5.8348381543880793E-004
   1.1521883635239276E-002   9.7520390775987544E-003  -5.2514946126930350E-004
   1.1576326486649345E-002   9.7570542672114850E-003  -4.6674720274867987E-004
   1.1630898830638885E-002   9.7612780412362835E-003  -4.0840323131731334E-004
   1.1685732500111420E-002   9.7658170305950209E-003  -3.5032857017741354E-004
   1.1740197483238979E-002   9.7700393785137857E-003  -2.9188425998999672E-004
   1.1794965885316998E-002   9.7742531530304721E-003  -2.3372356675739004E-004
   1.1849779928410820E-002   9.7789746919982167E-003  -1.7564493258217818E-004
   1.1904349442880042E-002   9.7843576704522272E-003  -1.1739382413193550E-004
   1.1958263143629067E-002   9.7897910534987427E-003  -5.8539841929696692E-005
   1.2012500000010036E-002   9.7953991113079539E-003   7.9726792318760155E-015
