   3.5527136787910823E-015   3.5421283062121709E-015   7.1340190668711497E-015
   1.6519992509344224E-005   4.9065224349838991E-005  -6.0989290910728017E-005
   3.3063540302501380E-005   9.7650315586851182E-005  -1.2235540476975080E-004
   5.0778732040019877E-005   1.4578453153533599E-004  -1.8374977938004881E-004
   6.7796133409728237E-005   1.9325249542546464E-004  -2.4585614340857953E-004
   8.3335949060190355E-005   2.4002229218820497E-004  -3.0887280979803258E-004
   9.9476727676226236E-005   2.8583111089896678E-004  -3.7244188557541573E-004
   1.1583912129015098E-004   3.3173157554686818E-004  -4.3588807862727933E-004
   1.3338080392752543E-004   3.7709106939215031E-004  -4.9940819897363934E-004
   1.5172151826606969E-004   4.2262586350337561E-004  -5.6257623460371717E-004
   1.6987130473700452E-004   4.6681741044510251E-004  -6.2674548295533594E-004
   1.8795581866491669E-004   5.1093617805991710E-004  -6.9098320320133493E-004
   2.0615939804143776E-004   5.5559899657616429E-004  -7.5481001837750218E-004
   2.2476737910196511E-004   6.0012832511931093E-004  -8.1861348176978644E-004
   2.4393876893247514E-004   6.4347830878679741E-004  -8.8305909237062856E-004
   2.6301349382041759E-004   6.8661664871085383E-004  -9.4767517790123902E-004
   2.8212108759295587E-004   7.3007912636416014E-004  -1.0120639416057132E-003
   3.0102584051744548E-004   7.7364494534413542E-004  -1.0764427403669179E-003
   3.2033904746715938E-004   8.1761546495595335E-004  -1.1404239363621777E-003
   3.3917854874022046E-004   8.6176675334336732E-004  -1.2044218809926625E-003
   3.5864833604164084E-004   9.0543293480918271E-004  -1.2685638484041097E-003
   3.7850393040094371E-004   9.4943592065790700E-004  -1.3323564234499895E-003
   3.9887528380989299E-004   9.9329945013417278E-004  -1.3960823893413180E-003
   4.1890583287318217E-004   1.0379304842429232E-003  -1.4593820567488263E-003
   4.3944251716300276E-004   1.0830684339327035E-003  -1.5221579286620718E-003
   4.6116425679937269E-004   1.1281478557750300E-003  -1.5845759689575897E-003
   4.8300539039805205E-004   1.1731600733676682E-003  -1.6470008449869598E-003
   5.0442294349073425E-004   1.2180935860968112E-003  -1.7096288567642480E-003
   5.2577889099276998E-004   1.2639703732334558E-003  -1.7715904892570381E-003
   5.4730264918621298E-004   1.3104181620222444E-003  -1.8330667509037801E-003
   5.6963331749005383E-004   1.3569871255197504E-003  -1.8941623555325769E-003
   5.9261918897061917E-004   1.4040087902841749E-003  -1.9546653533742916E-003
   6.1632556145274078E-004   1.4510807142225771E-003  -2.0148504169370269E-003
   6.3958486575871722E-004   1.4994434020702586E-003  -2.0741804698205892E-003
   6.6354633724615851E-004   1.5481300767153897E-003  -2.1329635932582341E-003
   6.8885523678120081E-004   1.5965674437700922E-003  -2.1913868855779834E-003
   7.1473655334449967E-004   1.6440653089659734E-003  -2.2503284688922889E-003
   7.4130408687941602E-004   1.6904506261287368E-003  -2.3098479490137533E-003
   7.6956658868140122E-004   1.7366117331043623E-003  -2.3687579073705489E-003
   7.9754537789907107E-004   1.7834044345261420E-003  -2.4273038760751768E-003
   8.2593329816822041E-004   1.8305713711926307E-003  -2.4853504614461117E-003
   8.5411034405884656E-004   1.8775470190355854E-003  -2.5436543429846917E-003
   8.8258890724770276E-004   1.9250698684515574E-003  -2.6013652623066677E-003
   9.1101826031361527E-004   1.9727768967263415E-003  -2.6589483442159821E-003
   9.4018165054114277E-004   2.0213027963325398E-003  -2.7154703200336877E-003
   9.6900732725374963E-004   2.0697269442337585E-003  -2.7722522032773908E-003
   9.9787249383982441E-004   2.1195450296894545E-003  -2.8277946240556954E-003
   1.0272877266671919E-003   2.1693875342722168E-003  -2.8830256736572702E-003
   1.0571408511223937E-003   2.2194922639999248E-003  -2.9377824725393409E-003
   1.0872201394259615E-003   2.2703443299691818E-003  -2.9917204350525359E-003
   1.1183692489934037E-003   2.3219804882383356E-003  -3.0442888678921119E-003
   1.1500187302968400E-003   2.3735040708270094E-003  -3.0966685468033169E-003
   1.1825461645149692E-003   2.4250176464182104E-003  -3.1485175347049739E-003
   1.2152781843692007E-003   2.4763457049795821E-003  -3.2004217279398019E-003
   1.2482492127349198E-003   2.5263124808310197E-003  -3.2534899162618754E-003
   1.2827829558106683E-003   2.5760208198199559E-003  -3.3058014982877159E-003
   1.3186752206122056E-003   2.6257045313697026E-003  -3.3572142801453066E-003
   1.3550878760751834E-003   2.6752693950373072E-003  -3.4083752303616082E-003
   1.3926025514333514E-003   2.7251022828128735E-003  -3.4584684675304169E-003
   1.4313393778565321E-003   2.7752300370769349E-003  -3.5073219887820015E-003
   1.4709194014021767E-003   2.8252883872179621E-003  -3.5555670227704504E-003
   1.5105671164901283E-003   2.8757893753337434E-003  -3.6032923713265668E-003
   1.5508695783312384E-003   2.9260934389464268E-003  -3.6506760475364130E-003
   1.5922752701775466E-003   2.9763925790863236E-003  -3.6971041119539124E-003
   1.6331764484297602E-003   3.0265128749295874E-003  -3.7441684250993342E-003
   1.6745980549156658E-003   3.0769899492838954E-003  -3.7903887179565267E-003
   1.7164179578259896E-003   3.1275756263027814E-003  -3.8361291268255238E-003
   1.7587043014808366E-003   3.1778308285112891E-003  -3.8818049388046703E-003
   1.8018898515382016E-003   3.2273841609769243E-003  -3.9274062053386346E-003
   1.8436281570480550E-003   3.2777376014722246E-003  -3.9734762050024222E-003
   1.8854891546635083E-003   3.3289999838030924E-003  -4.0184186687295008E-003
   1.9293988402543784E-003   3.3795540566190375E-003  -4.0621933785030297E-003
   1.9741587552344676E-003   3.4294261834989966E-003  -4.1058891561623319E-003
   2.0191495028525500E-003   3.4800608609035161E-003  -4.1484563039110699E-003
   2.0644304756239173E-003   3.5301729631662640E-003  -4.1913329958857080E-003
   2.1099483738952086E-003   3.5800759400146185E-003  -4.2342027270008244E-003
   2.1560792648241947E-003   3.6300758032103480E-003  -4.2762973179549775E-003
   2.2027444105310484E-003   3.6807219284981712E-003  -4.3170076872099715E-003
   2.2494907239948843E-003   3.7322252124505286E-003  -4.3565322860136032E-003
   2.2959144455353148E-003   3.7839822533586626E-003  -4.3961055951684640E-003
   2.3428251389468295E-003   3.8356021382975002E-003  -4.4352817909682311E-003
   2.3910670719072516E-003   3.8864510297433059E-003  -4.4738448063166725E-003
   2.4377868549577473E-003   3.9389894050756141E-003  -4.5120152267031175E-003
   2.4854253092840557E-003   3.9912745593503043E-003  -4.5493895536343415E-003
   2.5332985127646548E-003   4.0439858828306401E-003  -4.5858542319380967E-003
   2.5817371340693903E-003   4.0967619349509049E-003  -4.6214686713172155E-003
   2.6300442736374363E-003   4.1501462076515647E-003  -4.6563476004416572E-003
   2.6793389025633525E-003   4.2028037438322247E-003  -4.6909485172669588E-003
   2.7282958221948243E-003   4.2563092669017930E-003  -4.7247180155992642E-003
   2.7768027257590987E-003   4.3113326411200045E-003  -4.7566477603105109E-003
   2.8253713222431264E-003   4.3668086531024027E-003  -4.7876881135538590E-003
   2.8742275376909656E-003   4.4221650436475348E-003  -4.8184897409409766E-003
   2.9237692617565042E-003   4.4777456580055459E-003  -4.8477542736574267E-003
   2.9747189999306703E-003   4.5326072020659873E-003  -4.8759382256765953E-003
   3.0268052960048088E-003   4.5872862415574141E-003  -4.9023431573295400E-003
   3.0798224815864750E-003   4.6419252604463310E-003  -4.9269145968310222E-003
   3.1332519644511813E-003   4.6965647667358010E-003  -4.9505750006753717E-003
   3.1876245139308003E-003   4.7507828775884622E-003  -4.9730254424342592E-003
   3.2420474987098526E-003   4.8052948084840036E-003  -4.9946260932422874E-003
   3.2964625817394374E-003   4.8605771624205809E-003  -5.0141929035618085E-003
   3.3503785662320480E-003   4.9164852771728862E-003  -5.0333592627542032E-003
   3.4048938387971112E-003   4.9723145407080810E-003  -5.0509995121000642E-003
   3.4597334555937042E-003   5.0280281406576179E-003  -5.0679880731540157E-003
   3.5139561451972305E-003   5.0845939594190703E-003  -5.0841190398378212E-003
   3.5688521064801055E-003   5.1404382252581791E-003  -5.1004852063016937E-003
   3.6242099184623025E-003   5.1958742523402785E-003  -5.1166827235230774E-003
   3.6807732504612369E-003   5.2504723450584045E-003  -5.1315029031162793E-003
   3.7370479941697854E-003   5.3053650196063827E-003  -5.1463335305446259E-003
   3.7938534941820284E-003   5.3597983480267062E-003  -5.1608300102684804E-003
   3.8514283198925027E-003   5.4134941989901104E-003  -5.1750389876398040E-003
   3.9099583253984485E-003   5.4664746318959824E-003  -5.1879739085916934E-003
   3.9688448172410162E-003   5.5191864298307367E-003  -5.2003774338249984E-003
   4.0280259926775731E-003   5.5716107250389302E-003  -5.2125955247513010E-003
   4.0872922360109497E-003   5.6241486457712627E-003  -5.2238773367318551E-003
   4.1470955183186900E-003   5.6762800087449758E-003  -5.2341675466481734E-003
   4.2071527854729771E-003   5.7283155968366776E-003  -5.2434099618949483E-003
   4.2678727840047863E-003   5.7798577478539760E-003  -5.2509258412425921E-003
   4.3278001368870162E-003   5.8324047748346090E-003  -5.2578194859730087E-003
   4.3875810595716529E-003   5.8851039716309034E-003  -5.2648220524156358E-003
   4.4478266182045034E-003   5.9373329566551067E-003  -5.2713493639896854E-003
   4.5071455842089188E-003   5.9906917132242013E-003  -5.2771891733552397E-003
   4.5664503257486092E-003   6.0440406622364867E-003  -5.2832585445303356E-003
   4.6271192737100744E-003   6.0960030570316546E-003  -5.2876389885058448E-003
   4.6881189863297859E-003   6.1476618315926641E-003  -5.2908648325083818E-003
   4.7497677734115165E-003   6.1986329251462980E-003  -5.2920372945080589E-003
   4.8115087247141749E-003   6.2495058526365896E-003  -5.2920508220670355E-003
   4.8729366021366786E-003   6.3007453051423801E-003  -5.2909857466383811E-003
   4.9347936643963086E-003   6.3513998906267284E-003  -5.2881898903442285E-003
   4.9966411591853954E-003   6.4020282417072763E-003  -5.2847755884439344E-003
   5.0589283816345936E-003   6.4519900058167632E-003  -5.2798639644948608E-003
   5.1216539804921262E-003   6.5012786397788845E-003  -5.2738531565607177E-003
   5.1841744612037529E-003   6.5506080922411430E-003  -5.2662508798870895E-003
   5.2471237896726313E-003   6.5991283104927211E-003  -5.2571310955726929E-003
   5.3104958164774093E-003   6.6467498524311851E-003  -5.2463526465046173E-003
   5.3743847491345290E-003   6.6934643852135135E-003  -5.2346925988104058E-003
   5.4374746750232208E-003   6.7407716933510862E-003  -5.2212137320850581E-003
   5.5014381207304716E-003   6.7867487646368196E-003  -5.2072571375595044E-003
   5.5649351373346619E-003   6.8334989214926109E-003  -5.1937459676138541E-003
   5.6288950623116603E-003   6.8795521248940922E-003  -5.1800262571697819E-003
   5.6929847732224530E-003   6.9250924227417425E-003  -5.1652414601397493E-003
   5.7574843112560090E-003   6.9701318244954095E-003  -5.1507066092647009E-003
   5.8212661122472786E-003   7.0155576373880316E-003  -5.1343243816529783E-003
   5.8849584229673227E-003   7.0608941443473664E-003  -5.1173570397629094E-003
   5.9480559268282858E-003   7.1067582269820784E-003  -5.0996034222326493E-003
   6.0112355406739112E-003   7.1523066721077833E-003  -5.0813366343003255E-003
   6.0746430091380985E-003   7.1967799719552744E-003  -5.0612962115855016E-003
   6.1383789602629029E-003   7.2405320131372942E-003  -5.0407174014326711E-003
   6.2025443361651356E-003   7.2835432184959383E-003  -5.0199125762866595E-003
   6.2667613259077340E-003   7.3260491883439735E-003  -4.9982464562669943E-003
   6.3310847481581551E-003   7.3675745294978752E-003  -4.9750485384710006E-003
   6.3953695404846168E-003   7.4087201767812005E-003  -4.9510797841032178E-003
   6.4594316240048607E-003   7.4502574971333432E-003  -4.9271904460013432E-003
   6.5236275143737829E-003   7.4912220650908820E-003  -4.9026793906207684E-003
   6.5872278945129795E-003   7.5324662647360983E-003  -4.8771077728338710E-003
   6.6501588389785912E-003   7.5735120499769663E-003  -4.8496316059165722E-003
   6.7120382015775576E-003   7.6151526683372996E-003  -4.8207005952369507E-003
   6.7745213987157517E-003   7.6554782605866879E-003  -4.7912099747747985E-003
   6.8369444559053510E-003   7.6943299859385120E-003  -4.7596837101970910E-003
   6.8989633850003807E-003   7.7332419399648005E-003  -4.7274422418362256E-003
   6.9611536238448363E-003   7.7714765027951226E-003  -4.6947238619740777E-003
   7.0233493563307270E-003   7.8093579604963615E-003  -4.6616076116895435E-003
   7.0850695719580680E-003   7.8477319032817707E-003  -4.6281702747549454E-003
   7.1465242557281214E-003   7.8868934386816351E-003  -4.5951597312952879E-003
   7.2081623967312968E-003   7.9253900011592195E-003  -4.5617119472375336E-003
   7.2704300610268559E-003   7.9623438197902706E-003  -4.5276949915603205E-003
   7.3324960108160676E-003   7.9994764572420586E-003  -4.4935045674515664E-003
   7.3939766806811382E-003   8.0358978948315788E-003  -4.4575378311012487E-003
   7.4552804685765507E-003   8.0714664721889141E-003  -4.4204336279631889E-003
   7.5166355933082383E-003   8.1067152349290888E-003  -4.3831097294312919E-003
   7.5783488192089797E-003   8.1409489101637814E-003  -4.3454330360437185E-003
   7.6398568825980593E-003   8.1752838321425929E-003  -4.3075137630462692E-003
   7.7009119234415536E-003   8.2097189046917429E-003  -4.2689585068673569E-003
   7.7615344121800441E-003   8.2442659661809432E-003  -4.2298252167260048E-003
   7.8220255584131541E-003   8.2771288805427896E-003  -4.1890716882323651E-003
   7.8821925116626598E-003   8.3089975199590362E-003  -4.1470677889471784E-003
   7.9424322293978732E-003   8.3402825346517630E-003  -4.1047307571509253E-003
   8.0029752824257762E-003   8.3697180789151140E-003  -4.0615093796475387E-003
   8.0633642731392993E-003   8.3982646860439325E-003  -4.0174836936876252E-003
   8.1242016640893124E-003   8.4254236144938686E-003  -3.9731982054809628E-003
   8.1849966238564560E-003   8.4526748038639896E-003  -3.9289111245464862E-003
   8.2458583961052354E-003   8.4801527333651441E-003  -3.8848565212037593E-003
   8.3067541652311061E-003   8.5071339799348573E-003  -3.8405426674754418E-003
   8.3668786002793014E-003   8.5342045531964176E-003  -3.7952410517974522E-003
   8.4258407863885918E-003   8.5616465985795687E-003  -3.7486535561724052E-003
   8.4843458486959060E-003   8.5889150449507470E-003  -3.7013926894917952E-003
   8.5423294804714105E-003   8.6152047245495744E-003  -3.6529494113663316E-003
   8.6004220365643851E-003   8.6414798971001169E-003  -3.6046289164642573E-003
   8.6576552705729202E-003   8.6683604735559704E-003  -3.5556208402574589E-003
   8.7151250930544190E-003   8.6942538372927272E-003  -3.5063587532175333E-003
   8.7730925333173691E-003   8.7194749496926783E-003  -3.4573315020661782E-003
   8.8312717373413008E-003   8.7448647575410904E-003  -3.4086433322082351E-003
   8.8893736021032309E-003   8.7714648177373827E-003  -3.3605121561277357E-003
   8.9472519956543973E-003   8.7961939436550021E-003  -3.3111303590426873E-003
   9.0055029680791068E-003   8.8196368391808503E-003  -3.2615596532523704E-003
   9.0634862112072417E-003   8.8439912964958425E-003  -3.2121146947098520E-003
   9.1214203477221947E-003   8.8670292001404149E-003  -3.1619859522683050E-003
   9.1790908131421031E-003   8.8903329853196322E-003  -3.1116764004424165E-003
   9.2360783812718873E-003   8.9126596457306372E-003  -3.0601600212432222E-003
   9.2926144448599313E-003   8.9346534982184672E-003  -3.0080069392372766E-003
   9.3493203663338898E-003   8.9567751657743926E-003  -2.9560928728042347E-003
   9.4067053982332637E-003   8.9790505476115747E-003  -2.9049972224954443E-003
   9.4636958191597238E-003   9.0013638299132285E-003  -2.8534782031664702E-003
   9.5208647063060002E-003   9.0244979504467762E-003  -2.8025220376119478E-003
   9.5772901266475627E-003   9.0470593809057354E-003  -2.7504917215041740E-003
   9.6339123901641854E-003   9.0686842354542260E-003  -2.6982778828989538E-003
   9.6897660191559484E-003   9.0905562219251237E-003  -2.6453440720005401E-003
   9.7443475408315050E-003   9.1126264377926914E-003  -2.5911798489270180E-003
   9.7982032035810220E-003   9.1355079947351234E-003  -2.5366271044436010E-003
   9.8515604751035317E-003   9.1586807477288500E-003  -2.4817087550106170E-003
   9.9050998682868353E-003   9.1811359367405341E-003  -2.4266696974022963E-003
   9.9582201096108311E-003   9.2034648904440793E-003  -2.3711750329012417E-003
   1.0010754221965842E-002   9.2249281026762515E-003  -2.3147879992841606E-003
   1.0064344987313721E-002   9.2467761000364131E-003  -2.2595549034179255E-003
   1.0118896450348920E-002   9.2675953529500182E-003  -2.2048676417773644E-003
   1.0173342940755245E-002   9.2875641037030981E-003  -2.1497602133839899E-003
   1.0227967029888270E-002   9.3072378465482476E-003  -2.0947224742023955E-003
   1.0282164935590591E-002   9.3263728532995832E-003  -2.0390768226273060E-003
   1.0335680291247352E-002   9.3469146579550234E-003  -1.9832723338058965E-003
   1.0389094792013874E-002   9.3656017193227345E-003  -1.9267242583397922E-003
   1.0441971280200586E-002   9.3850698062400741E-003  -1.8699345533877627E-003
   1.0495182879180349E-002   9.4040507389650946E-003  -1.8132931380690932E-003
   1.0549212062017860E-002   9.4220875519551855E-003  -1.7571191157296788E-003
   1.0602594039939541E-002   9.4398568778936327E-003  -1.7002454356995190E-003
   1.0655265816887348E-002   9.4572560597780998E-003  -1.6426003805163790E-003
   1.0707833002587255E-002   9.4748132357817209E-003  -1.5849077764841638E-003
   1.0761365499104060E-002   9.4913585815299129E-003  -1.5278067839058157E-003
   1.0814054396581537E-002   9.5080122110503245E-003  -1.4699575254484118E-003
   1.0866664217572366E-002   9.5249324753811093E-003  -1.4121136719208677E-003
   1.0919121726223452E-002   9.5416796745429588E-003  -1.3540814299767673E-003
   1.0970866168986879E-002   9.5580966767692503E-003  -1.2953192424623905E-003
   1.1022398095691511E-002   9.5735649177993674E-003  -1.2361145631837513E-003
   1.1072999350290524E-002   9.5885974625572953E-003  -1.1760018721077810E-003
   1.1123940932689706E-002   9.6042856046697576E-003  -1.1163458801073357E-003
   1.1175071838674092E-002   9.6188887532850844E-003  -1.0565765024617233E-003
   1.1225452204841927E-002   9.6319635585434878E-003  -9.9582398665184623E-004
   1.1275329148434746E-002   9.6448883261430439E-003  -9.3462561352203051E-004
   1.1323908857521497E-002   9.6569310878330261E-003  -8.7221580855372275E-004
   1.1372792328928327E-002   9.6677843892564123E-003  -8.0982500737833960E-004
   1.1421570358833379E-002   9.6790495154564348E-003  -7.4742468101701752E-004
   1.1470755903979965E-002   9.6892839963582788E-003  -6.8516684982039826E-004
   1.1520141394164936E-002   9.6992165169484321E-003  -6.2301849188404492E-004
   1.1569700694735398E-002   9.7093942600303580E-003  -5.6104842430448160E-004
   1.1618614246277989E-002   9.7207713619137451E-003  -4.9877462544002833E-004
   1.1667824528706044E-002   9.7312213284001577E-003  -4.3657216325635514E-004
   1.1716877745236134E-002   9.7415504444701689E-003  -3.7422562118711103E-004
   1.1765672442118130E-002   9.7520804272165397E-003  -3.1171004695268093E-004
   1.1814844287923103E-002   9.7623194798878103E-003  -2.4944214687824047E-004
   1.1863949782827480E-002   9.7717345958390975E-003  -1.8699211917598443E-004
   1.1913327326506250E-002   9.7807707909637314E-003  -1.2470082475988446E-004
   1.1962749712699339E-002   9.7883821692842186E-003  -6.2254890833781203E-005
   1.2012500000009974E-002   9.7953991113079193E-003   7.9720719908236077E-015
