   3.5527136787911088E-015   3.5421283062121891E-015   7.1340190668711687E-015
   1.7086610942301671E-005   4.9149801312335780E-005  -6.0764667005377610E-005
   3.4815713662561546E-005   9.8148642698876835E-005  -1.2146715833615314E-004
   5.3407073745633669E-005   1.4691426357063097E-004  -1.8209945623352702E-004
   7.1664275586163180E-005   1.9437132113132153E-004  -2.4386111316346848E-004
   8.8873415462242965E-005   2.4170153475612641E-004  -3.0601975202786157E-004
   1.0558265598933557E-004   2.8826917278018617E-004  -3.6888672563933651E-004
   1.2371978752015805E-004   3.3519150717692983E-004  -4.3109073665983022E-004
   1.4312816301401945E-004   3.8259561221979201E-004  -4.9254125159860847E-004
   1.6227443863404259E-004   4.2994890951839255E-004  -5.5411304195260053E-004
   1.8129191139336180E-004   4.7694041216421180E-004  -6.1600112168522182E-004
   2.0166388483735441E-004   5.2420146176584211E-004  -6.7724959832596385E-004
   2.2179052368980376E-004   5.7133104182847786E-004  -7.3868021843587694E-004
   2.4248919528226478E-004   6.1879297979066620E-004  -7.9966324426834312E-004
   2.6297920301734148E-004   6.6556641619153862E-004  -8.6124575175211516E-004
   2.8252300829698741E-004   7.1256435312468721E-004  -9.2296474080307922E-004
   3.0279177132727474E-004   7.5932927148919169E-004  -9.8462688194750261E-004
   3.2240394186628274E-004   8.0577807870625088E-004  -1.0467386446928089E-003
   3.4201056978300416E-004   8.5279023184994189E-004  -1.1084268736925890E-003
   3.6199145394526472E-004   8.9867001689767181E-004  -1.1708432944765612E-003
   3.8214238394213365E-004   9.4629569474782437E-004  -1.2318820922559428E-003
   4.0202785816947993E-004   9.9405087418060227E-004  -1.2929067657417236E-003
   4.2262550841649671E-004   1.0422066562316061E-003  -1.3533778947701302E-003
   4.4280326692030104E-004   1.0911201595915686E-003  -1.4133806217591111E-003
   4.6305276177398903E-004   1.1409472178008622E-003  -1.4726024270901017E-003
   4.8315585205297378E-004   1.1909820945342909E-003  -1.5316987626136193E-003
   5.0382171657531926E-004   1.2417758985562226E-003  -1.5899474665759228E-003
   5.2649515986761565E-004   1.2926722327553316E-003  -1.6473537218117352E-003
   5.4965852202031040E-004   1.3435872273032544E-003  -1.7045474450410676E-003
   5.7316659782940453E-004   1.3941801367491236E-003  -1.7618861569358110E-003
   5.9797691369138650E-004   1.4440002446971432E-003  -1.8193527131573298E-003
   6.2195302594403800E-004   1.4940469413942540E-003  -1.8769762689633525E-003
   6.4603630328804551E-004   1.5440362957035633E-003  -1.9346049094443390E-003
   6.6959232626477637E-004   1.5938380073189499E-003  -1.9926126959002631E-003
   6.9340162624072276E-004   1.6433991004433603E-003  -2.0507230675037252E-003
   7.1785097475614951E-004   1.6940227459490795E-003  -2.1076394612864688E-003
   7.4264753551503632E-004   1.7443571929213429E-003  -2.1646620358630460E-003
   7.6792274861229876E-004   1.7946814495964256E-003  -2.2214830952806135E-003
   7.9418323604428455E-004   1.8450664096739237E-003  -2.2778013214311914E-003
   8.2103473875984442E-004   1.8959534483374042E-003  -2.3333846471860873E-003
   8.4867256361106599E-004   1.9473021496566520E-003  -2.3881519870452483E-003
   8.7679733195790682E-004   1.9981049488112033E-003  -2.4431799164206787E-003
   9.0594265719720851E-004   2.0489750293866396E-003  -2.4976113862322812E-003
   9.3535814244871164E-004   2.0999376495465425E-003  -2.5518104688682765E-003
   9.6415652246145537E-004   2.1525527536967529E-003  -2.6047472626548477E-003
   9.9427088782086197E-004   2.2044803164877999E-003  -2.6576306553616363E-003
   1.0232341896430702E-003   2.2571222054528573E-003  -2.7104507146211675E-003
   1.0538648187494097E-003   2.3097485015107465E-003  -2.7623374908674657E-003
   1.0843649988264666E-003   2.3624686835359114E-003  -2.8142057993721914E-003
   1.1151192687783352E-003   2.4149587580550502E-003  -2.8661573821677296E-003
   1.1474973978633795E-003   2.4673684690321241E-003  -2.9171953969322857E-003
   1.1802249373232428E-003   2.5192460150748174E-003  -2.9685532431670183E-003
   1.2124734282415210E-003   2.5718056809614798E-003  -3.0195190782803609E-003
   1.2442729646720051E-003   2.6242932485396127E-003  -3.0708400752242951E-003
   1.2756037244459550E-003   2.6770009124154883E-003  -3.1222237854153703E-003
   1.3074130904938734E-003   2.7296702884003913E-003  -3.1733520657981399E-003
   1.3397667058661217E-003   2.7822068368459651E-003  -3.2242750925547390E-003
   1.3732339640587850E-003   2.8351355226527066E-003  -3.2740595968017883E-003
   1.4068830291457152E-003   2.8878347877263977E-003  -3.3239647855180295E-003
   1.4406204605073977E-003   2.9406602286181334E-003  -3.3736765399356781E-003
   1.4747143236167346E-003   2.9938176911511790E-003  -3.4227875637754352E-003
   1.5093365651070014E-003   3.0467350112439598E-003  -3.4717881518897993E-003
   1.5445725464676287E-003   3.1004602763853089E-003  -3.5194538787866841E-003
   1.5807063541528566E-003   3.1540307764640167E-003  -3.5666190083330075E-003
   1.6164719897754918E-003   3.2085752273312115E-003  -3.6129409491148820E-003
   1.6519028983513057E-003   3.2638132587070076E-003  -3.6586947533094184E-003
   1.6881287613397238E-003   3.3179590711930450E-003  -3.7051266156817157E-003
   1.7249118356742117E-003   3.3718955173677088E-003  -3.7513636703588528E-003
   1.7616810134890584E-003   3.4252239815306608E-003  -3.7983115401140628E-003
   1.7973163920408191E-003   3.4799936297980750E-003  -3.8444678550634106E-003
   1.8334182158043038E-003   3.5344941742344780E-003  -3.8905802068418915E-003
   1.8699499778184877E-003   3.5894417493617854E-003  -3.9358150864647733E-003
   1.9063545270662056E-003   3.6443429902954048E-003  -3.9812085061622423E-003
   1.9437569707786483E-003   3.6990389946007446E-003  -4.0260348858054910E-003
   1.9825997364981995E-003   3.7531160160114625E-003  -4.0703848047411338E-003
   2.0211974986800445E-003   3.8076450493141046E-003  -4.1143938639093391E-003
   2.0603385894608591E-003   3.8618850183988109E-003  -4.1582800892114354E-003
   2.0995974485846251E-003   3.9170590660576338E-003  -4.2008778173274553E-003
   2.1396695631522951E-003   3.9716743447363433E-003  -4.2434383267210395E-003
   2.1804802872659123E-003   4.0267312277243719E-003  -4.2847084664791911E-003
   2.2237399676828858E-003   4.0811827701177110E-003  -4.3242512227816814E-003
   2.2670419188655371E-003   4.1359060588566929E-003  -4.3633703064002091E-003
   2.3111892206822146E-003   4.1908733572952554E-003  -4.4011805146513200E-003
   2.3555449135222494E-003   4.2459416957278291E-003  -4.4385977649063386E-003
   2.4007242905905680E-003   4.3010861379806885E-003  -4.4749008553351928E-003
   2.4465989381452103E-003   4.3563242697941566E-003  -4.5101750032212435E-003
   2.4923008539526337E-003   4.4125703511857187E-003  -4.5440529196493374E-003
   2.5385531403332947E-003   4.4684963045399989E-003  -4.5777131892366001E-003
   2.5859279305365940E-003   4.5242100843375177E-003  -4.6101416333906627E-003
   2.6338957809686138E-003   4.5801088766347147E-003  -4.6413571799296628E-003
   2.6825701969952365E-003   4.6357278463707002E-003  -4.6719730488433749E-003
   2.7326424472882125E-003   4.6908066202051074E-003  -4.7012834298586865E-003
   2.7826635626562644E-003   4.7464095758012748E-003  -4.7296770794520281E-003
   2.8329969154640912E-003   4.8016795367522118E-003  -4.7581689203846514E-003
   2.8831514562045820E-003   4.8571685533776851E-003  -4.7865500953265588E-003
   2.9341522614443208E-003   4.9119322567437096E-003  -4.8148317970051228E-003
   2.9859752129881689E-003   4.9667471141213639E-003  -4.8414722380824473E-003
   3.0387451338622241E-003   5.0213498407988130E-003  -4.8666491661485079E-003
   3.0927409996823747E-003   5.0749239861076116E-003  -4.8914333834314443E-003
   3.1470382170271415E-003   5.1284035713186384E-003  -4.9157592161660924E-003
   3.2012956543058927E-003   5.1824750236023325E-003  -4.9388331961325842E-003
   3.2556255577341092E-003   5.2368586945784230E-003  -4.9609844473697843E-003
   3.3101411252905643E-003   5.2913660641392421E-003  -4.9823619952641127E-003
   3.3646001687054174E-003   5.3466237586119276E-003  -5.0018760875579710E-003
   3.4191748797876755E-003   5.4017833084502769E-003  -5.0213446511651588E-003
   3.4733147117645227E-003   5.4578468488791993E-003  -5.0393934194975709E-003
   3.5279597426690003E-003   5.5137691526395086E-003  -5.0563231719481421E-003
   3.5828452376640259E-003   5.5697726838289906E-003  -5.0721720502011104E-003
   3.6386027818303729E-003   5.6251558005159293E-003  -5.0871322191010362E-003
   3.6949861395714836E-003   5.6803066817876771E-003  -5.1005224121171682E-003
   3.7511594589695039E-003   5.7357811304765581E-003  -5.1134508198273695E-003
   3.8077235293425315E-003   5.7912203745043344E-003  -5.1247200773763190E-003
   3.8646398254205019E-003   5.8463392166349416E-003  -5.1357857216393875E-003
   3.9216118713350408E-003   5.9016194487900298E-003  -5.1456994450811630E-003
   3.9783493418644256E-003   5.9573229299626695E-003  -5.1545301655258847E-003
   4.0352228646393902E-003   6.0129642997321063E-003  -5.1628632551716912E-003
   4.0926524071776722E-003   6.0681509758826538E-003  -5.1703651492564038E-003
   4.1509552439946001E-003   6.1225014027859841E-003  -5.1772069560478157E-003
   4.2097432940970750E-003   6.1764556055645473E-003  -5.1829436070286467E-003
   4.2694647889021673E-003   6.2293735708591931E-003  -5.1886909555759475E-003
   4.3301009078078791E-003   6.2814216645382453E-003  -5.1924668041280425E-003
   4.3910310617515319E-003   6.3331769994711788E-003  -5.1954503661987977E-003
   4.4521378940283411E-003   6.3847696682868315E-003  -5.1974879094747184E-003
   4.5129772625408394E-003   6.4367162643984548E-003  -5.1978377520098635E-003
   4.5740588263309271E-003   6.4883788390240980E-003  -5.1976930390734812E-003
   4.6360377449138250E-003   6.5389035753936377E-003  -5.1952713313553125E-003
   4.6986009110843692E-003   6.5886925486875530E-003  -5.1926429515383836E-003
   4.7615353950817172E-003   6.6380212108919767E-003  -5.1902070115759438E-003
   4.8244320943779890E-003   6.6873717791621108E-003  -5.1872869719612087E-003
   4.8883205894521362E-003   6.7353614573426980E-003  -5.1833817205642532E-003
   4.9518206053270853E-003   6.7838448178068923E-003  -5.1792450861950163E-003
   5.0161392769638826E-003   6.8311937792141803E-003  -5.1746424421957931E-003
   5.0807014928069263E-003   6.8779851552941140E-003  -5.1681395651589912E-003
   5.1448327583125692E-003   6.9253027796065810E-003  -5.1611952713622811E-003
   5.2089186703736861E-003   6.9724055621418384E-003  -5.1525741488088672E-003
   5.2739906299022112E-003   7.0180977767138053E-003  -5.1437502261721347E-003
   5.3391013478739473E-003   7.0635713768586687E-003  -5.1341197486876201E-003
   5.4037818223994045E-003   7.1094299376746502E-003  -5.1234694617423582E-003
   5.4684346094890247E-003   7.1555573186036026E-003  -5.1138631174092461E-003
   5.5328888366339007E-003   7.2017518910338901E-003  -5.1032936293861197E-003
   5.5974370135039543E-003   7.2475016453116868E-003  -5.0914406612735906E-003
   5.6620789631319900E-003   7.2924769181009754E-003  -5.0773465780469566E-003
   5.7269739754633514E-003   7.3367978234563386E-003  -5.0623701057677063E-003
   5.7918857593481253E-003   7.3805507132683355E-003  -5.0458732893832233E-003
   5.8570979192868571E-003   7.4235646922034791E-003  -5.0286346173717637E-003
   5.9218194081978835E-003   7.4674744888257776E-003  -5.0118102709460557E-003
   5.9871975223327418E-003   7.5098101816374633E-003  -4.9935512647566798E-003
   6.0519614285002004E-003   7.5526360374513629E-003  -4.9742747886221570E-003
   6.1165431412681043E-003   7.5944323162796283E-003  -4.9523140633813975E-003
   6.1816113953808592E-003   7.6352690091481623E-003  -4.9299872449714115E-003
   6.2460595793453807E-003   7.6759297376736814E-003  -4.9056328461855826E-003
   6.3101569351043645E-003   7.7167633483744410E-003  -4.8806499475587848E-003
   6.3738428749555336E-003   7.7587702609083183E-003  -4.8565767182634986E-003
   6.4373774449666670E-003   7.8002405769543497E-003  -4.8312080112601699E-003
   6.5008813431025993E-003   7.8408195014319053E-003  -4.8043639091963648E-003
   6.5645588650499820E-003   7.8807261627599906E-003  -4.7769297776749532E-003
   6.6279812997866866E-003   7.9198924028971943E-003  -4.7478849775260349E-003
   6.6913512063362787E-003   7.9592332793284766E-003  -4.7189617969361280E-003
   6.7541208799410260E-003   7.9989506128376620E-003  -4.6892548699865042E-003
   6.8169467612358980E-003   8.0384217863138808E-003  -4.6593394043026523E-003
   6.8802609483767209E-003   8.0767825457793031E-003  -4.6290117626228222E-003
   6.9436528773548908E-003   8.1138980032476500E-003  -4.5973272843947560E-003
   7.0072143056618989E-003   8.1500913089315608E-003  -4.5649237437407663E-003
   7.0706116366485959E-003   8.1859473029169145E-003  -4.5318310538174584E-003
   7.1331230379789948E-003   8.2223959632883904E-003  -4.4977162496611057E-003
   7.1957022488545767E-003   8.2576272212821974E-003  -4.4624657061975680E-003
   7.2573572780630828E-003   8.2920189849004476E-003  -4.4248377382036328E-003
   7.3187548087436998E-003   8.3248243206847528E-003  -4.3854149888514502E-003
   7.3804943128179777E-003   8.3561598369521449E-003  -4.3453360783861222E-003
   7.4423300982425864E-003   8.3865724804046953E-003  -4.3046985740961847E-003
   7.5040732420501906E-003   8.4167933253823640E-003  -4.2637781059242643E-003
   7.5658662410568239E-003   8.4464389414298253E-003  -4.2225135601761717E-003
   7.6277120166815260E-003   8.4756502907366409E-003  -4.1810190171044535E-003
   7.6891794759619018E-003   8.5045237224901041E-003  -4.1387333648565377E-003
   7.7511339475966091E-003   8.5322736673223466E-003  -4.0964062576670781E-003
   7.8129032477825371E-003   8.5588676853131911E-003  -4.0530783017946725E-003
   7.8741908987805809E-003   8.5856696482584233E-003  -4.0091980257390249E-003
   7.9353691451249549E-003   8.6119887682522735E-003  -3.9648750508928833E-003
   7.9965742543474157E-003   8.6363462491886190E-003  -3.9194806930348668E-003
   8.0581467463205544E-003   8.6601503232321755E-003  -3.8742900492685444E-003
   8.1189769354219343E-003   8.6836266448060469E-003  -3.8279375905860831E-003
   8.1800625577356650E-003   8.7071949837299253E-003  -3.7819693391181767E-003
   8.2412412943040567E-003   8.7318935804751533E-003  -3.7367239910661319E-003
   8.3024149252260981E-003   8.7561475848146452E-003  -3.6912319022208294E-003
   8.3633048806175930E-003   8.7803523315303812E-003  -3.6453348045857141E-003
   8.4249850281855280E-003   8.8028259615856533E-003  -3.5996128694673560E-003
   8.4866866220428827E-003   8.8246223226964536E-003  -3.5535929612607910E-003
   8.5479582646065463E-003   8.8471985014499186E-003  -3.5073749780767868E-003
   8.6093472862667463E-003   8.8698059233399910E-003  -3.4613283441467680E-003
   8.6700419339293452E-003   8.8911097046345203E-003  -3.4137646116979997E-003
   8.7312213919148139E-003   8.9121330758495324E-003  -3.3666998500296885E-003
   8.7921932820588591E-003   8.9332182292653581E-003  -3.3193939844326174E-003
   8.8531625081755133E-003   8.9546875286852373E-003  -3.2722577707410662E-003
   8.9139604030147902E-003   8.9766997047318019E-003  -3.2251506576855384E-003
   8.9745215491953897E-003   8.9981996381146290E-003  -3.1775050866650672E-003
   9.0353231896188949E-003   9.0180459814216980E-003  -3.1294500850939135E-003
   9.0957508618949665E-003   9.0384355320299436E-003  -3.0811514035422858E-003
   9.1553919433830181E-003   9.0583910568464397E-003  -3.0317073094513654E-003
   9.2138680731529889E-003   9.0789095382308466E-003  -2.9811154705361932E-003
   9.2726988102204370E-003   9.0991236695528253E-003  -2.9308130524007747E-003
   9.3303602353680942E-003   9.1189661171226979E-003  -2.8790304556433246E-003
   9.3888165665119792E-003   9.1379431914192458E-003  -2.8278178790882369E-003
   9.4470971082064193E-003   9.1559955857496017E-003  -2.7760734154504575E-003
   9.5049787725406763E-003   9.1746286874967824E-003  -2.7240876438150530E-003
   9.5618388664432084E-003   9.1924400504817504E-003  -2.6707052022081697E-003
   9.6183066542276617E-003   9.2098973113798385E-003  -2.6167920035957866E-003
   9.6751059517115705E-003   9.2261648050324073E-003  -2.5628549249429953E-003
   9.7318607905596960E-003   9.2416148413312291E-003  -2.5086314555348051E-003
   9.7889778378107365E-003   9.2574189804041571E-003  -2.4548925300563141E-003
   9.8463131567996329E-003   9.2724324841990877E-003  -2.4011593382784963E-003
   9.9030218088978564E-003   9.2870918075393157E-003  -2.3466686692029974E-003
   9.9593797100848459E-003   9.3017381658119756E-003  -2.2918118449826242E-003
   1.0016021517436004E-002   9.3165271544310251E-003  -2.2372866996476708E-003
   1.0073187246148592E-002   9.3305970925092081E-003  -2.1831192158576298E-003
   1.0129420494760427E-002   9.3441958526746371E-003  -2.1278662027193252E-003
   1.0185551649438676E-002   9.3581022528682820E-003  -2.0725859574818668E-003
   1.0241236481828220E-002   9.3718034955694203E-003  -2.0168053569537014E-003
   1.0296400679341362E-002   9.3860387329926590E-003  -1.9606424748122783E-003
   1.0351176704067306E-002   9.4005932012865539E-003  -1.9041822714693085E-003
   1.0404859935514817E-002   9.4157143666362252E-003  -1.8468284484097807E-003
   1.0458528332504224E-002   9.4315597656060152E-003  -1.7896565453587735E-003
   1.0511807796970484E-002   9.4465009960641860E-003  -1.7318806134728609E-003
   1.0565395041047677E-002   9.4613004886359327E-003  -1.6743533826760494E-003
   1.0618306823204854E-002   9.4766898746348818E-003  -1.6163576060048573E-003
   1.0670099199810225E-002   9.4916702041550616E-003  -1.5572548188060079E-003
   1.0722744593283429E-002   9.5053754813758731E-003  -1.4985979528392263E-003
   1.0775261861591083E-002   9.5189752926767013E-003  -1.4398018504194058E-003
   1.0826753239761537E-002   9.5334750406433962E-003  -1.3803174383130435E-003
   1.0877777632711546E-002   9.5480554868174576E-003  -1.3204515723114476E-003
   1.0929736464630002E-002   9.5614515582905218E-003  -1.2611150316705472E-003
   1.0982176091493878E-002   9.5738866062325470E-003  -1.2019926575977768E-003
   1.1034288322500046E-002   9.5884517919389359E-003  -1.1430675293228839E-003
   1.1087395273469398E-002   9.6034892217829182E-003  -1.0851578801765406E-003
   1.1140936728825029E-002   9.6183506162623653E-003  -1.0276039792406961E-003
   1.1194644518951786E-002   9.6333870523073878E-003  -9.7025087229993842E-004
   1.1248057684231682E-002   9.6484034251176250E-003  -9.1261804904970540E-004
   1.1300933855081045E-002   9.6616678191001962E-003  -8.5406750328932907E-004
   1.1353414615236423E-002   9.6746790809059558E-003  -7.9510584727773967E-004
   1.1405929879256836E-002   9.6868362663082297E-003  -7.3599282089890461E-004
   1.1457718958799662E-002   9.6972468923634189E-003  -6.7591362232523365E-004
   1.1509155172947308E-002   9.7065494679103772E-003  -6.1535143971417358E-004
   1.1559886113144525E-002   9.7157628224617282E-003  -5.5418375373783059E-004
   1.1611302768154115E-002   9.7243542366996418E-003  -4.9350002292125573E-004
   1.1661680532196904E-002   9.7338517204644034E-003  -4.3208440039633122E-004
   1.1712029064177749E-002   9.7436720468788776E-003  -3.7069558614483177E-004
   1.1762938852267943E-002   9.7525424405384819E-003  -3.0962587519718291E-004
   1.1813718388005425E-002   9.7608731145765928E-003  -2.4837198863051865E-004
   1.1863853304008165E-002   9.7694075309615099E-003  -1.8661719988869780E-004
   1.1913701923212923E-002   9.7783589116117141E-003  -1.2468992035895928E-004
   1.1962999215260282E-002   9.7864124859709124E-003  -6.2200585767397608E-005
   1.2012500000009921E-002   9.7953991113078846E-003   7.9720445695183586E-015
