   3.5527136787911419E-015   3.5421283062122265E-015   7.1340190668712255E-015
   5.9337039437501756E-006   6.0150804958635790E-005  -5.2408699843291294E-005
   1.2062182497654405E-005   1.2016389135471303E-004  -1.0495269289752613E-004
   1.7331535337741544E-005   1.8032213098197127E-004  -1.5742382898831122E-004
   2.1577400915066740E-005   2.4019800642998903E-004  -2.1030910258058118E-004
   2.6826029335801414E-005   3.0071467360101995E-004  -2.6236853877355281E-004
   3.2242304964619388E-005   3.6082089685314002E-004  -3.1488430674734283E-004
   3.8076116708492255E-005   4.2053408174877439E-004  -3.6780218824879006E-004
   4.4362164199714162E-005   4.8056085615055962E-004  -4.2031192032124774E-004
   5.0091916668712743E-005   5.3979852761975320E-004  -4.7377282396229636E-004
   5.5660657894322291E-005   5.9831587962290282E-004  -5.2803799363635405E-004
   6.2239810390364621E-005   6.5692053536067926E-004  -5.8209545455112810E-004
   6.8968932145774516E-005   7.1531139352673360E-004  -6.3636539649415517E-004
   7.6693210364841492E-005   7.7481592304322962E-004  -6.8927613730846934E-004
   8.3981102398986135E-005   8.3502789513922903E-004  -7.4144322505281205E-004
   9.1877092907633845E-005   8.9505809027110212E-004  -7.9373116837215118E-004
   9.9946610171074387E-005   9.5611897742045138E-004  -8.4478458105539998E-004
   1.0858316954606062E-004   1.0167736738171697E-003  -8.9622792507240581E-004
   1.1807427433907454E-004   1.0775310832774746E-003  -9.4739877736234996E-004
   1.2893830319707337E-004   1.1388301534628524E-003  -9.9764215367003479E-004
   1.3893840287417108E-004   1.2000160749816098E-003  -1.0482018314689286E-003
   1.4879969607942405E-004   1.2612074257636484E-003  -1.0987821982898654E-003
   1.5887321422936975E-004   1.3227632455006975E-003  -1.1488761627486089E-003
   1.7013390379162595E-004   1.3845991599982165E-003  -1.1983687535490658E-003
   1.8100524555246387E-004   1.4464883625087308E-003  -1.2478817875826210E-003
   1.9134937951603871E-004   1.5083304064145990E-003  -1.2975663978648468E-003
   2.0278151338712396E-004   1.5699286785053551E-003  -1.3473153595358930E-003
   2.1407434668081315E-004   1.6315278080506232E-003  -1.3970950658558667E-003
   2.2578007703862271E-004   1.6934513806999140E-003  -1.4463743416216982E-003
   2.3685906085899478E-004   1.7556199015457150E-003  -1.4954898292966182E-003
   2.4845277840407175E-004   1.8178003040712199E-003  -1.5444712877103553E-003
   2.6007130249226204E-004   1.8795514177431651E-003  -1.5939870412747747E-003
   2.7264518697697900E-004   1.9412733869396070E-003  -1.6433053537261407E-003
   2.8507157924539072E-004   2.0031567682066618E-003  -1.6924585009902469E-003
   2.9736677923582531E-004   2.0657782753936661E-003  -1.7407013750728897E-003
   3.0999094204286500E-004   2.1293205956303533E-003  -1.7876375451413608E-003
   3.2262913353575028E-004   2.1923505586578938E-003  -1.8352558175307944E-003
   3.3513047490778166E-004   2.2555958565152771E-003  -1.8826240427790540E-003
   3.4807336361304604E-004   2.3193576262601364E-003  -1.9291742130247691E-003
   3.6128495056143953E-004   2.3846126892797252E-003  -1.9735276877997131E-003
   3.7507693989026079E-004   2.4503921422144156E-003  -2.0169194451608316E-003
   3.8879945713186302E-004   2.5162985638797113E-003  -2.0601402284911247E-003
   4.0182400410333178E-004   2.5824305837691039E-003  -2.1032321895562188E-003
   4.1537941350857808E-004   2.6488981868127721E-003  -2.1456386584755242E-003
   4.2892866669580433E-004   2.7157894115439883E-003  -2.1873757140079483E-003
   4.4110218357847297E-004   2.7824703164801728E-003  -2.2298664471882856E-003
   4.5287161545199772E-004   2.8499248834639775E-003  -2.2712350566988552E-003
   4.6643151560866813E-004   2.9168332733009615E-003  -2.3129411294296374E-003
   4.8131488889045575E-004   2.9830194294012541E-003  -2.3553425202683998E-003
   4.9601155310199235E-004   3.0490151159104613E-003  -2.3981043890477604E-003
   5.1035197502357754E-004   3.1153535344220131E-003  -2.4404549088477912E-003
   5.2445408955653237E-004   3.1818269565823459E-003  -2.4826735599914021E-003
   5.3949648769128556E-004   3.2487842939301864E-003  -2.5237885356943213E-003
   5.5622702291313717E-004   3.3154743647621880E-003  -2.5646850347914689E-003
   5.7266027433264136E-004   3.3829607539362051E-003  -2.6043780510072705E-003
   5.8983305969054938E-004   3.4507607332541074E-003  -2.6432143515190557E-003
   6.0799115242315559E-004   3.5183138357546208E-003  -2.6820326721309884E-003
   6.2587362357056150E-004   3.5857459033257337E-003  -2.7211879208728527E-003
   6.4428852478839028E-004   3.6537273718705598E-003  -2.7591274955800766E-003
   6.6329782641576056E-004   3.7213978798093139E-003  -2.7973289198272417E-003
   6.8264648678324530E-004   3.7889806689729967E-003  -2.8355152516504069E-003
   7.0213101002053631E-004   3.8573383530561378E-003  -2.8722246562786400E-003
   7.2183189805743401E-004   3.9252933305990011E-003  -2.9095609128567670E-003
   7.4178145839585562E-004   3.9933952643400362E-003  -2.9464952010545020E-003
   7.6279210868052279E-004   4.0616376739199623E-003  -2.9825718710648542E-003
   7.8469120638831422E-004   4.1300145233408806E-003  -3.0178569383582758E-003
   8.0735538711214957E-004   4.1986510687082807E-003  -3.0521404556010387E-003
   8.3106797692406031E-004   4.2678510635874144E-003  -3.0845298643915288E-003
   8.5618202861696560E-004   4.3370032541394489E-003  -3.1159505415188299E-003
   8.8302554607921782E-004   4.4058237418670137E-003  -3.1466615497207744E-003
   9.1040970662266841E-004   4.4742500893262468E-003  -3.1777733277822923E-003
   9.3821694825315923E-004   4.5424963674332696E-003  -3.2089053502055930E-003
   9.6586156779556202E-004   4.6109948263275699E-003  -3.2396256391574656E-003
   9.9456364603176211E-004   4.6790700023092210E-003  -3.2703170241789267E-003
   1.0245407901088980E-003   4.7474420716174942E-003  -3.2990682150147877E-003
   1.0553563863676257E-003   4.8152821968467721E-003  -3.3281906538434776E-003
   1.0858751441166212E-003   4.8830560028175068E-003  -3.3577764047179625E-003
   1.1173395594589251E-003   4.9512408670804395E-003  -3.3853592770849376E-003
   1.1494453583972689E-003   5.0192306568531478E-003  -3.4126833718022332E-003
   1.1814870299418762E-003   5.0879134577290685E-003  -3.4382959497894139E-003
   1.2128927883039990E-003   5.1568863940225397E-003  -3.4639164961445239E-003
   1.2458582585652780E-003   5.2249551948728322E-003  -3.4899916976016778E-003
   1.2801649711750185E-003   5.2926164883560188E-003  -3.5153885249120075E-003
   1.3146974014358610E-003   5.3604517948742198E-003  -3.5400032045064208E-003
   1.3493404614665068E-003   5.4285833520635986E-003  -3.5636241550594952E-003
   1.3838210172234309E-003   5.4969266088833960E-003  -3.5868683054104530E-003
   1.4182625818302973E-003   5.5656829918213765E-003  -3.6089213876120733E-003
   1.4534527160704725E-003   5.6345923840911208E-003  -3.6292474819707775E-003
   1.4896707549931260E-003   5.7030849629254631E-003  -3.6491728501626920E-003
   1.5257668300333654E-003   5.7718384737088617E-003  -3.6684089652260317E-003
   1.5628728350883673E-003   5.8403718449096436E-003  -3.6864733340250095E-003
   1.6008159779825394E-003   5.9085640751414996E-003  -3.7040840595942148E-003
   1.6401464336216144E-003   5.9763780327305640E-003  -3.7200334296843812E-003
   1.6809907500560948E-003   6.0435573271156867E-003  -3.7348214048345762E-003
   1.7237814356267909E-003   6.1093298483637431E-003  -3.7504077030197820E-003
   1.7669115160770877E-003   6.1749291036100268E-003  -3.7657873604537498E-003
   1.8119078792292668E-003   6.2394038121550803E-003  -3.7805636677719929E-003
   1.8579716582215260E-003   6.3033261082137346E-003  -3.7944225403104262E-003
   1.9042562478520152E-003   6.3672676787115221E-003  -3.8074307040010941E-003
   1.9514505525008328E-003   6.4308456340295929E-003  -3.8188561663658866E-003
   1.9992719507762268E-003   6.4942165717852326E-003  -3.8287171053962110E-003
   2.0480847393257091E-003   6.5568295499217194E-003  -3.8385622386933422E-003
   2.0977806617150877E-003   6.6187029303799889E-003  -3.8486617478366552E-003
   2.1477557926787988E-003   6.6804504867729042E-003  -3.8581341060897742E-003
   2.1980958463960012E-003   6.7420450726282683E-003  -3.8666185614072736E-003
   2.2488666991764637E-003   6.8034327614163387E-003  -3.8739583286666922E-003
   2.3010823741979589E-003   6.8636793218967039E-003  -3.8805821652293771E-003
   2.3539840224335159E-003   6.9234426749872104E-003  -3.8860371858297550E-003
   2.4071600755469886E-003   6.9830126079498313E-003  -3.8909085779325189E-003
   2.4614621327954302E-003   7.0416138846940554E-003  -3.8950530859565569E-003
   2.5164138879800470E-003   7.0996105950417833E-003  -3.8991379588303250E-003
   2.5733418288288079E-003   7.1557471751751206E-003  -3.9019475714288771E-003
   2.6300315003670353E-003   7.2121202436133255E-003  -3.9048386431505657E-003
   2.6868250464495637E-003   7.2684509898816264E-003  -3.9059962888267231E-003
   2.7440766386886218E-003   7.3243257854817825E-003  -3.9065085418676163E-003
   2.8012115317742406E-003   7.3803108911499778E-003  -3.9076363455195825E-003
   2.8585720490748646E-003   7.4360752561791364E-003  -3.9079629086125785E-003
   2.9170475131711010E-003   7.4906699964251283E-003  -3.9081484937675583E-003
   2.9757145863325593E-003   7.5450583111196113E-003  -3.9078556658902284E-003
   3.0353624944464801E-003   7.5983548355980290E-003  -3.9065877762400449E-003
   3.0958417754909226E-003   7.6507079017663175E-003  -3.9053990664371205E-003
   3.1563419429063121E-003   7.7029044646315234E-003  -3.9014941254620606E-003
   3.2174565001130044E-003   7.7542880293491167E-003  -3.8965201749868103E-003
   3.2790795105179190E-003   7.8050892056712867E-003  -3.8918463038562397E-003
   3.3410642182372502E-003   7.8555077818652126E-003  -3.8878634434102387E-003
   3.4035523403230425E-003   7.9051013156288055E-003  -3.8818871561657202E-003
   3.4671557707119790E-003   7.9531263599340700E-003  -3.8749446230788346E-003
   3.5304626651741695E-003   8.0014318077354478E-003  -3.8672751497831471E-003
   3.5936015481597967E-003   8.0498547860038926E-003  -3.8589868065695872E-003
   3.6571933418968927E-003   8.0976002862808375E-003  -3.8502431816999278E-003
   3.7205957248364397E-003   8.1454457372673872E-003  -3.8407063761892028E-003
   3.7844822854935681E-003   8.1926329965285281E-003  -3.8311214959032528E-003
   3.8482966457931847E-003   8.2397760581556408E-003  -3.8208619072305264E-003
   3.9126075449332481E-003   8.2860654413502276E-003  -3.8098436833477857E-003
   3.9774714184792580E-003   8.3317258233293005E-003  -3.7994606477843931E-003
   4.0422294663386930E-003   8.3771827231689851E-003  -3.7876257208964590E-003
   4.1079430260372637E-003   8.4211828075760747E-003  -3.7755542402307450E-003
   4.1737164160460258E-003   8.4645863928665514E-003  -3.7617705561223489E-003
   4.2401787957397491E-003   8.5071356625205947E-003  -3.7486437995301243E-003
   4.3070618647118551E-003   8.5485446024698396E-003  -3.7340851329323451E-003
   4.3742104836526378E-003   8.5892803713532584E-003  -3.7188647480938500E-003
   4.4419848337522915E-003   8.6288032757774139E-003  -3.7032257746421613E-003
   4.5093351239459201E-003   8.6689813009477173E-003  -3.6874249929155205E-003
   4.5772140708768743E-003   8.7082204496347192E-003  -3.6715272641880694E-003
   4.6455748020991531E-003   8.7465128243310909E-003  -3.6553871134043315E-003
   4.7137673225845673E-003   8.7851038091759301E-003  -3.6392466041989951E-003
   4.7824964912267657E-003   8.8222005141260339E-003  -3.6219221746179153E-003
   4.8514702567598210E-003   8.8584900966115192E-003  -3.6038754056087617E-003
   4.9210395699648881E-003   8.8934199843551196E-003  -3.5854359478232297E-003
   4.9911132209666175E-003   8.9273215645639305E-003  -3.5669869290779433E-003
   5.0611869026136614E-003   8.9607806838400642E-003  -3.5477472181021769E-003
   5.1310946634082850E-003   8.9936225996377871E-003  -3.5269070273784672E-003
   5.2008395156224012E-003   9.0263625504928939E-003  -3.5053721437783491E-003
   5.2707144241782343E-003   9.0589119406611039E-003  -3.4839704067348679E-003
   5.3408111945696182E-003   9.0909338443206957E-003  -3.4624985537053976E-003
   5.4113575258731917E-003   9.1216878642619119E-003  -3.4406489452613858E-003
   5.4825426591537177E-003   9.1503617234005609E-003  -3.4180549944779928E-003
   5.5533721066627489E-003   9.1803138507058155E-003  -3.3960082390386394E-003
   5.6242608291598318E-003   9.2105618575690565E-003  -3.3745641928291121E-003
   5.6953583505126313E-003   9.2398324447556281E-003  -3.3524649809340934E-003
   5.7663405421680683E-003   9.2687459350583104E-003  -3.3295403532111879E-003
   5.8372822447007649E-003   9.2971974053069808E-003  -3.3059228028367287E-003
   5.9085742265496330E-003   9.3239817112822834E-003  -3.2814267976698430E-003
   5.9799249275030962E-003   9.3507134489908706E-003  -3.2570445976092019E-003
   6.0510617239544788E-003   9.3774391278955010E-003  -3.2320387127118375E-003
   6.1220491342093408E-003   9.4039335585373012E-003  -3.2063709757956436E-003
   6.1930133028408893E-003   9.4298427610165891E-003  -3.1800498815145271E-003
   6.2637062781155184E-003   9.4563885253793802E-003  -3.1536334919565045E-003
   6.3344683414954450E-003   9.4823882362048001E-003  -3.1268613902387748E-003
   6.4045028028395712E-003   9.5088675954737717E-003  -3.0986830696236442E-003
   6.4745126011008349E-003   9.5346942837554478E-003  -3.0698454151835675E-003
   6.5445905830392318E-003   9.5604639525667320E-003  -3.0411225909891255E-003
   6.6149989140529605E-003   9.5847862658111939E-003  -3.0119491099153579E-003
   6.6861659542975351E-003   9.6076004700211999E-003  -2.9834050305507990E-003
   6.7573643866866324E-003   9.6297427128948961E-003  -2.9544135783179833E-003
   6.8287995200082335E-003   9.6513225789355509E-003  -2.9255807652830580E-003
   6.9002618231723684E-003   9.6709509052125137E-003  -2.8954499165852582E-003
   6.9721199100591883E-003   9.6896919171590400E-003  -2.8656977767896460E-003
   7.0436027590197597E-003   9.7094166042342948E-003  -2.8356787990897895E-003
   7.1154085434719135E-003   9.7277973056896731E-003  -2.8055776508374868E-003
   7.1865828780771964E-003   9.7445797471644915E-003  -2.7731344118150517E-003
   7.2578945532654334E-003   9.7609176351555992E-003  -2.7407659334143298E-003
   7.3291788763270331E-003   9.7763528400955594E-003  -2.7078980198248213E-003
   7.4008330166413444E-003   9.7915210226913341E-003  -2.6757171185518031E-003
   7.4723550304751788E-003   9.8063935399109944E-003  -2.6431071542584584E-003
   7.5439810708786553E-003   9.8209258121504574E-003  -2.6105721976343085E-003
   7.6159968523458379E-003   9.8332525309849095E-003  -2.5779872438056670E-003
   7.6881493256419171E-003   9.8436212917134211E-003  -2.5450250018109227E-003
   7.7604637290435317E-003   9.8536781404727110E-003  -2.5123219919359562E-003
   7.8327137575964732E-003   9.8625549189806962E-003  -2.4791386199825272E-003
   7.9049394535330234E-003   9.8705154557161851E-003  -2.4456710430020836E-003
   7.9769156694575131E-003   9.8778773123280369E-003  -2.4115356155016963E-003
   8.0482652368896838E-003   9.8853183780209675E-003  -2.3761255920529069E-003
   8.1197549569642768E-003   9.8928725077826619E-003  -2.3410235257493930E-003
   8.1909876172510006E-003   9.9010763472507698E-003  -2.3055467005449731E-003
   8.2619332296077191E-003   9.9094153914268488E-003  -2.2695303094653597E-003
   8.3326270503537702E-003   9.9179521855316428E-003  -2.2330679062939089E-003
   8.4034182681963273E-003   9.9272607505258015E-003  -2.1969853051351804E-003
   8.4736046471588482E-003   9.9349988669619159E-003  -2.1593821967778115E-003
   8.5440534737548594E-003   9.9423073593440745E-003  -2.1221861113705338E-003
   8.6144706110622277E-003   9.9499606267258543E-003  -2.0849993627312371E-003
   8.6845474664435131E-003   9.9578878091832503E-003  -2.0472317295617041E-003
   8.7548708268742215E-003   9.9647272239234193E-003  -2.0097104371767567E-003
   8.8250348405091977E-003   9.9707656193311362E-003  -1.9717558726177545E-003
   8.8950340488180984E-003   9.9766054209547497E-003  -1.9334673945208699E-003
   8.9641385174330478E-003   9.9816469121320715E-003  -1.8934779486115502E-003
   9.0333534068894293E-003   9.9857766995660666E-003  -1.8535750172493843E-003
   9.1022497165045759E-003   9.9895483766527758E-003  -1.8130895511857096E-003
   9.1712052998208227E-003   9.9923436205306641E-003  -1.7726258124650823E-003
   9.2400696198945090E-003   9.9949431826399388E-003  -1.7319939567852040E-003
   9.3093763402594572E-003   9.9971673121507284E-003  -1.6920986969157737E-003
   9.3787692940769003E-003   9.9987751453668033E-003  -1.6523239205714193E-003
   9.4487324911216204E-003   1.0000016271966358E-002  -1.6135475016777025E-003
   9.5180910322523980E-003   1.0000142033964154E-002  -1.5736805109079174E-003
   9.5877397744945150E-003   9.9998707573192673E-003  -1.5343234390983063E-003
   9.6569995760540338E-003   9.9998590989517425E-003  -1.4942849606385160E-003
   9.7262833980864809E-003   1.0000436483908547E-002  -1.4542922283450636E-003
   9.7955426020371814E-003   9.9995445824729648E-003  -1.4142626495048474E-003
   9.8653974253455536E-003   9.9977920362510821E-003  -1.3753109841244452E-003
   9.9353097893209331E-003   9.9948497960281255E-003  -1.3365346435856443E-003
   1.0004639571336937E-002   9.9905546131055130E-003  -1.2968492214299051E-003
   1.0073392702641992E-002   9.9856346475014224E-003  -1.2562437922253164E-003
   1.0142235236169795E-002   9.9806239562409797E-003  -1.2158012584040309E-003
   1.0211298719478798E-002   9.9754037723532758E-003  -1.1757639638201251E-003
   1.0280046297566105E-002   9.9694519972540700E-003  -1.1352874659240131E-003
   1.0348456362835151E-002   9.9640415797652288E-003  -1.0941682446866782E-003
   1.0416952582422733E-002   9.9582143494771052E-003  -1.0532498956603250E-003
   1.0485767684490090E-002   9.9527758393693419E-003  -1.0128159453722887E-003
   1.0554651333971628E-002   9.9473067898589382E-003  -9.7250301531009000E-004
   1.0622950330099837E-002   9.9412930110206032E-003  -9.3128309788591398E-004
   1.0690579706354295E-002   9.9345987311452340E-003  -8.8907582264445540E-004
   1.0758345112408953E-002   9.9279133977639138E-003  -8.4708587078537536E-004
   1.0825519645603091E-002   9.9221494797995489E-003  -8.0402359795047370E-004
   1.0892645540678680E-002   9.9175907050610967E-003  -7.6074159495173512E-004
   1.0959590612699287E-002   9.9126602003673861E-003  -7.1722093938919726E-004
   1.1027235557343522E-002   9.9076027336517242E-003  -6.7481122955882192E-004
   1.1094575628795938E-002   9.9035829285220259E-003  -6.3180941629760240E-004
   1.1161353175515235E-002   9.8988694560644217E-003  -5.8800824700475443E-004
   1.1227919952111242E-002   9.8933095981754236E-003  -5.4398606812193246E-004
   1.1293019252336998E-002   9.8866143290583051E-003  -4.9797243451665254E-004
   1.1358505502740389E-002   9.8805212315310736E-003  -4.5242657662697167E-004
   1.1424201256685636E-002   9.8735888892702711E-003  -4.0730440305968951E-004
   1.1490012069619471E-002   9.8672877481318470E-003  -3.6225739962833297E-004
   1.1555974386204241E-002   9.8605483474413017E-003  -3.1749633097439287E-004
   1.1621369403571981E-002   9.8529386763475044E-003  -2.7204762793439706E-004
   1.1686653010138758E-002   9.8455609377123797E-003  -2.2640094471912915E-004
   1.1752148107085469E-002   9.8375789769587357E-003  -1.8116069076709712E-004
   1.1817915330731663E-002   9.8283497395643231E-003  -1.3655695248024832E-004
   1.1883231477810395E-002   9.8177629699710608E-003  -9.1593397877888489E-005
   1.1947845987653924E-002   9.8063852701959584E-003  -4.5816623566313734E-005
   1.2012500000009887E-002   9.7953991113078429E-003   7.9724899919490334E-015
