   3.5527136787911206E-015   3.5421283062122415E-015   7.1340190668713643E-015
   2.1402436146955817E-005   4.8919894434904346E-005  -5.9571634645270835E-005
   4.2341854414737061E-005   9.7187197865462543E-005  -1.1983611984511193E-004
   6.3862649470930330E-005   1.4566525808126663E-004  -1.7972545992265510E-004
   8.4125702067588485E-005   1.9432283798621170E-004  -2.3990725630125583E-004
   1.0452353067030230E-004   2.4323683127355241E-004  -2.9983512837676829E-004
   1.2395770967389407E-004   2.9233466226606170E-004  -3.5993267973692705E-004
   1.4385020514412936E-004   3.4098975512604425E-004  -4.2023998074763901E-004
   1.6383080013355184E-004   3.8829116352732869E-004  -4.8158615086109818E-004
   1.8331293817474252E-004   4.3527957554933221E-004  -5.4333188298535126E-004
   2.0190524734238222E-004   4.8220035555943152E-004  -6.0540253987818914E-004
   2.2044080178360812E-004   5.2896494868842614E-004  -6.6760789377397472E-004
   2.3990616973676429E-004   5.7541300399663222E-004  -7.2976638156124036E-004
   2.5864135735274309E-004   6.2281879922344114E-004  -7.9142417364311214E-004
   2.7870647346623484E-004   6.7043901395088992E-004  -8.5249549475521855E-004
   2.9836843117734966E-004   7.1736792676320438E-004  -9.1422947706216713E-004
   3.1849441921140425E-004   7.6357498179208409E-004  -9.7635718960779644E-004
   3.3868497721860509E-004   8.0926395731194831E-004  -1.0388460596549272E-003
   3.5732204592342666E-004   8.5520483137648201E-004  -1.1016321708489977E-003
   3.7697296024811892E-004   9.0075558371143752E-004  -1.1643933891238526E-003
   3.9529662777301050E-004   9.4765977982674441E-004  -1.2265563974164417E-003
   4.1435517233488382E-004   9.9379070098313334E-004  -1.2890760744341191E-003
   4.3434008816146908E-004   1.0387578073176985E-003  -1.3521519214273700E-003
   4.5464237801162049E-004   1.0827084421098417E-003  -1.4158399008545113E-003
   4.7534780171340507E-004   1.1280942023745260E-003  -1.4783812327303649E-003
   4.9638686036370284E-004   1.1747173556065935E-003  -1.5398925292101633E-003
   5.1853459727923862E-004   1.2212958755993138E-003  -1.6010474081778921E-003
   5.4037798976924690E-004   1.2675913695995970E-003  -1.6625258063810945E-003
   5.6200824994170309E-004   1.3141133217970584E-003  -1.7239085384926382E-003
   5.8345530702585459E-004   1.3608796446705556E-003  -1.7851697397828642E-003
   6.0483898284489543E-004   1.4083857723742967E-003  -1.8458814046599526E-003
   6.2700074611516548E-004   1.4559347228751806E-003  -1.9062796955942672E-003
   6.5047394118164926E-004   1.5025134678926335E-003  -1.9669379977592062E-003
   6.7499777258803943E-004   1.5494532563179321E-003  -2.0268983008236282E-003
   7.0022204949462782E-004   1.5961703006571472E-003  -2.0867418771511360E-003
   7.2617681789981367E-004   1.6429055731457351E-003  -2.1462579616224079E-003
   7.5269768950113108E-004   1.6899491136255400E-003  -2.2052795564621759E-003
   7.7843434077457126E-004   1.7366537072982977E-003  -2.2649143257787549E-003
   8.0365182930546236E-004   1.7826430055680341E-003  -2.3253217981293200E-003
   8.2867743109680072E-004   1.8291866984678272E-003  -2.3853834656904225E-003
   8.5312801391321876E-004   1.8759268454689834E-003  -2.4455293521929815E-003
   8.7809846283649711E-004   1.9220888704015581E-003  -2.5059076938607227E-003
   9.0318290557989838E-004   1.9684450206858754E-003  -2.5660897347862277E-003
   9.2920135906025044E-004   2.0149839947464386E-003  -2.6257316995140774E-003
   9.5558510371938357E-004   2.0607894392655856E-003  -2.6857796743564484E-003
   9.8192197662919892E-004   2.1075057167315361E-003  -2.7451426135327796E-003
   1.0092245753254478E-003   2.1554446065312825E-003  -2.8030773262329935E-003
   1.0388625771806056E-003   2.2038433304413093E-003  -2.8594612990919975E-003
   1.0677229137698724E-003   2.2531062190241022E-003  -2.9154992218325786E-003
   1.0979609106097313E-003   2.3026010391660225E-003  -2.9705984625216526E-003
   1.1280776106534687E-003   2.3530450962472886E-003  -3.0248974632720686E-003
   1.1569119011944240E-003   2.4037676796688770E-003  -3.0796313943607934E-003
   1.1864411259538102E-003   2.4548895475454110E-003  -3.1336182400117422E-003
   1.2165498736942618E-003   2.5069127002473350E-003  -3.1864108047083895E-003
   1.2473571303134731E-003   2.5583836955885494E-003  -3.2393414157992225E-003
   1.2780984292776289E-003   2.6102221051647126E-003  -3.2919508429058880E-003
   1.3091899153634908E-003   2.6625917100654892E-003  -3.3438232245724558E-003
   1.3408239771143125E-003   2.7151961885266743E-003  -3.3951267819369931E-003
   1.3732629819400203E-003   2.7683352596689832E-003  -3.4453657117164685E-003
   1.4058805981862080E-003   2.8219716024676955E-003  -3.4949563746394796E-003
   1.4395036579562485E-003   2.8742036726898501E-003  -3.5453676896320310E-003
   1.4744813058203902E-003   2.9268082297983929E-003  -3.5944525623371115E-003
   1.5101541353497274E-003   2.9803028602917395E-003  -3.6420527068674047E-003
   1.5465539876933850E-003   3.0338090916332983E-003  -3.6890860348235549E-003
   1.5830119295600054E-003   3.0884848820214509E-003  -3.7347081394438226E-003
   1.6190941921095836E-003   3.1439670559930467E-003  -3.7796503099714750E-003
   1.6564389646244022E-003   3.2000169180498041E-003  -3.8228218391500785E-003
   1.6953805032018095E-003   3.2564683191769572E-003  -3.8640140215719155E-003
   1.7349748625287049E-003   3.3129549764765688E-003  -3.9045299969191352E-003
   1.7744662425600432E-003   3.3701182197019477E-003  -3.9441884703238150E-003
   1.8142373104878509E-003   3.4272463759008449E-003  -3.9836173421642926E-003
   1.8545888588761034E-003   3.4845792172430289E-003  -4.0221491190380893E-003
   1.8958014569407391E-003   3.5416436845736561E-003  -4.0601644888612638E-003
   1.9365258510041590E-003   3.5994770576524061E-003  -4.0975386066574946E-003
   1.9787479287517399E-003   3.6562241995323212E-003  -4.1349158462845974E-003
   2.0214003939344580E-003   3.7129711772541062E-003  -4.1718014497161464E-003
   2.0644309628490747E-003   3.7700404585574465E-003  -4.2077384400673462E-003
   2.1072159319135654E-003   3.8275279564545591E-003  -4.2433001329839192E-003
   2.1512469517154255E-003   3.8847193073073792E-003  -4.2778025774450838E-003
   2.1963829628739253E-003   3.9416945617886086E-003  -4.3112175572613612E-003
   2.2424271253931828E-003   3.9983934707822823E-003  -4.3438544813143689E-003
   2.2889546333650745E-003   4.0552883572438775E-003  -4.3754481975598032E-003
   2.3359564069067164E-003   4.1115442190940675E-003  -4.4074811695545505E-003
   2.3830632710537219E-003   4.1681435670481437E-003  -4.4387454808860645E-003
   2.4312110735545071E-003   4.2241900175707800E-003  -4.4694144309249586E-003
   2.4783940163754540E-003   4.2814094511175703E-003  -4.4994095361086438E-003
   2.5263430103666857E-003   4.3385789724991151E-003  -4.5282633019310256E-003
   2.5748008860037928E-003   4.3955666400259750E-003  -4.5566224281736395E-003
   2.6233943580961203E-003   4.4518729668203694E-003  -4.5860888841749888E-003
   2.6720659870154819E-003   4.5078973980064319E-003  -4.6159608718841002E-003
   2.7215715059957998E-003   4.5630317848672627E-003  -4.6461171809312422E-003
   2.7721514727464991E-003   4.6179545089187098E-003  -4.6748428029098187E-003
   2.8225326333707296E-003   4.6731897930148243E-003  -4.7033173887004055E-003
   2.8741566683124975E-003   4.7275703970070691E-003  -4.7312048216030210E-003
   2.9259026733415273E-003   4.7827489260544899E-003  -4.7572371267199836E-003
   2.9786142120212661E-003   4.8376123435511726E-003  -4.7819656345995474E-003
   3.0318676807057367E-003   4.8922424671489209E-003  -4.8060408846614874E-003
   3.0859916913090150E-003   4.9461463263608049E-003  -4.8298098866351160E-003
   3.1407880619342787E-003   4.9997460409538256E-003  -4.8527102874924991E-003
   3.1964103207823662E-003   5.0528627891448744E-003  -4.8747279023991638E-003
   3.2522150605424189E-003   5.1063616887752133E-003  -4.8953118466828075E-003
   3.3090879016989716E-003   5.1591271096703105E-003  -4.9148385029063974E-003
   3.3658858328405126E-003   5.2120152229078939E-003  -4.9342509343004558E-003
   3.4226004754720728E-003   5.2651762893759510E-003  -4.9531546463527721E-003
   3.4800372888713540E-003   5.3176951248703180E-003  -4.9716690834736843E-003
   3.5384711436727981E-003   5.3696425822185546E-003  -4.9886085727880248E-003
   3.5966437435300761E-003   5.4220221276212836E-003  -5.0051110522305086E-003
   3.6550547991868187E-003   5.4743822094011820E-003  -5.0208136132166127E-003
   3.7144689914498175E-003   5.5259724132202277E-003  -5.0352498394035800E-003
   3.7736079424823673E-003   5.5780842421602533E-003  -5.0489225040871773E-003
   3.8326059851766991E-003   5.6308965941934850E-003  -5.0603280477535496E-003
   3.8915595462238354E-003   5.6839941489854251E-003  -5.0705812090359988E-003
   3.9508124571889271E-003   5.7369913848940753E-003  -5.0795470067221586E-003
   4.0106467676988070E-003   5.7895605520003040E-003  -5.0870528678252430E-003
   4.0705728917771414E-003   5.8420922126566884E-003  -5.0940731443217023E-003
   4.1308798447827590E-003   5.8941959573052408E-003  -5.1010208934872204E-003
   4.1912146731131359E-003   5.9464682935657766E-003  -5.1062469194887300E-003
   4.2522461736175573E-003   5.9978760224178272E-003  -5.1119391392765679E-003
   4.3142018346243021E-003   6.0482051446307250E-003  -5.1172753854533751E-003
   4.3762124388854913E-003   6.0983757500682294E-003  -5.1234068874908582E-003
   4.4385919823272894E-003   6.1481908723220648E-003  -5.1286266728043008E-003
   4.5013529687351556E-003   6.1975381749509121E-003  -5.1337161034778122E-003
   4.5640594917146435E-003   6.2469306225089423E-003  -5.1390338200028671E-003
   4.6276998190583124E-003   6.2952577042343534E-003  -5.1428288043151088E-003
   4.6912370600104853E-003   6.3437534623078488E-003  -5.1461725230304263E-003
   4.7551279696455293E-003   6.3917900326672921E-003  -5.1494035563448073E-003
   4.8195464356777526E-003   6.4391095651982581E-003  -5.1527386843171763E-003
   4.8840353202423770E-003   6.4864131917669382E-003  -5.1546230079112156E-003
   4.9496690179342169E-003   6.5321539522488706E-003  -5.1546466751978106E-003
   5.0150884177767854E-003   6.5781864374126024E-003  -5.1535010586919467E-003
   5.0812994665461403E-003   6.6229874319547006E-003  -5.1505064116858989E-003
   5.1468028025163362E-003   6.6688385059145193E-003  -5.1478621740324903E-003
   5.2125680907508234E-003   6.7142208004294006E-003  -5.1439411782754170E-003
   5.2789032927746784E-003   6.7587095903618860E-003  -5.1394258106087767E-003
   5.3450398804253440E-003   6.8034241657450832E-003  -5.1342723143634299E-003
   5.4110682745377153E-003   6.8481632490265190E-003  -5.1280541475820464E-003
   5.4775704152491200E-003   6.8922564769998817E-003  -5.1222876469698905E-003
   5.5446560802124897E-003   6.9351430833635387E-003  -5.1145253955012454E-003
   5.6118202306086832E-003   6.9777288232694594E-003  -5.1058402553486922E-003
   5.6798965181045274E-003   7.0187742214791755E-003  -5.0968461260077532E-003
   5.7472799428350896E-003   7.0606509406607575E-003  -5.0865595099984021E-003
   5.8150058131020439E-003   7.1018348642355456E-003  -5.0757386536704457E-003
   5.8822384353248705E-003   7.1436095100313258E-003  -5.0641346252043463E-003
   5.9498647321336957E-003   7.1846310186958326E-003  -5.0521379668519734E-003
   6.0172601900318236E-003   7.2252817782782726E-003  -5.0378073004141407E-003
   6.0846298322301184E-003   7.2658539894273552E-003  -5.0231366838132075E-003
   6.1514777725981250E-003   7.3066543340124315E-003  -5.0068061984867530E-003
   6.2181775347921516E-003   7.3473182456706950E-003  -4.9895554590158563E-003
   6.2847729691460274E-003   7.3877252292512087E-003  -4.9713257085448499E-003
   6.3508854163314959E-003   7.4287621684790530E-003  -4.9527484659077498E-003
   6.4172358976655004E-003   7.4692683471458072E-003  -4.9338576449280804E-003
   6.4837731543773572E-003   7.5086848233250209E-003  -4.9133848611197543E-003
   6.5501033212686773E-003   7.5480329087905572E-003  -4.8921236961838076E-003
   6.6163792344347020E-003   7.5869082958678518E-003  -4.8698479782810873E-003
   6.6822294544930929E-003   7.6259893620703768E-003  -4.8466872617869052E-003
   6.7480527917510632E-003   7.6647411622756019E-003  -4.8229052045752775E-003
   6.8136945949659935E-003   7.7033504372791628E-003  -4.7984005608431839E-003
   6.8791821591621576E-003   7.7414010596734122E-003  -4.7726415029986898E-003
   6.9448822512550605E-003   7.7790591417811958E-003  -4.7468467987903376E-003
   7.0111709156739426E-003   7.8152924302429174E-003  -4.7205226319480612E-003
   7.0768197385959655E-003   7.8523689801351833E-003  -4.6937726505089207E-003
   7.1423259907784139E-003   7.8884090024191403E-003  -4.6653113131889714E-003
   7.2078847116154093E-003   7.9235605120330371E-003  -4.6358762068406468E-003
   7.2728861279902184E-003   7.9583471888900002E-003  -4.6048165386223883E-003
   7.3378141119716514E-003   7.9928536672047266E-003  -4.5732941679598278E-003
   7.4027288496753638E-003   8.0266399307214898E-003  -4.5409744338261934E-003
   7.4670582453732100E-003   8.0600071225755115E-003  -4.5070869824053702E-003
   7.5311943866800618E-003   8.0934982619200856E-003  -4.4729563662407107E-003
   7.5951981134374574E-003   8.1263454111472396E-003  -4.4379622559369315E-003
   7.6590065069149955E-003   8.1585903002410459E-003  -4.4020630074087441E-003
   7.7218906538517222E-003   8.1908972647229683E-003  -4.3646217987775137E-003
   7.7853602445493450E-003   8.2215801793340156E-003  -4.3268042126495387E-003
   7.8484865363586155E-003   8.2522283922398052E-003  -4.2883886126440039E-003
   7.9112687967800611E-003   8.2830822853985474E-003  -4.2495759207642021E-003
   7.9735688901207951E-003   8.3138049471808556E-003  -4.2098919640622505E-003
   8.0356075904770077E-003   8.3445027082528350E-003  -4.1697815274926190E-003
   8.0965839655057908E-003   8.3763971727702224E-003  -4.1289817133912726E-003
   8.1570336163549889E-003   8.4086144810127314E-003  -4.0876551509391673E-003
   8.2173461353521778E-003   8.4405404622548436E-003  -4.0459043213456761E-003
   8.2781631939755577E-003   8.4720607056450615E-003  -4.0045792728897094E-003
   8.3391685606647222E-003   8.5032883863099418E-003  -3.9633097053837375E-003
   8.3999653001029378E-003   8.5341937971984572E-003  -3.9214932965519513E-003
   8.4604436223760654E-003   8.5640633518290470E-003  -3.8784795516473036E-003
   8.5215587837055972E-003   8.5931246460814528E-003  -3.8358136609814297E-003
   8.5823806472662845E-003   8.6220465618460571E-003  -3.7926370040474765E-003
   8.6428128007970621E-003   8.6511405137916584E-003  -3.7490308487166590E-003
   8.7018989331319740E-003   8.6803558730826225E-003  -3.7036955231885328E-003
   8.7598859077215804E-003   8.7110535557018576E-003  -3.6579225720186534E-003
   8.8181587963530005E-003   8.7412666371728641E-003  -3.6121903059496969E-003
   8.8762482501418879E-003   8.7699786581279422E-003  -3.5652729828388680E-003
   8.9349565326878773E-003   8.7972085785025297E-003  -3.5182424714174823E-003
   8.9938515388742306E-003   8.8245413505244133E-003  -3.4715059993419665E-003
   9.0524283477611475E-003   8.8512205631325717E-003  -3.4239983466181536E-003
   9.1101433766444268E-003   8.8772763508007599E-003  -3.3751099903199158E-003
   9.1682024733847258E-003   8.9025924203663120E-003  -3.3262403892616041E-003
   9.2261145935209864E-003   8.9258991051949337E-003  -3.2762105503611988E-003
   9.2841261917960567E-003   8.9472998391536794E-003  -3.2254497087411361E-003
   9.3424104827083479E-003   8.9676475919843283E-003  -3.1745683722823187E-003
   9.3998515676423575E-003   8.9865828173045139E-003  -3.1222044629586345E-003
   9.4566976810730816E-003   9.0047648929581225E-003  -3.0689322233584258E-003
   9.5130461626860858E-003   9.0224672982049774E-003  -3.0149741519429774E-003
   9.5696129348885901E-003   9.0398662603959224E-003  -2.9611459400604237E-003
   9.6257275714955078E-003   9.0587474015136216E-003  -2.9073439878002996E-003
   9.6812591461935774E-003   9.0773842934663094E-003  -2.8528562784590865E-003
   9.7367119707243762E-003   9.0949837105481612E-003  -2.7979450339656320E-003
   9.7922883802111556E-003   9.1112828012521775E-003  -2.7427580576881833E-003
   9.8476617596092997E-003   9.1280666497282441E-003  -2.6875123222654530E-003
   9.9028592364642423E-003   9.1453389659413593E-003  -2.6322411215317222E-003
   9.9577501843517800E-003   9.1608800947638128E-003  -2.5761567461228064E-003
   1.0012722724879635E-002   9.1765061923720082E-003  -2.5201759917528005E-003
   1.0067862500394771E-002   9.1922557832615024E-003  -2.4643946728118635E-003
   1.0122830949563288E-002   9.2077779753277720E-003  -2.4083810034995152E-003
   1.0176397128045281E-002   9.2229149571237332E-003  -2.3509220067881452E-003
   1.0229490374390641E-002   9.2375373158411142E-003  -2.2928936187782659E-003
   1.0282908222673030E-002   9.2520011703228835E-003  -2.2351239867325489E-003
   1.0335655719467563E-002   9.2663111549795701E-003  -2.1767037340248057E-003
   1.0387713987142841E-002   9.2818726586878491E-003  -2.1179859652151484E-003
   1.0439380606697102E-002   9.2974755692631483E-003  -2.0589342115776140E-003
   1.0490379054249977E-002   9.3126758039998869E-003  -1.9992005426397760E-003
   1.0541580318325266E-002   9.3279726531159315E-003  -1.9396653684660449E-003
   1.0592199252781771E-002   9.3441729086482794E-003  -1.8798717634769004E-003
   1.0642483676238780E-002   9.3598764586165194E-003  -1.8196648263125708E-003
   1.0692400123192086E-002   9.3754331323485877E-003  -1.7591145313733774E-003
   1.0742437762874485E-002   9.3918018022654225E-003  -1.6988791492096029E-003
   1.0792660085267301E-002   9.4076793144845378E-003  -1.6386660032956129E-003
   1.0842613661480765E-002   9.4232159372602854E-003  -1.5781411854198740E-003
   1.0892315185412810E-002   9.4390077817680194E-003  -1.5174750815105484E-003
   1.0941648983453353E-002   9.4552707536318236E-003  -1.4566335486756582E-003
   1.0990234896574119E-002   9.4717023796656516E-003  -1.3952380218788796E-003
   1.1038899964108088E-002   9.4866116303318464E-003  -1.3335174787265517E-003
   1.1086638590038436E-002   9.5022273428192246E-003  -1.2712505282895230E-003
   1.1134619497475221E-002   9.5172698530995269E-003  -1.2090287041173389E-003
   1.1182373086301434E-002   9.5317777372745070E-003  -1.1465057798989309E-003
   1.1229610037142256E-002   9.5457862822987283E-003  -1.0834785544965257E-003
   1.1276955300888280E-002   9.5590167168776042E-003  -1.0203645179699995E-003
   1.1323868644633294E-002   9.5721933060558661E-003  -9.5691756635107395E-004
   1.1370812527449427E-002   9.5865230165170824E-003  -8.9374374847975638E-004
   1.1416824980860319E-002   9.6009547144178826E-003  -8.2991130980906590E-004
   1.1463141412942976E-002   9.6146464522915698E-003  -7.6613573115323402E-004
   1.1509223128200848E-002   9.6286134800627615E-003  -7.0224991386873053E-004
   1.1554959699097247E-002   9.6419701983374469E-003  -6.3798667274387840E-004
   1.1601221240091617E-002   9.6556027173394770E-003  -5.7415858916331683E-004
   1.1647474818957499E-002   9.6700419551171788E-003  -5.1050236518372020E-004
   1.1693054439520435E-002   9.6857523652331586E-003  -4.4666130315263987E-004
   1.1739355345853028E-002   9.7009175328549701E-003  -3.8320861398602550E-004
   1.1785358811076421E-002   9.7166720243739204E-003  -3.1968320814924152E-004
   1.1831348802728099E-002   9.7325508816261085E-003  -2.5617901490629895E-004
   1.1876150010235526E-002   9.7486640655059971E-003  -1.9188891372968260E-004
   1.1921459526273286E-002   9.7645457512191957E-003  -1.2789813457023312E-004
   1.1966855645959106E-002   9.7793628785521891E-003  -6.3713673398076428E-005
   1.2012500000009720E-002   9.7953991113077510E-003   7.9741712760906228E-015
