   3.5527136787910886E-015   3.5421283062122447E-015   7.1340190668714022E-015
   3.1487371689585243E-005   3.6034011993331310E-005  -6.4110025756649669E-005
   6.2803993647282607E-005   7.3507174398877690E-005  -1.2747430025529034E-004
   9.4155470814122561E-005   1.1189085409717150E-004  -1.9027380669711853E-004
   1.2591282364928500E-004   1.4976081509561712E-004  -2.5318117186985662E-004
   1.5734185022664286E-004   1.8759344765904170E-004  -3.1627561064412162E-004
   1.8965673084111586E-004   2.2568860016749628E-004  -3.7876167186924294E-004
   2.2309273253193443E-004   2.6415659027897813E-004  -4.4042403899992956E-004
   2.5644462888353085E-004   3.0242622544072485E-004  -5.0225514795653619E-004
   2.9011099136881668E-004   3.4041819169527287E-004  -5.6408706964500472E-004
   3.2372056149232860E-004   3.7883564928487061E-004  -6.2568654815347701E-004
   3.5741220567917707E-004   4.1657771346390276E-004  -6.8765758740371491E-004
   3.9014204242932650E-004   4.5408833103942467E-004  -7.5028115605706993E-004
   4.2339551597529214E-004   4.9135839669857287E-004  -8.1277234506315103E-004
   4.5638198647231996E-004   5.2775409646735132E-004  -8.7591698695940973E-004
   4.8865560288671164E-004   5.6413720383116867E-004  -9.3943614306484793E-004
   5.2122974218619749E-004   6.0050386040714284E-004  -1.0028111518090152E-003
   5.5413313399763043E-004   6.3746702444845136E-004  -1.0656688586381940E-003
   5.8702602382792839E-004   6.7468637318695418E-004  -1.1283807225611875E-003
   6.1987402602927603E-004   7.1253502315458766E-004  -1.1907384681781200E-003
   6.5292409212057174E-004   7.5043099463215448E-004  -1.2529605581615760E-003
   6.8593993604131260E-004   7.8879335820648908E-004  -1.3149144372422374E-003
   7.1909600937207952E-004   8.2748528456977138E-004  -1.3765878482245890E-003
   7.5315199800516568E-004   8.6643451079545630E-004  -1.4376054474066963E-003
   7.8827288934119717E-004   9.0513008712593047E-004  -1.4981791658206960E-003
   8.2396825265751395E-004   9.4400061287559290E-004  -1.5583033977615223E-003
   8.5959089563752825E-004   9.8340299657195297E-004  -1.6181237911312989E-003
   8.9570415540272182E-004   1.0218414946370606E-003  -1.6782762170296783E-003
   9.3244678528341877E-004   1.0594856043232555E-003  -1.7385497613775320E-003
   9.6994390890094932E-004   1.0958829699725208E-003  -1.7991236624439663E-003
   1.0075934702590543E-003   1.1322573136066027E-003  -1.8596167832745500E-003
   1.0461398141176003E-003   1.1679204796679363E-003  -1.9199684025932385E-003
   1.0849117829573943E-003   1.2033376461485323E-003  -1.9803203598634548E-003
   1.1228088363529876E-003   1.2380001984421468E-003  -2.0416581198507357E-003
   1.1601663220678620E-003   1.2737337628284115E-003  -2.1027116262384684E-003
   1.1975642005684238E-003   1.3091711628206884E-003  -2.1639128466004530E-003
   1.2357071865288928E-003   1.3456247806276982E-003  -2.2240480805286061E-003
   1.2731360957305273E-003   1.3826976252751962E-003  -2.2842534037656242E-003
   1.3099720525018273E-003   1.4199075520637458E-003  -2.3447392172764587E-003
   1.3472113931734953E-003   1.4561842366939979E-003  -2.4055440991739311E-003
   1.3847974742454841E-003   1.4931401294487900E-003  -2.4657234021383304E-003
   1.4227601415559223E-003   1.5299485996246608E-003  -2.5257564965266762E-003
   1.4614803991212027E-003   1.5671086886362270E-003  -2.5850849839978776E-003
   1.5011344306961663E-003   1.6026996930698920E-003  -2.6447577430087211E-003
   1.5412027944591989E-003   1.6384189735015179E-003  -2.7040760306045772E-003
   1.5812350969351969E-003   1.6742587245157658E-003  -2.7633459809024148E-003
   1.6208006350378369E-003   1.7104693456342062E-003  -2.8227038708524251E-003
   1.6611643945963147E-003   1.7465970926451595E-003  -2.8815728171286033E-003
   1.7018893422849762E-003   1.7831113104583587E-003  -2.9399525271133543E-003
   1.7427653846375940E-003   1.8192317003994025E-003  -2.9984714692635798E-003
   1.7839724632221666E-003   1.8560663185313837E-003  -3.0563090658633722E-003
   1.8264954028460254E-003   1.8930196604831616E-003  -3.1131091549188579E-003
   1.8689391223707778E-003   1.9308036607553155E-003  -3.1694198998060267E-003
   1.9119100503548934E-003   1.9685061692118668E-003  -3.2253843545883556E-003
   1.9545568727730622E-003   2.0057672072789261E-003  -3.2818897843457213E-003
   1.9974636964026887E-003   2.0432852026703611E-003  -3.3380271560128549E-003
   2.0409403397293260E-003   2.0809653120727298E-003  -3.3936148421019048E-003
   2.0841288102842544E-003   2.1181631637245120E-003  -3.4497492865980502E-003
   2.1271793437901620E-003   2.1557753214449141E-003  -3.5057133566593610E-003
   2.1698769898852968E-003   2.1937295580372854E-003  -3.5617168114649976E-003
   2.2128656021748864E-003   2.2313012043816134E-003  -3.6177556425704359E-003
   2.2564557775095681E-003   2.2692525806493223E-003  -3.6730692002289321E-003
   2.3012776795614301E-003   2.3073286205516144E-003  -3.7273021450074414E-003
   2.3469657791764286E-003   2.3454741063813835E-003  -3.7807579159405131E-003
   2.3926134407743619E-003   2.3845003715471033E-003  -3.8336090429631070E-003
   2.4388819423148138E-003   2.4230749736099816E-003  -3.8862514767208159E-003
   2.4859714352841087E-003   2.4618236739434303E-003  -3.9380309888538516E-003
   2.5334404069578616E-003   2.5013320926835867E-003  -3.9888815698295591E-003
   2.5807238760308304E-003   2.5412728167268717E-003  -4.0395669929516355E-003
   2.6282602296699136E-003   2.5816598107460233E-003  -4.0896587665516975E-003
   2.6765316257272337E-003   2.6210385846553862E-003  -4.1398502448872507E-003
   2.7251198009695301E-003   2.6606563591650293E-003  -4.1895455278852167E-003
   2.7734466902316476E-003   2.7006479384450513E-003  -4.2391961610609031E-003
   2.8232315164360548E-003   2.7401345258859680E-003  -4.2877994581363753E-003
   2.8736771827053082E-003   2.7798550886485533E-003  -4.3355227402059899E-003
   2.9248055783647345E-003   2.8194645820310152E-003  -4.3826075063036216E-003
   2.9763995352543723E-003   2.8592028864287077E-003  -4.4290718020714012E-003
   3.0283990198792625E-003   2.8988044186801401E-003  -4.4751995836947089E-003
   3.0809516573093781E-003   2.9388742121009008E-003  -4.5202843033378542E-003
   3.1322187849432649E-003   2.9806449872057566E-003  -4.5653052315154999E-003
   3.1843686040663459E-003   3.0225184121962447E-003  -4.6092029836195762E-003
   3.2368676177826254E-003   3.0643730086096009E-003  -4.6527006424950763E-003
   3.2897750027733549E-003   3.1065406510980159E-003  -4.6953937162163657E-003
   3.3422291781320139E-003   3.1493883815174543E-003  -4.7379687263395193E-003
   3.3953784890415348E-003   3.1921682927724378E-003  -4.7797422818645057E-003
   3.4484702408056965E-003   3.2349621839185189E-003  -4.8215746709768491E-003
   3.5016981594272142E-003   3.2781665438624372E-003  -4.8628078125375141E-003
   3.5555609737153112E-003   3.3212634941256042E-003  -4.9033226260953343E-003
   3.6094400020376749E-003   3.3646853996750002E-003  -4.9434672200259506E-003
   3.6641160980384895E-003   3.4083280953778566E-003  -4.9822723696710562E-003
   3.7194726260698693E-003   3.4524301062969745E-003  -5.0195640233830427E-003
   3.7745011048244655E-003   3.4968716862887935E-003  -5.0569379782928218E-003
   3.8303727223200942E-003   3.5410054599994681E-003  -5.0934149897853553E-003
   3.8870476851111915E-003   3.5850727213396546E-003  -5.1287140699257678E-003
   3.9437864441462384E-003   3.6288445112695662E-003  -5.1642773043604857E-003
   4.0008418948569461E-003   3.6734473075025289E-003  -5.1982665100549557E-003
   4.0583748140811072E-003   3.7180141145592379E-003  -5.2314894375468006E-003
   4.1165509328171300E-003   3.7630117423571000E-003  -5.2629656621921376E-003
   4.1754246805027536E-003   3.8083546779297778E-003  -5.2925950399222944E-003
   4.2349078721123506E-003   3.8543697979170999E-003  -5.3198779765762606E-003
   4.2941574627442265E-003   3.9012617582131729E-003  -5.3461578181503216E-003
   4.3547561815026848E-003   3.9474261609466653E-003  -5.3705840993213474E-003
   4.4160856500933222E-003   3.9936258609445966E-003  -5.3930403679092178E-003
   4.4775374813078488E-003   4.0403045090827445E-003  -5.4141300870761159E-003
   4.5392812428799636E-003   4.0866643805020286E-003  -5.4350697677317227E-003
   4.6011344267167312E-003   4.1336457165200204E-003  -5.4542253863686628E-003
   4.6633089209446432E-003   4.1804979370684524E-003  -5.4726428149535992E-003
   4.7256462335806123E-003   4.2276741056170505E-003  -5.4896271778444817E-003
   4.7882708979241984E-003   4.2748400572129898E-003  -5.5055496281857276E-003
   4.8507042158516785E-003   4.3225980894585261E-003  -5.5204241423892917E-003
   4.9134278093473207E-003   4.3705691039078462E-003  -5.5332511680402149E-003
   4.9765695720982361E-003   4.4181444813999535E-003  -5.5454864144412518E-003
   5.0394671016466119E-003   4.4666494190896775E-003  -5.5550348067834911E-003
   5.1029705726542878E-003   4.5143941546051626E-003  -5.5644022715388491E-003
   5.1656671036430521E-003   4.5634556111994792E-003  -5.5722837992616446E-003
   5.2274772880413645E-003   4.6137112703962292E-003  -5.5796234061323289E-003
   5.2884434488188470E-003   4.6650845273222864E-003  -5.5862502989517879E-003
   5.3497600120149128E-003   4.7161074137652588E-003  -5.5923284682886307E-003
   5.4108650205558686E-003   4.7674750174931252E-003  -5.5975770123932759E-003
   5.4718287929144760E-003   4.8190912257376527E-003  -5.6019571395971917E-003
   5.5328085888577839E-003   4.8707278309631837E-003  -5.6058462900699310E-003
   5.5942307661522930E-003   4.9218914314679745E-003  -5.6089450181932192E-003
   5.6553261579040870E-003   4.9734842791587745E-003  -5.6112968648780372E-003
   5.7166245140738261E-003   5.0248521376051822E-003  -5.6132601906084241E-003
   5.7782166949575820E-003   5.0758892252694360E-003  -5.6145325626228244E-003
   5.8398238358690555E-003   5.1269004425745788E-003  -5.6160868791649918E-003
   5.9009823273626742E-003   5.1784673858699132E-003  -5.6167863653224150E-003
   5.9618626827109686E-003   5.2303652166124145E-003  -5.6163419654862703E-003
   6.0229658436623873E-003   5.2819936914408417E-003  -5.6153910127935943E-003
   6.0831612266470051E-003   5.3345935672554790E-003  -5.6122654832714523E-003
   6.1435250560120521E-003   5.3869742137705118E-003  -5.6087333483722428E-003
   6.2039202801666520E-003   5.4392267440611765E-003  -5.6040333508405992E-003
   6.2649097918930068E-003   5.4907561295999595E-003  -5.5990331623359292E-003
   6.3264508139633507E-003   5.5414889588727310E-003  -5.5927975678302074E-003
   6.3884162273330119E-003   5.5915709879380375E-003  -5.5855810650746358E-003
   6.4501845708228988E-003   5.6418290921419478E-003  -5.5779132945771763E-003
   6.5124457256417840E-003   5.6912947524520004E-003  -5.5691556092490203E-003
   6.5753450330212192E-003   5.7396381849059664E-003  -5.5588313820843522E-003
   6.6380074040756258E-003   5.7880664705015558E-003  -5.5475120000607059E-003
   6.7005396470302663E-003   5.8361915068635469E-003  -5.5343324908809065E-003
   6.7629395690109494E-003   5.8844372234291885E-003  -5.5209683382089038E-003
   6.8254221633636319E-003   5.9321730063814073E-003  -5.5062299385333809E-003
   6.8881586070842632E-003   5.9792454611369257E-003  -5.4904716825536892E-003
   6.9508162225726542E-003   6.0264511821440242E-003  -5.4747986761310109E-003
   7.0135732951917620E-003   6.0735069959228956E-003  -5.4590728939119849E-003
   7.0755040409310249E-003   6.1208034427153862E-003  -5.4409723731502100E-003
   7.1371965869485247E-003   6.1679268710111970E-003  -5.4216484948578399E-003
   7.1987687969555444E-003   6.2146406193367672E-003  -5.4009920510050807E-003
   7.2594770859240008E-003   6.2608691206777704E-003  -5.3769622920524203E-003
   7.3196782396404260E-003   6.3070913074396353E-003  -5.3516773055937552E-003
   7.3795451185681539E-003   6.3530244349099116E-003  -5.3251046766503597E-003
   7.4398324731468207E-003   6.3987534432934550E-003  -5.2991375306355414E-003
   7.4994091065517824E-003   6.4449797347022140E-003  -5.2724213419333551E-003
   7.5591908096681688E-003   6.4908512016006578E-003  -5.2455520938675115E-003
   7.6189465610159764E-003   6.5371388876675667E-003  -5.2193471266825517E-003
   7.6787763267422522E-003   6.5824375976919732E-003  -5.1916266289343798E-003
   7.7377034951278427E-003   6.6276083680752579E-003  -5.1618408883998147E-003
   7.7950902219720425E-003   6.6740835602727665E-003  -5.1310704467037848E-003
   7.8527902941154006E-003   6.7196119567819656E-003  -5.0994814169580396E-003
   7.9107444255433410E-003   6.7643796273479748E-003  -5.0672762262947658E-003
   7.9682048173072440E-003   6.8096223025319383E-003  -5.0348508700061483E-003
   8.0254868319860253E-003   6.8544318486663484E-003  -5.0015210729346740E-003
   8.0825741950402187E-003   6.8989962868046158E-003  -4.9675351372463405E-003
   8.1388834681238136E-003   6.9439773034220623E-003  -4.9328080020900958E-003
   8.1947480675012303E-003   6.9894908222773479E-003  -4.8980565109052326E-003
   8.2499710003606265E-003   7.0355362197026183E-003  -4.8629816046273800E-003
   8.3040435154265770E-003   7.0821969393691916E-003  -4.8269407894109160E-003
   8.3581419178368130E-003   7.1272618398054684E-003  -4.7889602996639457E-003
   8.4115638368505736E-003   7.1711291878871894E-003  -4.7486892883988937E-003
   8.4650181538746469E-003   7.2140354300616024E-003  -4.7074377384911121E-003
   8.5197501555681690E-003   7.2549580417248030E-003  -4.6658475011876503E-003
   8.5740576484885020E-003   7.2946036874461731E-003  -4.6225010018948950E-003
   8.6278897704451102E-003   7.3341685252187082E-003  -4.5784927497885203E-003
   8.6803669205829884E-003   7.3742168685991937E-003  -4.5333011697820990E-003
   8.7321516890611437E-003   7.4146779722187098E-003  -4.4876805949907346E-003
   8.7837574456294532E-003   7.4542476575348111E-003  -4.4410856822676825E-003
   8.8362115247509823E-003   7.4927764387325117E-003  -4.3945657659734518E-003
   8.8888375154847366E-003   7.5307980253113190E-003  -4.3478232365637744E-003
   8.9397061791411034E-003   7.5692118373207416E-003  -4.2994832106786523E-003
   8.9910053430090880E-003   7.6063160641711529E-003  -4.2505784856601576E-003
   9.0417211938965888E-003   7.6446587330008860E-003  -4.2020218978219212E-003
   9.0918440362697337E-003   7.6823302051081442E-003  -4.1523372839278082E-003
   9.1419889042241419E-003   7.7200501372836454E-003  -4.1027116963337357E-003
   9.1919142275782156E-003   7.7576242344858572E-003  -4.0527552222622875E-003
   9.2422469452017285E-003   7.7944754807686752E-003  -4.0026692642842962E-003
   9.2917283819591006E-003   7.8310916888901169E-003  -3.9515728776978992E-003
   9.3405686079831365E-003   7.8689014525703208E-003  -3.9007294505337023E-003
   9.3890582308813388E-003   7.9066488251185434E-003  -3.8495055075381487E-003
   9.4363393508992456E-003   7.9445690874228592E-003  -3.7972891365626810E-003
   9.4830761966312911E-003   7.9819048949170066E-003  -3.7441694158703511E-003
   9.5304776028989537E-003   8.0185664511272497E-003  -3.6911690669299423E-003
   9.5774571432577157E-003   8.0550075644466260E-003  -3.6376436706225023E-003
   9.6239013673614163E-003   8.0913988152641510E-003  -3.5836195010000732E-003
   9.6703392159243531E-003   8.1272899103259442E-003  -3.5292563192711054E-003
   9.7165930893139876E-003   8.1627322233239364E-003  -3.4744437144623710E-003
   9.7631562925689086E-003   8.1977121561408947E-003  -3.4195959943679236E-003
   9.8099804215048096E-003   8.2318014957580565E-003  -3.3644106895824007E-003
   9.8562086728734739E-003   8.2656958206918860E-003  -3.3086063570903182E-003
   9.9016683095887546E-003   8.2986821149857431E-003  -3.2516385959051389E-003
   9.9472507780032967E-003   8.3313317228111972E-003  -3.1945751077420083E-003
   9.9915752527953774E-003   8.3649998115272704E-003  -3.1371138099917785E-003
   1.0034872606861849E-002   8.3976444986794026E-003  -3.0782949054735469E-003
   1.0078293580497430E-002   8.4298344275897732E-003  -3.0193167101490483E-003
   1.0121555643379649E-002   8.4613686401284593E-003  -2.9598693607204435E-003
   1.0164085663059862E-002   8.4932506219625916E-003  -2.9000802591861489E-003
   1.0205515886992049E-002   8.5257646593241525E-003  -2.8398608775952513E-003
   1.0247602990555472E-002   8.5574521497359633E-003  -2.7796564038155710E-003
   1.0289320049875844E-002   8.5887852098962963E-003  -2.7190104947060968E-003
   1.0330519902526465E-002   8.6205355510020724E-003  -2.6582281947217130E-003
   1.0371849407040327E-002   8.6518259622215942E-003  -2.5972955907997983E-003
   1.0413376350818990E-002   8.6829817595583843E-003  -2.5364282823949562E-003
   1.0455718883695318E-002   8.7134207190884081E-003  -2.4757605013844097E-003
   1.0497364727123393E-002   8.7424939002098013E-003  -2.4139513284183018E-003
   1.0538845006429912E-002   8.7714924411883746E-003  -2.3519959327955374E-003
   1.0579119694281125E-002   8.8017514067371544E-003  -2.2898481692745789E-003
   1.0619815327497258E-002   8.8321830157718616E-003  -2.2280599615472868E-003
   1.0660094709146079E-002   8.8625774485172858E-003  -2.1659813833012696E-003
   1.0700689303384853E-002   8.8928499862757603E-003  -2.1040487394170175E-003
   1.0740537322840657E-002   8.9239672313627099E-003  -2.0420499297723405E-003
   1.0780044182430504E-002   8.9546618026519146E-003  -1.9796235624398523E-003
   1.0819421780491214E-002   8.9853820446871846E-003  -1.9171281905895209E-003
   1.0859163637545341E-002   9.0159651397583238E-003  -1.8547963439905083E-003
   1.0899268227102620E-002   9.0454258159366578E-003  -1.7921569758036441E-003
   1.0938599809985317E-002   9.0750944036765320E-003  -1.7291268124396578E-003
   1.0978989739149870E-002   9.1045328694083407E-003  -1.6666605786879410E-003
   1.1019347467037680E-002   9.1333887468329177E-003  -1.6039023749179074E-003
   1.1059290328070338E-002   9.1614563845720687E-003  -1.5405243380127824E-003
   1.1100344710106926E-002   9.1891004922493510E-003  -1.4776725995568074E-003
   1.1140814461241702E-002   9.2172655369568545E-003  -1.4146731590970558E-003
   1.1181672028393345E-002   9.2445813248541384E-003  -1.3515502081320192E-003
   1.1222429229028361E-002   9.2718442700182990E-003  -1.2883395886417173E-003
   1.1262583411406915E-002   9.2991294055270006E-003  -1.2247537174510830E-003
   1.1302958333167417E-002   9.3268662805739873E-003  -1.1615039628485866E-003
   1.1343489512394419E-002   9.3544772257970546E-003  -1.0982990641877734E-003
   1.1383249088600727E-002   9.3823498610556017E-003  -1.0347200400627669E-003
   1.1422655814684003E-002   9.4101615169404178E-003  -9.7089510974738744E-004
   1.1461540668816082E-002   9.4388632173363299E-003  -9.0714418415677178E-004
   1.1500290552373183E-002   9.4680775417710587E-003  -8.4354410733286915E-004
   1.1538761323371971E-002   9.4957191696122389E-003  -7.7907752537890323E-004
   1.1577959397180719E-002   9.5223199727301148E-003  -7.1461119091536488E-004
   1.1616876941056779E-002   9.5488979778491148E-003  -6.4996573923616118E-004
   1.1656025755415722E-002   9.5758966452469448E-003  -5.8563501332596028E-004
   1.1695530146953143E-002   9.6021713932805102E-003  -5.2122196603067461E-004
   1.1735911712876751E-002   9.6273934994337475E-003  -4.5693219629469616E-004
   1.1776468300546850E-002   9.6525768262427855E-003  -3.9273746718043994E-004
   1.1816208501566439E-002   9.6780724609031501E-003  -3.2815659510128874E-004
   1.1855751086878068E-002   9.7021853504572902E-003  -2.6292659814112395E-004
   1.1895056011078368E-002   9.7261151051579418E-003  -1.9748586333683671E-004
   1.1934469933867271E-002   9.7496515240319149E-003  -1.3196808194047146E-004
   1.1974042450377410E-002   9.7729538571938671E-003  -6.6462225659139718E-005
   1.2012500000009682E-002   9.7953991113077336E-003   7.9735932661377698E-015
