   3.5527136787910571E-015   3.5421283062122490E-015   7.1340190668713328E-015
   3.5708451147079687E-005   3.0770938299596303E-005  -6.4637882635463915E-005
   7.2507105437030040E-005   6.1798907351084573E-005  -1.2853721106105215E-004
   1.0939930159508578E-004   9.1929024508984991E-005  -1.9281117079396435E-004
   1.4689871673805011E-004   1.2220219544830050E-004  -2.5666513686742798E-004
   1.8459191800303398E-004   1.5221289203826808E-004  -3.2052890336378275E-004
   2.2222135180044805E-004   1.8242704422016779E-004  -3.8433431630982340E-004
   2.5884053853135778E-004   2.1248407427525045E-004  -4.4879833805746238E-004
   2.9732817249214299E-004   2.4214846441276831E-004  -5.1234930964983978E-004
   3.3567198523170119E-004   2.7092623397588852E-004  -5.7639298229696003E-004
   3.7310341233538638E-004   2.9990591192971528E-004  -6.4088380749499965E-004
   4.1008818736672199E-004   3.2826133563388347E-004  -7.0590762132272382E-004
   4.4821895143639957E-004   3.5580530323993165E-004  -7.7061754850125410E-004
   4.8657808335093443E-004   3.8213885504765862E-004  -8.3569535615069760E-004
   5.2509938553149617E-004   4.0880304556560496E-004  -9.0054233156245246E-004
   5.6436582713852938E-004   4.3600286180265328E-004  -9.6471644293493700E-004
   6.0397465916890377E-004   4.6182562456952410E-004  -1.0292480270098657E-003
   6.4476156323975864E-004   4.8859459721077147E-004  -1.0926503184235832E-003
   6.8588389400424160E-004   5.1447204831647677E-004  -1.1562058959551738E-003
   7.2586110636276816E-004   5.4058898851892378E-004  -1.2203910026226884E-003
   7.6651651063547603E-004   5.6728018572190745E-004  -1.2839104335086251E-003
   8.0744877583516445E-004   5.9290460836470237E-004  -1.3476908274537109E-003
   8.4918749781222650E-004   6.1826854473493083E-004  -1.4110513025635545E-003
   8.9039997794725448E-004   6.4390702274530573E-004  -1.4746453268247651E-003
   9.3152539700977564E-004   6.7008408802561234E-004  -1.5380760855978311E-003
   9.7322707487325355E-004   6.9691536368464814E-004  -1.6008538898816163E-003
   1.0150196457658282E-003   7.2403396654065070E-004  -1.6634475189030893E-003
   1.0564300444970082E-003   7.5101823155892232E-004  -1.7263524338476124E-003
   1.0972833339670022E-003   7.7876672707439295E-004  -1.7892891459398935E-003
   1.1371496243379720E-003   8.0562960804036240E-004  -1.8532349395033831E-003
   1.1779912199910748E-003   8.3293970236101667E-004  -1.9163706886934694E-003
   1.2191055188827532E-003   8.5970909765650642E-004  -1.9795609877506178E-003
   1.2597323341043407E-003   8.8788558682597707E-004  -2.0424541299730254E-003
   1.3011264670020097E-003   9.1650204901162487E-004  -2.1046443530105337E-003
   1.3428449067222064E-003   9.4538449223986189E-004  -2.1664939792454332E-003
   1.3840242380078196E-003   9.7560894900914686E-004  -2.2280630047065470E-003
   1.4243612499647363E-003   1.0058690584803444E-003  -2.2901697775254640E-003
   1.4657470355782724E-003   1.0359054661207403E-003  -2.3516923828469866E-003
   1.5080048973501474E-003   1.0659009895951489E-003  -2.4126394228810135E-003
   1.5499824236357286E-003   1.0956249047810339E-003  -2.4739123872041502E-003
   1.5929142648542420E-003   1.1244773142866785E-003  -2.5349402126631200E-003
   1.6356247518964845E-003   1.1534019132351033E-003  -2.5960890628578602E-003
   1.6787413578627647E-003   1.1820062674345105E-003  -2.6571033988590839E-003
   1.7220971947567818E-003   1.2101933154992249E-003  -2.7181424168174293E-003
   1.7660621586088425E-003   1.2383429422904700E-003  -2.7787615596479975E-003
   1.8102238248550089E-003   1.2669141451339817E-003  -2.8390395291314104E-003
   1.8544362405430084E-003   1.2965805533237901E-003  -2.8987485444524294E-003
   1.8992984985783680E-003   1.3265689371223389E-003  -2.9578084688221930E-003
   1.9449736446293709E-003   1.3562660036361062E-003  -3.0163905930440968E-003
   1.9912827542970797E-003   1.3864682824325629E-003  -3.0742117718246475E-003
   2.0382363761061260E-003   1.4174968816893102E-003  -3.1310675844212223E-003
   2.0852512350679670E-003   1.4487767571802750E-003  -3.1877347920322213E-003
   2.1331102108025531E-003   1.4814168801552154E-003  -3.2429085249785069E-003
   2.1812043284560197E-003   1.5142460140428924E-003  -3.2977647352938010E-003
   2.2297819465084156E-003   1.5475365331724562E-003  -3.3519122779221370E-003
   2.2789041836437478E-003   1.5801489771263197E-003  -3.4059810702893691E-003
   2.3282921495461017E-003   1.6120248569418355E-003  -3.4602466866063913E-003
   2.3779777100786719E-003   1.6443362102460245E-003  -3.5139804891659542E-003
   2.4292324126189749E-003   1.6770259805519514E-003  -3.5659837041261762E-003
   2.4805065215168778E-003   1.7102239020835529E-003  -3.6176447510596079E-003
   2.5315566029228327E-003   1.7436385930138924E-003  -3.6693878434075500E-003
   2.5826396994204259E-003   1.7768774297987162E-003  -3.7212115540870188E-003
   2.6339838561765432E-003   1.8113528750914594E-003  -3.7719581919697970E-003
   2.6858343814732052E-003   1.8456587874434904E-003  -3.8223032750048743E-003
   2.7380769579173621E-003   1.8808023544117213E-003  -3.8716555081552756E-003
   2.7901825992176976E-003   1.9164605546362753E-003  -3.9207828416109982E-003
   2.8428859566564887E-003   1.9509718362589804E-003  -3.9700913353803123E-003
   2.8965552270138798E-003   1.9853512612043414E-003  -4.0184407362909421E-003
   2.9504447425746649E-003   2.0191983870567441E-003  -4.0669205484390927E-003
   3.0037894600596329E-003   2.0537725043125159E-003  -4.1154897930082033E-003
   3.0575914342398638E-003   2.0888125967889878E-003  -4.1632133668790573E-003
   3.1115271905895582E-003   2.1238257564412163E-003  -4.2108055177117335E-003
   3.1652688600408711E-003   2.1588738344261163E-003  -4.2585911348779057E-003
   3.2194299676889218E-003   2.1943098322853485E-003  -4.3056109654666585E-003
   3.2724654793453416E-003   2.2312222613210574E-003  -4.3527777661748366E-003
   3.3266738376483695E-003   2.2683830666698260E-003  -4.3983905762519006E-003
   3.3816475301712535E-003   2.3055960438518193E-003  -4.4430345844140582E-003
   3.4369056403071095E-003   2.3439956832003307E-003  -4.4863013032348303E-003
   3.4917711900301221E-003   2.3826847887052126E-003  -4.5298090561045031E-003
   3.5469320317052726E-003   2.4219159277253720E-003  -4.5724494041275128E-003
   3.6022061947959968E-003   2.4609686863634266E-003  -4.6151067473661957E-003
   3.6581428856018493E-003   2.4992036292939860E-003  -4.6576411542686921E-003
   3.7133989580292012E-003   2.5383592370238550E-003  -4.7002275939716110E-003
   3.7682539768772731E-003   2.5784849061087196E-003  -4.7424278023749065E-003
   3.8231542295106237E-003   2.6188371534301975E-003  -4.7843522391067409E-003
   3.8788403017216266E-003   2.6595421240895984E-003  -4.8248758955182205E-003
   3.9350612899755758E-003   2.7004839792594691E-003  -4.8644102473771687E-003
   3.9919747637906546E-003   2.7413771390021515E-003  -4.9029927043648686E-003
   4.0495473750444743E-003   2.7828736674192400E-003  -4.9399173920290623E-003
   4.1074325977049292E-003   2.8246993062344176E-003  -4.9759717528791922E-003
   4.1661461636505540E-003   2.8661027699695180E-003  -5.0111636605295710E-003
   4.2249908318412691E-003   2.9085984890765671E-003  -5.0448002313255164E-003
   4.2832691927722349E-003   2.9526880737018989E-003  -5.0773538972592874E-003
   4.3415554350776731E-003   2.9982433191602415E-003  -5.1078076910671113E-003
   4.4001004273714747E-003   3.0440341635073437E-003  -5.1373996235028439E-003
   4.4590151769447221E-003   3.0897511730703722E-003  -5.1663652464152233E-003
   4.5184024434698133E-003   3.1356657923749935E-003  -5.1940238853116251E-003
   4.5778724104788490E-003   3.1817346337431676E-003  -5.2212449230484856E-003
   4.6373906319978246E-003   3.2280162280434940E-003  -5.2479955367572490E-003
   4.6971309731804294E-003   3.2741060959794858E-003  -5.2745815423430875E-003
   4.7573410274820609E-003   3.3198075667644519E-003  -5.3007755289179942E-003
   4.8172265143316562E-003   3.3664996648551425E-003  -5.3259464734263101E-003
   4.8766821607864486E-003   3.4141744848528201E-003  -5.3502803518522147E-003
   4.9371807827893908E-003   3.4609633332503748E-003  -5.3737477847651764E-003
   4.9981594838667560E-003   3.5076909095798285E-003  -5.3960666472436473E-003
   5.0590525336330888E-003   3.5551756786871580E-003  -5.4169767692689103E-003
   5.1201695563723362E-003   3.6029672010790500E-003  -5.4364877891667504E-003
   5.1815421385852838E-003   3.6509308378417883E-003  -5.4547332189894765E-003
   5.2429415435847372E-003   3.6990481376131899E-003  -5.4724769087804732E-003
   5.3052936600611628E-003   3.7464007168160796E-003  -5.4889069671471306E-003
   5.3674101568215483E-003   3.7946149065531021E-003  -5.5036356036622632E-003
   5.4286385190603827E-003   3.8442270412041364E-003  -5.5174096282814564E-003
   5.4894349520413846E-003   3.8946718028753276E-003  -5.5300238962581018E-003
   5.5511803238406749E-003   3.9442177332733265E-003  -5.5415438718550165E-003
   5.6132424966241715E-003   3.9934522827340347E-003  -5.5526904340711955E-003
   5.6757580648462390E-003   4.0424888041816999E-003  -5.5620297755811345E-003
   5.7386730710832900E-003   4.0911981405531306E-003  -5.5703425690978537E-003
   5.8016479285341437E-003   4.1398580959209463E-003  -5.5784897206397075E-003
   5.8648335095670204E-003   4.1885119082190336E-003  -5.5848449464587875E-003
   5.9274466042361423E-003   4.2380481741909398E-003  -5.5899202531055642E-003
   5.9902485017654409E-003   4.2873978954827913E-003  -5.5944508909235267E-003
   6.0530112253222674E-003   4.3368792736931143E-003  -5.5979770415636549E-003
   6.1156171580785523E-003   4.3866821104738725E-003  -5.5983949425648868E-003
   6.1775969854722251E-003   4.4372636761955946E-003  -5.5983161781836075E-003
   6.2398163954601972E-003   4.4875451793064281E-003  -5.5975982231294191E-003
   6.3022865060187363E-003   4.5375134791934115E-003  -5.5967893378764347E-003
   6.3642486571820686E-003   4.5880771919191831E-003  -5.5947886424747460E-003
   6.4258335081892647E-003   4.6390765979871969E-003  -5.5922654101278318E-003
   6.4878834034235661E-003   4.6894925266574320E-003  -5.5894291026539764E-003
   6.5491615245518555E-003   4.7407919040494736E-003  -5.5857731823422902E-003
   6.6105987345373316E-003   4.7918339823433886E-003  -5.5812814705797362E-003
   6.6720308164880332E-003   4.8427469791479921E-003  -5.5754534295019958E-003
   6.7326042083926058E-003   4.8945043129340225E-003  -5.5682393743141691E-003
   6.7932871130166406E-003   4.9460612476173657E-003  -5.5605278521021571E-003
   6.8538022365039874E-003   4.9975772881069736E-003  -5.5513617513508716E-003
   6.9143292636135948E-003   5.0488373096561510E-003  -5.5409267535020479E-003
   6.9740184190407745E-003   5.1008375732507121E-003  -5.5293865060147638E-003
   7.0333360505285157E-003   5.1531576814834038E-003  -5.5173854699763578E-003
   7.0930691961571665E-003   5.2047097237765553E-003  -5.5041817489100585E-003
   7.1522557844192255E-003   5.2565982404071052E-003  -5.4898803640906751E-003
   7.2112925134472910E-003   5.3083727276461695E-003  -5.4745811123578158E-003
   7.2706287422736422E-003   5.3596466632062200E-003  -5.4587635437399838E-003
   7.3288695225987134E-003   5.4116366288812241E-003  -5.4412977206795667E-003
   7.3870282436580715E-003   5.4633766883966225E-003  -5.4228442816798908E-003
   7.4455000618699110E-003   5.5143411971163570E-003  -5.4032569049682570E-003
   7.5040606039214501E-003   5.5646962149842978E-003  -5.3823994101756117E-003
   7.5627948685877550E-003   5.6143124711263591E-003  -5.3602970736191151E-003
   7.6210425539554360E-003   5.6641318251407675E-003  -5.3373789778147426E-003
   7.6786792042621088E-003   5.7135215101811873E-003  -5.3121069467518605E-003
   7.7364375546277444E-003   5.7628904326927207E-003  -5.2870733203425084E-003
   7.7935531771383126E-003   5.8122328419196265E-003  -5.2605566780658452E-003
   7.8504935013162108E-003   5.8609863348034171E-003  -5.2326121541641114E-003
   7.9082462784947939E-003   5.9088717846103199E-003  -5.2048344575533088E-003
   7.9656338157861693E-003   5.9570722778085009E-003  -5.1768454773357319E-003
   8.0229661952165351E-003   6.0054952535677939E-003  -5.1491288091878602E-003
   8.0793135357087754E-003   6.0541913723964821E-003  -5.1199112592800475E-003
   8.1350058211734078E-003   6.1031458828861773E-003  -5.0898808538119202E-003
   8.1898497008562263E-003   6.1533035963429452E-003  -5.0602776000725994E-003
   8.2442344157190855E-003   6.2038328979760393E-003  -5.0304599462404030E-003
   8.2982085378746073E-003   6.2538628824773878E-003  -4.9990944433516010E-003
   8.3524255445675370E-003   6.3030414739488590E-003  -4.9668146921736959E-003
   8.4049418062162057E-003   6.3534697987361177E-003  -4.9336631262251445E-003
   8.4574066904691218E-003   6.4042607679188901E-003  -4.9009872427414605E-003
   8.5094653248205272E-003   6.4545796381293274E-003  -4.8669591676041880E-003
   8.5612571093819315E-003   6.5042394751187683E-003  -4.8315824571320371E-003
   8.6130873449598473E-003   6.5530773140546079E-003  -4.7951339707968527E-003
   8.6644168370449172E-003   6.6020583022602464E-003  -4.7581725578981623E-003
   8.7164087647218884E-003   6.6498512405478863E-003  -4.7205869954790982E-003
   8.7678799223564717E-003   6.6981570201162200E-003  -4.6829403276425832E-003
   8.8185832707093226E-003   6.7464217989776426E-003  -4.6442146051429685E-003
   8.8680082653265664E-003   6.7956097581533146E-003  -4.6050009012514733E-003
   8.9177291829834766E-003   6.8438867490819063E-003  -4.5650363856511653E-003
   8.9665579131130036E-003   6.8926919743411696E-003  -4.5246160306660777E-003
   9.0150959458233856E-003   6.9414158813599809E-003  -4.4837499045589880E-003
   9.0632031909321786E-003   6.9907756237734360E-003  -4.4431382215888758E-003
   9.1111688259710739E-003   7.0402041575474365E-003  -4.4024427930624650E-003
   9.1589678636147896E-003   7.0894077149506914E-003  -4.3612813797206714E-003
   9.2063855400009650E-003   7.1382363224327143E-003  -4.3192417429507276E-003
   9.2541131295404699E-003   7.1854397405434305E-003  -4.2757226148197984E-003
   9.3013642789098426E-003   7.2319737530519663E-003  -4.2309798550031041E-003
   9.3481540340406618E-003   7.2774473317328246E-003  -4.1846886845334332E-003
   9.3938153568217161E-003   7.3221880316164112E-003  -4.1365917680841304E-003
   9.4386330203344391E-003   7.3684563352400360E-003  -4.0891510563840451E-003
   9.4836526901953978E-003   7.4137427313746103E-003  -4.0409600650583447E-003
   9.5293211645214298E-003   7.4577938399710379E-003  -3.9922374800829691E-003
   9.5742065273945326E-003   7.5017262282586882E-003  -3.9426870061997979E-003
   9.6192181339723598E-003   7.5448719221441560E-003  -3.8925631160282238E-003
   9.6638273390268568E-003   7.5864055721893949E-003  -3.8407463741645352E-003
   9.7087108107990656E-003   7.6276476501564846E-003  -3.7889335864775076E-003
   9.7535907133146586E-003   7.6693930648518080E-003  -3.7375223552268979E-003
   9.7987683882220736E-003   7.7100042157037920E-003  -3.6854674599317372E-003
   9.8443265511292035E-003   7.7494708279742955E-003  -3.6328666965290747E-003
   9.8894160450764008E-003   7.7890104595395243E-003  -3.5799180887723494E-003
   9.9343404922742629E-003   7.8282143751437997E-003  -3.5265809810811496E-003
   9.9791168024484147E-003   7.8671666775602840E-003  -3.4729358491148651E-003
   1.0024317577195728E-002   7.9056328426002700E-003  -3.4192959003250612E-003
   1.0068890914745077E-002   7.9442234594243877E-003  -3.3652220446898041E-003
   1.0113806495708909E-002   7.9823310450959448E-003  -3.3110888523474997E-003
   1.0157166016125190E-002   8.0208693325898774E-003  -3.2560002656681921E-003
   1.0199522522818060E-002   8.0599732044082766E-003  -3.2005312333275001E-003
   1.0240771245364880E-002   8.0995157177651267E-003  -3.1445407651366384E-003
   1.0281976106015972E-002   8.1396048949294031E-003  -3.0889078851988956E-003
   1.0322385320817943E-002   8.1804173841668482E-003  -3.0332173466861320E-003
   1.0363088706788974E-002   8.2215540625020615E-003  -2.9779814157591977E-003
   1.0403711753498499E-002   8.2617257078721803E-003  -2.9219813533825898E-003
   1.0444091696531665E-002   8.3013322468812340E-003  -2.8654058969710600E-003
   1.0483754015790778E-002   8.3400945143808913E-003  -2.8077483992164499E-003
   1.0523389901071019E-002   8.3781342625367915E-003  -2.7495936560961065E-003
   1.0563115083757088E-002   8.4153467516135186E-003  -2.6909665247709996E-003
   1.0602475817810885E-002   8.4522487053642504E-003  -2.6318989497194456E-003
   1.0640723596973257E-002   8.4889912870387413E-003  -2.5720066290029989E-003
   1.0679213677101855E-002   8.5261090358293313E-003  -2.5125021211332426E-003
   1.0718654957895566E-002   8.5624949822967634E-003  -2.4531687555865204E-003
   1.0758393081936282E-002   8.5996441619979169E-003  -2.3945102528587785E-003
   1.0797486750953170E-002   8.6364950201502141E-003  -2.3352337880139769E-003
   1.0835866435355215E-002   8.6731691694320549E-003  -2.2753839208035725E-003
   1.0873886764566857E-002   8.7089927919286290E-003  -2.2147941308813405E-003
   1.0911337385753103E-002   8.7440398801734813E-003  -2.1534007063097986E-003
   1.0947937892061499E-002   8.7790090710635153E-003  -2.0914526747016302E-003
   1.0985120012248379E-002   8.8139022501082537E-003  -2.0298088916073835E-003
   1.1022534432645070E-002   8.8478610534386149E-003  -1.9677850185808999E-003
   1.1058814855329915E-002   8.8817514645658877E-003  -1.9050540774903427E-003
   1.1094140773705000E-002   8.9152165575148729E-003  -1.8415547307520843E-003
   1.1129281610848364E-002   8.9500563745114857E-003  -1.7786952945414989E-003
   1.1163906836636310E-002   8.9848822680253411E-003  -1.7155426945809850E-003
   1.1198549490053580E-002   9.0193600242302104E-003  -1.6522088892791885E-003
   1.1233330266563158E-002   9.0533788324368182E-003  -1.5887028401874112E-003
   1.1267925268157730E-002   9.0872036057265213E-003  -1.5249920045536476E-003
   1.1301878864465003E-002   9.1207715597931612E-003  -1.4608020851260017E-003
   1.1336661887064281E-002   9.1544562961362406E-003  -1.3971194353941396E-003
   1.1371319595516061E-002   9.1885973122166308E-003  -1.3336116857500765E-003
   1.1405098488040485E-002   9.2218478852524877E-003  -1.2691649184930133E-003
   1.1437928190066326E-002   9.2545833525969762E-003  -1.2039682940066456E-003
   1.1470044441047380E-002   9.2873458339851021E-003  -1.1384307762278326E-003
   1.1501881638769019E-002   9.3203263762891547E-003  -1.0728664820151320E-003
   1.1533667536559164E-002   9.3533432808240238E-003  -1.0072955989188196E-003
   1.1565001598142912E-002   9.3858322392969956E-003  -9.4124528353620304E-004
   1.1595945315593228E-002   9.4177064793865266E-003  -8.7471319226483225E-004
   1.1627102914722520E-002   9.4493919383625384E-003  -8.0819074713716645E-004
   1.1657629127121873E-002   9.4799175762678677E-003  -7.4083842139385054E-004
   1.1688880925490476E-002   9.5096256440178172E-003  -6.7345329091560765E-004
   1.1720279970421559E-002   9.5386514722882280E-003  -6.0583967339879099E-004
   1.1752354690677164E-002   9.5669039974210154E-003  -5.3821566034888547E-004
   1.1783901093398195E-002   9.5960297974496296E-003  -4.7071371781363947E-004
   1.1816074962235308E-002   9.6247715092932767E-003  -4.0334342641604247E-004
   1.1848955433390648E-002   9.6538540570007565E-003  -3.3646233762593355E-004
   1.1881824296963510E-002   9.6829026424255626E-003  -2.6956078688587288E-004
   1.1914296717448094E-002   9.7114720872399935E-003  -2.0226049915224485E-004
   1.1946799707277389E-002   9.7389525623072879E-003  -1.3452292358024528E-004
   1.1979231972904463E-002   9.7672308028683638E-003  -6.7080435058968006E-005
   1.2012500000009597E-002   9.7953991113077388E-003   7.9740836812280684E-015
