   3.5527136787910279E-015   3.5421283062122171E-015   7.1340190668712523E-015
   2.6444483879620502E-006   7.7755500569442616E-005  -1.8630325371021249E-005
   5.4327020431009955E-006   1.5537834579555903E-004  -3.7785469192191431E-005
   7.7329093727058518E-006   2.3282033695948607E-004  -5.7721543225676246E-005
   9.2942439460908136E-006   3.1041588123727719E-004  -7.7124989844223706E-005
   1.0547875407945417E-005   3.8798390848159638E-004  -9.6660331154315422E-005
   1.0843393039190940E-005   4.6573103580383536E-004  -1.1550965113327902E-004
   1.0851452258213994E-005   5.4377167095322350E-004  -1.3310678706425814E-004
   9.9614955544026447E-006   6.2191116404921036E-004  -1.5023651549860473E-004
   9.2178271252034100E-006   6.9996803936784441E-004  -1.6774568953163249E-004
   7.1861593784548319E-006   7.7828681135553310E-004  -1.8393340970976210E-004
   5.5182342245080279E-006   8.5674124133809496E-004  -1.9949362963277153E-004
   3.7929730936554087E-006   9.3518562007448367E-004  -2.1509820954271293E-004
   8.1813265025884068E-007   1.0136817777573459E-003  -2.3024758424486900E-004
  -1.2420304080662813E-006   1.0921202241368534E-003  -2.4584136042196588E-004
  -3.6477965305197300E-006   1.1706286840046697E-003  -2.6102800023476111E-004
  -5.9540131406581250E-006   1.2490995957733623E-003  -2.7642271900714345E-004
  -7.5140690642956740E-006   1.3274658662250729E-003  -2.9243190004413320E-004
  -9.6330340851799545E-006   1.4058977558339626E-003  -3.0805075653926421E-004
  -1.0706905619283722E-005   1.4842597603371757E-003  -3.2412069871712627E-004
  -1.1221964084897818E-005   1.5626216502258917E-003  -3.4021880210259782E-004
  -1.2670425767021593E-005   1.6410480174216845E-003  -3.5594161702769432E-004
  -1.4234472669355028E-005   1.7195558254457012E-003  -3.7124121908705407E-004
  -1.5876730730182972E-005   1.7979688483874545E-003  -3.8701147009669636E-004
  -1.8095406645126255E-005   1.8765585829169068E-003  -4.0180103067337841E-004
  -1.8789984637559769E-005   1.9553722176592269E-003  -4.1550973378258601E-004
  -2.0184946510345604E-005   2.0343835464991461E-003  -4.2797023108686878E-004
  -2.0884260750635864E-005   2.1135846037791677E-003  -4.3922649561629884E-004
  -2.1232858566864457E-005   2.1927938695553871E-003  -4.5044124874012045E-004
  -2.1881953666092384E-005   2.2721151465146211E-003  -4.6081976950633252E-004
  -2.2059620604339813E-005   2.3513368239320188E-003  -4.7195055001495725E-004
  -2.1921799168446696E-005   2.4306001613542045E-003  -4.8278126276699013E-004
  -2.1995624198804717E-005   2.5098970189068961E-003  -4.9336440633164784E-004
  -2.1603869816399486E-005   2.5891441919573335E-003  -5.0430662182216813E-004
  -2.1169425084691822E-005   2.6682956323439621E-003  -5.1591957783801300E-004
  -1.9921240588949172E-005   2.7474494083366201E-003  -5.2745741948749905E-004
  -1.8220082771215112E-005   2.8267114946347550E-003  -5.3816385337271270E-004
  -1.5437140506187114E-005   2.9059746904969508E-003  -5.4863290368190900E-004
  -1.2780759499427044E-005   2.9853912801668958E-003  -5.5790376794022855E-004
  -1.0606940615015035E-005   3.0646630207255277E-003  -5.6845202202646550E-004
  -7.4544283258657086E-006   3.1439237039009092E-003  -5.7883497795267053E-004
  -4.0520285462083806E-006   3.2231705956990478E-003  -5.8924429224083879E-004
  -8.4531484960230496E-007   3.3024935103727455E-003  -5.9912316777374879E-004
   3.8580107494266878E-006   3.3815435208877300E-003  -6.1047986406248490E-004
   1.0839225072232901E-005   3.4604834679640346E-003  -6.2142278024884118E-004
   1.8599570524516254E-005   3.5393977865768238E-003  -6.3202029688891272E-004
   2.6625783933856357E-005   3.6182631122379932E-003  -6.4278320974478758E-004
   3.4937983818814773E-005   3.6971364644266640E-003  -6.5326660962425310E-004
   4.3558679348896072E-005   3.7760040185583414E-003  -6.6354243166088448E-004
   5.2040007231263931E-005   3.8548499584409629E-003  -6.7409633329189268E-004
   6.1559724916394041E-005   3.9336677875438063E-003  -6.8395152428649608E-004
   7.2052362409225724E-005   4.0124471143466300E-003  -6.9310150894876638E-004
   8.3682047864487211E-005   4.0910097453736400E-003  -7.0272769281097677E-004
   9.5251021170327684E-005   4.1697299990414551E-003  -7.1105118450582856E-004
   1.0694712131164558E-004   4.2485013587474597E-003  -7.1868493481565363E-004
   1.1865861539241560E-004   4.3272653277787914E-003  -7.2637116137364076E-004
   1.3098502772460169E-004   4.4058931156275277E-003  -7.3447859877761744E-004
   1.4226739140312721E-004   4.4844955201137227E-003  -7.4419303618204757E-004
   1.5308557182093204E-004   4.5631422200077005E-003  -7.5407552319835529E-004
   1.6448118038149881E-004   4.6418263707702408E-003  -7.6296059674183382E-004
   1.7596471295514132E-004   4.7204751954974221E-003  -7.7204304332294509E-004
   1.8770679014278328E-004   4.7992342445101607E-003  -7.7973302570832480E-004
   2.0066810649183462E-004   4.8778299050590080E-003  -7.8713075772291559E-004
   2.1423853494289535E-004   4.9563774686875485E-003  -7.9392220096365779E-004
   2.2797282881776071E-004   5.0349052983480981E-003  -8.0061168152995498E-004
   2.4120660304609651E-004   5.1135484084590148E-003  -8.0694638300976226E-004
   2.5445045957980990E-004   5.1922088367933467E-003  -8.1304041949973249E-004
   2.6875950987801609E-004   5.2707100935178415E-003  -8.1876787800071779E-004
   2.8427989052240833E-004   5.3490787540385939E-003  -8.2294769074756243E-004
   3.0023041566698951E-004   5.4273309557154939E-003  -8.2765658296644526E-004
   3.1696085032262186E-004   5.5054883246431728E-003  -8.3105043740773520E-004
   3.3490505780364510E-004   5.5833840892342461E-003  -8.3425282080201778E-004
   3.5352563042021022E-004   5.6611271213282020E-003  -8.3730163206009256E-004
   3.7278255084081192E-004   5.7387005550963380E-003  -8.4069771567885153E-004
   3.9287632428909738E-004   5.8161069073725232E-003  -8.4281830495683946E-004
   4.1231274899255680E-004   5.8936861638691166E-003  -8.4473777451439525E-004
   4.3176308486407073E-004   5.9712672152366425E-003  -8.4643037853229233E-004
   4.5210608228785884E-004   6.0486158611338216E-003  -8.4826052306984079E-004
   4.7264576588963155E-004   6.1259016137115837E-003  -8.5050414446782548E-004
   4.9397928475906113E-004   6.2029624834133990E-003  -8.5305430839715266E-004
   5.1725327615546337E-004   6.2794362470849369E-003  -8.5622996410209754E-004
   5.4192860133053117E-004   6.3554570726266565E-003  -8.5968863743955074E-004
   5.6773515521203657E-004   6.4310947867519527E-003  -8.6328835717000465E-004
   5.9484513550516524E-004   6.5062733592066695E-003  -8.6692583069838893E-004
   6.2382454086051104E-004   6.5807398067732042E-003  -8.7079135142333769E-004
   6.5294222420789866E-004   6.6551844500878626E-003  -8.7397813692487668E-004
   6.8289056508070588E-004   6.7292400690209114E-003  -8.7832119866650864E-004
   7.1437227207367968E-004   6.8026762038023341E-003  -8.8232572559046824E-004
   7.4634556939048771E-004   6.8759364545003141E-003  -8.8558822810870139E-004
   7.7953051486259761E-004   6.9486426162053408E-003  -8.8913413351815462E-004
   8.1399211516711113E-004   7.0207666976416245E-003  -8.9237681464136257E-004
   8.4744063924081065E-004   7.0934007653286821E-003  -8.9471956096862483E-004
   8.8209979373701081E-004   7.1654690306502140E-003  -8.9693499187643846E-004
   9.1765206658054319E-004   7.2371106490688722E-003  -8.9880966360627614E-004
   9.5398229295540009E-004   7.3083216591141491E-003  -9.0182739684132912E-004
   9.9076417406921942E-004   7.3792620472463381E-003  -9.0564243874493417E-004
   1.0288171099785972E-003   7.4495297038047210E-003  -9.0944118949489480E-004
   1.0680599155314778E-003   7.5190451759987644E-003  -9.1469488862167708E-004
   1.1090218042957695E-003   7.5875748715177457E-003  -9.1977470146371886E-004
   1.1506846831588629E-003   7.6557102582458791E-003  -9.2444091879942663E-004
   1.1939117637166973E-003   7.7229136702834681E-003  -9.2832948158992352E-004
   1.2384548427272018E-003   7.7892741288770710E-003  -9.3182285449608935E-004
   1.2838288267636841E-003   7.8550697662264825E-003  -9.3530648405193591E-004
   1.3309739313598400E-003   7.9194974058663728E-003  -9.4044636432273371E-004
   1.3784588961869087E-003   7.9835787666839696E-003  -9.4667190109014830E-004
   1.4264619546144074E-003   8.0471500933755810E-003  -9.5404704952359982E-004
   1.4747746717021142E-003   8.1103451301655933E-003  -9.6254814776649221E-004
   1.5237877060704020E-003   8.1729456901805664E-003  -9.7143028467834558E-004
   1.5732761971930396E-003   8.2350129219496103E-003  -9.8135741850257046E-004
   1.6235675501714414E-003   8.2963733606815845E-003  -9.9163732018046273E-004
   1.6738424211542537E-003   8.3578324288758523E-003  -1.0013954080857843E-003
   1.7252678052114435E-003   8.4184085522329092E-003  -1.0106670398146419E-003
   1.7782902316456231E-003   8.4776877214873050E-003  -1.0193043071736216E-003
   1.8322396930983435E-003   8.5363661967591750E-003  -1.0261081402191761E-003
   1.8866401497411290E-003   8.5946002301034025E-003  -1.0331357769498960E-003
   1.9429028582177172E-003   8.6510838899571847E-003  -1.0397768468989649E-003
   1.9993033326891857E-003   8.7075160969062124E-003  -1.0456413582857625E-003
   2.0559027202461787E-003   8.7638439663746993E-003  -1.0505076150480021E-003
   2.1133021286828769E-003   8.8194070615692302E-003  -1.0547561866140437E-003
   2.1719658718894609E-003   8.8736838607648798E-003  -1.0583050329311798E-003
   2.2316691200157429E-003   8.9268088105211914E-003  -1.0619467194060820E-003
   2.2925505090479708E-003   8.9785845324392363E-003  -1.0655147840890075E-003
   2.3535818730246630E-003   9.0302108819710816E-003  -1.0686600430849479E-003
   2.4153100796844326E-003   9.0810462501304447E-003  -1.0709825083742674E-003
   2.4781510606021163E-003   9.1305177822362110E-003  -1.0728742330779421E-003
   2.5418781411167771E-003   9.1788530764301407E-003  -1.0744737787350290E-003
   2.6060963213187633E-003   9.2265607177242619E-003  -1.0745531337626700E-003
   2.6707027571846562E-003   9.2737152723420622E-003  -1.0729858373867396E-003
   2.7359212906746615E-003   9.3200237809538990E-003  -1.0715488537947546E-003
   2.8016649435444103E-003   9.3655898674092526E-003  -1.0703225277226233E-003
   2.8675047549944132E-003   9.4109826102403218E-003  -1.0681735446125135E-003
   2.9337806023856583E-003   9.4557561495950716E-003  -1.0664876545225317E-003
   3.0006178967677661E-003   9.4996786742840063E-003  -1.0645934781016149E-003
   3.0677454276047782E-003   9.5431733588683954E-003  -1.0631419206167444E-003
   3.1349970038698832E-003   9.5864976337268690E-003  -1.0626595315443624E-003
   3.2025612006997060E-003   9.6292950668709337E-003  -1.0607996866465823E-003
   3.2702838921930722E-003   9.6718233057033060E-003  -1.0585667602580279E-003
   3.3386887647185279E-003   9.7131895077376944E-003  -1.0554666407713493E-003
   3.4079683394544510E-003   9.7530660225376587E-003  -1.0522722561492677E-003
   3.4776145803090859E-003   9.7922820897009839E-003  -1.0488809131891064E-003
   3.5474922505275941E-003   9.8309346573967806E-003  -1.0440756845680264E-003
   3.6177327486470131E-003   9.8688300834623970E-003  -1.0385794037003505E-003
   3.6881163787480481E-003   9.9063453208757674E-003  -1.0323543274299431E-003
   3.7592852542954994E-003   9.9422906927153117E-003  -1.0258028847314332E-003
   3.8310031284139161E-003   9.9769825504820910E-003  -1.0185212958127895E-003
   3.9027347693064824E-003   1.0011371563101983E-002  -1.0100379294545063E-003
   3.9756991153740290E-003   1.0043043813865858E-002  -1.0014896702694035E-003
   4.0486660128118872E-003   1.0074816522076577E-002  -9.9334553792060939E-004
   4.1217229680261336E-003   1.0106346616154996E-002  -9.8506698350714936E-004
   4.1946195057432720E-003   1.0137957832996286E-002  -9.7574894955707720E-004
   4.2679620264380706E-003   1.0168576365650916E-002  -9.6661767818247547E-004
   4.3414069205120519E-003   1.0199035649951966E-002  -9.5778141560704932E-004
   4.4151823635362481E-003   1.0228491249250337E-002  -9.4831824062901863E-004
   4.4888634428180366E-003   1.0257976257091793E-002  -9.3823196961259820E-004
   4.5627524297149613E-003   1.0287172133403185E-002  -9.2885015595196244E-004
   4.6371970976384009E-003   1.0314624359637063E-002  -9.1863415454663329E-004
   4.7116718033650487E-003   1.0341758171024644E-002  -9.0780481954253942E-004
   4.7861594439110866E-003   1.0367973910777317E-002  -8.9498583420845595E-004
   4.8607016747072894E-003   1.0393778197632118E-002  -8.8165937098417548E-004
   4.9356587089749542E-003   1.0418856450185207E-002  -8.6930930030494158E-004
   5.0111756362851752E-003   1.0442347774293611E-002  -8.5725312382629881E-004
   5.0868193435129596E-003   1.0465330721843049E-002  -8.4501328387658536E-004
   5.1629774315060644E-003   1.0486936307462376E-002  -8.3347446700151174E-004
   5.2395595432163256E-003   1.0506600375048679E-002  -8.2128821986551131E-004
   5.3161415686805037E-003   1.0526572357965409E-002  -8.0961289220588125E-004
   5.3933286169648891E-003   1.0544316346657104E-002  -7.9832969981675193E-004
   5.4705996695304038E-003   1.0561274260591554E-002  -7.8642954867471726E-004
   5.5479699750399895E-003   1.0578026354218067E-002  -7.7488818044488597E-004
   5.6254609210685631E-003   1.0593378611135981E-002  -7.6226037389668549E-004
   5.7030400313726453E-003   1.0608104545949158E-002  -7.4942961070299113E-004
   5.7807017057402163E-003   1.0621851170016391E-002  -7.3602458720872419E-004
   5.8584237297799853E-003   1.0635830657817306E-002  -7.2322377032187622E-004
   5.9363660872210223E-003   1.0649424660531157E-002  -7.1138349994925875E-004
   6.0144987089738597E-003   1.0661382451599045E-002  -6.9904232300487565E-004
   6.0927688572306286E-003   1.0672318408208906E-002  -6.8662504706970117E-004
   6.1710854106398509E-003   1.0682921137897350E-002  -6.7421136172175842E-004
   6.2496008183735314E-003   1.0691948340022742E-002  -6.6180812104277200E-004
   6.3282674280518416E-003   1.0699761685134729E-002  -6.4953961819520757E-004
   6.4069871927825541E-003   1.0706567153840055E-002  -6.3701427451575560E-004
   6.4858380517196579E-003   1.0712495874728844E-002  -6.2487375120186511E-004
   6.5647207737983453E-003   1.0718747119388401E-002  -6.1310777889066941E-004
   6.6436422256295593E-003   1.0724842042525471E-002  -6.0152087469216063E-004
   6.7227412309039227E-003   1.0730124384322973E-002  -5.9077637659763946E-004
   6.8019283279591135E-003   1.0735868918016657E-002  -5.8095782340030172E-004
   6.8810529303580696E-003   1.0741940648781529E-002  -5.7083698434113445E-004
   6.9603154187249721E-003   1.0746628804292491E-002  -5.6106564161427269E-004
   7.0396827865838278E-003   1.0750633204306232E-002  -5.5185772690937102E-004
   7.1189707458548896E-003   1.0754976514704690E-002  -5.4213377871682928E-004
   7.1983785963833482E-003   1.0757163254239829E-002  -5.3266744648993120E-004
   7.2779339123999484E-003   1.0757762375972511E-002  -5.2426549771110833E-004
   7.3574812152531468E-003   1.0756335041271671E-002  -5.1588759031906395E-004
   7.4370561811062863E-003   1.0754018553226278E-002  -5.0798450897921290E-004
   7.5166505010610656E-003   1.0752287004685479E-002  -5.0012664904561352E-004
   7.5960240554011176E-003   1.0747822550410712E-002  -4.9118754779980565E-004
   7.6755116735834645E-003   1.0743661823370033E-002  -4.8316215645635068E-004
   7.7549567355191329E-003   1.0739632064626794E-002  -4.7466255791938603E-004
   7.8343447913406042E-003   1.0734547383439659E-002  -4.6619600015225261E-004
   7.9137054701028074E-003   1.0729285534216659E-002  -4.5758231212442271E-004
   7.9928165925970060E-003   1.0722550647677900E-002  -4.4778070016547264E-004
   8.0717955458380012E-003   1.0714153967219198E-002  -4.3819838826278070E-004
   8.1507867482169139E-003   1.0705362309331416E-002  -4.2908264907411825E-004
   8.2297842401092784E-003   1.0696206936636419E-002  -4.2038923647632807E-004
   8.3087650495670233E-003   1.0687034857699059E-002  -4.1156287233948870E-004
   8.3876530875242414E-003   1.0677872013374570E-002  -4.0193376280018965E-004
   8.4664306717342399E-003   1.0668060758628934E-002  -3.9204278164397838E-004
   8.5450652900657953E-003   1.0656852002900825E-002  -3.8250545525876883E-004
   8.6234552496459102E-003   1.0644220049324919E-002  -3.7273570684559487E-004
   8.7017489779858698E-003   1.0631163992488386E-002  -3.6275415027780514E-004
   8.7798547050010646E-003   1.0617676995058988E-002  -3.5190996667839041E-004
   8.8577747235318183E-003   1.0604312508943177E-002  -3.3966818489139771E-004
   8.9355643669077715E-003   1.0590374292430987E-002  -3.2723848240890030E-004
   9.0133249161242456E-003   1.0576020162443472E-002  -3.1510357662997343E-004
   9.0912824767004820E-003   1.0562315163414260E-002  -3.0349359176107439E-004
   9.1688487768193418E-003   1.0546959490612878E-002  -2.9134153861223389E-004
   9.2462189600009074E-003   1.0530834288158895E-002  -2.7893861200196804E-004
   9.3234179499352022E-003   1.0514183436152645E-002  -2.6616891795827445E-004
   9.4006627526584986E-003   1.0497466838304678E-002  -2.5376747394509341E-004
   9.4779545478415831E-003   1.0481032798701415E-002  -2.4128145207938444E-004
   9.5553031354020657E-003   1.0465232385293998E-002  -2.2833761446389516E-004
   9.6325377874470069E-003   1.0448815026683340E-002  -2.1548153188402899E-004
   9.7094820370593558E-003   1.0431242739796644E-002  -2.0241259207905504E-004
   9.7864251458117269E-003   1.0413206553165072E-002  -1.8998463995536095E-004
   9.8630250520110058E-003   1.0394099978592114E-002  -1.7704658872200527E-004
   9.9397761119878157E-003   1.0374871908217906E-002  -1.6523320197936496E-004
   1.0016330054818022E-002   1.0354616058710598E-002  -1.5386683054527799E-004
   1.0093116263143799E-002   1.0334792785727851E-002  -1.4333516107263325E-004
   1.0169792574364706E-002   1.0314721694128609E-002  -1.3247723414167351E-004
   1.0246596286449954E-002   1.0294649031985658E-002  -1.2256370575949410E-004
   1.0323647964013329E-002   1.0274993940423657E-002  -1.1380491823354154E-004
   1.0400356275348710E-002   1.0254013136167308E-002  -1.0510774482095229E-004
   1.0476849005363397E-002   1.0232179840754613E-002  -9.6612483481800550E-005
   1.0553348038788704E-002   1.0209995458572950E-002  -8.9145819605087467E-005
   1.0630235909391056E-002   1.0189137777424698E-002  -8.1851130220423582E-005
   1.0707105840030619E-002   1.0168197679060475E-002  -7.4603644838340308E-005
   1.0783995765952663E-002   1.0147336902021992E-002  -6.7339535941888281E-005
   1.0860858078140216E-002   1.0126178131292690E-002  -6.0669350049340613E-005
   1.0937886759832640E-002   1.0105485369896567E-002  -5.4473236532805473E-005
   1.1015028653279199E-002   1.0084733790000329E-002  -5.0172049817825626E-005
   1.1092262335567218E-002   1.0064099468031665E-002  -4.7141690609091386E-005
   1.1169337530194693E-002   1.0042815211432590E-002  -4.4612898377087259E-005
   1.1246495927931845E-002   1.0021750878666854E-002  -4.2917155462407158E-005
   1.1323474607100172E-002   1.0000169797238606E-002  -3.9994847984603987E-005
   1.1400375307183172E-002   9.9783539259214859E-003  -3.6777693604556355E-005
   1.1477254802922093E-002   9.9564258836175607E-003  -3.3827423506691101E-005
   1.1553936328221860E-002   9.9339614529587277E-003  -2.9916792930562498E-005
   1.1630311503731703E-002   9.9104869569381377E-003  -2.5944311996133628E-005
   1.1706859589093760E-002   9.8875757343545936E-003  -2.2011564068232837E-005
   1.1783326311126170E-002   9.8645873983619538E-003  -1.7074274519442757E-005
   1.1859742203353381E-002   9.8416705658999123E-003  -1.1121946643504678E-005
   1.1936105249374053E-002   9.8185492580880451E-003  -5.2832542886592280E-006
   1.2012500000009507E-002   9.7953991113078082E-003   7.9744250505522624E-015
