   3.5527136787910094E-015   3.5421283062121997E-015   7.1340190668712428E-015
   5.7901282182439897E-007   7.9084996082048648E-005  -1.2051063789321131E-005
  -1.3614829027476574E-007   1.5804426796542790E-004  -2.4893256845145870E-005
  -3.9660267031741119E-007   2.3705982890674928E-004  -3.7402185244717086E-005
   3.6471292584499018E-007   3.1603588584347788E-004  -5.0138072625874268E-005
   1.7788272693739957E-006   3.9497046745964420E-004  -6.3073763880056103E-005
   3.6595099470845094E-006   4.7382706878790155E-004  -7.6419154875561053E-005
   4.5008290885047332E-006   5.5257169614635656E-004  -9.0510848766843998E-005
   4.4532998036434295E-006   6.3155480840685306E-004  -1.0322563225219135E-004
   5.2022719975473528E-006   7.1030982716054503E-004  -1.1726436667946471E-004
   5.0660826485884179E-006   7.8906102139632273E-004  -1.3134381492715225E-004
   4.2003335657692820E-006   8.6787754889345041E-004  -1.4502612007212973E-004
   2.2390426972219517E-006   9.4663185614453902E-004  -1.5895136416345254E-004
   7.9250197018098022E-007   1.0254355121202137E-003  -1.7265870983273454E-004
  -2.7750979894182828E-007   1.1040494240125533E-003  -1.8744748698014619E-004
  -4.9554154522429008E-007   1.1827579946030176E-003  -2.0176228310235693E-004
  -8.2060246000665880E-007   1.2615760608004399E-003  -2.1545924521975990E-004
  -1.2829152881442163E-006   1.3403475477966156E-003  -2.2941772292077992E-004
  -2.7799401984291727E-006   1.4191819827139255E-003  -2.4294143492158463E-004
  -5.5018348483548524E-006   1.4977544872020149E-003  -2.5773848933860976E-004
  -7.1422234781545469E-006   1.5765748022546599E-003  -2.7132771539844299E-004
  -9.0349932297626352E-006   1.6553621532744657E-003  -2.8507437913515710E-004
  -9.8990720417995156E-006   1.7343149436791988E-003  -2.9794722814900686E-004
  -1.0700272358126086E-005   1.8133865346953470E-003  -3.1007329789733534E-004
  -1.1733889346860871E-005   1.8924941929470210E-003  -3.2194385138626904E-004
  -1.3268004742640483E-005   1.9715760537134196E-003  -3.3393158630548884E-004
  -1.3950656551088390E-005   2.0507581135850877E-003  -3.4532173019080934E-004
  -1.2924253956919870E-005   2.1298630393846796E-003  -3.5721110434562385E-004
  -1.2288674942400243E-005   2.2088422101615630E-003  -3.6993457146666282E-004
  -1.2167856517676714E-005   2.2878426970312986E-003  -3.8254046189343231E-004
  -1.0602784284844237E-005   2.3668359677214207E-003  -3.9509489328951638E-004
  -7.6152194846267259E-006   2.4457373725441027E-003  -4.0796512119509317E-004
  -4.5858568645636977E-006   2.5247012124198199E-003  -4.2043648638799845E-004
  -1.1092473090281849E-006   2.6037848646579737E-003  -4.3199888763043010E-004
   1.9265643154038489E-006   2.6829428020093385E-003  -4.4317049481026302E-004
   5.6163782111751283E-006   2.7620080263947868E-003  -4.5479269660949863E-004
   1.0810098720341135E-005   2.8409654542400115E-003  -4.6657190898291280E-004
   1.6286444134493471E-005   2.9199739417903377E-003  -4.7787095921852219E-004
   2.2020000232816085E-005   2.9988313228397970E-003  -4.9006275102432865E-004
   2.8812423443916935E-005   3.0776586767915252E-003  -5.0189961124489442E-004
   3.5639522826878229E-005   3.1564050108608107E-003  -5.1424487712328564E-004
   4.3782459778613432E-005   3.2351152104414609E-003  -5.2600910543032129E-004
   5.2289926109388701E-005   3.3138919096589755E-003  -5.3704788542986324E-004
   6.1918652804804529E-005   3.3923310813275325E-003  -5.4948106502657787E-004
   7.2545385823256892E-005   3.4707457976428466E-003  -5.6123711976623970E-004
   8.1998472153631808E-005   3.5492879508952826E-003  -5.7314381216523179E-004
   9.1165941303459317E-005   3.6280451429497283E-003  -5.8378628347434240E-004
   1.0095169284163038E-004   3.7067140549313453E-003  -5.9453064850412119E-004
   1.1085522376846621E-004   3.7854125208407873E-003  -6.0494561577962148E-004
   1.2060529247687998E-004   3.8639522843238413E-003  -6.1662644239688746E-004
   1.2982522662283581E-004   3.9425187815185069E-003  -6.2855532883904761E-004
   1.3936632379098690E-004   4.0212798733588210E-003  -6.3883433021608886E-004
   1.4901781115361472E-004   4.1001177030493743E-003  -6.4839703876551813E-004
   1.5976723295042902E-004   4.1789077744031067E-003  -6.5714772913523858E-004
   1.7098152362988471E-004   4.2576242603581766E-003  -6.6597691571705859E-004
   1.8144561038642814E-004   4.3363206029896524E-003  -6.7584547866574463E-004
   1.9210249674556822E-004   4.4149348179726303E-003  -6.8615256263584133E-004
   2.0258901989378189E-004   4.4935982747874460E-003  -6.9625669097392762E-004
   2.1303057399622169E-004   4.5723208330331411E-003  -7.0593825864530518E-004
   2.2312492434792437E-004   4.6511256862380116E-003  -7.1531371649583269E-004
   2.3395253273217966E-004   4.7298081252162500E-003  -7.2489686213539491E-004
   2.4496399013034843E-004   4.8085382009859269E-003  -7.3385917112465092E-004
   2.5644747367906898E-004   4.8872018482654777E-003  -7.4281239511541719E-004
   2.6902550750774096E-004   4.9658062322053189E-003  -7.5075870696724367E-004
   2.8173848677813128E-004   5.0444643331009481E-003  -7.5791994507637276E-004
   2.9588278762086921E-004   5.1228553255767834E-003  -7.6532204230691397E-004
   3.1123063541475858E-004   5.2010680095249916E-003  -7.7219369713493302E-004
   3.2748409840609893E-004   5.2790783737618925E-003  -7.7927945899044853E-004
   3.4564666280191304E-004   5.3567321319192293E-003  -7.8560520798692747E-004
   3.6545391099433413E-004   5.4340083480272422E-003  -7.9161015000956693E-004
   3.8610135359939686E-004   5.5111131154785093E-003  -7.9695224318904591E-004
   4.0690439679785838E-004   5.5882066673142031E-003  -8.0183257533250488E-004
   4.2925381765109222E-004   5.6648284036275231E-003  -8.0727435130066594E-004
   4.5175664067767448E-004   5.7414704519403795E-003  -8.1170372832498668E-004
   4.7503016371028359E-004   5.8178697535646619E-003  -8.1633944185573583E-004
   4.9795627233020908E-004   5.8943204696393272E-003  -8.2178752063881671E-004
   5.2180011123855905E-004   5.9704820017947311E-003  -8.2734561123268692E-004
   5.4677076107230221E-004   6.0462826609827391E-003  -8.3288877900045393E-004
   5.7303171265921853E-004   6.1216430329055875E-003  -8.3847239398874651E-004
   5.9967750491183246E-004   6.1968679851573984E-003  -8.4405883440882823E-004
   6.2725005131867011E-004   6.2717863112984338E-003  -8.4925489903618808E-004
   6.5604919724932963E-004   6.3462527585006904E-003  -8.5429051662721655E-004
   6.8615637554150517E-004   6.4201588038529916E-003  -8.5989892809158134E-004
   7.1710846342538730E-004   6.4937502433872430E-003  -8.6502418753827163E-004
   7.4740572332565049E-004   6.5676506854325930E-003  -8.6958496668673052E-004
   7.7803331214589737E-004   6.6414250934052821E-003  -8.7397672430309693E-004
   8.0960202334510859E-004   6.7148907086418009E-003  -8.7647068761569709E-004
   8.4180333021375469E-004   6.7880689391101312E-003  -8.7930307603509966E-004
   8.7471460472015260E-004   6.8608731566236827E-003  -8.8335201650427658E-004
   9.0906793583213938E-004   6.9330731872750883E-003  -8.8599856453714970E-004
   9.4399260618193499E-004   7.0049916538210671E-003  -8.8882726920093739E-004
   9.7965562585851677E-004   7.0765421856528819E-003  -8.9177182926630154E-004
   1.0159936094574797E-003   7.1477159565858121E-003  -8.9549275255054901E-004
   1.0523886844318758E-003   7.2188371481116103E-003  -8.9963698006152997E-004
   1.0893105597151039E-003   7.2897266361562534E-003  -9.0302159589188190E-004
   1.1265743852343693E-003   7.3604370525918528E-003  -9.0640453936110892E-004
   1.1640581021204795E-003   7.4310332564537221E-003  -9.0974324651744813E-004
   1.2021567433493033E-003   7.5012698351243686E-003  -9.1365688545095214E-004
   1.2414624228390670E-003   7.5708412259626766E-003  -9.1751501119258683E-004
   1.2822046639238192E-003   7.6395537897746306E-003  -9.2183396358533191E-004
   1.3237509763112932E-003   7.7077660995868704E-003  -9.2641487186637019E-004
   1.3660333089362093E-003   7.7756171226726250E-003  -9.2932055952118066E-004
   1.4092592137886345E-003   7.8428297338292239E-003  -9.3306035198797229E-004
   1.4543171870278224E-003   7.9088331166588775E-003  -9.3671172279607084E-004
   1.5003370048870463E-003   7.9741863336460789E-003  -9.4004839635935850E-004
   1.5466544476643886E-003   8.0393126699327636E-003  -9.4368911422667916E-004
   1.5923179632589349E-003   8.1048946606971182E-003  -9.4741011000678936E-004
   1.6385359221106125E-003   8.1701187068240338E-003  -9.5052845808159150E-004
   1.6853854738009331E-003   8.2348810242196119E-003  -9.5383931159994057E-004
   1.7328573408782598E-003   8.2991828557276975E-003  -9.5725929773494414E-004
   1.7806517009640000E-003   8.3631999418158111E-003  -9.6144401134214954E-004
   1.8295652439309716E-003   8.4264201416886370E-003  -9.6471075953905732E-004
   1.8784886832983318E-003   8.4896607646802163E-003  -9.6737922051557193E-004
   1.9282084723056961E-003   8.5522948784738720E-003  -9.6959515502747335E-004
   1.9794836698562202E-003   8.6136953663029196E-003  -9.7050850654752791E-004
   2.0313711049080902E-003   8.6745587714063422E-003  -9.7233607559611798E-004
   2.0846771332301301E-003   8.7341765486943328E-003  -9.7438252894667594E-004
   2.1390172421698337E-003   8.7928099373303127E-003  -9.7742855965782791E-004
   2.1948748047907630E-003   8.8499715790460679E-003  -9.8096118066599565E-004
   2.2518961343550282E-003   8.9060074488528096E-003  -9.8388509547788459E-004
   2.3092465453576319E-003   8.9617142932484489E-003  -9.8665598867658279E-004
   2.3666475321125631E-003   9.0173867161296890E-003  -9.8904514047343456E-004
   2.4243417480013978E-003   9.0727527050876999E-003  -9.9149151098378149E-004
   2.4820801139048606E-003   9.1281106818650887E-003  -9.9282399296552284E-004
   2.5410169439305475E-003   9.1822064727233067E-003  -9.9313297821357924E-004
   2.6004362209671541E-003   9.2357666888762263E-003  -9.9232504000074540E-004
   2.6615830796375551E-003   9.2873482493224611E-003  -9.9168919390607135E-004
   2.7237063937867582E-003   9.3377405332666884E-003  -9.9054396363208795E-004
   2.7856383648119727E-003   9.3883584921551043E-003  -9.8904289561555100E-004
   2.8483059674623721E-003   9.4380275714284409E-003  -9.8664411564751615E-004
   2.9110443536283868E-003   9.4876143571865010E-003  -9.8439787848243710E-004
   2.9740722430534341E-003   9.5368607347484837E-003  -9.8288809346335068E-004
   3.0378514209328028E-003   9.5850772112683440E-003  -9.8017003152024175E-004
   3.1023383364172626E-003   9.6323265340206680E-003  -9.7718017645762501E-004
   3.1671252008790367E-003   9.6792096903646034E-003  -9.7502800411028998E-004
   3.2325330274401306E-003   9.7252563281411773E-003  -9.7379375371029202E-004
   3.2984866012397383E-003   9.7705345195018382E-003  -9.7390095312788270E-004
   3.3656716383518317E-003   9.8139639231273907E-003  -9.7414113176420326E-004
   3.4330485152566240E-003   9.8570955754028484E-003  -9.7401062562517524E-004
   3.5012351065614798E-003   9.8989320901828083E-003  -9.7346767689519657E-004
   3.5699869804814966E-003   9.9398358252245685E-003  -9.7321410475657280E-004
   3.6390039613837604E-003   9.9802913787273555E-003  -9.7328144018257929E-004
   3.7084566239087122E-003   1.0019990537238854E-002  -9.7383323781436305E-004
   3.7780708539801857E-003   1.0059407581656210E-002  -9.7422768139762282E-004
   3.8484638521509218E-003   1.0097418316709727E-002  -9.7432682663195058E-004
   3.9189069061343279E-003   1.0135335101670070E-002  -9.7402094643427928E-004
   3.9896553969458945E-003   1.0172666578676227E-002  -9.7301502747651231E-004
   4.0607548680213820E-003   1.0209299210740536E-002  -9.7130754941598192E-004
   4.1327328152296191E-003   1.0244206600268200E-002  -9.7050177465814126E-004
   4.2054777980288765E-003   1.0277461038261437E-002  -9.6898196239464537E-004
   4.2784035494569670E-003   1.0310320892592704E-002  -9.6754503764942437E-004
   4.3516047075389539E-003   1.0342590070794421E-002  -9.6700596846264293E-004
   4.4253199251697390E-003   1.0373646036649670E-002  -9.6574355862453901E-004
   4.4999718924787005E-003   1.0402298884660875E-002  -9.6327413111509910E-004
   4.5748573366476818E-003   1.0430384445159263E-002  -9.6143795331148259E-004
   4.6500510910119797E-003   1.0457653341618032E-002  -9.5991920952290678E-004
   4.7260684927538559E-003   1.0482543489445023E-002  -9.5856452001834888E-004
   4.8021142374315984E-003   1.0507356539149092E-002  -9.5739950040494735E-004
   4.8784695425538949E-003   1.0531179128353942E-002  -9.5586599543248218E-004
   4.9551113611959558E-003   1.0553889842361433E-002  -9.5266363886763780E-004
   5.0319402613683501E-003   1.0575693147057700E-002  -9.4798004914815079E-004
   5.1088336773956623E-003   1.0597194909916469E-002  -9.4297237814685371E-004
   5.1856719240534538E-003   1.0618897412414738E-002  -9.3798386860331285E-004
   5.2629499223783875E-003   1.0639022567182395E-002  -9.3317875385089729E-004
   5.3401450571247408E-003   1.0659243117570260E-002  -9.2751831965784046E-004
   5.4175941786778819E-003   1.0678005126935479E-002  -9.2047413317099995E-004
   5.4953718693516156E-003   1.0695719273377164E-002  -9.1440454866110500E-004
   5.5730813080105664E-003   1.0713630613978417E-002  -9.0804632428076741E-004
   5.6509702857401442E-003   1.0730219364001802E-002  -9.0042264223005191E-004
   5.7290606950030250E-003   1.0745907621429957E-002  -8.9295494138724686E-004
   5.8070747616669385E-003   1.0761595431612831E-002  -8.8472706147187542E-004
   5.8854347518498430E-003   1.0774893373495747E-002  -8.7562339774998796E-004
   5.9638941700836997E-003   1.0787974731971583E-002  -8.6707952587586996E-004
   6.0425388967024546E-003   1.0799449729676197E-002  -8.5795092246053657E-004
   6.1212366919007073E-003   1.0810468326541051E-002  -8.4871796243561962E-004
   6.2000081983635078E-003   1.0821063604965361E-002  -8.3961907001220708E-004
   6.2789940513131729E-003   1.0830392475683091E-002  -8.3100470909189044E-004
   6.3581061746310471E-003   1.0838568862675107E-002  -8.2237808506177795E-004
   6.4374842612409423E-003   1.0845100948372228E-002  -8.1486468234061239E-004
   6.5169935508420807E-003   1.0850786434587333E-002  -8.0808617907983339E-004
   6.5964771037705112E-003   1.0855196976808451E-002  -8.0015447447267575E-004
   6.6758891799739437E-003   1.0859053714386523E-002  -7.9127485035870773E-004
   6.7553915886697149E-003   1.0862423077853199E-002  -7.8302776536027575E-004
   6.8350032044216845E-003   1.0865317670518283E-002  -7.7570574617669000E-004
   6.9147390093968154E-003   1.0866948091405903E-002  -7.6941741291204624E-004
   6.9943794560193362E-003   1.0867650143266655E-002  -7.6187378063948593E-004
   7.0739636077377030E-003   1.0867260816574990E-002  -7.5373675332665233E-004
   7.1535170615458022E-003   1.0865006925301426E-002  -7.4560238424211376E-004
   7.2328971918361054E-003   1.0860976862952064E-002  -7.3651648782400265E-004
   7.3122576533811183E-003   1.0856498485929931E-002  -7.2746876550188453E-004
   7.3915237688642974E-003   1.0851025585888839E-002  -7.1814512301632564E-004
   7.4705869719575487E-003   1.0844109603039801E-002  -7.0808634078631878E-004
   7.5494925435645507E-003   1.0835787304869981E-002  -6.9785647692174901E-004
   7.6284290605461123E-003   1.0827067970812248E-002  -6.8821285146070782E-004
   7.7070927545852498E-003   1.0817548634165458E-002  -6.7719443642325473E-004
   7.7856626745591555E-003   1.0807224166421325E-002  -6.6623209005733236E-004
   7.8640689679278127E-003   1.0795559811826271E-002  -6.5544339308487836E-004
   7.9422806796549221E-003   1.0783469058921101E-002  -6.4374972577304441E-004
   8.0203136419884705E-003   1.0770371852323723E-002  -6.3194633792099293E-004
   8.0984200770099022E-003   1.0756927069031690E-002  -6.2105493719974024E-004
   8.1764801926705669E-003   1.0742857206035065E-002  -6.1063105592169505E-004
   8.2544693307511161E-003   1.0728608460462637E-002  -5.9992276062408652E-004
   8.3324411329033926E-003   1.0714592975079176E-002  -5.8878883781750377E-004
   8.4101275309588740E-003   1.0699728212617766E-002  -5.7679457279297868E-004
   8.4880054852738591E-003   1.0685618262892433E-002  -5.6513551827187987E-004
   8.5656787713276703E-003   1.0670013736845245E-002  -5.5402879057105635E-004
   8.6431448306820841E-003   1.0653243845789301E-002  -5.4317612268643353E-004
   8.7207024125478070E-003   1.0636405200848693E-002  -5.3311225063099228E-004
   8.7980478000928269E-003   1.0618681069002860E-002  -5.2293648599352743E-004
   8.8752511392716591E-003   1.0601025373966523E-002  -5.1162627597427799E-004
   8.9523870350020386E-003   1.0582911157501637E-002  -5.0058414068942202E-004
   9.0294758968622324E-003   1.0564541478434608E-002  -4.8963597789712871E-004
   9.1064721744894168E-003   1.0546108224824388E-002  -4.7815606540079370E-004
   9.1830477409413028E-003   1.0526693481952063E-002  -4.6553662092860065E-004
   9.2597219520786939E-003   1.0508187075172381E-002  -4.5217330387041938E-004
   9.3363228433282382E-003   1.0489714412426068E-002  -4.3835070656522240E-004
   9.4130198384889587E-003   1.0471536773932848E-002  -4.2467063357200393E-004
   9.4895721712125961E-003   1.0452389152637369E-002  -4.1151354591340602E-004
   9.5660153537668949E-003   1.0432637852861672E-002  -3.9861680245648946E-004
   9.6423641634278256E-003   1.0412737455701045E-002  -3.8539434217847859E-004
   9.7189818620152559E-003   1.0393714437302975E-002  -3.7243853125867621E-004
   9.7957428364368083E-003   1.0374907485295464E-002  -3.6002678808268684E-004
   9.8723981373710565E-003   1.0355768888157981E-002  -3.4746976097990354E-004
   9.9488965261093788E-003   1.0336630650386539E-002  -3.3398924245561231E-004
   1.0025346751037523E-002   1.0317478963244971E-002  -3.2025694513294645E-004
   1.0101817201050307E-002   1.0299302489212781E-002  -3.0536110446219018E-004
   1.0178502079259261E-002   1.0281453723957022E-002  -2.9118891230393021E-004
   1.0255292692197068E-002   1.0263183538310369E-002  -2.7817345681357676E-004
   1.0332196107513980E-002   1.0244616730466326E-002  -2.6629329024627685E-004
   1.0408910617243838E-002   1.0225496223403503E-002  -2.5407485306692078E-004
   1.0485904472405834E-002   1.0206982242077287E-002  -2.4270916955641507E-004
   1.0563003568742534E-002   1.0188947050320162E-002  -2.3128720827081273E-004
   1.0640070726308480E-002   1.0171045446758061E-002  -2.1944719912994610E-004
   1.0717121463638740E-002   1.0152791678097470E-002  -2.0804615501375211E-004
   1.0793976565066544E-002   1.0133926664937088E-002  -1.9632418128937845E-004
   1.0870564497936837E-002   1.0114012512583903E-002  -1.8458897493552322E-004
   1.0946870607530723E-002   1.0093352745552004E-002  -1.7231902526109298E-004
   1.1023148698985697E-002   1.0072068199234547E-002  -1.6097791191505462E-004
   1.1099622339412077E-002   1.0050878939611221E-002  -1.5083899696698397E-004
   1.1176123173551980E-002   1.0029837032922666E-002  -1.4059885366606955E-004
   1.1252592398616784E-002   1.0009213337008001E-002  -1.2932406829885518E-004
   1.1328754446060211E-002   9.9877134285279272E-003  -1.1761524821747144E-004
   1.1405020401402101E-002   9.9671609157627808E-003  -1.0492279882081144E-004
   1.1481161006272816E-002   9.9462755630336866E-003  -9.2022786056298049E-005
   1.1557358028275641E-002   9.9255094882116073E-003  -7.9264103796086898E-005
   1.1633556468063059E-002   9.9047509261434522E-003  -6.6501663700775673E-005
   1.1709819050379837E-002   9.8837564071888630E-003  -5.4533008330268381E-005
   1.1785520340979272E-002   9.8615715328913660E-003  -4.1223389547180328E-005
   1.1861019090510166E-002   9.8390940813483877E-003  -2.7269788093852462E-005
   1.1936675443241942E-002   9.8168758919164652E-003  -1.3761703455903377E-005
   1.2012500000009621E-002   9.7953991113079106E-003   7.9758593503312588E-015
