   3.5527136787910042E-015   3.5421283062121934E-015   7.1340190668712476E-015
   1.1616697860578512E-006   7.6791883271522645E-005  -2.2397704935127018E-005
   2.4092399365378424E-006   1.5382378690717127E-004  -4.3950648707157867E-005
   4.2385120599583186E-006   2.3101997285690821E-004  -6.4864821781260209E-005
   5.6880779132433607E-006   3.0807751912461848E-004  -8.6313209136314195E-005
   7.5814430879141985E-006   3.8509022428097903E-004  -1.0788769442180373E-004
   9.1951361943276993E-006   4.6213484124992097E-004  -1.2937078060300993E-004
   9.6161410466792333E-006   5.3922508115541784E-004  -1.5074641296026028E-004
   9.4518475598174953E-006   6.1603788700371695E-004  -1.7310185672299018E-004
   9.1192984069085365E-006   6.9293477523576488E-004  -1.9516444935961823E-004
   9.2053293070689191E-006   7.6953957362907162E-004  -2.1822301535720057E-004
   8.7498659686704631E-006   8.4633430029441967E-004  -2.4063646024643080E-004
   7.3949122984734800E-006   9.2323634965876106E-004  -2.6264188911269052E-004
   4.9742645370473360E-006   1.0002875557999329E-003  -2.8402534292891788E-004
   3.0324325274509272E-006   1.0771960204666261E-003  -3.0596428886476852E-004
   1.0306166105285128E-006   1.1540012379476551E-003  -3.2825669364720914E-004
  -4.3283904230853373E-007   1.2308451072389275E-003  -3.5045755049648562E-004
  -2.7254746674631806E-006   1.3077202224448523E-003  -3.7247936877826243E-004
  -4.4528661168564177E-006   1.3844635434644740E-003  -3.9500665881178680E-004
  -5.7890772031690879E-006   1.4613194992839328E-003  -4.1717367454348456E-004
  -8.3579029261427469E-006   1.5382554552570134E-003  -4.3895118169360887E-004
  -9.6678232995169187E-006   1.6149723322697802E-003  -4.6159637791624549E-004
  -9.1557734359104062E-006   1.6917022086677339E-003  -4.8422962468986557E-004
  -8.1408091883484227E-006   1.7682772436194919E-003  -5.0736474658336452E-004
  -6.9746533917652971E-006   1.8449917937958993E-003  -5.3002567926857069E-004
  -4.8610572481936612E-006   1.9216758176709716E-003  -5.5272134393142321E-004
  -4.1876429373021618E-007   1.9981960071429974E-003  -5.7563262135569462E-004
   4.8148517732562382E-006   2.0744320638828011E-003  -5.9931115428031210E-004
   1.0800586920357238E-005   2.1505604835653004E-003  -6.2315721651842444E-004
   1.7533268029426558E-005   2.2267592179312824E-003  -6.4657566826723163E-004
   2.3887053107803640E-005   2.3030412529599646E-003  -6.6982820705665570E-004
   3.0439013291842366E-005   2.3791955995733968E-003  -6.9344149362158235E-004
   3.6789106788073450E-005   2.4551578331503633E-003  -7.1771937199189867E-004
   4.4678209335795980E-005   2.5306998059817800E-003  -7.4284251649146056E-004
   5.2444507535148201E-005   2.6062106676563615E-003  -7.6809710788325943E-004
   6.0523374396626240E-005   2.6816380844106790E-003  -7.9350255455065807E-004
   6.8368464976921326E-005   2.7571499694516170E-003  -8.1872971769154869E-004
   7.7437102200270867E-005   2.8325031993667316E-003  -8.4402103162725976E-004
   8.7147807505284005E-005   2.9077254520391001E-003  -8.6946341564125579E-004
   9.7138354744417710E-005   2.9830216621572181E-003  -8.9457655387001670E-004
   1.0759213991512156E-004   3.0583276325098462E-003  -9.1947091487417244E-004
   1.1869404348942705E-004   3.1330401022671814E-003  -9.4582987175170828E-004
   1.2957499722304104E-004   3.2079906313299883E-003  -9.7159851599058116E-004
   1.4013488017506568E-004   3.2830568194981017E-003  -9.9716326223723228E-004
   1.5142130386197291E-004   3.3577482643278806E-003  -1.0235034353971613E-003
   1.6283575242230413E-004   3.4319511321105425E-003  -1.0511375588585336E-003
   1.7439425421496963E-004   3.5059085334669983E-003  -1.0793635009577348E-003
   1.8622519525986528E-004   3.5800634943644249E-003  -1.1069510096113767E-003
   1.9799153530198580E-004   3.6542559662594864E-003  -1.1344651943312020E-003
   2.1058682884592846E-004   3.7280100758792607E-003  -1.1627793231892699E-003
   2.2349336723375288E-004   3.8015867551159147E-003  -1.1914131063516904E-003
   2.3723832939026652E-004   3.8752185206879968E-003  -1.2195100653760141E-003
   2.5228606220377523E-004   3.9486606191433491E-003  -1.2474353926808463E-003
   2.6830695805976927E-004   4.0219488861718685E-003  -1.2752231742902554E-003
   2.8352678802243245E-004   4.0958623552468584E-003  -1.3017779455650727E-003
   2.9914069116322950E-004   4.1700260686740641E-003  -1.3273894591728384E-003
   3.1368156533560305E-004   4.2448116606783543E-003  -1.3517959790213408E-003
   3.2940573386832506E-004   4.3195707035241834E-003  -1.3755412112161187E-003
   3.4537939801814735E-004   4.3944602444241738E-003  -1.3987014940039606E-003
   3.6149710412803043E-004   4.4695072952234674E-003  -1.4212438923602543E-003
   3.7859504356180755E-004   4.5442969055311134E-003  -1.4439193117473943E-003
   3.9579427999022381E-004   4.6192320524497685E-003  -1.4660306217426573E-003
   4.1350512005163236E-004   4.6941214435612388E-003  -1.4878916661103740E-003
   4.3129500333914433E-004   4.7687891758379543E-003  -1.5104360621071881E-003
   4.4985081215083206E-004   4.8436469005521728E-003  -1.5316964247486847E-003
   4.6838743776905745E-004   4.9182120143757835E-003  -1.5539772977623543E-003
   4.8702450129435994E-004   4.9929245529664141E-003  -1.5756728374619652E-003
   5.0504085600284923E-004   5.0679556742139744E-003  -1.5967854359756465E-003
   5.2399497316637188E-004   5.1429214427301702E-003  -1.6173006740946268E-003
   5.4429530639111038E-004   5.2176891411291398E-003  -1.6372427836306100E-003
   5.6559564538911792E-004   5.2924372560877687E-003  -1.6561904715652802E-003
   5.8758313551279448E-004   5.3667867985746735E-003  -1.6759058410222879E-003
   6.1014234035869017E-004   5.4410323132750762E-003  -1.6953656929601291E-003
   6.3329506982031411E-004   5.5154759197294468E-003  -1.7133128534908483E-003
   6.5754836052724639E-004   5.5895586021739441E-003  -1.7312999059082305E-003
   6.8228254047338576E-004   5.6636171449342878E-003  -1.7487226667062300E-003
   7.0664768542203979E-004   5.7378832167915310E-003  -1.7657781727883350E-003
   7.3205991987306863E-004   5.8119388103944234E-003  -1.7822094658496875E-003
   7.5800500781391105E-004   5.8857476619483427E-003  -1.7989159267252060E-003
   7.8575165150152840E-004   5.9589804188092243E-003  -1.8152587260338365E-003
   8.1495105931902534E-004   6.0318872367187467E-003  -1.8304899597384940E-003
   8.4465610038488156E-004   6.1046037793533259E-003  -1.8456529070883679E-003
   8.7510900000447635E-004   6.1770416771385686E-003  -1.8606652977271707E-003
   9.0569490950978765E-004   6.2493699192434655E-003  -1.8759338122339249E-003
   9.3598218075521844E-004   6.3219824178617446E-003  -1.8904288542586892E-003
   9.6767586850153228E-004   6.3941952618553110E-003  -1.9038756130890242E-003
   1.0003677987757767E-003   6.4660176140147220E-003  -1.9170204762337397E-003
   1.0340384259870038E-003   6.5372577718065027E-003  -1.9308454096400645E-003
   1.0684402466539255E-003   6.6082077013943936E-003  -1.9443591886303556E-003
   1.1035910991705352E-003   6.6790318565948950E-003  -1.9565393613919773E-003
   1.1395335053100389E-003   6.7494227072503075E-003  -1.9689196515489385E-003
   1.1763551900922308E-003   6.8194882503845164E-003  -1.9805378789068064E-003
   1.2145192202363583E-003   6.8889525950282778E-003  -1.9914103955111788E-003
   1.2533349773334894E-003   6.9581170751178987E-003  -2.0018799553403375E-003
   1.2939337131482207E-003   7.0263334597748753E-003  -2.0117929533007149E-003
   1.3353115184226892E-003   7.0941337077983615E-003  -2.0213325334777188E-003
   1.3778917275071515E-003   7.1612837513967340E-003  -2.0301528189524271E-003
   1.4199032677009195E-003   7.2287088586647889E-003  -2.0395807252402151E-003
   1.4612949933283945E-003   7.2966970069136203E-003  -2.0476017441812887E-003
   1.5028836272138219E-003   7.3647581337550972E-003  -2.0537717140830438E-003
   1.5439875432052416E-003   7.4331457479619081E-003  -2.0595684646281362E-003
   1.5854849132482102E-003   7.5013273157157993E-003  -2.0649760615881569E-003
   1.6275354155006435E-003   7.5691512518460315E-003  -2.0706035783218720E-003
   1.6702698421842070E-003   7.6366134263197499E-003  -2.0753600263113316E-003
   1.7138885220851028E-003   7.7035889368823884E-003  -2.0787793457491340E-003
   1.7581884082778379E-003   7.7700827940803980E-003  -2.0827902120353157E-003
   1.8038019109801440E-003   7.8356766069190113E-003  -2.0868963132535702E-003
   1.8492216943708614E-003   7.9014590493768615E-003  -2.0900129700066501E-003
   1.8952656893827878E-003   7.9668300808105729E-003  -2.0925778816430168E-003
   1.9423663908437903E-003   8.0314849946156279E-003  -2.0937030691840315E-003
   1.9899021864403675E-003   8.0958303530885081E-003  -2.0938546447913800E-003
   2.0382642229220239E-003   8.1595534882221571E-003  -2.0931650961069103E-003
   2.0871305038153683E-003   8.2228869788578997E-003  -2.0921875709326750E-003
   2.1354218791520972E-003   8.2866580890954659E-003  -2.0910973587714762E-003
   2.1851027672078523E-003   8.3493502530558334E-003  -2.0898718219720539E-003
   2.2351642730707960E-003   8.4117382566135327E-003  -2.0886137883850235E-003
   2.2862864422458031E-003   8.4732719180105331E-003  -2.0889775595605790E-003
   2.3381000578757138E-003   8.5342253873183452E-003  -2.0888232213895487E-003
   2.3901040185076196E-003   8.5950064312044841E-003  -2.0877039450609737E-003
   2.4428381296670168E-003   8.6551603754208128E-003  -2.0869187549267375E-003
   2.4969667134756733E-003   8.7140440221495849E-003  -2.0852416840867966E-003
   2.5522226801739547E-003   8.7718829843643001E-003  -2.0840447754083505E-003
   2.6083574770740447E-003   8.8288590988711783E-003  -2.0824301665778220E-003
   2.6650697849076826E-003   8.8852666781300063E-003  -2.0810520734555423E-003
   2.7232598860760493E-003   8.9401329060043132E-003  -2.0791522948353765E-003
   2.7816343779032632E-003   8.9947573605035497E-003  -2.0762218210453542E-003
   2.8394540664145166E-003   9.0499010558010452E-003  -2.0722147656473174E-003
   2.8985799775535248E-003   9.1036757529769103E-003  -2.0686921856246233E-003
   2.9573018961217040E-003   9.1578334711716839E-003  -2.0643703987409372E-003
   3.0167727572743362E-003   9.2112268213142886E-003  -2.0608537472834106E-003
   3.0766215322182433E-003   9.2641072159159107E-003  -2.0561859848183457E-003
   3.1375801662870645E-003   9.3157004123845463E-003  -2.0514756759358616E-003
   3.1986522982886453E-003   9.3670665027199094E-003  -2.0458436730853942E-003
   3.2603316161704233E-003   9.4177007742645633E-003  -2.0402016616218274E-003
   3.3237916032713396E-003   9.4660809902705791E-003  -2.0345285022074322E-003
   3.3883362132190991E-003   9.5131016036725177E-003  -2.0297269147601118E-003
   3.4536099733914923E-003   9.5590845774733944E-003  -2.0247366888206894E-003
   3.5193306687443136E-003   9.6044265033055666E-003  -2.0197467027503226E-003
   3.5860945599983426E-003   9.6483070385353139E-003  -2.0156137311958069E-003
   3.6534644106105949E-003   9.6911495064853186E-003  -2.0105317862451786E-003
   3.7208208351775444E-003   9.7338424562803325E-003  -2.0041737901732460E-003
   3.7891264470786535E-003   9.7751187016263778E-003  -1.9986407124509991E-003
   3.8579198536223937E-003   9.8154634818176847E-003  -1.9923346894266621E-003
   3.9269695719926431E-003   9.8554734909901565E-003  -1.9867368716573303E-003
   3.9965963275589945E-003   9.8943433110351055E-003  -1.9803140997056512E-003
   4.0668814853214684E-003   9.9319411533619964E-003  -1.9735024296015239E-003
   4.1373700089304263E-003   9.9692569039174870E-003  -1.9672652186533430E-003
   4.2086644756980695E-003   1.0004871065227539E-002  -1.9602844935474252E-003
   4.2804105548105084E-003   1.0039722465316989E-002  -1.9541298168942590E-003
   4.3528025365099669E-003   1.0073349399914534E-002  -1.9487790923416359E-003
   4.4259071603226030E-003   1.0105263449616170E-002  -1.9426793046725369E-003
   4.4997409034735298E-003   1.0135497132844725E-002  -1.9368053985880363E-003
   4.5743301402307269E-003   1.0163736849294282E-002  -1.9305632692246421E-003
   4.6495834228628243E-003   1.0190474192634295E-002  -1.9258666833692711E-003
   4.7252026325339440E-003   1.0216157897269613E-002  -1.9211674865508700E-003
   4.8009368673314727E-003   1.0241322839201247E-002  -1.9155951109915139E-003
   4.8770242126572917E-003   1.0265214925249455E-002  -1.9092797237809092E-003
   4.9534735139589239E-003   1.0287716171305247E-002  -1.9022655776209966E-003
   5.0300386759115114E-003   1.0309555306475936E-002  -1.8944663363496717E-003
   5.1069500847217035E-003   1.0329549495729239E-002  -1.8852539765010384E-003
   5.1838889404382214E-003   1.0349082593247396E-002  -1.8753106072319234E-003
   5.2607047417634568E-003   1.0368932240709476E-002  -1.8650478509928230E-003
   5.3378023722920913E-003   1.0387911036494796E-002  -1.8552621129505602E-003
   5.4152527806156647E-003   1.0404932261953109E-002  -1.8446927164822912E-003
   5.4928094948092209E-003   1.0421914045385795E-002  -1.8348654525340486E-003
   5.5702478729349417E-003   1.0438426590943031E-002  -1.8234359547100419E-003
   5.6477845850617745E-003   1.0453713304567260E-002  -1.8110111945137534E-003
   5.7252392017448535E-003   1.0469363770157445E-002  -1.7985273939157605E-003
   5.8029243393904169E-003   1.0484459496539119E-002  -1.7868167815863326E-003
   5.8806096779434255E-003   1.0499194956505413E-002  -1.7746572425596293E-003
   5.9582911035315810E-003   1.0513218579079059E-002  -1.7616597765692178E-003
   6.0361601729560241E-003   1.0525604244874021E-002  -1.7481319044990564E-003
   6.1139783520853712E-003   1.0538675066238776E-002  -1.7349605483955506E-003
   6.1919601846281546E-003   1.0550402821726444E-002  -1.7214960193626596E-003
   6.2700244076754445E-003   1.0561430848423132E-002  -1.7079181070073040E-003
   6.3481409734838113E-003   1.0571488991253318E-002  -1.6938954144064303E-003
   6.4260784555250222E-003   1.0581235634718933E-002  -1.6787048962013441E-003
   6.5041327693871271E-003   1.0589081602622554E-002  -1.6630216287655520E-003
   6.5822859403218458E-003   1.0595824367475460E-002  -1.6473175849285177E-003
   6.6604925119224502E-003   1.0601884257745336E-002  -1.6316010369221495E-003
   6.7388484169470806E-003   1.0606371863164347E-002  -1.6161022127044087E-003
   6.8172046210085505E-003   1.0609926379084297E-002  -1.6003646557863748E-003
   6.8953829373699588E-003   1.0613557361062453E-002  -1.5837825319675908E-003
   6.9735220650131375E-003   1.0616830767854144E-002  -1.5669432465490827E-003
   7.0516850252972871E-003   1.0618226811422011E-002  -1.5499549357295666E-003
   7.1293389507536562E-003   1.0619179175213486E-002  -1.5307465816266279E-003
   7.2069979943393840E-003   1.0620346475095936E-002  -1.5115708064442953E-003
   7.2847747520322524E-003   1.0621116360746832E-002  -1.4928576229109622E-003
   7.3624189816249869E-003   1.0620650146273771E-002  -1.4735922068453975E-003
   7.4400957028043259E-003   1.0619214733414636E-002  -1.4545064379759421E-003
   7.5177448794871184E-003   1.0617542246641557E-002  -1.4353281128056828E-003
   7.5955505088620657E-003   1.0615329462639210E-002  -1.4168514348946533E-003
   7.6735210973436982E-003   1.0612047085853209E-002  -1.3992499199997231E-003
   7.7511261946456491E-003   1.0606846540170805E-002  -1.3805308599544547E-003
   7.8286702026539503E-003   1.0600940738643774E-002  -1.3617679089513357E-003
   7.9059081668178492E-003   1.0594334631781551E-002  -1.3420028832575599E-003
   7.9830047131353808E-003   1.0587246855348896E-002  -1.3218562715961849E-003
   8.0598979253072058E-003   1.0579046409063186E-002  -1.3013578176319549E-003
   8.1366617449436240E-003   1.0570153675550246E-002  -1.2806639711673323E-003
   8.2134417674384549E-003   1.0560842994874588E-002  -1.2602155147412556E-003
   8.2900073417841065E-003   1.0550610812096434E-002  -1.2394064959436225E-003
   8.3663809866657019E-003   1.0539994453990622E-002  -1.2180907903437275E-003
   8.4429565065220029E-003   1.0529407914626806E-002  -1.1974967392243499E-003
   8.5191913875764733E-003   1.0516844982072669E-002  -1.1767502784282824E-003
   8.5954673065960965E-003   1.0504314586961853E-002  -1.1561353959903139E-003
   8.6714536044377490E-003   1.0491479523924761E-002  -1.1346564831468751E-003
   8.7473999653015014E-003   1.0478697583964795E-002  -1.1130053335105189E-003
   8.8234277334438733E-003   1.0466298656785474E-002  -1.0914172565896180E-003
   8.8991414814094255E-003   1.0452835374983822E-002  -1.0693680293408212E-003
   8.9744536661168165E-003   1.0437995703860763E-002  -1.0468323022874444E-003
   9.0497892782752370E-003   1.0423077872666818E-002  -1.0244268597998834E-003
   9.1249544833825486E-003   1.0407478501649419E-002  -1.0019134956464311E-003
   9.1998498661761234E-003   1.0391050069310291E-002  -9.7909271027180121E-004
   9.2743682129707312E-003   1.0373728866914293E-002  -9.5570485155066108E-004
   9.3489256140447778E-003   1.0356407574589704E-002  -9.3244186022232653E-004
   9.4234522887935920E-003   1.0339812333376712E-002  -9.0855938285090525E-004
   9.4976281067276208E-003   1.0322490369981431E-002  -8.8410743767386067E-004
   9.5719173985581545E-003   1.0305727840614331E-002  -8.5961011678173556E-004
   9.6459756098860195E-003   1.0288694842456824E-002  -8.3460495126896710E-004
   9.7200478077210783E-003   1.0271460894147306E-002  -8.0977955030258340E-004
   9.7940917405655824E-003   1.0253351690217596E-002  -7.8549884305689310E-004
   9.8682546789757991E-003   1.0236084703379908E-002  -7.6096907056433076E-004
   9.9431699818905150E-003   1.0218736657814618E-002  -7.3890682463008958E-004
   1.0018406503207639E-002   1.0202641083878661E-002  -7.1698883284255967E-004
   1.0093634992371214E-002   1.0185439430550352E-002  -6.9589908313788518E-004
   1.0169093962516716E-002   1.0170006339026941E-002  -6.7427124197644392E-004
   1.0244627709438781E-002   1.0155476728160893E-002  -6.5228161984201907E-004
   1.0320056517575532E-002   1.0140249043895417E-002  -6.3040440485550556E-004
   1.0395530887566186E-002   1.0126229447912296E-002  -6.0788618108956085E-004
   1.0470675162471956E-002   1.0112598723016284E-002  -5.8406305601698262E-004
   1.0545798804756978E-002   1.0098922740698613E-002  -5.6020082903815069E-004
   1.0620498111358767E-002   1.0084124008379882E-002  -5.3568530105609969E-004
   1.0695327773676074E-002   1.0069734752594772E-002  -5.1132404170344458E-004
   1.0769789044054460E-002   1.0055032449906456E-002  -4.8603844284289066E-004
   1.0844092803329888E-002   1.0040598720069020E-002  -4.6014213411945922E-004
   1.0918366202521693E-002   1.0025050637259109E-002  -4.3480995523783943E-004
   1.0992519977007786E-002   1.0009306341949754E-002  -4.0924953867509209E-004
   1.1066785882373040E-002   9.9937126488418796E-003  -3.8392342496936535E-004
   1.1140874271387014E-002   9.9777664904768092E-003  -3.5829861967300557E-004
   1.1214224110356764E-002   9.9614661813523953E-003  -3.3083771944084019E-004
   1.1287411178530925E-002   9.9465523764328406E-003  -3.0218058289191842E-004
   1.1360334559324014E-002   9.9313639534962146E-003  -2.7300024112688291E-004
   1.1433283055639487E-002   9.9159885884179018E-003  -2.4398102282427995E-004
   1.1505993539121975E-002   9.9003441622761926E-003  -2.1451175882858565E-004
   1.1578270314677593E-002   9.8848140338663251E-003  -1.8393590519420164E-004
   1.1650348510113682E-002   9.8702345567463802E-003  -1.5243713391730970E-004
   1.1722713382427639E-002   9.8545268655295271E-003  -1.2216183555778404E-004
   1.1795103465304709E-002   9.8392968645901087E-003  -9.1703290441417037E-005
   1.1867683617486613E-002   9.8243628157379335E-003  -6.1552076597729444E-005
   1.1939928326320111E-002   9.8098521738487262E-003  -3.0404952839291201E-005
   1.2012500000009642E-002   9.7953991113079227E-003   7.9759635823124074E-015
