   3.5527136787909514E-015   3.5421283062121587E-015   7.1340190668711718E-015
   1.8207731970877353E-006   7.8873450847516386E-005   1.3253812143572824E-005
   3.6805398042832365E-006   1.5795228986148678E-004   2.5215353959814429E-005
   5.4343929371578193E-006   2.3701238676244007E-004   3.7315976847169137E-005
   6.7004671371831778E-006   3.1608939587685541E-004   4.9366855808253387E-005
   7.9541682060046520E-006   3.9516655723517236E-004   6.1418029512875949E-005
   9.3395975670776124E-006   4.7421126988791008E-004   7.3666049284756732E-005
   1.1762684369316536E-005   5.5336074575658466E-004   8.5045377582528188E-005
   1.3437080275209643E-005   6.3244644573284901E-004   9.6988930574881476E-005
   1.5606377918748531E-005   7.1142644905818552E-004   1.0953696727487722E-004
   1.8384081961320596E-005   7.9035864095996502E-004   1.2226463186389892E-004
   2.0706894497318204E-005   8.6920946274013497E-004   1.3557449470235876E-004
   2.2783539897656684E-005   9.4812981026096100E-004   1.4850764151751487E-004
   2.3237403562835352E-005   1.0271520500297656E-003   1.6096876627419535E-004
   2.3426610734337773E-005   1.1060821761527321E-003   1.7400714763728082E-004
   2.3345988175974819E-005   1.1849809858038439E-003   1.8723482112513462E-004
   2.3293902610851840E-005   1.2637024724589710E-003   2.0147998945878437E-004
   2.2207718154033636E-005   1.3424123403256911E-003   2.1574802717242981E-004
   2.1557936278319103E-005   1.4211820167991686E-003   2.2970925385089932E-004
   2.1753124271056305E-005   1.4998235549161924E-003   2.4438816306375331E-004
   2.1825359597898501E-005   1.5786875825884463E-003   2.5782170042826789E-004
   2.1449937474508034E-005   1.6576940522771788E-003   2.7038501318797176E-004
   2.0966143119121821E-005   1.7365499923283189E-003   2.8385745351259943E-004
   1.9659730700546503E-005   1.8152991120260478E-003   2.9788847018045084E-004
   1.7752425511592702E-005   1.8941811661733693E-003   3.1107875898262491E-004
   1.5872198030940956E-005   1.9730796134800736E-003   3.2417455059809705E-004
   1.3141880200644532E-005   2.0519424665629005E-003   3.3733493679773656E-004
   1.1103972695279286E-005   2.1308073767255650E-003   3.5060795016545468E-004
   1.0017305007776765E-005   2.2096187887330303E-003   3.6430395263354953E-004
   9.5794072423278822E-006   2.2884021160764216E-003   3.7819623734324550E-004
   8.6991020519095908E-006   2.3670826897614675E-003   3.9263896563320567E-004
   8.1722029973239326E-006   2.4457726611975331E-003   4.0704767013973397E-004
   6.7440051647862048E-006   2.5246377031702492E-003   4.2039927682783747E-004
   6.6752513865745076E-006   2.6032723765774105E-003   4.3511604953418029E-004
   7.1439431713148069E-006   2.6820413748937380E-003   4.4908835203543877E-004
   7.4459045002000674E-006   2.7609179823839172E-003   4.6244460969148621E-004
   8.0069898743696122E-006   2.8398075789392218E-003   4.7571550745016059E-004
   8.5512736445814342E-006   2.9187559014557528E-003   4.8863317470609349E-004
   9.4870095901588189E-006   2.9978369380265000E-003   5.0068780253378063E-004
   1.1361549932520808E-005   3.0769271280505421E-003   5.1257173893791690E-004
   1.5253423497316504E-005   3.1558277529355888E-003   5.2520284015129262E-004
   1.9792768217018891E-005   3.2347542061015289E-003   5.3745067049126079E-004
   2.5563479351983816E-005   3.3136591804580578E-003   5.4931253803577743E-004
   3.1145677296467399E-005   3.3926358803821025E-003   5.6078075149405013E-004
   3.6941546097118925E-005   3.4716867321824448E-003   5.7161452955222707E-004
   4.3538770390097041E-005   3.5507070413307090E-003   5.8221015960930884E-004
   5.1600853149596800E-005   3.6297969717433922E-003   5.9114244461323849E-004
   6.0095081446388262E-005   3.7088325605155736E-003   6.0015487039794685E-004
   6.8395405894498579E-005   3.7877554004699414E-003   6.1026871992512599E-004
   7.7719788135833661E-005   3.8665486009227014E-003   6.2050040876319372E-004
   8.5789236114908619E-005   3.9453462874047265E-003   6.3171685263926089E-004
   9.4189458311778179E-005   4.0241498833487052E-003   6.4264523429979491E-004
   1.0363734361388147E-004   4.1028577497162298E-003   6.5340670393064125E-004
   1.1298630318694165E-004   4.1815090736870182E-003   6.6465686781393759E-004
   1.2172515049640942E-004   4.2602597824108312E-003   6.7570034713143286E-004
   1.3039664541705673E-004   4.3389290778248811E-003   6.8735998369499809E-004
   1.3969429256334816E-004   4.4175094615923035E-003   6.9913610566951507E-004
   1.5104520139246535E-004   4.4958852680133830E-003   7.1046703024945745E-004
   1.6400088423157845E-004   4.5740823101778297E-003   7.2130090583947930E-004
   1.7672015569647538E-004   4.6523203921295534E-003   7.3211860769829373E-004
   1.8981391508529806E-004   4.7305285224836366E-003   7.4270358756657563E-004
   2.0331551275319231E-004   4.8086725359459377E-003   7.5324967819595415E-004
   2.1730043065344736E-004   4.8867848672631978E-003   7.6339294123524122E-004
   2.3174703672659705E-004   4.9649031029484003E-003   7.7281826924013007E-004
   2.4749791512523281E-004   5.0426586256173724E-003   7.8311334251951221E-004
   2.6409869532054961E-004   5.1202995386224366E-003   7.9292673722962761E-004
   2.8151961577835868E-004   5.1976624880364945E-003   8.0348541095027245E-004
   2.9989350956511972E-004   5.2746638398764971E-003   8.1502628832346119E-004
   3.1891413445342539E-004   5.3514739316433066E-003   8.2679173065949981E-004
   3.3923567220010554E-004   5.4280569733912145E-003   8.3784038695352745E-004
   3.6078404660483171E-004   5.5042968564690438E-003   8.4893758471634481E-004
   3.8351711012763758E-004   5.5804592736164926E-003   8.5802020657710972E-004
   4.0631207593194761E-004   5.6566133633891942E-003   8.6701710375096744E-004
   4.3002201107375228E-004   5.7325292435530537E-003   8.7565528116465377E-004
   4.5565985677652616E-004   5.8078605622276539E-003   8.8389502008553934E-004
   4.8180249392207851E-004   5.8829533904773447E-003   8.9270579052592146E-004
   5.0792478669730852E-004   5.9580553988843018E-003   9.0149863753869700E-004
   5.3399771679389966E-004   6.0333630012298599E-003   9.0849630432686174E-004
   5.6159076492260805E-004   6.1081738645721280E-003   9.1497383563976910E-004
   5.9009872152861610E-004   6.1826987132288886E-003   9.2074820534058816E-004
   6.1916636476335959E-004   6.2570578120007122E-003   9.2582723491363027E-004
   6.4834131585343150E-004   6.3312823745551245E-003   9.3211504473019867E-004
   6.7764650992574818E-004   6.4054278097440808E-003   9.3872261951374479E-004
   7.0762194352947142E-004   6.4793390403653983E-003   9.4493578052649439E-004
   7.3834512490605778E-004   6.5529440654051897E-003   9.5113145751812280E-004
   7.6934524500502934E-004   6.6264402787205466E-003   9.5723876345351841E-004
   7.9930112780557578E-004   6.7003675309748999E-003   9.6335484566635262E-004
   8.2952793755133392E-004   6.7742297626061940E-003   9.6889657046630355E-004
   8.6104865818549666E-004   6.8475217290213542E-003   9.7478994182766273E-004
   8.9382822747476900E-004   6.9202488679357471E-003   9.8081182720896653E-004
   9.2794758966814313E-004   6.9923082801457764E-003   9.8739287841025699E-004
   9.6200929027834411E-004   7.0643797472486509E-003   9.9413855799201467E-004
   9.9734856791527330E-004   7.1358114305357656E-003   1.0011135181944406E-003
   1.0324134394268198E-003   7.2075282832364191E-003   1.0063238744867531E-003
   1.0680942736299636E-003   7.2788697259309502E-003   1.0124293342396119E-003
   1.1048868037751552E-003   7.3495914196919096E-003   1.0191190090031528E-003
   1.1423114330085045E-003   7.4198859384829305E-003   1.0267398850327585E-003
   1.1807603744844865E-003   7.4897742533425972E-003   1.0328474509979436E-003
   1.2204957927934351E-003   7.5589320281615052E-003   1.0390360462708941E-003
   1.2624464883474688E-003   7.6268137616205163E-003   1.0447113778998276E-003
   1.3057970005790399E-003   7.6937174792672883E-003   1.0513916217530198E-003
   1.3512000386886418E-003   7.7590979675369008E-003   1.0593888644546989E-003
   1.3971909455608069E-003   7.8240709766513889E-003   1.0673477945392093E-003
   1.4444851875799185E-003   7.8880760860247368E-003   1.0755087167939510E-003
   1.4934475644890854E-003   7.9508654416636064E-003   1.0832664524698336E-003
   1.5433804599232794E-003   8.0128924735494503E-003   1.0909705604054075E-003
   1.5943821951584394E-003   8.0739797240774128E-003   1.0991663400878901E-003
   1.6463021427643629E-003   8.1342294930521804E-003   1.1077851791828994E-003
   1.6984194890687038E-003   8.1943828174223503E-003   1.1158697187827272E-003
   1.7507811326358523E-003   8.2544927505947448E-003   1.1225819629068988E-003
   1.8035084701605651E-003   8.3142877808507279E-003   1.1292439618196806E-003
   1.8570968489615963E-003   8.3733721468553703E-003   1.1353532459414150E-003
   1.9102646663592803E-003   8.4327547881297982E-003   1.1422005160807856E-003
   1.9641288030297181E-003   8.4915909386565659E-003   1.1482801679993848E-003
   2.0194408045474364E-003   8.5491211307424948E-003   1.1538352995981399E-003
   2.0759528178807014E-003   8.6054554025153263E-003   1.1595661091836089E-003
   2.1334632969476994E-003   8.6607924861548738E-003   1.1650753711518972E-003
   2.1914886531769159E-003   8.7156687122109059E-003   1.1697291710845725E-003
   2.2505971914680758E-003   8.7694960449197900E-003   1.1726954737214823E-003
   2.3102817192755059E-003   8.8226583204139633E-003   1.1760910020699603E-003
   2.3709493844871117E-003   8.8746438577101440E-003   1.1802066203338299E-003
   2.4323276439493112E-003   8.9258337274261863E-003   1.1837146824797873E-003
   2.4936230368468580E-003   8.9771854732889917E-003   1.1861381129659387E-003
   2.5548330149182609E-003   9.0286891913319445E-003   1.1869781192638778E-003
   2.6163594459547089E-003   9.0798124159672013E-003   1.1879342472716642E-003
   2.6787685726097901E-003   9.1298619677331102E-003   1.1875557234877637E-003
   2.7417331676697519E-003   9.1792006562621507E-003   1.1864816719575962E-003
   2.8053145677055026E-003   9.2277135165332019E-003   1.1845048178272879E-003
   2.8693079677224562E-003   9.2756421784836330E-003   1.1817320718762393E-003
   2.9336474430096721E-003   9.3230323417457517E-003   1.1779105081942383E-003
   2.9982925081345414E-003   9.3699938892250131E-003   1.1739572038448498E-003
   3.0627675825540346E-003   9.4172508017113278E-003   1.1708348649789857E-003
   3.1276468604189804E-003   9.4640223692374122E-003   1.1690742473126888E-003
   3.1936874699846308E-003   9.5091362566586003E-003   1.1672371157022889E-003
   3.2601909188991378E-003   9.5535651163628603E-003   1.1654019837641658E-003
   3.3273280796067566E-003   9.5969766738762292E-003   1.1625667895310120E-003
   3.3944175469617010E-003   9.6404851542090213E-003   1.1601141357134371E-003
   3.4612580005915013E-003   9.6843982796391316E-003   1.1581163443596912E-003
   3.5281996063426546E-003   9.7281915494893210E-003   1.1571309832165938E-003
   3.5960185758056474E-003   9.7705792998514559E-003   1.1551647695318776E-003
   3.6646314083580889E-003   9.8116881618691941E-003   1.1536348416143086E-003
   3.7333847468761410E-003   9.8525230960958034E-003   1.1512924954663252E-003
   3.8025496766434623E-003   9.8926876507537537E-003   1.1495543820129947E-003
   3.8717777935237852E-003   9.9327049557598919E-003   1.1470879801748904E-003
   3.9422140520540801E-003   9.9704961015621429E-003   1.1438379365189169E-003
   4.0125759921534523E-003   1.0008485308344727E-002   1.1413848665112127E-003
   4.0831679953193725E-003   1.0046069297998507E-002   1.1393323531241686E-003
   4.1543836051809828E-003   1.0082506556798846E-002   1.1385180536498422E-003
   4.2261781054123574E-003   1.0117798288849178E-002   1.1383097598421158E-003
   4.2985706102816740E-003   1.0151815095120779E-002   1.1368325571181404E-003
   4.3713719252044562E-003   1.0184969977838704E-002   1.1359826758297533E-003
   4.4444566302987995E-003   1.0217501454646708E-002   1.1354091778835592E-003
   4.5179385549334733E-003   1.0249096488078441E-002   1.1339392735960387E-003
   4.5913245335607788E-003   1.0280940616286057E-002   1.1332687260108964E-003
   4.6647687078245070E-003   1.0312637521115029E-002   1.1321464529554150E-003
   4.7385285143460567E-003   1.0343550781263039E-002   1.1301814386854786E-003
   4.8124527029674404E-003   1.0373962264914320E-002   1.1269633633481802E-003
   4.8869085754204384E-003   1.0403071693172358E-002   1.1239693303389279E-003
   4.9612416353617917E-003   1.0432552427109677E-002   1.1216278478059592E-003
   5.0361457955825049E-003   1.0460593839701720E-002   1.1198825843317611E-003
   5.1113909196612304E-003   1.0487667300963373E-002   1.1176024510568792E-003
   5.1869210522573535E-003   1.0513857958593473E-002   1.1145613121057889E-003
   5.2624119282939702E-003   1.0540161101734185E-002   1.1115162689577945E-003
   5.3381309597513313E-003   1.0565790399446436E-002   1.1083909879739109E-003
   5.4140628697926822E-003   1.0590683571455884E-002   1.1045601882481147E-003
   5.4905965169677389E-003   1.0613462789907283E-002   1.0996910974852992E-003
   5.5672199091632672E-003   1.0635876373313381E-002   1.0945445399784923E-003
   5.6439378261849017E-003   1.0657788727576323E-002   1.0886956140442597E-003
   5.7209958757400495E-003   1.0678449606343147E-002   1.0827639115501394E-003
   5.7982597905902227E-003   1.0698255603622916E-002   1.0765986921988809E-003
   5.8755958729478520E-003   1.0717574839519814E-002   1.0698239240405063E-003
   5.9533769446347938E-003   1.0735016792940210E-002   1.0630502130118012E-003
   6.0312555065103086E-003   1.0751743385559544E-002   1.0556238616023512E-003
   6.1093486005199919E-003   1.0767326063900023E-002   1.0479656110619039E-003
   6.1875706250070772E-003   1.0782220129797557E-002   1.0402531741613731E-003
   6.2657901813776709E-003   1.0796489427024892E-002   1.0314164238277423E-003
   6.3442686655423297E-003   1.0809666097850671E-002   1.0232004103012831E-003
   6.4229598388168933E-003   1.0821981158872663E-002   1.0157145220460705E-003
   6.5017355368790913E-003   1.0832967070316241E-002   1.0071297015785752E-003
   6.5806451770681800E-003   1.0843290947378631E-002   9.9896353721300613E-004
   6.6598226117743405E-003   1.0851117856554220E-002   9.9061648187216320E-004
   6.7387405679086116E-003   1.0858728461015130E-002   9.7993776961682855E-004
   6.8175551954811993E-003   1.0866553686675858E-002   9.6866743983052127E-004
   6.8965625996393392E-003   1.0872849306230619E-002   9.5779567562690078E-004
   6.9756248123899111E-003   1.0878105217456408E-002   9.4677107065743965E-004
   7.0546189140497807E-003   1.0882743174968755E-002   9.3500581435098837E-004
   7.1336986779058286E-003   1.0886800895393203E-002   9.2360731239008961E-004
   7.2126709295403024E-003   1.0889802503288972E-002   9.1118258620191944E-004
   7.2915721057084130E-003   1.0892966179109915E-002   8.9835310625138839E-004
   7.3704381685395495E-003   1.0894709984168935E-002   8.8504509084799058E-004
   7.4492816847195140E-003   1.0895406453509069E-002   8.7150940118311019E-004
   7.5280873009858354E-003   1.0894466584735304E-002   8.5776925949294426E-004
   7.6067762220604603E-003   1.0893835164119245E-002   8.4335902006854471E-004
   7.6855796752060826E-003   1.0892662385845150E-002   8.2962437864360263E-004
   7.7643823523372924E-003   1.0890328377757965E-002   8.1603429096048746E-004
   7.8432169212389602E-003   1.0887179811021707E-002   8.0279808038889483E-004
   7.9220466261250028E-003   1.0883391561667769E-002   7.8970125693066573E-004
   8.0005824396016407E-003   1.0877970932386677E-002   7.7546247916993472E-004
   8.0792172487270161E-003   1.0871169134768682E-002   7.6241248533946346E-004
   8.1580673830168645E-003   1.0865330076572597E-002   7.5022389555285751E-004
   8.2367292361242191E-003   1.0857569534809656E-002   7.3789154541854731E-004
   8.3151152196269066E-003   1.0847968539551138E-002   7.2510645732439959E-004
   8.3934115322958375E-003   1.0837513493379917E-002   7.1244235726239792E-004
   8.4715369556595272E-003   1.0826397862252325E-002   6.9929469708126428E-004
   8.5496394437754638E-003   1.0814164670784325E-002   6.8703295257004223E-004
   8.6275202657720203E-003   1.0801139088334155E-002   6.7419115492415064E-004
   8.7051474384472333E-003   1.0786975516294667E-002   6.6102243107839416E-004
   8.7826552485997921E-003   1.0772285176932694E-002   6.4772832397241495E-004
   8.8598962643789692E-003   1.0756957615939894E-002   6.3362543895932773E-004
   8.9370814378111514E-003   1.0741718428521124E-002   6.1912660565242449E-004
   9.0141228957029244E-003   1.0725726081673308E-002   6.0467466432857645E-004
   9.0911015680075827E-003   1.0709404549210941E-002   5.9025621819794294E-004
   9.1677215864243572E-003   1.0692592775767550E-002   5.7454835234990818E-004
   9.2444339015412130E-003   1.0676512020874551E-002   5.5852867605850343E-004
   9.3210493401973977E-003   1.0660552842551609E-002   5.4193412348808965E-004
   9.3976526100538523E-003   1.0643925518551459E-002   5.2595065861581658E-004
   9.4739025669513255E-003   1.0625344643357610E-002   5.1043630541758084E-004
   9.5499210579651009E-003   1.0605769021707909E-002   4.9500957331005430E-004
   9.6257645743678608E-003   1.0586314238092649E-002   4.7860005144852207E-004
   9.7015543287839543E-003   1.0565102377416726E-002   4.6424839329351988E-004
   9.7767512181806734E-003   1.0542027578138836E-002   4.4965450876219217E-004
   9.8517825996560435E-003   1.0518661947161671E-002   4.3467655531061341E-004
   9.9267310138670475E-003   1.0495894787256385E-002   4.1841643143438514E-004
   1.0001489215799814E-002   1.0471648690544287E-002   4.0347193270605456E-004
   1.0076013365029519E-002   1.0446817001732807E-002   3.8832140749961983E-004
   1.0150850551391538E-002   1.0422845088930256E-002   3.7332997872576280E-004
   1.0225558162184437E-002   1.0398522728388034E-002   3.5825696758408902E-004
   1.0300168292210267E-002   1.0373983532455996E-002   3.4305314039481921E-004
   1.0374787550112645E-002   1.0349494482943526E-002   3.2781329778964650E-004
   1.0449398094406332E-002   1.0324512417011383E-002   3.1335082696174312E-004
   1.0523732390887729E-002   1.0298923321465286E-002   2.9853156400008518E-004
   1.0598231866931521E-002   1.0273442458118190E-002   2.8436986673194823E-004
   1.0672428229690920E-002   1.0247014540728161E-002   2.7035327165781027E-004
   1.0747115999566912E-002   1.0221923211590826E-002   2.5649101233376202E-004
   1.0821628995743687E-002   1.0197214086130319E-002   2.4108735936721805E-004
   1.0896142962161005E-002   1.0172598083498123E-002   2.2553997319991120E-004
   1.0971005490529675E-002   1.0148705903895149E-002   2.1054778856210179E-004
   1.1046062484718252E-002   1.0125007673492869E-002   1.9623550366256725E-004
   1.1120814549138904E-002   1.0101097229485613E-002   1.8073003585270412E-004
   1.1195518422500477E-002   1.0077024175877374E-002   1.6524393270311052E-004
   1.1270365566179981E-002   1.0053577299588350E-002   1.4949118451122547E-004
   1.1344977356427048E-002   1.0029725279077441E-002   1.3323812705203330E-004
   1.1419409167200955E-002   1.0004886675331592E-002   1.1765129588763507E-004
   1.1493811961874403E-002   9.9799422500457900E-003   1.0209495345213585E-004
   1.1567727648597755E-002   9.9540061041275794E-003   8.5853414431603502E-005
   1.1641545463965503E-002   9.9278622048635488E-003   6.9500229176856090E-005
   1.1715309958937027E-002   9.9005302638450910E-003   5.4948106277154093E-005
   1.1789346495621619E-002   9.8736087766217676E-003   4.1026010184733770E-005
   1.1863554521914994E-002   9.8473705763273637E-003   2.6717771959825129E-005
   1.1937941751149247E-002   9.8212803625124696E-003   1.3085425469720134E-005
   1.2012500000009757E-002   9.7953991113079626E-003   7.9732540385453855E-015
