   3.5527136787909273E-015   3.5421283062121512E-015   7.1340190668711387E-015
  -2.3335460894536907E-006   7.9780709876805110E-005   5.4399351130941248E-006
  -3.8497596219118106E-006   1.5959995214595416E-004   1.0596450831610049E-005
  -7.1705353414145959E-006   2.3941055277213304E-004   1.4982847230771846E-005
  -9.8970156923165447E-006   3.1928196361422231E-004   1.8605557968057156E-005
  -1.1982353794376274E-005   3.9911420083486789E-004   2.3345311955825857E-005
  -1.4182302392171378E-005   4.7885200807192463E-004   2.9431552535580569E-005
  -1.5712086188890465E-005   5.5865977416918772E-004   3.4758861851260845E-005
  -1.6664488219483103E-005   6.3851638503570991E-004   3.9450837101782203E-005
  -1.6830867322791644E-005   7.1833801838526348E-004   4.4787424959664263E-005
  -1.5945585733859023E-005   7.9820911795017873E-004   4.9239810259493161E-005
  -1.6312441527865765E-005   8.7802512038410898E-004   5.4650094406915486E-005
  -1.7666400015428232E-005   9.5777338372187489E-004   6.0845357637170663E-005
  -1.8896065370046033E-005   1.0375544332008788E-003   6.6630862598134567E-005
  -1.9221563260561244E-005   1.1172889406851287E-003   7.3134889433466692E-005
  -1.8714526117194716E-005   1.1969703549089229E-003   8.0249322010385204E-005
  -1.9300674710699208E-005   1.2766467049082266E-003   8.7414213884494466E-005
  -2.0080308613827518E-005   1.3563089718232019E-003   9.4715953226350396E-005
  -2.0095481793481636E-005   1.4359998274966104E-003   1.0174213927594424E-004
  -2.0142058793331377E-005   1.5156384930654799E-003   1.0933692488418829E-004
  -1.9450217503471612E-005   1.5953154174892853E-003   1.1648598599305284E-004
  -1.9031576492741309E-005   1.6750022162615723E-003   1.2354565050954702E-004
  -1.8564068918826697E-005   1.7545808783013741E-003   1.3173210097630465E-004
  -1.7863454122749501E-005   1.8342200360063918E-003   1.3928946124638173E-004
  -1.6038059842312523E-005   1.9138835238032242E-003   1.4638852076352744E-004
  -1.5121034004809967E-005   1.9935868971900773E-003   1.5320990883329670E-004
  -1.3124920712029431E-005   2.0732389500209285E-003   1.6039085642336967E-004
  -1.1546540493651779E-005   2.1528865490323189E-003   1.6772357034386791E-004
  -9.1571495640796226E-006   2.2324913164754891E-003   1.7529798808975421E-004
  -6.8482408095848238E-006   2.3121399570731056E-003   1.8242280299921693E-004
  -6.2731101281087019E-006   2.3917689586438690E-003   1.9009687275840307E-004
  -4.2383482692997626E-006   2.4713849090427899E-003   1.9765730786589809E-004
  -2.3266296819048945E-006   2.5509871380769975E-003   2.0539232308271085E-004
  -2.5141036280900407E-007   2.6305253885918565E-003   2.1372059767235964E-004
   2.9334079475999457E-006   2.7098858821154952E-003   2.2330021170071350E-004
   7.6767088455783926E-006   2.7891190362006901E-003   2.3328061242745683E-004
   1.3013434648596709E-005   2.8682920260348402E-003   2.4343723722162485E-004
   1.9675422885233128E-005   2.9473313033956234E-003   2.5384927580061374E-004
   2.6807566654260077E-005   3.0262657180509718E-003   2.6473461948661910E-004
   3.3453668658558569E-005   3.1050794095984781E-003   2.7674425548463225E-004
   3.9254858523837417E-005   3.1840815872647733E-003   2.8792469040954746E-004
   4.4525806230023367E-005   3.2630802149095852E-003   2.9938915500100097E-004
   5.1206758857167287E-005   3.3420329042627545E-003   3.1042716672182889E-004
   5.7170797954082987E-005   3.4209228142374902E-003   3.2229360369893885E-004
   6.4620139560830260E-005   3.4996773272685119E-003   3.3421979334238714E-004
   7.1367083497079391E-005   3.5784829628833234E-003   3.4622606443000532E-004
   7.8530212942522944E-005   3.6572630170049101E-003   3.5815890297099281E-004
   8.5411191741004719E-005   3.7361183618079782E-003   3.6975574530872851E-004
   9.3223464087574629E-005   3.8146426962217613E-003   3.8290478749139630E-004
   1.0121336977271235E-004   3.8930917042130832E-003   3.9639235771732280E-004
   1.0845332941175428E-004   3.9716762851644584E-003   4.0950901201321774E-004
   1.1567866558205213E-004   4.0501835857034880E-003   4.2308834453191072E-004
   1.2318651142200686E-004   4.1286056101930320E-003   4.3700302452399329E-004
   1.3123065107062637E-004   4.2068966084121660E-003   4.5134915326992912E-004
   1.4029811943702661E-004   4.2851153509686352E-003   4.6547747031562114E-004
   1.5097951437584021E-004   4.3629941784693030E-003   4.8033667686253628E-004
   1.6224112810215752E-004   4.4409506858318140E-003   4.9433521322667399E-004
   1.7423260574386291E-004   4.5186038800422018E-003   5.0937469154690356E-004
   1.8838335170890668E-004   4.5957929898380635E-003   5.2491810490855350E-004
   2.0159070429999530E-004   4.6730291138572296E-003   5.4104717777928675E-004
   2.1592225019630333E-004   4.7502682368150313E-003   5.5617082364108452E-004
   2.3142940774738385E-004   4.8270873389348176E-003   5.7224420602666466E-004
   2.4810413763361281E-004   4.9038165241202525E-003   5.8756039163623743E-004
   2.6655586559871166E-004   4.9797178975298957E-003   6.0483798496357348E-004
   2.8564449992231057E-004   5.0555347147278615E-003   6.2179187181400013E-004
   3.0587683544070399E-004   5.1312551815081240E-003   6.3782507177865915E-004
   3.2671506321719449E-004   5.2066527728756133E-003   6.5458727573512352E-004
   3.4818145635737575E-004   5.2818450785518155E-003   6.7147843144624709E-004
   3.7120479313985694E-004   5.3565535180270718E-003   6.8846592791596084E-004
   3.9464890746698827E-004   5.4310140977219031E-003   7.0595865670792840E-004
   4.1799841521087842E-004   5.5052451437921403E-003   7.2452077665218113E-004
   4.4170719500641326E-004   5.5795050084483933E-003   7.4250316371828854E-004
   4.6454840139380547E-004   5.6542305293654400E-003   7.5966054779519506E-004
   4.8733528527532163E-004   5.7290098447648390E-003   7.7665501471209375E-004
   5.1102452049411017E-004   5.8037525983709731E-003   7.9254025695811407E-004
   5.3446386788861546E-004   5.8786658549409504E-003   8.0798697152735315E-004
   5.5902485492829220E-004   5.9530255759304550E-003   8.2433902996667074E-004
   5.8354878770225957E-004   6.0269127549726336E-003   8.4275808232499880E-004
   6.0961600773498203E-004   6.1003041471056471E-003   8.6103931837548968E-004
   6.3628629423844395E-004   6.1735924003839910E-003   8.7885862677602924E-004
   6.6321798332044787E-004   6.2465849533362870E-003   8.9748042398979291E-004
   6.9101461991812410E-004   6.3195004761638744E-003   9.1510635756569391E-004
   7.1959367660237312E-004   6.3923653828526885E-003   9.3165757793551391E-004
   7.4879279290462680E-004   6.4649291131427767E-003   9.4844795181503114E-004
   7.8009060825177023E-004   6.5369860537179700E-003   9.6355570041694889E-004
   8.1055472449077901E-004   6.6092419441538429E-003   9.7939943491137270E-004
   8.4156140588050672E-004   6.6813489074174599E-003   9.9486460739686244E-004
   8.7261614983280165E-004   6.7535915190774041E-003   1.0095822139036190E-003
   9.0345941415830629E-004   6.8259367876407333E-003   1.0242401523180764E-003
   9.3491074903221435E-004   6.8980778809273804E-003   1.0386094318779356E-003
   9.6722693926829244E-004   6.9698379762158751E-003   1.0529674460954476E-003
   9.9993183598505431E-004   7.0415195362239650E-003   1.0668290368179608E-003
   1.0339582561537572E-003   7.1125265020750483E-003   1.0809787195744142E-003
   1.0680991809102584E-003   7.1834613745458990E-003   1.0952139263652606E-003
   1.1025353571178956E-003   7.2543118131564929E-003   1.1091554159152013E-003
   1.1374590358600332E-003   7.3247520565667273E-003   1.1239374578154826E-003
   1.1737154997546848E-003   7.3944071304393741E-003   1.1392227287132083E-003
   1.2116403023639318E-003   7.4630373509640040E-003   1.1550847019322558E-003
   1.2505366334667207E-003   7.5315615956019592E-003   1.1689231744291101E-003
   1.2893570878296920E-003   7.6002663176808725E-003   1.1820621801418856E-003
   1.3297178557104537E-003   7.6680835201306955E-003   1.1951707831019207E-003
   1.3712676571580799E-003   7.7353616120918386E-003   1.2073063650204410E-003
   1.4138352361095113E-003   7.8021752471727907E-003   1.2184391717589261E-003
   1.4571764718986492E-003   7.8684611683106590E-003   1.2297402312366646E-003
   1.5018231144148704E-003   7.9339719504140632E-003   1.2404647236336187E-003
   1.5472658119555437E-003   7.9989528353448334E-003   1.2510687721028551E-003
   1.5940824246138820E-003   8.0630730276396636E-003   1.2609077607696507E-003
   1.6417157870486298E-003   8.1266129250285347E-003   1.2705899212312782E-003
   1.6898203337324250E-003   8.1895194870869516E-003   1.2819352743542562E-003
   1.7393446383927947E-003   8.2510899492867478E-003   1.2944421299423054E-003
   1.7900863993971950E-003   8.3115185872624352E-003   1.3076198914258670E-003
   1.8420512512954369E-003   8.3708429885665184E-003   1.3210463421213588E-003
   1.8944784580529951E-003   8.4297699186232262E-003   1.3344256136125967E-003
   1.9482837749665279E-003   8.4876780434766097E-003   1.3467397089241035E-003
   2.0018204824360625E-003   8.5460130520033772E-003   1.3581785783557943E-003
   2.0561330346888689E-003   8.6035763938035990E-003   1.3698665360162129E-003
   2.1118303445294903E-003   8.6602503626184817E-003   1.3791331929629820E-003
   2.1679313563345427E-003   8.7164587917223403E-003   1.3887918148961012E-003
   2.2254733131584388E-003   8.7710628613067304E-003   1.3991512929926880E-003
   2.2839139620362929E-003   8.8248118185645843E-003   1.4089359830988311E-003
   2.3442298780657028E-003   8.8765742171647826E-003   1.4180268779269809E-003
   2.4057840484120840E-003   8.9268858541114646E-003   1.4269612663657832E-003
   2.4677814650042912E-003   8.9765128104412339E-003   1.4366300589644008E-003
   2.5309908454487075E-003   9.0245585023210149E-003   1.4464374905292100E-003
   2.5944292568172806E-003   9.0721852789888129E-003   1.4567940392412398E-003
   2.6588265624180357E-003   9.1186931413578150E-003   1.4662811763951952E-003
   2.7247689470645603E-003   9.1631706755617819E-003   1.4748456881585640E-003
   2.7907331823619130E-003   9.2073983824028927E-003   1.4844701156032200E-003
   2.8571757337588983E-003   9.2508206255136737E-003   1.4944649227175506E-003
   2.9235751428477136E-003   9.2943221509654492E-003   1.5044015096195155E-003
   2.9905652928103490E-003   9.3372198111847573E-003   1.5128933031637900E-003
   3.0577852513894565E-003   9.3796748692426390E-003   1.5217840406508308E-003
   3.1250607594065791E-003   9.4219266266061287E-003   1.5312071516237176E-003
   3.1924992627661961E-003   9.4639791198231887E-003   1.5403524280812124E-003
   3.2602930777007365E-003   9.5057609057660909E-003   1.5479866288490567E-003
   3.3285289327350952E-003   9.5469517085529278E-003   1.5548558248389003E-003
   3.3969755234040128E-003   9.5878889429127177E-003   1.5611173797844893E-003
   3.4660047229893571E-003   9.6277518380069715E-003   1.5678937502059485E-003
   3.5355217673370847E-003   9.6668202342763757E-003   1.5743000720343347E-003
   3.6056956040290090E-003   9.7049491004849997E-003   1.5789714959745897E-003
   3.6768323764277697E-003   9.7413681474394637E-003   1.5826064152765710E-003
   3.7480072848772323E-003   9.7775882542696611E-003   1.5873219496633489E-003
   3.8194941341990422E-003   9.8133161112500863E-003   1.5909483264544247E-003
   3.8916276905800649E-003   9.8477435629226173E-003   1.5943395828475245E-003
   3.9640228131729276E-003   9.8817081247965632E-003   1.5966536187167432E-003
   4.0364354925168976E-003   9.9156159524344482E-003   1.5992349157063145E-003
   4.1095180429732798E-003   9.9480750579614679E-003   1.6015473359977945E-003
   4.1823236071698343E-003   9.9811905666161837E-003   1.6031944270832031E-003
   4.2552274173656823E-003   1.0014121149822924E-002   1.6039761875997641E-003
   4.3289273861095989E-003   1.0045238539003635E-002   1.6041268388350806E-003
   4.4027152501344390E-003   1.0076128308033557E-002   1.6030436524875045E-003
   4.4767831863969645E-003   1.0106306858746616E-002   1.6012559454071126E-003
   4.5509215033651624E-003   1.0136260873580549E-002   1.5987525563819173E-003
   4.6254374987401842E-003   1.0165185584510569E-002   1.5954772662625303E-003
   4.7002506439982328E-003   1.0193299300587244E-002   1.5919258903603249E-003
   4.7750623644705250E-003   1.0221323442561880E-002   1.5877004982239734E-003
   4.8501804673748775E-003   1.0248643602646263E-002   1.5844020926849688E-003
   4.9251678412199663E-003   1.0276274583676349E-002   1.5807384004184384E-003
   5.0006176773296608E-003   1.0302544670776884E-002   1.5765905372428434E-003
   5.0761220544603960E-003   1.0328652057190649E-002   1.5724080270071098E-003
   5.1517425790625643E-003   1.0354480453079172E-002   1.5686093121224990E-003
   5.2277279067741581E-003   1.0379111117846271E-002   1.5641866060600563E-003
   5.3039402721403181E-003   1.0402830418590293E-002   1.5587949338601815E-003
   5.3803707954358576E-003   1.0425518707156158E-002   1.5521906414696150E-003
   5.4570743290154712E-003   1.0447013451586532E-002   1.5448052572480291E-003
   5.5340508456534140E-003   1.0467317818393006E-002   1.5369091466325650E-003
   5.6113983218431165E-003   1.0485888301106009E-002   1.5283941536356786E-003
   5.6887799031112695E-003   1.0504306108761522E-002   1.5198574541754380E-003
   5.7665111832334338E-003   1.0520772003805159E-002   1.5105449680376086E-003
   5.8444245399160858E-003   1.0536520264953176E-002   1.5015171711237701E-003
   5.9224174002547115E-003   1.0551225050383075E-002   1.4914731173929737E-003
   6.0005792854590000E-003   1.0565022266672473E-002   1.4814553064057359E-003
   6.0784959200649814E-003   1.0579681312449497E-002   1.4707730583147997E-003
   6.1567472172619365E-003   1.0593817995227441E-002   1.4620044390010565E-003
   6.2351990962172098E-003   1.0606599674779288E-002   1.4529528450587859E-003
   6.3137528152780063E-003   1.0619035011532394E-002   1.4443113393902969E-003
   6.3921824464562580E-003   1.0630868725274311E-002   1.4338827162118989E-003
   6.4706931151817864E-003   1.0641117032492250E-002   1.4224351357808832E-003
   6.5492461577720444E-003   1.0650799954649067E-002   1.4107877963321217E-003
   6.6278629743645803E-003   1.0659749111491633E-002   1.3989848842568559E-003
   6.7066725723152164E-003   1.0667455454785793E-002   1.3875980694837736E-003
   6.7857556459737607E-003   1.0673868386650725E-002   1.3773637272128040E-003
   6.8647661857679215E-003   1.0680338321481110E-002   1.3666178184888315E-003
   6.9436304899379402E-003   1.0686587762032448E-002   1.3547280743861257E-003
   7.0224373111602220E-003   1.0693551115000898E-002   1.3428538734926866E-003
   7.1010656151859848E-003   1.0699798239831781E-002   1.3294911177796093E-003
   7.1795241126913385E-003   1.0705582742053767E-002   1.3149720373420543E-003
   7.2582460013145078E-003   1.0709999763826392E-002   1.3014312039377029E-003
   7.3366435981125711E-003   1.0713325558967814E-002   1.2858505780135720E-003
   7.4149969887001054E-003   1.0715885707871468E-002   1.2699071838458799E-003
   7.4933244412690907E-003   1.0717070485718294E-002   1.2536773815257280E-003
   7.5714556357942336E-003   1.0716625874911855E-002   1.2364925403728735E-003
   7.6492925373643208E-003   1.0715795204477390E-002   1.2180337556702942E-003
   7.7268118733643375E-003   1.0714548819159779E-002   1.1983056264784667E-003
   7.8041475577555397E-003   1.0712671082352413E-002   1.1779177373224278E-003
   7.8814595673953516E-003   1.0710377176474880E-002   1.1574826900265592E-003
   7.9588745239218151E-003   1.0706428746639622E-002   1.1377005162796006E-003
   8.0363925108506672E-003   1.0702355881905681E-002   1.1183517827899146E-003
   8.1136051488206549E-003   1.0696332977427560E-002   1.0983035121570465E-003
   8.1907073315984191E-003   1.0690074487444660E-002   1.0779053575065403E-003
   8.2676172993822045E-003   1.0681806691287541E-002   1.0574970159552735E-003
   8.3441729476303791E-003   1.0671810647662400E-002   1.0365372490132706E-003
   8.4210125597331282E-003   1.0661842038804395E-002   1.0166299426240043E-003
   8.4976432663973582E-003   1.0651929989406549E-002   9.9590589687272870E-004
   8.5742112498494970E-003   1.0641133843413138E-002   9.7539279999343082E-004
   8.6505784497575584E-003   1.0630143983250023E-002   9.5424395247088679E-004
   8.7270104298162992E-003   1.0619321995445189E-002   9.3324307147738949E-004
   8.8030211418778301E-003   1.0607631101619157E-002   9.1120459053066407E-004
   8.8788782105646575E-003   1.0594838833375576E-002   8.8924865707949415E-004
   8.9547442052418762E-003   1.0581942784076148E-002   8.6738446804057441E-004
   9.0308812901075119E-003   1.0569119851421225E-002   8.4643890273328876E-004
   9.1069332629697772E-003   1.0555772473648417E-002   8.2551176888894494E-004
   9.1830584256934189E-003   1.0542389404493037E-002   8.0487556143128702E-004
   9.2588331968922934E-003   1.0527607453617648E-002   7.8390706183880787E-004
   9.3349400731803350E-003   1.0512459139323504E-002   7.6445784735882966E-004
   9.4109693876858243E-003   1.0497466661064664E-002   7.4458905431740640E-004
   9.4873587950176416E-003   1.0482946645906323E-002   7.2577874830489478E-004
   9.5636570712489457E-003   1.0467700050119213E-002   7.0717459920997447E-004
   9.6394102597884123E-003   1.0450186010745892E-002   6.8834077738578569E-004
   9.7156309007214170E-003   1.0433356494369170E-002   6.7081418975745404E-004
   9.7919846900525430E-003   1.0417300070099739E-002   6.5314245818299296E-004
   9.8682025001041642E-003   1.0401688611924609E-002   6.3451109185520946E-004
   9.9444867937606915E-003   1.0385675799404893E-002   6.1650286129437274E-004
   1.0020356949273597E-002   1.0368514408991671E-002   5.9781580198298666E-004
   1.0096372029028137E-002   1.0352334266061951E-002   5.7884449136869466E-004
   1.0172094185563897E-002   1.0335941394881755E-002   5.5890887533356257E-004
   1.0247448787768650E-002   1.0318685647786792E-002   5.3831948203611252E-004
   1.0322252049997279E-002   1.0301063153471290E-002   5.1609517879166891E-004
   1.0396780580350739E-002   1.0282868373857716E-002   4.9341372917328246E-004
   1.0471268866950769E-002   1.0265001474427601E-002   4.7034277200735578E-004
   1.0545872240013464E-002   1.0246504200691975E-002   4.4815747076980674E-004
   1.0620545008882178E-002   1.0228695681089936E-002   4.2564449192836955E-004
   1.0695037379838596E-002   1.0210013934213287E-002   4.0324183573189735E-004
   1.0769535837283486E-002   1.0190303701764346E-002   3.8175959712207798E-004
   1.0843899665688371E-002   1.0170966659809327E-002   3.5948629834679964E-004
   1.0917870952423398E-002   1.0150752469488860E-002   3.3669078909701392E-004
   1.0991931574236970E-002   1.0130487372666259E-002   3.1423304772601219E-004
   1.1066367745504794E-002   1.0110612339804540E-002   2.9268683052687666E-004
   1.1140483057337249E-002   1.0090432499871516E-002   2.7033298047809891E-004
   1.1214227879358427E-002   1.0069288237337723E-002   2.4764771250505971E-004
   1.1287999229918307E-002   1.0048446984817423E-002   2.2476911922966625E-004
   1.1361389799995673E-002   1.0026944837060063E-002   2.0128546813709218E-004
   1.1434357636390719E-002   1.0004515872443220E-002   1.7735564584666418E-004
   1.1507303733011280E-002   9.9807149131193700E-003   1.5471980433007736E-004
   1.1580034379928120E-002   9.9555552203148580E-003   1.3287391557184117E-004
   1.1652635330251408E-002   9.9301724199083626E-003   1.1085539023363269E-004
   1.1724922185369050E-002   9.9045539615443511E-003   8.8089073724580372E-005
   1.1797326103955206E-002   9.8788399488003234E-003   6.5807643785193560E-005
   1.1869359778405107E-002   9.8520169814204812E-003   4.3633826605016661E-005
   1.1940968992977965E-002   9.8241249944935691E-003   2.1404174012231586E-005
   1.2012500000009882E-002   9.7953991113079644E-003   7.9711737294497315E-015
