   3.5527136787909088E-015   3.5421283062121133E-015   7.1340190668711624E-015
   1.5626942574692542E-005   5.8560225406063276E-005  -5.2215885180146738E-005
   3.1331107535770350E-005   1.1776381061943601E-004  -1.0367766415261553E-004
   4.6091294367512086E-005   1.7725997156500852E-004  -1.5508139664833977E-004
   6.0160673718940357E-005   2.3707040218294323E-004  -2.0631385659376897E-004
   7.4319191120698170E-005   2.9730691551762569E-004  -2.5701986066410719E-004
   8.8060750860192999E-005   3.5737575130867651E-004  -3.0803852885366996E-004
   1.0184194838497503E-004   4.1744360469818945E-004  -3.5904766113804956E-004
   1.1574732861145814E-004   4.7768105864822368E-004  -4.0982255200784997E-004
   1.2937628164447760E-004   5.3782306485260201E-004  -4.6078519255461457E-004
   1.4345591138160223E-004   5.9812111813805908E-004  -5.1143999292443487E-004
   1.5731442056520829E-004   6.5903757934812092E-004  -5.6141124945369581E-004
   1.7056469063708789E-004   7.1981958549207248E-004  -6.1171013679342631E-004
   1.8513696858052289E-004   7.7985178469463048E-004  -6.6254107004226647E-004
   2.0023975104887151E-004   8.3961265886230358E-004  -7.1353659806319822E-004
   2.1529308120259147E-004   8.9983407933485581E-004  -7.6400220791600143E-004
   2.3021970793017578E-004   9.5994117037875111E-004  -8.1464145569608195E-004
   2.4655821493303602E-004   1.0199453006179153E-003  -8.6496597794544759E-004
   2.6319872781917957E-004   1.0792892184061144E-003  -9.1596982830045143E-004
   2.8051459644575676E-004   1.1386258748322022E-003  -9.6675685311293114E-004
   2.9904429909592402E-004   1.1974491652034405E-003  -1.0177124282187381E-003
   3.1669282433501684E-004   1.2565361593680770E-003  -1.0686757159799431E-003
   3.3433150239991875E-004   1.3158807387945854E-003  -1.1193422524258946E-003
   3.5218516345385974E-004   1.3749834519241318E-003  -1.1702157827044586E-003
   3.6972756879448691E-004   1.4335745307599824E-003  -1.2217846637663833E-003
   3.8723517550294642E-004   1.4913907337411030E-003  -1.2742324509554591E-003
   4.0463881965805212E-004   1.5490324645613738E-003  -1.3269063917126791E-003
   4.2212265592947933E-004   1.6070652309868613E-003  -1.3791224189081993E-003
   4.3915796939285475E-004   1.6652107304943274E-003  -1.4313612835120618E-003
   4.5613445607768768E-004   1.7229678640751790E-003  -1.4840482118393605E-003
   4.7347288029067505E-004   1.7800860231725337E-003  -1.5373107217338570E-003
   4.9078039043163853E-004   1.8374305065185052E-003  -1.5903395847730124E-003
   5.0832322725321069E-004   1.8954377042874877E-003  -1.6425642329658207E-003
   5.2546049288108637E-004   1.9536561319138208E-003  -1.6946884000990851E-003
   5.4180201713560812E-004   2.0120566464267454E-003  -1.7468643954854006E-003
   5.5904041777275987E-004   2.0708386006755334E-003  -1.7983184468958527E-003
   5.7664324671058008E-004   2.1303622310625001E-003  -1.8487870294769026E-003
   5.9441924283701233E-004   2.1899327404919277E-003  -1.8991394710102991E-003
   6.1175497651381637E-004   2.2492345584907932E-003  -1.9499603989708921E-003
   6.2983657716808225E-004   2.3086718019444796E-003  -2.0003614883681181E-003
   6.4970031317665498E-004   2.3680705790498748E-003  -2.0501331396880398E-003
   6.7079913393378987E-004   2.4272654923604012E-003  -2.0996387152194518E-003
   6.9313501229381245E-004   2.4859346641148408E-003  -2.1492273914508250E-003
   7.1545168200051127E-004   2.5449414193946182E-003  -2.1984226053367783E-003
   7.3859797555883761E-004   2.6032993056549691E-003  -2.2480069397406081E-003
   7.6255828323520773E-004   2.6617570733185403E-003  -2.2970843587680999E-003
   7.8689562179608936E-004   2.7198800223444757E-003  -2.3463734725234458E-003
   8.1161268577736845E-004   2.7781305633441536E-003  -2.3953218253746542E-003
   8.3695528444732096E-004   2.8363828953975076E-003  -2.4439471120852488E-003
   8.6227848076575724E-004   2.8942018627725278E-003  -2.4930969110491751E-003
   8.8741031898993510E-004   2.9522176823188607E-003  -2.5421127797916210E-003
   9.1237028194314442E-004   3.0097988943995442E-003  -2.5917253211197237E-003
   9.3687215809680924E-004   3.0676002551509448E-003  -2.6413102054475314E-003
   9.6093991246707679E-004   3.1260572896338740E-003  -2.6903358957926131E-003
   9.8571016840045514E-004   3.1844100894901591E-003  -2.7391353341310854E-003
   1.0110009478583966E-003   3.2426262268223354E-003  -2.7878308967472015E-003
   1.0359007751676009E-003   3.3007428431403333E-003  -2.8368457670613755E-003
   1.0609071616412026E-003   3.3593652039084288E-003  -2.8851996652363675E-003
   1.0860417365819973E-003   3.4180774592358996E-003  -2.9333777120862997E-003
   1.1116041092288562E-003   3.4766846922536323E-003  -2.9814584499170760E-003
   1.1370294736969397E-003   3.5350268266371504E-003  -3.0299326305129131E-003
   1.1633507224345671E-003   3.5929323092634548E-003  -3.0784521827967974E-003
   1.1896569815757899E-003   3.6515351893415811E-003  -3.1261353369938195E-003
   1.2164731050052994E-003   3.7102887636282188E-003  -3.1733467023021076E-003
   1.2439450977731531E-003   3.7692588633272423E-003  -3.2199065236568816E-003
   1.2720178355780463E-003   3.8295155278048041E-003  -3.2644155763235367E-003
   1.3008925503267166E-003   3.8895043903149373E-003  -3.3087730697744767E-003
   1.3307155391983402E-003   3.9495291192792490E-003  -3.3524493935223505E-003
   1.3609380021971094E-003   4.0096212169019917E-003  -3.3957569279175924E-003
   1.3922434743496366E-003   4.0694599327507673E-003  -3.4386439362589284E-003
   1.4237818472755844E-003   4.1299376815633676E-003  -3.4804503106676604E-003
   1.4571031644611601E-003   4.1908666981246697E-003  -3.5201661103523079E-003
   1.4908274120396395E-003   4.2524805685138535E-003  -3.5584597927924015E-003
   1.5247994987747831E-003   4.3145956807685362E-003  -3.5957104323431181E-003
   1.5597405234631968E-003   4.3770940622733841E-003  -3.6313906384244981E-003
   1.5950639325320913E-003   4.4399046000592910E-003  -3.6661338841280683E-003
   1.6310925964195106E-003   4.5028471199194649E-003  -3.6999003553287784E-003
   1.6682342761053614E-003   4.5655232884097442E-003  -3.7329487067065971E-003
   1.7054855951485304E-003   4.6281980377194561E-003  -3.7658761271867972E-003
   1.7421494764175622E-003   4.6907948863127869E-003  -3.7996014049338331E-003
   1.7792710987480837E-003   4.7533868863762103E-003  -3.8328313113192730E-003
   1.8175689179243041E-003   4.8158873404395633E-003  -3.8648776886184952E-003
   1.8560289162534137E-003   4.8782730515016968E-003  -3.8969534050906740E-003
   1.8944738872916007E-003   4.9413914618088766E-003  -3.9275810149165787E-003
   1.9337733359063652E-003   5.0043853235903829E-003  -3.9573690446405400E-003
   1.9744919971533578E-003   5.0673217845435036E-003  -3.9853152879045228E-003
   2.0146305270979307E-003   5.1307888979075008E-003  -4.0128983250304158E-003
   2.0558593656188860E-003   5.1939489183813877E-003  -4.0395628087238622E-003
   2.0985357935718050E-003   5.2566483758887264E-003  -4.0650088402764155E-003
   2.1418031218509224E-003   5.3194641774008105E-003  -4.0891358663044620E-003
   2.1857225111940890E-003   5.3820994103339096E-003  -4.1125434470119394E-003
   2.2308948426222816E-003   5.4444768994306707E-003  -4.1341885235688016E-003
   2.2757637885566740E-003   5.5070043472190341E-003  -4.1560310498601092E-003
   2.3226516939244581E-003   5.5683053546682643E-003  -4.1770954939300249E-003
   2.3704053238727731E-003   5.6294236233049230E-003  -4.1966951898354237E-003
   2.4181784867164397E-003   5.6904036547449988E-003  -4.2166741955373625E-003
   2.4671869775638317E-003   5.7506445617971020E-003  -4.2358887977751994E-003
   2.5170492924667738E-003   5.8108326261673846E-003  -4.2529518126461401E-003
   2.5675662432427452E-003   5.8705421136903500E-003  -4.2697689105403447E-003
   2.6178022869117676E-003   5.9305874522547746E-003  -4.2862278660704672E-003
   2.6693139157278685E-003   5.9894414197849792E-003  -4.3030434126350835E-003
   2.7204971830485274E-003   6.0486897698564558E-003  -4.3194722338638749E-003
   2.7716295369796346E-003   6.1082226567926090E-003  -4.3350066392568668E-003
   2.8227834846937128E-003   6.1673865038193504E-003  -4.3518266524678138E-003
   2.8737614740505838E-003   6.2265383200997481E-003  -4.3692136369292058E-003
   2.9250777755997605E-003   6.2855039717492093E-003  -4.3862338934217140E-003
   2.9780312363061885E-003   6.3433489474658232E-003  -4.4020417953138441E-003
   3.0314694802205666E-003   6.4006819558078860E-003  -4.4180817532328276E-003
   3.0861423960452704E-003   6.4571632680769479E-003  -4.4329388605806310E-003
   3.1408404249111633E-003   6.5140782356717499E-003  -4.4459316318872823E-003
   3.1960092596242783E-003   6.5707606566928964E-003  -4.4579108980880543E-003
   3.2515777011366269E-003   6.6272393720682773E-003  -4.4689699676053202E-003
   3.3080343155348149E-003   6.6829829706468282E-003  -4.4792316394058401E-003
   3.3640334367732120E-003   6.7392551378993469E-003  -4.4891079549508597E-003
   3.4203528044146727E-003   6.7954141914257759E-003  -4.4977270927211094E-003
   3.4774751924447067E-003   6.8509828855797096E-003  -4.5047380143047617E-003
   3.5350183257204992E-003   6.9059820999881087E-003  -4.5127301493752799E-003
   3.5928265517004760E-003   6.9606525317268218E-003  -4.5210579887111592E-003
   3.6505475009440064E-003   7.0155113889447430E-003  -4.5287259610597803E-003
   3.7086405662606235E-003   7.0702433686664077E-003  -4.5341671158951732E-003
   3.7672192009116198E-003   7.1245137373042071E-003  -4.5389910825602018E-003
   3.8257511975416029E-003   7.1787891414606658E-003  -4.5443001192153549E-003
   3.8850594380521772E-003   7.2323380496779827E-003  -4.5481791713243335E-003
   3.9455641188150033E-003   7.2846082020719136E-003  -4.5508277129649704E-003
   4.0060185921180691E-003   7.3369876195755641E-003  -4.5521135098384596E-003
   4.0670736997795894E-003   7.3886809079284571E-003  -4.5523923821341912E-003
   4.1279234550249191E-003   7.4405848768350647E-003  -4.5505798419877607E-003
   4.1890745109536363E-003   7.4921016033200191E-003  -4.5480156178214796E-003
   4.2508057296658814E-003   7.5429050734508998E-003  -4.5451408898288838E-003
   4.3127264231007855E-003   7.5934939359661204E-003  -4.5425728716644862E-003
   4.3757400155246141E-003   7.6427115537512141E-003  -4.5399435616256621E-003
   4.4386113677438470E-003   7.6921116992188857E-003  -4.5373322981139318E-003
   4.5018503640642596E-003   7.7410055279926232E-003  -4.5341349786394598E-003
   4.5649978761635440E-003   7.7900229579197780E-003  -4.5310231814625146E-003
   4.6288978481824391E-003   7.8380631303635751E-003  -4.5280339660289408E-003
   4.6934649143796662E-003   7.8851773163719375E-003  -4.5246653699584621E-003
   4.7582476157209197E-003   7.9319010272902307E-003  -4.5201824639159198E-003
   4.8236391809615021E-003   7.9778118758489849E-003  -4.5161653534239203E-003
   4.8900505139624507E-003   8.0221497070207537E-003  -4.5112979539878124E-003
   4.9567684808732937E-003   8.0659061802962184E-003  -4.5054598092602359E-003
   5.0240276833928774E-003   8.1087526922425362E-003  -4.4991055904126491E-003
   5.0919124804860542E-003   8.1503671631762906E-003  -4.4913667191343806E-003
   5.1597874523731024E-003   8.1916782283762042E-003  -4.4820724153729966E-003
   5.2279749376618490E-003   8.2322544270741968E-003  -4.4718724666558667E-003
   5.2964970383758683E-003   8.2721685870658056E-003  -4.4613092499771389E-003
   5.3651346195850089E-003   8.3117896595730576E-003  -4.4503981062149209E-003
   5.4339387103977737E-003   8.3509431562755684E-003  -4.4388655096440858E-003
   5.5024352486467299E-003   8.3901399166457780E-003  -4.4257568016634182E-003
   5.5705368911394158E-003   8.4297278411314021E-003  -4.4117939034794534E-003
   5.6391428809769622E-003   8.4684473483510030E-003  -4.3978648720297241E-003
   5.7080983813555825E-003   8.5067015782689971E-003  -4.3843832971361060E-003
   5.7769982039564136E-003   8.5448907034320412E-003  -4.3704403718003463E-003
   5.8461746862254714E-003   8.5823509459349318E-003  -4.3559026781508298E-003
   5.9153737467207571E-003   8.6197282499385196E-003  -4.3412593463433196E-003
   5.9848043973380234E-003   8.6561245616292842E-003  -4.3253002343383220E-003
   6.0541942686565741E-003   8.6917535516187073E-003  -4.3075345138939734E-003
   6.1236558356462670E-003   8.7267545673207249E-003  -4.2888257025672366E-003
   6.1930451407536625E-003   8.7619632814730057E-003  -4.2702388584490618E-003
   6.2627827393129951E-003   8.7959545858314250E-003  -4.2507130143096955E-003
   6.3322338101651793E-003   8.8295833191848160E-003  -4.2296024237508840E-003
   6.4013020720078209E-003   8.8620326673103066E-003  -4.2055896142048554E-003
   6.4701728291145268E-003   8.8937730068794265E-003  -4.1801068815655162E-003
   6.5391727426212399E-003   8.9246753103522924E-003  -4.1539523491141038E-003
   6.6079580352710566E-003   8.9548733187078296E-003  -4.1264448262571633E-003
   6.6768460966953195E-003   8.9845611591370771E-003  -4.0986407415629150E-003
   6.7454885918304284E-003   9.0136194729610580E-003  -4.0695921228820616E-003
   6.8143699919793899E-003   9.0422951405804211E-003  -4.0407293647495490E-003
   6.8830083834230168E-003   9.0707758387642331E-003  -4.0111046951813289E-003
   6.9514257173894037E-003   9.0987303826577329E-003  -3.9804842462013807E-003
   7.0193496083169318E-003   9.1259419478432000E-003  -3.9481442437706007E-003
   7.0871294922186115E-003   9.1527991342032072E-003  -3.9152112986723213E-003
   7.1548389257030465E-003   9.1792244465257796E-003  -3.8817877216811660E-003
   7.2227083982803267E-003   9.2050680381350700E-003  -3.8482341308072403E-003
   7.2903727444370483E-003   9.2310873275226087E-003  -3.8144031858523583E-003
   7.3578911942198053E-003   9.2568172877048154E-003  -3.7800632952777759E-003
   7.4253259151553577E-003   9.2819851388913632E-003  -3.7451471431745680E-003
   7.4929784932180601E-003   9.3065290909893853E-003  -3.7102082950839317E-003
   7.5599970478045838E-003   9.3306204269908780E-003  -3.6737649023618250E-003
   7.6272354389103451E-003   9.3531548017652642E-003  -3.6367351749389595E-003
   7.6941859394083672E-003   9.3752252290229370E-003  -3.5989128704553850E-003
   7.7616998544810809E-003   9.3956478616803677E-003  -3.5611665149537842E-003
   7.8291819384094120E-003   9.4153066923725829E-003  -3.5229605112288586E-003
   7.8962540170828301E-003   9.4337550847093318E-003  -3.4834511061175794E-003
   7.9633838425091155E-003   9.4512906143631691E-003  -3.4436253389280840E-003
   8.0305150770228553E-003   9.4682418036495311E-003  -3.4035497286771152E-003
   8.0981879697394170E-003   9.4838206756192867E-003  -3.3638297294030233E-003
   8.1657390958224645E-003   9.4987313484435499E-003  -3.3236486742348205E-003
   8.2336106400793304E-003   9.5130852816869751E-003  -3.2838062586494831E-003
   8.3013086559559010E-003   9.5270353925924079E-003  -3.2435275663500805E-003
   8.3683957830221669E-003   9.5404330164694101E-003  -3.2020568410978827E-003
   8.4349846794361007E-003   9.5544371143211331E-003  -3.1599878011081776E-003
   8.5002829295421148E-003   9.5685553245059476E-003  -3.1159785443961863E-003
   8.5655934510407376E-003   9.5828529935782034E-003  -3.0720454995114489E-003
   8.6304800851720112E-003   9.5962910217694264E-003  -3.0272220221699547E-003
   8.6949893082703573E-003   9.6089647076527882E-003  -2.9816376189001790E-003
   8.7595366685000748E-003   9.6197253298835623E-003  -2.9356175440057464E-003
   8.8237582841347341E-003   9.6313737712221299E-003  -2.8893585136453761E-003
   8.8875288920035860E-003   9.6422263782391972E-003  -2.8422890914543654E-003
   8.9509916377740681E-003   9.6520358023905704E-003  -2.7945789762489539E-003
   9.0147215826923786E-003   9.6618382334993074E-003  -2.7472249218898279E-003
   9.0785628770172766E-003   9.6706973581395100E-003  -2.6998349962478194E-003
   9.1422703509365169E-003   9.6792127158749908E-003  -2.6522025866251553E-003
   9.2057594566309041E-003   9.6873617503756733E-003  -2.6042158520693166E-003
   9.2685053639718420E-003   9.6947568448412010E-003  -2.5551417887655411E-003
   9.3314746237354029E-003   9.7013458319096975E-003  -2.5062392573780125E-003
   9.3941807557604961E-003   9.7070023564480613E-003  -2.4568839665141248E-003
   9.4572436434542523E-003   9.7132287106098704E-003  -2.4080546238209387E-003
   9.5199761159167496E-003   9.7202456469193867E-003  -2.3589079098659997E-003
   9.5836264639143076E-003   9.7262790817143653E-003  -2.3108222480241500E-003
   9.6465544936815157E-003   9.7320346645464444E-003  -2.2617617105835765E-003
   9.7093102150582269E-003   9.7377467447877127E-003  -2.2124758954480848E-003
   9.7717223099050114E-003   9.7428694303865280E-003  -2.1626914750952288E-003
   9.8328108796614088E-003   9.7488671087307428E-003  -2.1113863632895879E-003
   9.8930052126564617E-003   9.7554616615074061E-003  -2.0591067865307656E-003
   9.9528723031831311E-003   9.7609503613554898E-003  -2.0063260548755994E-003
   1.0011966408828545E-002   9.7669565993436114E-003  -1.9527367668726401E-003
   1.0071182181419737E-002   9.7729215967166418E-003  -1.8992773328341519E-003
   1.0130538580181557E-002   9.7783151402780384E-003  -1.8459132286406245E-003
   1.0189846917957560E-002   9.7837406569458579E-003  -1.7924989530895058E-003
   1.0250123144508440E-002   9.7888555260987661E-003  -1.7401480731916521E-003
   1.0310974482545282E-002   9.7942521363540772E-003  -1.6884954715229066E-003
   1.0371131420127395E-002   9.7994926851265700E-003  -1.6360199580334289E-003
   1.0431392856569735E-002   9.8041333495762738E-003  -1.5836079030957448E-003
   1.0490953296734450E-002   9.8085877460819520E-003  -1.5303846720465494E-003
   1.0550484309611972E-002   9.8123760996552834E-003  -1.4770770095129731E-003
   1.0609888052925382E-002   9.8156413869183810E-003  -1.4235930569474957E-003
   1.0669458233720445E-002   9.8176593873016294E-003  -1.3702327605454199E-003
   1.0728625700080168E-002   9.8188712555987330E-003  -1.3164020787703300E-003
   1.0788096446722881E-002   9.8194013100070931E-003  -1.2628955433309011E-003
   1.0846983096993204E-002   9.8186311208413243E-003  -1.2087497288205389E-003
   1.0905711259111821E-002   9.8177920554090164E-003  -1.1544330744466423E-003
   1.0963357374576366E-002   9.8165398996967815E-003  -1.0989771687636757E-003
   1.1020608594711443E-002   9.8150619468753489E-003  -1.0431191930551009E-003
   1.1077648720987175E-002   9.8133835497571410E-003  -9.8705131474587397E-004
   1.1134237930815574E-002   9.8112714493820280E-003  -9.3054290503650073E-004
   1.1190536724274062E-002   9.8086305284149945E-003  -8.7376728187748068E-004
   1.1246928341395363E-002   9.8055472846563015E-003  -8.1710619182020301E-004
   1.1303177111145075E-002   9.8033442672056173E-003  -7.6026234768859411E-004
   1.1358501956592583E-002   9.8019430038379513E-003  -7.0249386201584304E-004
   1.1413786953496138E-002   9.8012925205692106E-003  -6.4467391749020329E-004
   1.1468577328512315E-002   9.7997525687505242E-003  -5.8640176844600156E-004
   1.1523260600283648E-002   9.7990627302476322E-003  -5.2801286612435454E-004
   1.1578854395800940E-002   9.7989194785653728E-003  -4.7048626900827881E-004
   1.1634709488266009E-002   9.7983693241900146E-003  -4.1321580564472295E-004
   1.1689666216380946E-002   9.7987773496353951E-003  -3.5508155112300182E-004
   1.1743879513168846E-002   9.8001985671147037E-003  -2.9626914941539595E-004
   1.1797522708103903E-002   9.8008535737108445E-003  -2.3692288919048535E-004
   1.1851724882816829E-002   9.8005954815324307E-003  -1.7808363662056461E-004
   1.1905850389142303E-002   9.7998258929991363E-003  -1.1917831172818489E-004
   1.1958931527926544E-002   9.7983730873026260E-003  -5.9342853496289379E-005
   1.2012500000009965E-002   9.7953991113080684E-003   7.9704581998887210E-015
