   3.5527136787908977E-015   3.5421283062121098E-015   7.1340190668711277E-015
   2.0043538969378711E-005   5.2760015050448426E-005  -5.6697772058289251E-005
   4.0405702416247065E-005   1.0547602943685019E-004  -1.1332289123016289E-004
   6.0374920965916012E-005   1.5861330751936449E-004  -1.6969362819144982E-004
   8.0681490150565489E-005   2.1156805582496409E-004  -2.2611559091818148E-004
   1.0128017149453943E-004   2.6373747509148753E-004  -2.8315983710304812E-004
   1.2187697820649867E-004   3.1504318666740662E-004  -3.4098280411583559E-004
   1.4133420802669216E-004   3.6630234521428147E-004  -3.9924012009621225E-004
   1.6053211128348274E-004   4.1835425542252109E-004  -4.5687725356658885E-004
   1.7938510156927429E-004   4.7040592211352201E-004  -5.1462834666910742E-004
   1.9851335616171732E-004   5.2263136188121658E-004  -5.7213150589862489E-004
   2.1768333907030312E-004   5.7473789375736832E-004  -6.2972856392580793E-004
   2.3728449267444292E-004   6.2750362330096180E-004  -6.8657548608166475E-004
   2.5613893905245802E-004   6.8078905614324771E-004  -7.4318972898126012E-004
   2.7499841095234153E-004   7.3376649357000383E-004  -8.0009062037194310E-004
   2.9410664303921457E-004   7.8667015753215068E-004  -8.5697715494875964E-004
   3.1308566584362563E-004   8.3989510898280022E-004  -9.1360666343524703E-004
   3.3196757807707575E-004   8.9368420630110592E-004  -9.6973336293342590E-004
   3.5105529014817336E-004   9.4770130622606795E-004  -1.0255707353840240E-003
   3.7062713706593477E-004   1.0017066948172268E-003  -1.0812516190225460E-003
   3.9122423082366061E-004   1.0554240233972419E-003  -1.1368412614366987E-003
   4.1191715104874505E-004   1.1098822471240636E-003  -1.1916692191137465E-003
   4.3319421400291519E-004   1.1637283486263721E-003  -1.2468768628930390E-003
   4.5455832894879234E-004   1.2168951284222376E-003  -1.3027057811525096E-003
   4.7494086960631049E-004   1.2704171122884694E-003  -1.3585622872877034E-003
   4.9571408982550984E-004   1.3238379072488986E-003  -1.4143717129106487E-003
   5.1635741972824278E-004   1.3778917395259479E-003  -1.4696169492973482E-003
   5.3819659833592487E-004   1.4313220888393758E-003  -1.5250087181428226E-003
   5.6054196838477418E-004   1.4859116107036789E-003  -1.5790519280111902E-003
   5.8237680424229755E-004   1.5416983018652821E-003  -1.6320715944427879E-003
   6.0421703126112953E-004   1.5971625809123053E-003  -1.6854262404136897E-003
   6.2584566802249809E-004   1.6530480328008038E-003  -1.7384264133547744E-003
   6.4845360221127857E-004   1.7083918101540841E-003  -1.7915860560887822E-003
   6.7067603016081139E-004   1.7632662042194570E-003  -1.8453909309590856E-003
   6.9257628765715209E-004   1.8192693110131402E-003  -1.8981548462415477E-003
   7.1450043976619977E-004   1.8754830471463216E-003  -1.9506843373168438E-003
   7.3647451510864593E-004   1.9319490316083304E-003  -2.0029216094544886E-003
   7.5870235413599547E-004   1.9882750225068812E-003  -2.0552026377708464E-003
   7.8246303764133249E-004   2.0447946520696435E-003  -2.1065929227701108E-003
   8.0655124888996763E-004   2.1011640432957593E-003  -2.1579957419112575E-003
   8.3093940919309460E-004   2.1575208954604866E-003  -2.2092707149104049E-003
   8.5504815217744617E-004   2.2137964389927797E-003  -2.2607666537768118E-003
   8.7984524963647694E-004   2.2701364018033834E-003  -2.3118637430769614E-003
   9.0446972387758838E-004   2.3264035196695842E-003  -2.3631243195476916E-003
   9.2979841154726048E-004   2.3829747700201335E-003  -2.4137024890207234E-003
   9.5534944146707728E-004   2.4399257177105723E-003  -2.4637398193826758E-003
   9.8157107222646318E-004   2.4967833268481603E-003  -2.5135357865884592E-003
   1.0087334052602363E-003   2.5538269710238311E-003  -2.5626095101967568E-003
   1.0368770038174102E-003   2.6106227221214581E-003  -2.6114170969246584E-003
   1.0664831779157082E-003   2.6668885616070309E-003  -2.6599725266986374E-003
   1.0961885032958185E-003   2.7235478944251418E-003  -2.7080070314572636E-003
   1.1257755856835714E-003   2.7802585998898109E-003  -2.7560538881059630E-003
   1.1555573357485192E-003   2.8365927795683038E-003  -2.8044223443206406E-003
   1.1860998767336184E-003   2.8928788197608497E-003  -2.8523705962636876E-003
   1.2163557605211705E-003   2.9494400893039664E-003  -2.9001764985784029E-003
   1.2460412704362279E-003   3.0065844455460164E-003  -2.9476453624865456E-003
   1.2766973802854843E-003   3.0635304223840206E-003  -2.9947342003898091E-003
   1.3078044967433659E-003   3.1210475542430599E-003  -3.0408224512092422E-003
   1.3393566801873100E-003   3.1785323919301953E-003  -3.0866476968427620E-003
   1.3710086011767611E-003   3.2364337859157768E-003  -3.1318758349857504E-003
   1.4026573510648674E-003   3.2950370502942538E-003  -3.1761930327977050E-003
   1.4343310253050420E-003   3.3538809290790004E-003  -3.2201723040152100E-003
   1.4661461675574709E-003   3.4123998768000345E-003  -3.2644817781568658E-003
   1.4987513363315436E-003   3.4711669301177475E-003  -3.3078792019868154E-003
   1.5325114839943857E-003   3.5298881130902729E-003  -3.3504476775272087E-003
   1.5663953636048636E-003   3.5888488710662698E-003  -3.3925844988662215E-003
   1.6005812498296873E-003   3.6477901692217444E-003  -3.4345040474932330E-003
   1.6351898678471347E-003   3.7064146389618352E-003  -3.4765208907256589E-003
   1.6712601180770175E-003   3.7644477518582208E-003  -3.5181273188073718E-003
   1.7075614611099909E-003   3.8229023092821363E-003  -3.5589351268343981E-003
   1.7443323557952098E-003   3.8808584595612324E-003  -3.6000324011762203E-003
   1.7820337379050189E-003   3.9382090861450206E-003  -3.6411360676812431E-003
   1.8194151481933079E-003   3.9961797988723466E-003  -3.6816579956295073E-003
   1.8559866653820260E-003   4.0553281965110769E-003  -3.7212053240068717E-003
   1.8934623716461050E-003   4.1143582753985089E-003  -3.7600771805302038E-003
   1.9310864388018189E-003   4.1737110139879931E-003  -3.7983091305171094E-003
   1.9693633155351640E-003   4.2335047735699675E-003  -3.8351817087807641E-003
   2.0082169737750096E-003   4.2932635027340326E-003  -3.8715037065971312E-003
   2.0482934492111128E-003   4.3524914986316611E-003  -3.9073634418099329E-003
   2.0884584565556996E-003   4.4123444572415522E-003  -3.9420678440278524E-003
   2.1286364319280078E-003   4.4724024702792334E-003  -3.9764009965153344E-003
   2.1693660033286978E-003   4.5322002092373255E-003  -4.0105379623853179E-003
   2.2108041002633977E-003   4.5922445200390774E-003  -4.0433642455461050E-003
   2.2521719253042996E-003   4.6531186240551664E-003  -4.0747178181194197E-003
   2.2941059018653769E-003   4.7136411849730084E-003  -4.1059997814231969E-003
   2.3368092204442844E-003   4.7736887372150857E-003  -4.1371561299850699E-003
   2.3794238218491680E-003   4.8339842977176122E-003  -4.1679529014509598E-003
   2.4235033379650483E-003   4.8938455329091690E-003  -4.1975101134819372E-003
   2.4678035028679189E-003   4.9537511986992040E-003  -4.2266443989911846E-003
   2.5122941955808896E-003   5.0134973770760392E-003  -4.2558158307739432E-003
   2.5567740390076768E-003   5.0736213886065605E-003  -4.2842173582965824E-003
   2.6015568678012589E-003   5.1343858149636079E-003  -4.3107160893342137E-003
   2.6461229186363626E-003   5.1955109769179150E-003  -4.3367464884858827E-003
   2.6920210532730810E-003   5.2557828544967091E-003  -4.3624498345335560E-003
   2.7387387031878249E-003   5.3157597951117219E-003  -4.3873542075404401E-003
   2.7868760820694413E-003   5.3752502195494089E-003  -4.4106712001849638E-003
   2.8353042085330596E-003   5.4351559948714401E-003  -4.4322585725832487E-003
   2.8846024066083234E-003   5.4949183802354218E-003  -4.4522121431592940E-003
   2.9349061887158382E-003   5.5544210060851380E-003  -4.4703495911663565E-003
   2.9853347710838978E-003   5.6142138799794945E-003  -4.4871356060529246E-003
   3.0358664052265397E-003   5.6740832254651300E-003  -4.5033286732607935E-003
   3.0867753944400418E-003   5.7337039423500363E-003  -4.5192549076605018E-003
   3.1375066707989259E-003   5.7934773412914751E-003  -4.5351759118496026E-003
   3.1888326285446603E-003   5.8527143733293199E-003  -4.5511952783472186E-003
   3.2412659318212002E-003   5.9114228787577293E-003  -4.5654802387834854E-003
   3.2938894813279024E-003   5.9701403578066425E-003  -4.5790087162172841E-003
   3.3469062569897036E-003   6.0287276035841083E-003  -4.5915289442224130E-003
   3.4001568127325437E-003   6.0872376261668732E-003  -4.6034014156875877E-003
   3.4526971357974555E-003   6.1463184291089320E-003  -4.6156068724636417E-003
   3.5058712752082111E-003   6.2050499754665424E-003  -4.6267026538573354E-003
   3.5591607819009763E-003   6.2636764411600227E-003  -4.6378006713317351E-003
   3.6125029387254113E-003   6.3223358251405688E-003  -4.6484632684584571E-003
   3.6656100827349067E-003   6.3813619848795411E-003  -4.6582379153340047E-003
   3.7187720867714377E-003   6.4404965657370089E-003  -4.6670073320294681E-003
   3.7729786195087956E-003   6.4986001879893830E-003  -4.6762604877158111E-003
   3.8275535244400604E-003   6.5564416071278026E-003  -4.6849754168305910E-003
   3.8814066506304258E-003   6.6149038099928489E-003  -4.6940314441829547E-003
   3.9362012131431076E-003   6.6724083895800057E-003  -4.7035592587806388E-003
   3.9913574293701333E-003   6.7297549713216135E-003  -4.7118755903528533E-003
   4.0470452494391239E-003   6.7866527464631064E-003  -4.7197184143339113E-003
   4.1032266844488186E-003   6.8431330870159148E-003  -4.7270408111642504E-003
   4.1594049655172150E-003   6.8997659012715535E-003  -4.7331009334178487E-003
   4.2163156309736544E-003   6.9557320136630603E-003  -4.7384833520262874E-003
   4.2732957294958698E-003   7.0115916811847156E-003  -4.7442249471954610E-003
   4.3308897127482667E-003   7.0669854406894741E-003  -4.7480281688593758E-003
   4.3888450204855314E-003   7.1220544839315511E-003  -4.7509578076688668E-003
   4.4470317916873387E-003   7.1769187375218917E-003  -4.7530104495141917E-003
   4.5054865309573566E-003   7.2315291611207196E-003  -4.7538736329897973E-003
   4.5638049587359815E-003   7.2862891428028048E-003  -4.7544262537064586E-003
   4.6223757878703824E-003   7.3407712512850096E-003  -4.7533502271330137E-003
   4.6806954837032479E-003   7.3955083205543464E-003  -4.7517173377732728E-003
   4.7392054855405217E-003   7.4500597603767114E-003  -4.7508687521670909E-003
   4.7985411205958761E-003   7.5036899186719892E-003  -4.7491113297946034E-003
   4.8591118673642630E-003   7.5559235354950146E-003  -4.7474279070426773E-003
   4.9193298192696643E-003   7.6084766745958335E-003  -4.7439687394654900E-003
   4.9793500752612829E-003   7.6611534268838325E-003  -4.7392012832130617E-003
   5.0388138628571309E-003   7.7143890037104411E-003  -4.7337211986943975E-003
   5.0991370850257409E-003   7.7664838632694371E-003  -4.7268484647832324E-003
   5.1591330820258017E-003   7.8187435474782151E-003  -4.7185174533413091E-003
   5.2192510940394388E-003   7.8706813864441207E-003  -4.7091214163490483E-003
   5.2797101726886619E-003   7.9219097695895600E-003  -4.6981508841887560E-003
   5.3417034939384229E-003   7.9713447687741225E-003  -4.6875203163695370E-003
   5.4034790784691046E-003   8.0209099954760606E-003  -4.6762479848932934E-003
   5.4656994429400979E-003   8.0696551357194220E-003  -4.6638973755004599E-003
   5.5275632938779446E-003   8.1185983783170629E-003  -4.6505773547850142E-003
   5.5894334456345505E-003   8.1672812518222577E-003  -4.6363624981918044E-003
   5.6511918211152173E-003   8.2156247983589514E-003  -4.6205889581162280E-003
   5.7144659419964142E-003   8.2618778110653338E-003  -4.6045563525004812E-003
   5.7771201861752967E-003   8.3084079979843621E-003  -4.5869669411228884E-003
   5.8402724959373551E-003   8.3540710241140851E-003  -4.5688928211044064E-003
   5.9036027206351184E-003   8.3986417056363324E-003  -4.5488245130276619E-003
   5.9672768243483262E-003   8.4428639228739770E-003  -4.5290759935641437E-003
   6.0307683757722151E-003   8.4875518947370963E-003  -4.5097936681686313E-003
   6.0946957155348733E-003   8.5307279028378133E-003  -4.4886010385590891E-003
   6.1587905150470995E-003   8.5730098265028778E-003  -4.4661489648793939E-003
   6.2229696714102166E-003   8.6146785985030828E-003  -4.4428090993978344E-003
   6.2874778025840241E-003   8.6557537334336042E-003  -4.4193243317175394E-003
   6.3520334463591987E-003   8.6965915149958724E-003  -4.3955578754470070E-003
   6.4167759926679994E-003   8.7373898961359275E-003  -4.3722363230124812E-003
   6.4821120984010260E-003   8.7771111848038378E-003  -4.3487116020274330E-003
   6.5476470601183471E-003   8.8157824548910791E-003  -4.3240194641577323E-003
   6.6132355650466747E-003   8.8541146211814307E-003  -4.2989437178689287E-003
   6.6795743407957785E-003   8.8906589019619956E-003  -4.2731816844486818E-003
   6.7460353818253604E-003   8.9262498589953859E-003  -4.2464195131989759E-003
   6.8118688926513907E-003   8.9613749969104876E-003  -4.2175720949329714E-003
   6.8777388554848978E-003   8.9959228117580236E-003  -4.1881171042948834E-003
   6.9435703666407287E-003   9.0301156350025644E-003  -4.1581660945552113E-003
   7.0090087872509491E-003   9.0646068851870168E-003  -4.1277002650937644E-003
   7.0743397947938330E-003   9.0980171519730244E-003  -4.0958315730303665E-003
   7.1398566798694376E-003   9.1301191592740288E-003  -4.0630139117326450E-003
   7.2055630314551890E-003   9.1608356275601072E-003  -4.0292622609426681E-003
   7.2717476252182412E-003   9.1906128370488147E-003  -3.9956034232249997E-003
   7.3375687694390143E-003   9.2201651715848633E-003  -3.9610456962645623E-003
   7.4034332243097713E-003   9.2491498732778007E-003  -3.9260920033277998E-003
   7.4691766896617775E-003   9.2777834269728732E-003  -3.8906248866838449E-003
   7.5355819652218603E-003   9.3053326081017958E-003  -3.8555338337556847E-003
   7.6017675791317995E-003   9.3314688287263331E-003  -3.8189775416591657E-003
   7.6678438852043618E-003   9.3564541474087867E-003  -3.7814321607389499E-003
   7.7335056579799447E-003   9.3809989247802816E-003  -3.7428823812615951E-003
   7.7989802148037074E-003   9.4057424055022029E-003  -3.7041416718822306E-003
   7.8642676500719350E-003   9.4307646011651102E-003  -3.6652644224032449E-003
   7.9293579687940725E-003   9.4559757880850158E-003  -3.6261793042779277E-003
   7.9944059046468067E-003   9.4805583184739018E-003  -3.5866259826654459E-003
   8.0593596188827908E-003   9.5032969833830933E-003  -3.5458342173279697E-003
   8.1244286484306351E-003   9.5247812793298036E-003  -3.5045492754735815E-003
   8.1897182750927493E-003   9.5452568472781836E-003  -3.4631003216830758E-003
   8.2552637376839839E-003   9.5655024499840084E-003  -3.4219432093163318E-003
   8.3207249088059106E-003   9.5855982319354559E-003  -3.3805790385625055E-003
   8.3861391861179413E-003   9.6055115540207552E-003  -3.3390527585880369E-003
   8.4507328929699591E-003   9.6240872531254198E-003  -3.2956638609946257E-003
   8.5156730426415184E-003   9.6415819314859472E-003  -3.2523428130199097E-003
   8.5804496267586766E-003   9.6569786067843399E-003  -3.2079926547118908E-003
   8.6450226892793944E-003   9.6715733868957092E-003  -3.1630781583620519E-003
   8.7087887825967446E-003   9.6855528461115333E-003  -3.1168346715278448E-003
   8.7719654458003338E-003   9.6995866246144102E-003  -3.0698052946711149E-003
   8.8354665394610888E-003   9.7124148181396697E-003  -3.0228686506555049E-003
   8.8985899086816769E-003   9.7254098412825098E-003  -2.9754706589047854E-003
   8.9609360989276396E-003   9.7376421581164621E-003  -2.9268566383025513E-003
   9.0228676164654711E-003   9.7494195172831647E-003  -2.8776044206638928E-003
   9.0847300042580844E-003   9.7592340272192653E-003  -2.8278377614381405E-003
   9.1460925767042085E-003   9.7676998267687103E-003  -2.7772120274326146E-003
   9.2072902101769365E-003   9.7762487176799272E-003  -2.7264009447979026E-003
   9.2678111461471906E-003   9.7855302195147924E-003  -2.6749124020772623E-003
   9.3286554247143452E-003   9.7949487165403960E-003  -2.6238314302898741E-003
   9.3893514903693187E-003   9.8034367768042412E-003  -2.5724121688324450E-003
   9.4492444060538389E-003   9.8108569043683733E-003  -2.5198975960226107E-003
   9.5094017513634183E-003   9.8175458800830954E-003  -2.4675874497077466E-003
   9.5698127522648342E-003   9.8252654031307628E-003  -2.4157133721449888E-003
   9.6295045202308017E-003   9.8330302191903564E-003  -2.3630199144951966E-003
   9.6897868428676859E-003   9.8395720059303235E-003  -2.3108351791619546E-003
   9.7490629847914491E-003   9.8454728049171478E-003  -2.2574355577240856E-003
   9.8074555119896639E-003   9.8506849890976581E-003  -2.2030007719317170E-003
   9.8656050450190297E-003   9.8559645886335482E-003  -2.1483129521271123E-003
   9.9237101748400891E-003   9.8607221540701583E-003  -2.0935301130555382E-003
   9.9817382897242485E-003   9.8644969674772445E-003  -2.0385893389900660E-003
   1.0039643123034158E-002   9.8669330968065138E-003  -1.9834432098539130E-003
   1.0097278231988322E-002   9.8689641111119053E-003  -1.9279989206828446E-003
   1.0155148364035209E-002   9.8718975238173950E-003  -1.8728405767148688E-003
   1.0212857552798960E-002   9.8744639345772454E-003  -1.8174956305902494E-003
   1.0269990075005266E-002   9.8767941682652103E-003  -1.7615452515293091E-003
   1.0327091389036492E-002   9.8783962338308742E-003  -1.7055374545355728E-003
   1.0383892705085612E-002   9.8798663736760790E-003  -1.6492218333403307E-003
   1.0439669489542750E-002   9.8800408142314580E-003  -1.5918727280505264E-003
   1.0495648794812623E-002   9.8797554221021124E-003  -1.5347217356095040E-003
   1.0552340466842955E-002   9.8795669096661733E-003  -1.4782769060208121E-003
   1.0608870754670562E-002   9.8790731137447848E-003  -1.4216722884859505E-003
   1.0665182520355931E-002   9.8779246318431314E-003  -1.3648597367711200E-003
   1.0721866895072233E-002   9.8769991603313463E-003  -1.3084148506778957E-003
   1.0777656686919703E-002   9.8753750144023929E-003  -1.2511011413733231E-003
   1.0833132914497017E-002   9.8733467463312692E-003  -1.1934966771120297E-003
   1.0889238956248487E-002   9.8714577729973035E-003  -1.1365006785002639E-003
   1.0945387968414350E-002   9.8696698935422916E-003  -1.0795437481314377E-003
   1.1001465132263999E-002   9.8666005269595850E-003  -1.0225706783078975E-003
   1.1058184347034072E-002   9.8635073012284264E-003  -9.6623807113437618E-004
   1.1114911544983400E-002   9.8604584217638850E-003  -9.0991108513558522E-004
   1.1171138443689631E-002   9.8582141989758260E-003  -8.5304721858132167E-004
   1.1226206545615767E-002   9.8549966637237110E-003  -7.9510628644121890E-004
   1.1282195953477347E-002   9.8525506149068597E-003  -7.3801685613762193E-004
   1.1338200958040071E-002   9.8495227959679750E-003  -6.8097063123067725E-004
   1.1393478284975939E-002   9.8458919949645993E-003  -6.2325378440967062E-004
   1.1448524333828021E-002   9.8424165972719919E-003  -5.6530679038136649E-004
   1.1504402136169843E-002   9.8389995224372161E-003  -5.0815790755654095E-004
   1.1560649433025229E-002   9.8354776075096437E-003  -4.5137905842655121E-004
   1.1618407505866860E-002   9.8313701151816740E-003  -3.9617821127373767E-004
   1.1675838431495857E-002   9.8268994537895615E-003  -3.4066513203313381E-004
   1.1732357649105567E-002   9.8217855290329541E-003  -2.8427873458900551E-004
   1.1789048349405988E-002   9.8166612313350613E-003  -2.2806569275958237E-004
   1.1845128597128513E-002   9.8110231168222154E-003  -1.7129230569935827E-004
   1.1900765007794327E-002   9.8059325541294800E-003  -1.1403258179269035E-004
   1.1956310232638103E-002   9.8004814822189347E-003  -5.6717541768999596E-005
   1.2012500000009972E-002   9.7953991113080459E-003   7.9701310763728679E-015
