   3.5527136787907301E-015   3.5421283062121468E-015   7.1340190668710709E-015
   8.9593136651903349E-006   6.5076176368584882E-005  -4.5659850711251536E-005
   1.6993627216730825E-005   1.3047151943800254E-004  -9.1034941949083480E-005
   2.5655015899201732E-005   1.9623750248643667E-004  -1.3575424222117042E-004
   3.5101794637727244E-005   2.6272269353693612E-004  -1.7923386665078068E-004
   4.4469310870359325E-005   3.2949852322243945E-004  -2.2228311997718345E-004
   5.5202275670011183E-005   3.9645236356340762E-004  -2.6473293424537659E-004
   6.6525821712434916E-005   4.6354249535396390E-004  -3.0681251972099167E-004
   7.8181742103725289E-005   5.3067405854028576E-004  -3.4873498081828131E-004
   8.9226543263998948E-005   5.9779619185046243E-004  -3.9083761244365357E-004
   1.0046678678846073E-004   6.6485866946852353E-004  -4.3298356154072100E-004
   1.1042855846710163E-004   7.3178325803291942E-004  -4.7566684342916090E-004
   1.2007621067969138E-004   7.9822747414454035E-004  -5.1916499221242270E-004
   1.3083516442878061E-004   8.6463458591691696E-004  -5.6245864556699380E-004
   1.4237477279462757E-004   9.3037525177589603E-004  -6.0656082565917538E-004
   1.5479419835053116E-004   9.9642811588232993E-004  -6.4995180424296645E-004
   1.6613159623090010E-004   1.0624350973292231E-003  -6.9370728166620176E-004
   1.7790691173832939E-004   1.1278056418674363E-003  -7.3829465485562753E-004
   1.8930242521312613E-004   1.1935162418567125E-003  -7.8247903354656579E-004
   2.0093292441029142E-004   1.2583235111511412E-003  -8.2791854637875373E-004
   2.1322387319327833E-004   1.3223527052340829E-003  -8.7427795629585827E-004
   2.2512347335438545E-004   1.3865981082262068E-003  -9.2043992909116837E-004
   2.3707813933107640E-004   1.4507159694667686E-003  -9.6676471530679411E-004
   2.4916848760556668E-004   1.5156116593676488E-003  -1.0119573353483129E-003
   2.6117242273655664E-004   1.5810955390215718E-003  -1.0563168556917966E-003
   2.7359455873089125E-004   1.6465718608488008E-003  -1.1005722713847170E-003
   2.8517091255756143E-004   1.7122875867031002E-003  -1.1447019825129908E-003
   2.9674124422906866E-004   1.7776369379035059E-003  -1.1893740065160323E-003
   3.0829868896052013E-004   1.8431299621764496E-003  -1.2338384781279822E-003
   3.2068991838433709E-004   1.9082424507507435E-003  -1.2786360367806609E-003
   3.3336167239755491E-004   1.9736681938714072E-003  -1.3228954854942771E-003
   3.4663144549757315E-004   2.0391431927402007E-003  -1.3669061391786985E-003
   3.5885836495723120E-004   2.1041748369445184E-003  -1.4118659844655360E-003
   3.7089789169269415E-004   2.1686132121075527E-003  -1.4577216884746164E-003
   3.8392104926445847E-004   2.2330603972840917E-003  -1.5032953397937341E-003
   3.9690781539627513E-004   2.2974047951066041E-003  -1.5490243500900335E-003
   4.0917878849633464E-004   2.3619903297722998E-003  -1.5946108823109151E-003
   4.2137351337981848E-004   2.4262116812019865E-003  -1.6407292810896163E-003
   4.3441917436069533E-004   2.4908739727780766E-003  -1.6859907302113914E-003
   4.4827863380070472E-004   2.5548345505651822E-003  -1.7320011624759701E-003
   4.6216740220630524E-004   2.6192195400862226E-003  -1.7774068365866908E-003
   4.7686806988703456E-004   2.6837140122934920E-003  -1.8223996519278959E-003
   4.9250127147755529E-004   2.7475033883473214E-003  -1.8680780767856321E-003
   5.0830624548447718E-004   2.8117160190393457E-003  -1.9130996365211731E-003
   5.2507548439075901E-004   2.8767454457766604E-003  -1.9565733791403243E-003
   5.4290738871713414E-004   2.9419820502205873E-003  -1.9993075414838440E-003
   5.6325493488436048E-004   3.0067643572512749E-003  -2.0416068328163207E-003
   5.8440351689082381E-004   3.0715972649343198E-003  -2.0834330397442556E-003
   6.0636944635754223E-004   3.1368016394465515E-003  -2.1242483247710577E-003
   6.2844737227477120E-004   3.2020745893402902E-003  -2.1648932161800602E-003
   6.5017027027538415E-004   3.2672114376223037E-003  -2.2059457032799407E-003
   6.7234321747213052E-004   3.3326338633192691E-003  -2.2462974891248435E-003
   6.9435203540614055E-004   3.3980578364052601E-003  -2.2867365256161306E-003
   7.1809044512291206E-004   3.4635159791650441E-003  -2.3261283959110195E-003
   7.4150833061034996E-004   3.5287001395036223E-003  -2.3661612310898494E-003
   7.6548333587835580E-004   3.5946511449227521E-003  -2.4045756033556696E-003
   7.8969992735539619E-004   3.6605293683521388E-003  -2.4429633146614816E-003
   8.1345071736308437E-004   3.7270055415142577E-003  -2.4806039627809245E-003
   8.3775127320818077E-004   3.7937067191534668E-003  -2.5174880497087744E-003
   8.6274211512882249E-004   3.8598542681529983E-003  -2.5549040835600957E-003
   8.8753958247663009E-004   3.9258601737718630E-003  -2.5926970197220692E-003
   9.1245847835032929E-004   3.9920704064065216E-003  -2.6300501150433048E-003
   9.3797233413670433E-004   4.0573406397250017E-003  -2.6686356022507887E-003
   9.6450515220645235E-004   4.1227392174949667E-003  -2.7063056908156963E-003
   9.9169808138944841E-004   4.1877632567687440E-003  -2.7441530015343348E-003
   1.0190850647924304E-003   4.2528464414263167E-003  -2.7817579507570635E-003
   1.0465452835287713E-003   4.3173454133280673E-003  -2.8203042737064061E-003
   1.0739019118636754E-003   4.3819856309782520E-003  -2.8586873058540248E-003
   1.1018147225106516E-003   4.4467449088742301E-003  -2.8964644276338186E-003
   1.1300994436069180E-003   4.5115864207814294E-003  -2.9338215269802538E-003
   1.1577250806370399E-003   4.5772915856201156E-003  -2.9701485899179775E-003
   1.1860373922385008E-003   4.6423031884901440E-003  -3.0071878189434926E-003
   1.2153809230465325E-003   4.7071145905987107E-003  -3.0437725065918359E-003
   1.2451375385536211E-003   4.7715718915682485E-003  -3.0806479751275101E-003
   1.2750010248203485E-003   4.8358855068584596E-003  -3.1176875631304789E-003
   1.3060428005021510E-003   4.9000653039322165E-003  -3.1539830424234618E-003
   1.3374936729018266E-003   4.9644161398172577E-003  -3.1896174717237695E-003
   1.3699998379097006E-003   5.0287134136718301E-003  -3.2243911658983698E-003
   1.4042521275177649E-003   5.0922682998051630E-003  -3.2588521162077808E-003
   1.4398476227844286E-003   5.1556014610836401E-003  -3.2923464650126523E-003
   1.4766809146912203E-003   5.2184782240764383E-003  -3.3253589062666507E-003
   1.5147182467997976E-003   5.2810426045168304E-003  -3.3575902524393226E-003
   1.5536177985115865E-003   5.3434381643692446E-003  -3.3891119749589207E-003
   1.5916831873210627E-003   5.4060560816984243E-003  -3.4212059402119188E-003
   1.6305501445897843E-003   5.4685601172444493E-003  -3.4525524738570146E-003
   1.6697813803255319E-003   5.5310755470611116E-003  -3.4834188176821393E-003
   1.7086154913293254E-003   5.5941442402413447E-003  -3.5136554141340626E-003
   1.7482399932930697E-003   5.6568826994452199E-003  -3.5435516443916974E-003
   1.7892179490274474E-003   5.7190405003498257E-003  -3.5728298773787352E-003
   1.8304410817461521E-003   5.7807748355512608E-003  -3.6026547862158696E-003
   1.8735248266301145E-003   5.8419694087001291E-003  -3.6309216421293415E-003
   1.9155160473391577E-003   5.9041525949177134E-003  -3.6586703132146328E-003
   1.9576606344443204E-003   5.9666368347990146E-003  -3.6854948082754931E-003
   2.0008755394623498E-003   6.0287652557443321E-003  -3.7114280163917596E-003
   2.0439167904687792E-003   6.0913371425875924E-003  -3.7365717969858885E-003
   2.0887760264664771E-003   6.1533762638999612E-003  -3.7597837844882496E-003
   2.1337795429899643E-003   6.2156498534402718E-003  -3.7820701826519008E-003
   2.1785013508815597E-003   6.2783584598713792E-003  -3.8036940258578014E-003
   2.2231944580433064E-003   6.3414229978975747E-003  -3.8243190158749334E-003
   2.2684542454782606E-003   6.4047064980012622E-003  -3.8429402467674749E-003
   2.3141649992831363E-003   6.4680612667956808E-003  -3.8601652362075045E-003
   2.3609881356492844E-003   6.5306028402393433E-003  -3.8773741146969297E-003
   2.4074043635381893E-003   6.5937396382128128E-003  -3.8934762427139074E-003
   2.4544731041090269E-003   6.6564016852239463E-003  -3.9095386687930120E-003
   2.5021930663327815E-003   6.7183030150366327E-003  -3.9265982868900923E-003
   2.5510395989875286E-003   6.7798072565640067E-003  -3.9418050134246265E-003
   2.6002268570285603E-003   6.8413784915009766E-003  -3.9555744234857108E-003
   2.6497936022379675E-003   6.9024668926025885E-003  -3.9701121340500953E-003
   2.6997077026538409E-003   6.9632841012387285E-003  -3.9845983244566610E-003
   2.7507221893898152E-003   7.0235211283708032E-003  -3.9975991978796494E-003
   2.8023679024586231E-003   7.0835311363125642E-003  -4.0090673827234535E-003
   2.8545249902155417E-003   7.1431947056451815E-003  -4.0200171175304904E-003
   2.9073533016682300E-003   7.2023140755688763E-003  -4.0306974550142231E-003
   2.9609615390150702E-003   7.2609632487596245E-003  -4.0399943022323805E-003
   3.0151121373724874E-003   7.3191137123289948E-003  -4.0492806516019900E-003
   3.0699152823568895E-003   7.3768478010836037E-003  -4.0572424542356517E-003
   3.1247068189269337E-003   7.4346440958756510E-003  -4.0648237354102444E-003
   3.1801936246507018E-003   7.4920526053816865E-003  -4.0698712528537606E-003
   3.2364319515247632E-003   7.5486880376802222E-003  -4.0753190409807145E-003
   3.2931894322358359E-003   7.6048644542474637E-003  -4.0800938303187772E-003
   3.3515507648434499E-003   7.6594017191475936E-003  -4.0845257145012467E-003
   3.4104800201434364E-003   7.7133866014206919E-003  -4.0881278460743794E-003
   3.4695402267109808E-003   7.7672111208677338E-003  -4.0919766271076269E-003
   3.5284612761706455E-003   7.8212489114270825E-003  -4.0948449228620336E-003
   3.5886262293961550E-003   7.8739375285482201E-003  -4.0968668088909848E-003
   3.6486035380731883E-003   7.9268762559353122E-003  -4.0973289653976454E-003
   3.7087537558364672E-003   7.9796181303606120E-003  -4.0978249376796561E-003
   3.7705172116405850E-003   8.0304383772251253E-003  -4.0962193130962667E-003
   3.8321362845717892E-003   8.0814084786445754E-003  -4.0939524618734003E-003
   3.8940400881802874E-003   8.1320238495884000E-003  -4.0915022932551835E-003
   3.9559894686502185E-003   8.1824881509679950E-003  -4.0875489974795407E-003
   4.0184096566629017E-003   8.2323889847991626E-003  -4.0838575328987891E-003
   4.0814902187298286E-003   8.2814135142007545E-003  -4.0796816250983125E-003
   4.1446161384242012E-003   8.3302547976628633E-003  -4.0742366921351489E-003
   4.2083436209013137E-003   8.3782059474158625E-003  -4.0679521702025028E-003
   4.2728793663030871E-003   8.4249940742846374E-003  -4.0611691952174723E-003
   4.3380415478879502E-003   8.4707730855092707E-003  -4.0535421234319724E-003
   4.4031731268358749E-003   8.5165369265360596E-003  -4.0455704062456249E-003
   4.4681023690944857E-003   8.5623759590205354E-003  -4.0364612569002423E-003
   4.5334300707564473E-003   8.6077085075364629E-003  -4.0276719772521534E-003
   4.5995941278622852E-003   8.6519085532111312E-003  -4.0193850286964726E-003
   4.6651282682411309E-003   8.6966652931906724E-003  -4.0092800464004170E-003
   4.7308860080216789E-003   8.7408555138187068E-003  -3.9981830171180958E-003
   4.7974358245801247E-003   8.7839191707594546E-003  -3.9873828610249877E-003
   4.8643105559046081E-003   8.8265235024028010E-003  -3.9767696034633572E-003
   4.9317463950964008E-003   8.8679865890490001E-003  -3.9652275049794237E-003
   4.9993326027894724E-003   8.9089163548300362E-003  -3.9527031765388982E-003
   5.0675504479606899E-003   8.9487580782070895E-003  -3.9400951362846600E-003
   5.1364055473326481E-003   8.9875202699513015E-003  -3.9275864280151158E-003
   5.2054355498215941E-003   9.0258718896470413E-003  -3.9147797102008748E-003
   5.2748053908684691E-003   9.0632048537784698E-003  -3.9008486318866066E-003
   5.3437303947499780E-003   9.1009771264004176E-003  -3.8859288710642228E-003
   5.4125419378365141E-003   9.1384357494885132E-003  -3.8697479224356324E-003
   5.4815482663852482E-003   9.1748395533444993E-003  -3.8520592345406249E-003
   5.5518086693013766E-003   9.2087766011122955E-003  -3.8344027179919959E-003
   5.6223638308635889E-003   9.2421504478143925E-003  -3.8168483588319774E-003
   5.6925313815929983E-003   9.2755920607893103E-003  -3.7979228903743945E-003
   5.7629440330610069E-003   9.3077140210394357E-003  -3.7776685532398850E-003
   5.8341977164065740E-003   9.3379187071622235E-003  -3.7574055435885523E-003
   5.9056361077306800E-003   9.3665868266279116E-003  -3.7356180436280868E-003
   5.9768447289835821E-003   9.3949614022914487E-003  -3.7127222858302634E-003
   6.0482159900418463E-003   9.4223704131150849E-003  -3.6891661990630631E-003
   6.1197465037815240E-003   9.4488404599304705E-003  -3.6650265591041419E-003
   6.1919381293096517E-003   9.4733628588359806E-003  -3.6407980394873325E-003
   6.2643529561586921E-003   9.4973175035502379E-003  -3.6166678125759116E-003
   6.3362746291288916E-003   9.5211640733954186E-003  -3.5910043355755301E-003
   6.4079014760484183E-003   9.5433446572380891E-003  -3.5631185594932396E-003
   6.4795654852149399E-003   9.5656875714362766E-003  -3.5354587697030890E-003
   6.5517285778516352E-003   9.5863504025433706E-003  -3.5077904578836288E-003
   6.6235892773002635E-003   9.6065930119603963E-003  -3.4790454298869577E-003
   6.6956850078161790E-003   9.6259305804263680E-003  -3.4502658523903971E-003
   6.7678429515553602E-003   9.6441055322720737E-003  -3.4208906537742823E-003
   6.8389248624773219E-003   9.6626138087910259E-003  -3.3891919844689805E-003
   6.9099411117134312E-003   9.6809229805678212E-003  -3.3572315938142964E-003
   6.9808557143816816E-003   9.6984502307866371E-003  -3.3246138896512456E-003
   7.0517196045626731E-003   9.7154327681142245E-003  -3.2916002183455677E-003
   7.1222772627746395E-003   9.7313050726029800E-003  -3.2573995337489541E-003
   7.1928006992516098E-003   9.7476225975225341E-003  -3.2233380703293756E-003
   7.2631555412478281E-003   9.7627353388265638E-003  -3.1883837965419244E-003
   7.3333771104301384E-003   9.7776301120193337E-003  -3.1530698199072386E-003
   7.4031661846602819E-003   9.7928494852978047E-003  -3.1170440541016141E-003
   7.4728429839337803E-003   9.8073127679346971E-003  -3.0804933072625653E-003
   7.5417213063205969E-003   9.8221475420669779E-003  -3.0426025934742751E-003
   7.6108163733079022E-003   9.8351145605499735E-003  -3.0044223872974112E-003
   7.6803140315279874E-003   9.8458818448983135E-003  -2.9662891853325423E-003
   7.7499309978168573E-003   9.8574497580779224E-003  -2.9286107910930746E-003
   7.8189090786159442E-003   9.8697641353739807E-003  -2.8900053449155672E-003
   7.8875606967215694E-003   9.8823055297960535E-003  -2.8508943649172076E-003
   7.9562612794248089E-003   9.8940278237281722E-003  -2.8116156459652457E-003
   8.0250503262111941E-003   9.9046152768494933E-003  -2.7721698239428177E-003
   8.0938553589083341E-003   9.9145905305577115E-003  -2.7325925350365292E-003
   8.1621018194571945E-003   9.9240480127875588E-003  -2.6919357194399949E-003
   8.2299099118946419E-003   9.9330916327091383E-003  -2.6504595150471594E-003
   8.2975882407980723E-003   9.9422792122598452E-003  -2.6088033967667300E-003
   8.3656374877339665E-003   9.9500804521758107E-003  -2.5674701093632533E-003
   8.4335944309565248E-003   9.9578692472675045E-003  -2.5259829000647167E-003
   8.5012508521148875E-003   9.9651003695738517E-003  -2.4839077347468220E-003
   8.5687706155189343E-003   9.9715316910315068E-003  -2.4414846317642211E-003
   8.6364653270531513E-003   9.9777394099317841E-003  -2.3993077393687110E-003
   8.7045308238533105E-003   9.9831283968157651E-003  -2.3576178489273774E-003
   8.7728081902554485E-003   9.9882971113624767E-003  -2.3162477434168658E-003
   8.8408095776853161E-003   9.9933145140692400E-003  -2.2744071294792025E-003
   8.9089010710189757E-003   9.9979662139051580E-003  -2.2326709314902673E-003
   8.9775936721029678E-003   1.0001216460665980E-002  -2.1917959703061144E-003
   9.0459330632048449E-003   1.0004041558244548E-002  -2.1503020376246787E-003
   9.1144365933268582E-003   1.0007583116791750E-002  -2.1091350153421310E-003
   9.1820434298065870E-003   1.0010922733505541E-002  -2.0664950971947043E-003
   9.2491179446802328E-003   1.0013861568070144E-002  -2.0229936869323897E-003
   9.3159441059108977E-003   1.0015210168348139E-002  -1.9790340979565211E-003
   9.3827316878584699E-003   1.0015961702897867E-002  -1.9350016770421333E-003
   9.4493798453963249E-003   1.0016065718333638E-002  -1.8907522445337174E-003
   9.5162095158277914E-003   1.0016112894066545E-002  -1.8467773320826881E-003
   9.5826149404472302E-003   1.0016313756343043E-002  -1.8021647863877921E-003
   9.6491123229654092E-003   1.0016322695966742E-002  -1.7576889723394818E-003
   9.7154850061396715E-003   1.0016791235379132E-002  -1.7130297360343034E-003
   9.7815494591615669E-003   1.0016269042039228E-002  -1.6679163747480125E-003
   9.8467348025236094E-003   1.0015908276878111E-002  -1.6215402940143735E-003
   9.9119496720172957E-003   1.0015984198125208E-002  -1.5752044004180030E-003
   9.9767882803975631E-003   1.0016835226608529E-002  -1.5283511123014367E-003
   1.0041593614238871E-002   1.0016766117957576E-002  -1.4814441412906196E-003
   1.0105962565325376E-002   1.0016757933609361E-002  -1.4339400565040645E-003
   1.0170301760943440E-002   1.0016349305339440E-002  -1.3863974341871861E-003
   1.0234223423385046E-002   1.0014977582523631E-002  -1.3383127231173348E-003
   1.0297919805250010E-002   1.0013266249429813E-002  -1.2899408068804477E-003
   1.0361961322357161E-002   1.0010380917064987E-002  -1.2420831121428600E-003
   1.0426703122321074E-002   1.0008022763834779E-002  -1.1951476409803592E-003
   1.0490946567731363E-002   1.0004303862154403E-002  -1.1476192337922830E-003
   1.0555666860723944E-002   9.9992835419915795E-003  -1.1008636987086878E-003
   1.0620835749120160E-002   9.9949343951739270E-003  -1.0546673687059380E-003
   1.0686455145988878E-002   9.9912628267453413E-003  -1.0090536170475426E-003
   1.0752245243853315E-002   9.9874513216053496E-003  -9.6369796193695404E-004
   1.0818312874939888E-002   9.9829668572635876E-003  -9.1880968173581291E-004
   1.0883600191176028E-002   9.9783742292736174E-003  -8.7280452866996927E-004
   1.0948795697503504E-002   9.9721619696302999E-003  -8.2685941156960890E-004
   1.1013740403825363E-002   9.9657850013462803E-003  -7.8058285810070241E-004
   1.1078386896330795E-002   9.9589680602694079E-003  -7.3395282148341684E-004
   1.1143568721882857E-002   9.9513100763906105E-003  -6.8820694843816017E-004
   1.1207799386550180E-002   9.9426537391359582E-003  -6.4130823265994116E-004
   1.1271610037684973E-002   9.9336386870316172E-003  -5.9390644327354119E-004
   1.1335932161742914E-002   9.9248737735695893E-003  -5.4715346855788854E-004
   1.1399284113044715E-002   9.9147304151252155E-003  -4.9936599586857357E-004
   1.1462138223998938E-002   9.9038921686528791E-003  -4.5107631630237520E-004
   1.1524374157849234E-002   9.8923613079967502E-003  -4.0215057882966691E-004
   1.1586621760820806E-002   9.8820782649483453E-003  -3.5296221691503038E-004
   1.1648886444648357E-002   9.8710229132794418E-003  -3.0396335625498610E-004
   1.1710354816654008E-002   9.8599279791749556E-003  -2.5397794155561609E-004
   1.1771919847617168E-002   9.8474512945535136E-003  -2.0443927683359121E-004
   1.1832811971430863E-002   9.8352528879916707E-003  -1.5400765844791225E-004
   1.1893158520623545E-002   9.8227363365272821E-003  -1.0300148291873541E-004
   1.1953152434135477E-002   9.8090636214153478E-003  -5.1876271878763280E-005
   1.2012500000009916E-002   9.7953991113080771E-003   7.9776276961281388E-015
