   3.5527136787907269E-015   3.5421283062121559E-015   7.1340190668710756E-015
   1.5664384316706611E-006   7.3404016047908462E-005  -3.1771004043987270E-005
   3.4833799293371906E-006   1.4695038671712479E-004  -6.3191645204434705E-005
   5.0681825955496300E-006   2.2013380649512572E-004  -9.5466642759309167E-005
   7.1372623037743063E-006   2.9324553308640101E-004  -1.2787643051085284E-004
   9.7424102482776566E-006   3.6663192751359454E-004  -1.5961993881853689E-004
   1.2628842872270909E-005   4.4014917277833811E-004  -1.9103463532493836E-004
   1.6668922488558510E-005   5.1418366011012095E-004  -2.2107747864348371E-004
   1.9556905736501974E-005   5.8839678813841037E-004  -2.5081081316011983E-004
   2.1466750692256124E-005   6.6254723568352661E-004  -2.8077852284346186E-004
   2.4595380989139093E-005   7.3696803689456494E-004  -3.0996338233650465E-004
   2.8354452932902481E-005   8.1117782297686445E-004  -3.3960755596303344E-004
   3.1534566236198100E-005   8.8503886467150052E-004  -3.7017605927340178E-004
   3.3972090910547278E-005   9.5905896742267283E-004  -4.0042639584472950E-004
   3.6056248805535834E-005   1.0324506992188595E-003  -4.3219603524349376E-004
   3.8908419427066924E-005   1.1056329804323725E-003  -4.6438638860272580E-004
   4.2495783180797056E-005   1.1791386773982355E-003  -4.9575585353005898E-004
   4.6269989165704946E-005   1.2524448292944069E-003  -5.2756722665063928E-004
   5.0114987223617960E-005   1.3256564221894962E-003  -5.5958719939120652E-004
   5.3413715595003343E-005   1.3987502255566437E-003  -5.9193552688830396E-004
   5.6740126939551531E-005   1.4714509840951964E-003  -6.2515501966348347E-004
   5.9624810805398648E-005   1.5442058677836107E-003  -6.5829722116629433E-004
   6.3167389849813320E-005   1.6170315674549278E-003  -6.9121936550253999E-004
   6.8079636030639936E-005   1.6902072742324503E-003  -7.2317536291142829E-004
   7.3909060623387996E-005   1.7634895805852130E-003  -7.5473041611689160E-004
   8.0132071207493459E-005   1.8362668869097108E-003  -7.8736073674442000E-004
   8.5987703133959546E-005   1.9088574706252670E-003  -8.2047144086435015E-004
   9.3034523384437736E-005   1.9822097517026701E-003  -8.5161281512650283E-004
   1.0029256979316984E-004   2.0555108553606300E-003  -8.8282609687828357E-004
   1.0706159988112403E-004   2.1287860812393600E-003  -9.1420955590222099E-004
   1.1530654886604667E-004   2.2022008494572876E-003  -9.4490634135017460E-004
   1.2322291031903137E-004   2.2761681655760397E-003  -9.7433706271846511E-004
   1.3171666393078951E-004   2.3497909861266019E-003  -1.0044624081831997E-003
   1.4019367020578070E-004   2.4229915632614676E-003  -1.0356042748511964E-003
   1.4862614909192016E-004   2.4962914743429801E-003  -1.0665237887569090E-003
   1.5744361707120845E-004   2.5688284169360386E-003  -1.0990913220694119E-003
   1.6730574392015172E-004   2.6407272670780197E-003  -1.1327557512354571E-003
   1.7733470723446906E-004   2.7118840227927871E-003  -1.1679144771985478E-003
   1.8735939050533226E-004   2.7831858368372263E-003  -1.2027793167677069E-003
   1.9711616752216051E-004   2.8541369672879305E-003  -1.2384267906475313E-003
   2.0730291350145065E-004   2.9250255313812003E-003  -1.2740784623059202E-003
   2.1817153207163813E-004   2.9959439955690769E-003  -1.3094683559976535E-003
   2.2857525000555287E-004   3.0665324944145430E-003  -1.3456488268442012E-003
   2.3933919476267252E-004   3.1366401402358494E-003  -1.3826495765046209E-003
   2.5067747496527429E-004   3.2072385668604451E-003  -1.4185286173611085E-003
   2.6257495450402916E-004   3.2782253170433691E-003  -1.4534475417655804E-003
   2.7479967732123290E-004   3.3496797817069010E-003  -1.4872826657961642E-003
   2.8724651441287548E-004   3.4209203929749131E-003  -1.5214857589028964E-003
   3.0037912735526862E-004   3.4919118977233400E-003  -1.5559493735645459E-003
   3.1462362141331641E-004   3.5626529834458980E-003  -1.5904862115510674E-003
   3.2963524514358528E-004   3.6337097588448656E-003  -1.6240359629903429E-003
   3.4629552061662207E-004   3.7042170359580396E-003  -1.6579646984158385E-003
   3.6375911385735715E-004   3.7740441567537799E-003  -1.6928816872042417E-003
   3.8163638491607718E-004   3.8439939439554294E-003  -1.7273407998556240E-003
   4.0138461306128849E-004   3.9135838484834094E-003  -1.7615058797634587E-003
   4.2211650311329798E-004   3.9831270262863112E-003  -1.7951798332870852E-003
   4.4323454579121960E-004   4.0525890817579993E-003  -1.8287811893219288E-003
   4.6568964204535913E-004   4.1219912540444862E-003  -1.8616309556719803E-003
   4.8938426889441004E-004   4.1908180616958132E-003  -1.8948188328011856E-003
   5.1307943026262224E-004   4.2596723539859742E-003  -1.9279492684864379E-003
   5.3705548827391505E-004   4.3281180658299393E-003  -1.9617180878256659E-003
   5.6313759291208457E-004   4.3963696560374108E-003  -1.9942979014986794E-003
   5.8845826061865050E-004   4.4648262827331571E-003  -2.0270477727338159E-003
   6.1343017604552363E-004   4.5337135271933489E-003  -2.0591561979853685E-003
   6.3752872160178294E-004   4.6024607331583301E-003  -2.0922179853500745E-003
   6.6218389117271396E-004   4.6710262537372144E-003  -2.1252466394603479E-003
   6.8675665165978316E-004   4.7402537198815700E-003  -2.1569284540484670E-003
   7.1180255887886982E-004   4.8096687197487862E-003  -2.1878195584892151E-003
   7.3807121886912473E-004   4.8788808179509946E-003  -2.2181451741724594E-003
   7.6543651356948705E-004   4.9476296750361054E-003  -2.2485546345578831E-003
   7.9308454073435670E-004   5.0164338627553878E-003  -2.2785807957451552E-003
   8.2165690606255304E-004   5.0851266206429248E-003  -2.3079904019327087E-003
   8.5147582807098036E-004   5.1532816664678471E-003  -2.3374135498396664E-003
   8.8127185444780687E-004   5.2216099019125337E-003  -2.3664557441029034E-003
   9.1117018267515581E-004   5.2899813635696987E-003  -2.3952903275608656E-003
   9.4172691840130882E-004   5.3577063731316292E-003  -2.4249485302812001E-003
   9.7226057017404650E-004   5.4259570310397336E-003  -2.4534010136508608E-003
   1.0038166113818460E-003   5.4938958638740846E-003  -2.4814818122793937E-003
   1.0353310967910732E-003   5.5616960999354146E-003  -2.5099416996727988E-003
   1.0669171048001843E-003   5.6296213691501536E-003  -2.5380216195945915E-003
   1.0992111928921403E-003   5.6972455206508758E-003  -2.5660227981918254E-003
   1.1320640118569485E-003   5.7648108184287766E-003  -2.5935113927746663E-003
   1.1659169741813713E-003   5.8315671676479721E-003  -2.6217526176786437E-003
   1.1996059796498355E-003   5.8983319913580570E-003  -2.6501693245082657E-003
   1.2320038563039806E-003   5.9661207755269847E-003  -2.6776476491952705E-003
   1.2642497469881142E-003   6.0345060523761792E-003  -2.7037944740104071E-003
   1.2983871304274581E-003   6.1022433179033341E-003  -2.7292169426702548E-003
   1.3337964254612181E-003   6.1688928701861588E-003  -2.7557502991946256E-003
   1.3697650074538225E-003   6.2352307455212355E-003  -2.7823124414604588E-003
   1.4064628621615954E-003   6.3015055728487812E-003  -2.8080207032379566E-003
   1.4441415288861551E-003   6.3673697758406715E-003  -2.8333628585810212E-003
   1.4823066287793282E-003   6.4334674624340459E-003  -2.8573320260456762E-003
   1.5209042062069506E-003   6.4990347358001698E-003  -2.8820536698243942E-003
   1.5611452831196535E-003   6.5643355583208602E-003  -2.9047793886274971E-003
   1.6015783372800277E-003   6.6299256122705971E-003  -2.9262994482929946E-003
   1.6422172568254084E-003   6.6953118852608497E-003  -2.9480506209959602E-003
   1.6833748881680262E-003   6.7605526259880309E-003  -2.9692566373230853E-003
   1.7255217622716048E-003   6.8252856613361572E-003  -2.9900718998608932E-003
   1.7694889444211563E-003   6.8888205634952144E-003  -3.0108132377853394E-003
   1.8134518465856815E-003   6.9526483898270080E-003  -3.0306443195261398E-003
   1.8570237710995119E-003   7.0169395835832137E-003  -3.0498310285505749E-003
   1.9013807150809045E-003   7.0808391202115909E-003  -3.0685208853225053E-003
   1.9455186998823212E-003   7.1449608088184719E-003  -3.0869666800827254E-003
   1.9913025260898396E-003   7.2083634103096376E-003  -3.1038175372729744E-003
   2.0373016187106444E-003   7.2719165629282941E-003  -3.1194725769443511E-003
   2.0830622682323921E-003   7.3355499744641971E-003  -3.1354960566475575E-003
   2.1303819540858240E-003   7.3980161744609634E-003  -3.1515839765686418E-003
   2.1786278464449847E-003   7.4600722997135828E-003  -3.1664625247961996E-003
   2.2275264112425054E-003   7.5217815686628563E-003  -3.1806363205334055E-003
   2.2774718885453702E-003   7.5830835925261991E-003  -3.1927817382561381E-003
   2.3284220506483554E-003   7.6436558740736807E-003  -3.2044041168842489E-003
   2.3796325875767850E-003   7.7038075645774863E-003  -3.2170237459665514E-003
   2.4314464663365886E-003   7.7637707955734775E-003  -3.2279659987627584E-003
   2.4846824003473523E-003   7.8227786418645744E-003  -3.2371316630415057E-003
   2.5384600483239063E-003   7.8815352388972200E-003  -3.2445900062673685E-003
   2.5931084261724166E-003   7.9395341731053354E-003  -3.2516382993191648E-003
   2.6484758209541753E-003   7.9968278640617958E-003  -3.2588413936070898E-003
   2.7050015787473286E-003   8.0529802326829852E-003  -3.2660351554615985E-003
   2.7623173920512199E-003   8.1083148988593777E-003  -3.2733133599904857E-003
   2.8206413383079255E-003   8.1626086004395314E-003  -3.2804204881003909E-003
   2.8786075003408157E-003   8.2174935759363171E-003  -3.2856705859872610E-003
   2.9374011020429532E-003   8.2716061905642926E-003  -3.2895612585743862E-003
   2.9958243570999692E-003   8.3261655556326544E-003  -3.2927233719199510E-003
   3.0545500477526816E-003   8.3804541141181878E-003  -3.2947347578695871E-003
   3.1145847888736427E-003   8.4333066424670169E-003  -3.2962968396704961E-003
   3.1747504999095622E-003   8.4860105340426231E-003  -3.2978418414309932E-003
   3.2353589749925856E-003   8.5382225701725375E-003  -3.2985601969457655E-003
   3.2970816391979050E-003   8.5891012834678655E-003  -3.2998521920588578E-003
   3.3607332248548152E-003   8.6375552173301243E-003  -3.3006840205878595E-003
   3.4252783673147766E-003   8.6848193962241090E-003  -3.3008322823004296E-003
   3.4902298682965259E-003   8.7315218616815220E-003  -3.3012591807294132E-003
   3.5553437293705621E-003   8.7779572176839519E-003  -3.2992735301324177E-003
   3.6209513484032779E-003   8.8236606341616109E-003  -3.2966585642026256E-003
   3.6870507822912763E-003   8.8686050253950453E-003  -3.2933621208503226E-003
   3.7541781550864250E-003   8.9120119312742930E-003  -3.2902386059958945E-003
   3.8221872479740379E-003   8.9539156632244595E-003  -3.2858980376736522E-003
   3.8909649780990391E-003   8.9943516938254010E-003  -3.2800200048639667E-003
   3.9593146334616800E-003   9.0353066390459064E-003  -3.2728773813620157E-003
   4.0281474078588952E-003   9.0753481780222571E-003  -3.2652142014500240E-003
   4.0972372078537786E-003   9.1145946309547903E-003  -3.2559235897905705E-003
   4.1658547790841211E-003   9.1544884596011528E-003  -3.2459180232854911E-003
   4.2341429172660736E-003   9.1947503578369144E-003  -3.2351611775544081E-003
   4.3027890818708768E-003   9.2340053660238640E-003  -3.2230472014774629E-003
   4.3720017594644804E-003   9.2723852933627466E-003  -3.2113601812203711E-003
   4.4417350382899073E-003   9.3096000148344005E-003  -3.1990178017657126E-003
   4.5113473455964592E-003   9.3466117435860654E-003  -3.1854436128230940E-003
   4.5807584700640171E-003   9.3838227119375991E-003  -3.1713922913701440E-003
   4.6499182381425259E-003   9.4211945386597773E-003  -3.1565506928274947E-003
   4.7197098041073205E-003   9.4570801388191936E-003  -3.1410148947381231E-003
   4.7901915025535344E-003   9.4916286171726292E-003  -3.1255639133560514E-003
   4.8614098494378062E-003   9.5249210826425512E-003  -3.1107463963323430E-003
   4.9328783667323345E-003   9.5580251494353317E-003  -3.0967331240662182E-003
   5.0048739400873968E-003   9.5895248069646326E-003  -3.0817528371215818E-003
   5.0769221376446069E-003   9.6204443019143326E-003  -3.0658455414615637E-003
   5.1487803286885663E-003   9.6511109273759010E-003  -3.0486420979562649E-003
   5.2209844718230014E-003   9.6811571599706055E-003  -3.0317961603636696E-003
   5.2934710007382273E-003   9.7108214790072034E-003  -3.0154948931742994E-003
   5.3656603212705383E-003   9.7408443474083298E-003  -2.9985441007478902E-003
   5.4381648729174168E-003   9.7698160224958860E-003  -2.9811161907372374E-003
   5.5108512718704070E-003   9.7979728867327136E-003  -2.9631195691982152E-003
   5.5839796005191849E-003   9.8244464154812368E-003  -2.9443739074444478E-003
   5.6572758632696335E-003   9.8505251281780434E-003  -2.9257309834773977E-003
   5.7307074056338623E-003   9.8756855593919897E-003  -2.9063722314833420E-003
   5.8048174504603768E-003   9.8996353337231155E-003  -2.8880935670728344E-003
   5.8791649519184712E-003   9.9226902977640249E-003  -2.8696296113282353E-003
   5.9527928318866717E-003   9.9470484756594580E-003  -2.8499925430905530E-003
   6.0264612380668478E-003   9.9707770374113935E-003  -2.8297460299337215E-003
   6.1002559988670322E-003   9.9934389360237640E-003  -2.8087514681223928E-003
   6.1744110443119962E-003   1.0014794111680894E-002  -2.7876567836050345E-003
   6.2486608934966253E-003   1.0034936802919612E-002  -2.7657197855986597E-003
   6.3227682901902151E-003   1.0054799248883159E-002  -2.7430575485216727E-003
   6.3971266651027718E-003   1.0073063346781737E-002  -2.7198787905456283E-003
   6.4716902822198842E-003   1.0090997969743583E-002  -2.6971056419411222E-003
   6.5467801241752494E-003   1.0107241278041555E-002  -2.6747971106547965E-003
   6.6217749530547319E-003   1.0122827232604137E-002  -2.6517134874900297E-003
   6.6969870824226509E-003   1.0136477175472251E-002  -2.6281165670472752E-003
   6.7720726447125391E-003   1.0150654243066975E-002  -2.6044275590677811E-003
   6.8469457334656200E-003   1.0164352731140077E-002  -2.5798029370940083E-003
   6.9217508400790835E-003   1.0177148422865273E-002  -2.5544955015090625E-003
   6.9963475134131696E-003   1.0188962085781406E-002  -2.5281179790960177E-003
   7.0706027925464127E-003   1.0199554673322531E-002  -2.5002980111453826E-003
   7.1442884314024315E-003   1.0210353879439452E-002  -2.4710780903758429E-003
   7.2176780000486216E-003   1.0220904708771576E-002  -2.4410339358020240E-003
   7.2908994474466630E-003   1.0230753463831708E-002  -2.4103480814267868E-003
   7.3636850126178946E-003   1.0240255130429360E-002  -2.3785364508967380E-003
   7.4363799749201367E-003   1.0249019235862395E-002  -2.3463086226283192E-003
   7.5090221257950425E-003   1.0257012929669683E-002  -2.3137629813062967E-003
   7.5816981793445665E-003   1.0263154719066699E-002  -2.2808924829460430E-003
   7.6545110444492578E-003   1.0269137750474437E-002  -2.2482966241339393E-003
   7.7274206051862141E-003   1.0274776472757130E-002  -2.2158558972529292E-003
   7.8001805978580377E-003   1.0279128563518904E-002  -2.1828855654294492E-003
   7.8727675056501183E-003   1.0283555778432620E-002  -2.1495457905751489E-003
   7.9456474870208127E-003   1.0287898551900593E-002  -2.1168403074547418E-003
   8.0182246531841674E-003   1.0291713069798382E-002  -2.0834037344209678E-003
   8.0905691051860410E-003   1.0295765002078008E-002  -2.0494941176471648E-003
   8.1628077031239248E-003   1.0299514785565666E-002  -2.0153250660329670E-003
   8.2346978951046076E-003   1.0302942498466553E-002  -1.9803958365602874E-003
   8.3065856501612599E-003   1.0307233298892033E-002  -1.9455570691142478E-003
   8.3780073358127941E-003   1.0310254449789001E-002  -1.9096430681994833E-003
   8.4499037008656155E-003   1.0313906665011918E-002  -1.8747493149551657E-003
   8.5216055250645368E-003   1.0317340647556223E-002  -1.8394356324332437E-003
   8.5929022137347637E-003   1.0319840823429171E-002  -1.8032343713740879E-003
   8.6640995360166752E-003   1.0322060308266373E-002  -1.7668198799551116E-003
   8.7350786900580648E-003   1.0324431226509913E-002  -1.7299913796095820E-003
   8.8060084924858045E-003   1.0325974819558471E-002  -1.6930240906919015E-003
   8.8764016925612782E-003   1.0327723928681899E-002  -1.6550538655125411E-003
   8.9466055144026089E-003   1.0329105592906130E-002  -1.6167196197130244E-003
   9.0165201728498335E-003   1.0328649788975656E-002  -1.5778386119335555E-003
   9.0867797959575183E-003   1.0327418034272225E-002  -1.5396016121613041E-003
   9.1572688086480995E-003   1.0327189269143014E-002  -1.5017697901773927E-003
   9.2275980527794770E-003   1.0327382411141938E-002  -1.4636415838757898E-003
   9.2981685743855919E-003   1.0325972666242828E-002  -1.4259877115630846E-003
   9.3683420683094761E-003   1.0324851981860061E-002  -1.3875894718248466E-003
   9.4390470222566331E-003   1.0322617272944621E-002  -1.3502288567296759E-003
   9.5094962449727306E-003   1.0319132014538280E-002  -1.3124828638184111E-003
   9.5802050046110802E-003   1.0315244553463944E-002  -1.2752651400527481E-003
   9.6514658981711413E-003   1.0310336361083782E-002  -1.2392402222659387E-003
   9.7221805512371605E-003   1.0304279828381802E-002  -1.2023246936111970E-003
   9.7924397159923366E-003   1.0296544129467627E-002  -1.1648572581008754E-003
   9.8631334027046731E-003   1.0289109937409002E-002  -1.1281539142866512E-003
   9.9330472321112490E-003   1.0280063281552031E-002  -1.0903357377326185E-003
   1.0003206774606864E-002   1.0270330587527439E-002  -1.0531481958607478E-003
   1.0072867922393789E-002   1.0259741669328002E-002  -1.0152641716309715E-003
   1.0142007753376935E-002   1.0248159782455597E-002  -9.7672142040382834E-004
   1.0211305191401759E-002   1.0236089141940819E-002  -9.3861414127497452E-004
   1.0280647787743574E-002   1.0223737217911930E-002  -9.0067953559841429E-004
   1.0349957695866031E-002   1.0210769119812571E-002  -8.6289111057841835E-004
   1.0418933195532894E-002   1.0198458515916206E-002  -8.2427984955381730E-004
   1.0488229443048246E-002   1.0186226255299476E-002  -7.8622197416590954E-004
   1.0557600772955618E-002   1.0173849798906764E-002  -7.4834794725394988E-004
   1.0626468466349308E-002   1.0160656513926785E-002  -7.0983589671084210E-004
   1.0695487307420952E-002   1.0145756238456774E-002  -6.7222763478224517E-004
   1.0764287194428018E-002   1.0129987052637998E-002  -6.3457251125008829E-004
   1.0833500038249351E-002   1.0113335358780413E-002  -5.9807178054033477E-004
   1.0902593199077664E-002   1.0096924303755700E-002  -5.6123684597476030E-004
   1.0971348031293626E-002   1.0080574326311082E-002  -5.2374749710921563E-004
   1.1040664648977188E-002   1.0063246051183455E-002  -4.8776225855152219E-004
   1.1110206720953938E-002   1.0045196933560381E-002  -4.5257519305699333E-004
   1.1180140960551236E-002   1.0026528377516974E-002  -4.1850633415409840E-004
   1.1249959212973505E-002   1.0007836570826711E-002  -3.8421306969255880E-004
   1.1319933695280539E-002   9.9888983023230966E-003  -3.5037649462587136E-004
   1.1389697186243497E-002   9.9704870719805119E-003  -3.1582100404912587E-004
   1.1459587000594462E-002   9.9515851219439122E-003  -2.8178969299975367E-004
   1.1529665908637294E-002   9.9336440927937399E-003  -2.4762734357182631E-004
   1.1599056797829483E-002   9.9148948469386464E-003  -2.1250797177179093E-004
   1.1668285405339552E-002   9.8954824705494177E-003  -1.7742863957158036E-004
   1.1737403733865330E-002   9.8761713007290645E-003  -1.4207704298739189E-004
   1.1806381592453157E-002   9.8566018479294450E-003  -1.0659336307730714E-004
   1.1875491211710309E-002   9.8371870784046828E-003  -7.1281505967197553E-005
   1.1943970502587680E-002   9.8167629383232521E-003  -3.5317062085005750E-005
   1.2012500000009928E-002   9.7953991113080494E-003   7.9756418389715352E-015
