   3.5527136787906126E-015   3.5421283062121070E-015   7.1340190668710078E-015
   3.9519057462254687E-005   2.7780443979296603E-005  -6.3769044436801792E-005
   7.9832998210016928E-005   5.5502599731799878E-005  -1.2706413315680993E-004
   1.2092228298137381E-004   8.3498230263887011E-005  -1.8973721625593226E-004
   1.6320293847320013E-004   1.1029908189345231E-004  -2.5213962423198904E-004
   2.0484187696824841E-004   1.3666852998319294E-004  -3.1515431308280870E-004
   2.4687687897653553E-004   1.6391565682254022E-004  -3.7752940976699576E-004
   2.8808448992525317E-004   1.9099650852642599E-004  -4.4052591969686672E-004
   3.2800979412776212E-004   2.1829079745144564E-004  -5.0425183182743326E-004
   3.6739310878842953E-004   2.4454326026604679E-004  -5.6874805439175802E-004
   4.0735202287124812E-004   2.6996344368855775E-004  -6.3322362700765178E-004
   4.4764861100139665E-004   2.9484157792598176E-004  -6.9770047110065999E-004
   4.8817954580982392E-004   3.2031540212867774E-004  -7.6179670811593115E-004
   5.2960783478622720E-004   3.4530491002337713E-004  -8.2550872714046413E-004
   5.7099970592394190E-004   3.7045216847710343E-004  -8.8918233543840803E-004
   6.1278388695026583E-004   3.9497621281867708E-004  -9.5284279000281129E-004
   6.5503341900733725E-004   4.1824346342075793E-004  -1.0166676447645033E-003
   6.9678865006965224E-004   4.4252372068965672E-004  -1.0804404429023897E-003
   7.3867156058698437E-004   4.6653002624459032E-004  -1.1442332254001943E-003
   7.8050489367070396E-004   4.9061920996563643E-004  -1.2080272961447966E-003
   8.2339430337789580E-004   5.1461835569046428E-004  -1.2711505053804013E-003
   8.6686553914892470E-004   5.3697038390925779E-004  -1.3344801075980295E-003
   9.1075198129346360E-004   5.5978865230675936E-004  -1.3973554351107054E-003
   9.5444985252361703E-004   5.8443562789929323E-004  -1.4596693391724621E-003
   9.9802428312942889E-004   6.0880131437646146E-004  -1.5221799968087684E-003
   1.0411802210687814E-003   6.3429850018739654E-004  -1.5845294838726944E-003
   1.0861089884848050E-003   6.5960537470745285E-004  -1.6456929366631895E-003
   1.1308629623615952E-003   6.8460084496056077E-004  -1.7071120566087320E-003
   1.1755373713251804E-003   7.0911719916418156E-004  -1.7687817051660897E-003
   1.2195038278607338E-003   7.3424720805921953E-004  -1.8307125807358502E-003
   1.2629141766598866E-003   7.6006369999479450E-004  -1.8927532961923975E-003
   1.3064199320033884E-003   7.8566747237775593E-004  -1.9548153303559036E-003
   1.3492551817618147E-003   8.1191960855336062E-004  -2.0170725927430634E-003
   1.3924755379079005E-003   8.3780273487895469E-004  -2.0792181040376377E-003
   1.4358241398032042E-003   8.6366865365118662E-004  -2.1412814020865091E-003
   1.4794293388436844E-003   8.8989273355633437E-004  -2.2030137619806112E-003
   1.5227371711227734E-003   9.1667801642918482E-004  -2.2647144935283108E-003
   1.5662082800435228E-003   9.4241468338079632E-004  -2.3267458296720666E-003
   1.6097355792334418E-003   9.6733185388192078E-004  -2.3890716576919838E-003
   1.6536443621796226E-003   9.9344805701856594E-004  -2.4506343307815169E-003
   1.6984766206680224E-003   1.0200402158523699E-003  -2.5113214438472939E-003
   1.7435508751779121E-003   1.0466093213509638E-003  -2.5718391620899719E-003
   1.7890802719888403E-003   1.0739928740649803E-003  -2.6316489861454369E-003
   1.8351443673882515E-003   1.1018544189971362E-003  -2.6908252771228281E-003
   1.8818163982516549E-003   1.1298544022445988E-003  -2.7494573714554418E-003
   1.9297604801220662E-003   1.1579111181957544E-003  -2.8070263362374097E-003
   1.9782212664651226E-003   1.1853620949190001E-003  -2.8644545179117402E-003
   2.0257963118021018E-003   1.2129791309673670E-003  -2.9225399240530507E-003
   2.0731456675413935E-003   1.2409864075661632E-003  -2.9806228903447246E-003
   2.1206209317686966E-003   1.2692185050427217E-003  -3.0384938498751067E-003
   2.1677087710576508E-003   1.2987823972496473E-003  -3.0960152516960864E-003
   2.2150474833098903E-003   1.3291029532848868E-003  -3.1529337038564273E-003
   2.2626467137673452E-003   1.3606466905178528E-003  -3.2089632129990069E-003
   2.3097442531070135E-003   1.3923369430724585E-003  -3.2653329715227903E-003
   2.3568238250829209E-003   1.4249628260164836E-003  -3.3211815675378595E-003
   2.4062194747216923E-003   1.4557914582180185E-003  -3.3760419833523212E-003
   2.4565227465651674E-003   1.4859764551063486E-003  -3.4304335894041211E-003
   2.5071163094282129E-003   1.5172532964763477E-003  -3.4839317258751265E-003
   2.5586209035201191E-003   1.5484174326504845E-003  -3.5366201817774163E-003
   2.6099811912805877E-003   1.5797982357217391E-003  -3.5893209032855063E-003
   2.6612246119516979E-003   1.6128735989839392E-003  -3.6410908962361188E-003
   2.7131493687181851E-003   1.6466516775995516E-003  -3.6917156041065525E-003
   2.7656115161486935E-003   1.6810342789518806E-003  -3.7413700080280990E-003
   2.8184900360445084E-003   1.7150576514248467E-003  -3.7908298123206876E-003
   2.8722989588542804E-003   1.7498261664947131E-003  -3.8387437997951194E-003
   2.9268276587913747E-003   1.7835301454753188E-003  -3.8866046676845757E-003
   2.9815917776188578E-003   1.8172230824321212E-003  -3.9342037988798467E-003
   3.0362384260523160E-003   1.8511966462746055E-003  -3.9817384260845473E-003
   3.0914232676047299E-003   1.8854811938412051E-003  -4.0284203611640722E-003
   3.1468867775276232E-003   1.9194278379187817E-003  -4.0750189062954160E-003
   3.2028473748397391E-003   1.9533525031200701E-003  -4.1210355190458197E-003
   3.2580389453244823E-003   1.9882727923744800E-003  -4.1672357780110142E-003
   3.3133784789546759E-003   2.0247132027429418E-003  -4.2120647030886903E-003
   3.3691381294731781E-003   2.0615725132951041E-003  -4.2560220983044322E-003
   3.4253832900918908E-003   2.0976988068019025E-003  -4.2999694853435074E-003
   3.4815242835470944E-003   2.1338174477575568E-003  -4.3440561345286823E-003
   3.5383457454052449E-003   2.1709105873495829E-003  -4.3864285367844280E-003
   3.5953346783889036E-003   2.2087947084731300E-003  -4.4278658976955191E-003
   3.6530652037702789E-003   2.2462808673137167E-003  -4.4686332170284426E-003
   3.7112477321190303E-003   2.2841213548319499E-003  -4.5084187785045179E-003
   3.7695882856007066E-003   2.3229164428948991E-003  -4.5470364034497024E-003
   3.8279850739767422E-003   2.3619018183789293E-003  -4.5853764036533117E-003
   3.8862402324332896E-003   2.4023314809001905E-003  -4.6224139373840199E-003
   3.9451745081127898E-003   2.4421918363659485E-003  -4.6589912966903072E-003
   4.0051927746238992E-003   2.4810180783293168E-003  -4.6949124689763195E-003
   4.0665670119209773E-003   2.5201879880023285E-003  -4.7280624490077952E-003
   4.1278569444105013E-003   2.5608349350643091E-003  -4.7595484756208948E-003
   4.1906665143817551E-003   2.5995654619317510E-003  -4.7904500000375237E-003
   4.2532426781969578E-003   2.6379979219406462E-003  -4.8221859376504023E-003
   4.3161170006912877E-003   2.6770356490445194E-003  -4.8525648025829439E-003
   4.3789602655305631E-003   2.7170807093773847E-003  -4.8816700805666769E-003
   4.4414457749592049E-003   2.7582866432181020E-003  -4.9099124625402481E-003
   4.5039996887000873E-003   2.7996488052574862E-003  -4.9377724592781251E-003
   4.5664927105362688E-003   2.8416719833626058E-003  -4.9647664347511437E-003
   4.6295609971152190E-003   2.8837052046458440E-003  -4.9903711130432410E-003
   4.6931230985395528E-003   2.9258110743318622E-003  -5.0145982670596282E-003
   4.7565747830958949E-003   2.9685861445016221E-003  -5.0379258707902354E-003
   4.8200955968510043E-003   3.0114425528175665E-003  -5.0609135740840991E-003
   4.8840712174930542E-003   3.0539886909352371E-003  -5.0832058618137093E-003
   4.9486113048677390E-003   3.0958656174590259E-003  -5.1051352970684742E-003
   5.0133735978134010E-003   3.1383063875189908E-003  -5.1252506258677912E-003
   5.0782501555919025E-003   3.1808908284114341E-003  -5.1446824979241397E-003
   5.1428921251119135E-003   3.2244819335239651E-003  -5.1626054253646686E-003
   5.2076609827307763E-003   3.2679224178010246E-003  -5.1804357202188634E-003
   5.2723637979972529E-003   3.3116825613586456E-003  -5.1977156371523121E-003
   5.3373605980005390E-003   3.3555711768639062E-003  -5.2135018789016838E-003
   5.4022681162961880E-003   3.3998538177024010E-003  -5.2285372295052361E-003
   5.4673542611168354E-003   3.4441574410411565E-003  -5.2427140669450154E-003
   5.5324157903890118E-003   3.4882911869036919E-003  -5.2575198051583996E-003
   5.5978686738532664E-003   3.5317223047395241E-003  -5.2726742782304558E-003
   5.6632383445773381E-003   3.5756250472186646E-003  -5.2867936035494644E-003
   5.7285499820054946E-003   3.6198831284714843E-003  -5.3000454812052126E-003
   5.7937254916966274E-003   3.6649394962697751E-003  -5.3110943117869753E-003
   5.8585084775670884E-003   3.7108274372753811E-003  -5.3209665763454608E-003
   5.9239915607876897E-003   3.7558782234570877E-003  -5.3300436065238967E-003
   5.9897536454102682E-003   3.8008006581268018E-003  -5.3376148082188617E-003
   6.0548955210584770E-003   3.8465927633352147E-003  -5.3453361509299656E-003
   6.1206304127548496E-003   3.8916708634280047E-003  -5.3521836987475641E-003
   6.1855788590114945E-003   3.9378942099205193E-003  -5.3588994685979992E-003
   6.2499781945691297E-003   3.9849341149116703E-003  -5.3652218831918034E-003
   6.3144538205691372E-003   4.0319739979882800E-003  -5.3707121524006292E-003
   6.3786510499569300E-003   4.0795336344872819E-003  -5.3748105314957431E-003
   6.4424505801858245E-003   4.1276704098176589E-003  -5.3783419352247449E-003
   6.5060578962734799E-003   4.1761241502550105E-003  -5.3808607397474589E-003
   6.5690950836736327E-003   4.2253523204475790E-003  -5.3825637541546588E-003
   6.6317635983645035E-003   4.2750732877518136E-003  -5.3818690032056233E-003
   6.6938704455238758E-003   4.3254759821019549E-003  -5.3803498121268696E-003
   6.7565884814574460E-003   4.3751176332033608E-003  -5.3788820113575128E-003
   6.8189994075033688E-003   4.4251477126227576E-003  -5.3775154589543982E-003
   6.8812844312693064E-003   4.4752587834759501E-003  -5.3744403336607313E-003
   6.9440682276379903E-003   4.5246183978233587E-003  -5.3697687828382929E-003
   7.0074163988290226E-003   4.5731101297179838E-003  -5.3638054663226195E-003
   7.0706176487674464E-003   4.6218273557471256E-003  -5.3581279762202781E-003
   7.1324094973657564E-003   4.6722502249161874E-003  -5.3518588683064460E-003
   7.1936520771234119E-003   4.7233540268056401E-003  -5.3457149397209925E-003
   7.2552116305870168E-003   4.7740844499982111E-003  -5.3396448869924814E-003
   7.3174116791824883E-003   4.8238916576900529E-003  -5.3325458716909106E-003
   7.3802549284432669E-003   4.8729838042204481E-003  -5.3261672222890055E-003
   7.4433986707340954E-003   4.9215645887210361E-003  -5.3189025689577554E-003
   7.5060308691406270E-003   4.9706644705011021E-003  -5.3107533770898503E-003
   7.5681261158951543E-003   5.0206513108003300E-003  -5.3040082948759195E-003
   7.6299057562940406E-003   5.0710450534642362E-003  -5.2973941639028917E-003
   7.6914561208507575E-003   5.1215132804279017E-003  -5.2893623092561005E-003
   7.7521546805756165E-003   5.1731002293618827E-003  -5.2819818247324271E-003
   7.8124052935901224E-003   5.2250750099117390E-003  -5.2737062088232265E-003
   7.8726528732243495E-003   5.2770646783972296E-003  -5.2655023366722812E-003
   7.9338623329142620E-003   5.3278055426578307E-003  -5.2566272739391429E-003
   7.9935842748914288E-003   5.3800318508674984E-003  -5.2463461077709612E-003
   8.0526854968340274E-003   5.4328658646200321E-003  -5.2355937798069111E-003
   8.1118125448856864E-003   5.4853482554406783E-003  -5.2233630463673604E-003
   8.1701565237322828E-003   5.5386776355247731E-003  -5.2110359480511742E-003
   8.2287824361881191E-003   5.5913659665004709E-003  -5.1973632683586365E-003
   8.2865446155953697E-003   5.6446634011001091E-003  -5.1824329602800506E-003
   8.3439049057373732E-003   5.6980691715341359E-003  -5.1663823903985709E-003
   8.4003305696277192E-003   5.7519960152526634E-003  -5.1488313224286909E-003
   8.4572414547145081E-003   5.8053634297220869E-003  -5.1311375318864715E-003
   8.5130606474188211E-003   5.8595630130888216E-003  -5.1125197205540403E-003
   8.5688725902619053E-003   5.9134671753305456E-003  -5.0930423408809484E-003
   8.6246722457140705E-003   5.9666769911952949E-003  -5.0717089407471350E-003
   8.6798885295648470E-003   6.0201523498514438E-003  -5.0495380590004366E-003
   8.7339418892920274E-003   6.0742332544335273E-003  -5.0260116892862448E-003
   8.7877682882336848E-003   6.1280556062520298E-003  -5.0013971971184391E-003
   8.8413385546949660E-003   6.1811133534967148E-003  -4.9746558059733477E-003
   8.8952573967535590E-003   6.2331885748252236E-003  -4.9467106847208989E-003
   8.9481235000607052E-003   6.2848492163167912E-003  -4.9161107951198905E-003
   9.0003905008067212E-003   6.3365548710228080E-003  -4.8845721538618861E-003
   9.0523459224239895E-003   6.3884067414073271E-003  -4.8527599280809280E-003
   9.1037050410708517E-003   6.4393735149229228E-003  -4.8186332680448998E-003
   9.1554097582347994E-003   6.4899001626491388E-003  -4.7843742531772735E-003
   9.2061443533545135E-003   6.5404613729678025E-003  -4.7487432994299580E-003
   9.2557721863558203E-003   6.5915993261186539E-003  -4.7123841474487607E-003
   9.3046556814391987E-003   6.6432495440858384E-003  -4.6757418371316034E-003
   9.3534349807541019E-003   6.6937590252980680E-003  -4.6374094453232794E-003
   9.4020565127627478E-003   6.7434498196311055E-003  -4.5978269797447421E-003
   9.4505225631492228E-003   6.7932642453906863E-003  -4.5582092445392375E-003
   9.4996871568027597E-003   6.8420104150268063E-003  -4.5181261598862483E-003
   9.5483460893517370E-003   6.8896552803610327E-003  -4.4761466994382463E-003
   9.5969032812613410E-003   6.9363850915488898E-003  -4.4330360990880195E-003
   9.6447949129445862E-003   6.9828935212787636E-003  -4.3889525695478887E-003
   9.6927376824638232E-003   7.0279684399973700E-003  -4.3434581463065421E-003
   9.7393485006583638E-003   7.0725442869391210E-003  -4.2961250130560819E-003
   9.7852235970969960E-003   7.1165824894734503E-003  -4.2475852124740122E-003
   9.8302323644756783E-003   7.1610125651042911E-003  -4.1985935882077685E-003
   9.8740862570775249E-003   7.2046756449162357E-003  -4.1478947562787723E-003
   9.9170005184334234E-003   7.2489493638791171E-003  -4.0969221755715575E-003
   9.9589974501383960E-003   7.2932844838509061E-003  -4.0452437964615872E-003
   9.9994660597330053E-003   7.3379198332275937E-003  -3.9926132234358314E-003
   1.0039698378641900E-002   7.3830145826871106E-003  -3.9401935316649679E-003
   1.0079258821133651E-002   7.4282663363989393E-003  -3.8873991174036477E-003
   1.0118580422265410E-002   7.4727075596760263E-003  -3.8337447666532375E-003
   1.0157291813461936E-002   7.5178973726701195E-003  -3.7802722596868453E-003
   1.0194833438561242E-002   7.5628435410189697E-003  -3.7257702566246753E-003
   1.0231890118060806E-002   7.6066322898188949E-003  -3.6700087288912856E-003
   1.0268378037162839E-002   7.6518320320495157E-003  -3.6150031376002241E-003
   1.0304455765509455E-002   7.6969552475680079E-003  -3.5596651493919832E-003
   1.0340142450803804E-002   7.7422256757660075E-003  -3.5041939963488698E-003
   1.0375645129746163E-002   7.7865831999495722E-003  -3.4478737528608528E-003
   1.0410952750945900E-002   7.8303841201562818E-003  -3.3909979997954844E-003
   1.0444973746634263E-002   7.8740551988558932E-003  -3.3332450021816454E-003
   1.0478563662012866E-002   7.9166857532125112E-003  -3.2744712544754240E-003
   1.0511511237807261E-002   7.9593090751483176E-003  -3.2153298165557434E-003
   1.0543436173798534E-002   8.0015722664213210E-003  -3.1553746572916958E-003
   1.0575194291998130E-002   8.0435287663911063E-003  -3.0951162633767798E-003
   1.0607691729157601E-002   8.0838802393873553E-003  -3.0341599248676198E-003
   1.0640761987336154E-002   8.1231594559965595E-003  -2.9728125437622783E-003
   1.0672762162574598E-002   8.1629420760225141E-003  -2.9112225126834645E-003
   1.0704758464113237E-002   8.2025876749116534E-003  -2.8495421821503977E-003
   1.0736510920367329E-002   8.2419384586004361E-003  -2.7875478490709781E-003
   1.0768687609354483E-002   8.2809663966590674E-003  -2.7255681689564086E-003
   1.0801408831117179E-002   8.3191103651934530E-003  -2.6633238173316212E-003
   1.0833146606707141E-002   8.3574510097128157E-003  -2.6006922871100930E-003
   1.0864978447964578E-002   8.3957533935981946E-003  -2.5380850888693713E-003
   1.0895560628722340E-002   8.4346668508727806E-003  -2.4752323000616452E-003
   1.0927287791843819E-002   8.4741322935073127E-003  -2.4132979319374287E-003
   1.0958855632272044E-002   8.5129746774476669E-003  -2.3508900746701763E-003
   1.0990518422429001E-002   8.5512862177675487E-003  -2.2882028063987655E-003
   1.1021593993427907E-002   8.5896671556391305E-003  -2.2252646423004578E-003
   1.1052469653246740E-002   8.6281808171563557E-003  -2.1623091698627942E-003
   1.1084355599147366E-002   8.6672104735235015E-003  -2.1001804939439349E-003
   1.1115864422322631E-002   8.7059225766670453E-003  -2.0376619596367261E-003
   1.1147206121012524E-002   8.7452340213456502E-003  -1.9754340861148833E-003
   1.1178160974369923E-002   8.7847312226123110E-003  -1.9131302487350060E-003
   1.1208443505923867E-002   8.8239404457047463E-003  -1.8503161969735202E-003
   1.1238567496073760E-002   8.8623355012413373E-003  -1.7869256225015913E-003
   1.1267734987454517E-002   8.8996883028091452E-003  -1.7224738912339757E-003
   1.1295488489288540E-002   8.9370403860091034E-003  -1.6574003557595545E-003
   1.1323777887146513E-002   8.9731759942044808E-003  -1.5918722870642797E-003
   1.1352286932170089E-002   9.0101754847911816E-003  -1.5269240611567737E-003
   1.1381332867386173E-002   9.0469379040805029E-003  -1.4620791833789466E-003
   1.1411191340283943E-002   9.0833374638472804E-003  -1.3973988645362321E-003
   1.1440746779628117E-002   9.1193207132504901E-003  -1.3323474866377598E-003
   1.1470101258663120E-002   9.1550468844644999E-003  -1.2670638344101542E-003
   1.1498832448809247E-002   9.1908280192628342E-003  -1.2015334665865713E-003
   1.1527707537499087E-002   9.2259580997094848E-003  -1.1357147253233675E-003
   1.1556442377540836E-002   9.2613233960500401E-003  -1.0699606015947901E-003
   1.1584580986431264E-002   9.2966147842908631E-003  -1.0039095864664361E-003
   1.1612715153886307E-002   9.3319570579536004E-003  -9.3788389211906377E-004
   1.1640990950550777E-002   9.3663544086281612E-003  -8.7142110862715723E-004
   1.1669670440485986E-002   9.4003135612004060E-003  -8.0490597641388851E-004
   1.1698800006554188E-002   9.4329001951531256E-003  -7.3790165069944106E-004
   1.1727212745473052E-002   9.4656687912425194E-003  -6.7067862356036693E-004
   1.1756854515186311E-002   9.4985468820036646E-003  -6.0404232234783522E-004
   1.1786024219173916E-002   9.5315981148781769E-003  -5.3728346996389652E-004
   1.1815349277442962E-002   9.5638335103065825E-003  -4.7019457194827786E-004
   1.1843712102805081E-002   9.5961578963266580E-003  -4.0273581266115651E-004
   1.1872433292021770E-002   9.6287588385558353E-003  -3.3556236658097041E-004
   1.1900651902302675E-002   9.6622695241843966E-003  -2.6862400701423611E-004
   1.1928837581845935E-002   9.6956104417395533E-003  -2.0158707179562222E-004
   1.1957686934780339E-002   9.7288099436701643E-003  -1.3476261587558986E-004
   1.1985342484376440E-002   9.7622474701776867E-003  -6.7553223686459338E-005
   1.2012500000009944E-002   9.7953991113082853E-003   7.9754568083239201E-015
