   3.5527136787904875E-015   3.5421283062120545E-015   7.1340190668708153E-015
   3.7832239327518272E-005   3.7124215775811802E-005  -5.9920900104887715E-005
   7.5720836360160585E-005   7.4824309320546079E-005  -1.1944532497291970E-004
   1.1249176781076086E-004   1.1242351732284016E-004  -1.7972963599092643E-004
   1.4909708473966296E-004   1.4997720942691486E-004  -2.4014297044604377E-004
   1.8518175931858547E-004   1.8686327535250751E-004  -3.0127654881000315E-004
   2.2062286484444214E-004   2.2434601627054960E-004  -3.6242368425865300E-004
   2.5612623836401187E-004   2.6260831014414827E-004  -4.2304964675585189E-004
   2.9213811570015519E-004   2.9986448957035453E-004  -4.8400144562794765E-004
   3.2793276456515263E-004   3.3685510782758936E-004  -5.4524225943818993E-004
   3.6476908575483100E-004   3.7389968343483614E-004  -6.0582926186735083E-004
   4.0177465076415999E-004   4.1035538955900414E-004  -6.6666978825878837E-004
   4.3819356054172076E-004   4.4669182024527121E-004  -7.2793418910520877E-004
   4.7516710067526530E-004   4.8217085388625318E-004  -7.8936867048501737E-004
   5.1207033762160883E-004   5.1765043841481653E-004  -8.5084509021050056E-004
   5.4881581039462665E-004   5.5367706009321950E-004  -9.1209745972694830E-004
   5.8557069623854457E-004   5.8936777237320937E-004  -9.7354053434499626E-004
   6.2313002959988781E-004   6.2460554020733012E-004  -1.0347581477578493E-003
   6.6115952317109968E-004   6.5976001646438586E-004  -1.0957329000444791E-003
   6.9952281684980194E-004   6.9430089104145732E-004  -1.1568490654427649E-003
   7.3682043109999165E-004   7.2942274052464852E-004  -1.2182928907214100E-003
   7.7405858167344389E-004   7.6426814039787163E-004  -1.2799298785739963E-003
   8.1166541563732104E-004   7.9804193687284307E-004  -1.3419383997422384E-003
   8.4946067739057865E-004   8.3163296504689386E-004  -1.4039316333289166E-003
   8.8633883761725786E-004   8.6514985883991320E-004  -1.4665145313684012E-003
   9.2317351997635571E-004   8.9815520618442965E-004  -1.5293942039423538E-003
   9.6028774161105055E-004   9.3117953951470512E-004  -1.5920992911147391E-003
   9.9756378638744163E-004   9.6420437322691365E-004  -1.6547080512839285E-003
   1.0343566679562729E-003   9.9763243078227512E-004  -1.7173885811700952E-003
   1.0714373229358070E-003   1.0303812607491522E-003  -1.7802578038333507E-003
   1.1087653412486589E-003   1.0626683022383137E-003  -1.8432194271749021E-003
   1.1456526427848300E-003   1.0943251375502522E-003  -1.9067581693418994E-003
   1.1830273705149563E-003   1.1258004037126355E-003  -1.9701019720592692E-003
   1.2200957035551853E-003   1.1579144410193900E-003  -2.0333050359195365E-003
   1.2579173855094680E-003   1.1896617009102867E-003  -2.0962465315204600E-003
   1.2956044420610324E-003   1.2209515075162769E-003  -2.1594970949912035E-003
   1.3332866608516355E-003   1.2521819957693576E-003  -2.2227798491925147E-003
   1.3716838761093110E-003   1.2842304392143900E-003  -2.2852182278834247E-003
   1.4108911438977184E-003   1.3158774555121723E-003  -2.3473572374584054E-003
   1.4500160220512154E-003   1.3476081320550511E-003  -2.4095055124112976E-003
   1.4894489955988011E-003   1.3790078958918338E-003  -2.4716271304927313E-003
   1.5296260523240777E-003   1.4103271264601775E-003  -2.5333110823555971E-003
   1.5705396531844507E-003   1.4412333282333475E-003  -2.5947186058633749E-003
   1.6119432258175914E-003   1.4722297672873066E-003  -2.6557510965875926E-003
   1.6536170857382186E-003   1.5027578214880640E-003  -2.7168356880867598E-003
   1.6961017761206914E-003   1.5349915625189690E-003  -2.7764682045915362E-003
   1.7389165191051879E-003   1.5678381352129795E-003  -2.8355275004889320E-003
   1.7810414932585737E-003   1.6011236990409953E-003  -2.8948365033362117E-003
   1.8232306141695593E-003   1.6348679689086138E-003  -2.9538399128351085E-003
   1.8659156992246694E-003   1.6685862203315170E-003  -3.0125004876120931E-003
   1.9090747701782072E-003   1.7036225720395981E-003  -3.0700309026305368E-003
   1.9527602815739618E-003   1.7396710313019586E-003  -3.1265294395251930E-003
   1.9972387166293224E-003   1.7745962492772553E-003  -3.1831147552698006E-003
   2.0414605476487733E-003   1.8096935429446433E-003  -3.2397946426492492E-003
   2.0872034428122172E-003   1.8453528449427722E-003  -3.2948945676513752E-003
   2.1330179853536737E-003   1.8803250897443081E-003  -3.3503740212830380E-003
   2.1797456676720538E-003   1.9163655460906759E-003  -3.4043889193731496E-003
   2.2264119294524128E-003   1.9530335990157258E-003  -3.4580332473237285E-003
   2.2743439469903298E-003   1.9890685374619097E-003  -3.5109861026511699E-003
   2.3233254719565648E-003   2.0268933363390639E-003  -3.5616822051602283E-003
   2.3724297840203509E-003   2.0657621307129206E-003  -3.6114615517588234E-003
   2.4215713928924308E-003   2.1047843899852656E-003  -3.6610837803052157E-003
   2.4704174244076739E-003   2.1452046509468753E-003  -3.7098717678287290E-003
   2.5195750620879069E-003   2.1864335617734201E-003  -3.7576598788106935E-003
   2.5688324521785330E-003   2.2276723140902204E-003  -3.8053366534353036E-003
   2.6193402581563890E-003   2.2673184485763236E-003  -3.8530560996467961E-003
   2.6712579810678769E-003   2.3057245691490264E-003  -3.9002738923998143E-003
   2.7243673158602998E-003   2.3441939015228386E-003  -3.9460942921506099E-003
   2.7771464555671360E-003   2.3822605899140618E-003  -3.9926269650643088E-003
   2.8300411202058745E-003   2.4213654068106177E-003  -4.0381568204748740E-003
   2.8828833374169361E-003   2.4607323089914038E-003  -4.0835214223405615E-003
   2.9355985857387433E-003   2.5001422163757857E-003  -4.1289962700804990E-003
   2.9895782904657601E-003   2.5387256758164101E-003  -4.1736897612062876E-003
   3.0424822162683661E-003   2.5785631209737838E-003  -4.2185690726144727E-003
   3.0956841548293382E-003   2.6182822550757448E-003  -4.2632002738383027E-003
   3.1491943029643044E-003   2.6582155938848812E-003  -4.3072683178736844E-003
   3.2030554789953662E-003   2.6977477711242820E-003  -4.3512703710605876E-003
   3.2569493378011307E-003   2.7388454931589891E-003  -4.3937724795003697E-003
   3.3112654764390005E-003   2.7807650108647914E-003  -4.4349126193859341E-003
   3.3659162641756016E-003   2.8224859956953790E-003  -4.4758106734613156E-003
   3.4203936506207043E-003   2.8649949246757163E-003  -4.5161245087766647E-003
   3.4747367205833013E-003   2.9090629068630326E-003  -4.5549168237744913E-003
   3.5297496098543255E-003   2.9524788149620745E-003  -4.5934997337367727E-003
   3.5852560720796576E-003   2.9962941394939976E-003  -4.6309062838179637E-003
   3.6400615736674430E-003   3.0410606852574228E-003  -4.6682199994533833E-003
   3.6955186745721638E-003   3.0860897590486939E-003  -4.7042323928257962E-003
   3.7508163492341478E-003   3.1318278090752736E-003  -4.7395905313320575E-003
   3.8079590641238565E-003   3.1759450119661437E-003  -4.7740634561689362E-003
   3.8648168441880355E-003   3.2208766082156082E-003  -4.8079506882920519E-003
   3.9218844178172431E-003   3.2658103970480807E-003  -4.8414804759799937E-003
   3.9781994409992917E-003   3.3123378611841581E-003  -4.8740966260328632E-003
   4.0342072575679268E-003   3.3598601895960169E-003  -4.9057944618788648E-003
   4.0909537703331918E-003   3.4076831799338932E-003  -4.9356741351573299E-003
   4.1487782122405841E-003   3.4547954371537677E-003  -4.9646010970764171E-003
   4.2063205523270404E-003   3.5019580179623646E-003  -4.9940046696950822E-003
   4.2642745095382833E-003   3.5487556277228900E-003  -5.0231821019921380E-003
   4.3231755339689709E-003   3.5951481599914305E-003  -5.0510819634185375E-003
   4.3814849207178220E-003   3.6419485142299641E-003  -5.0795379342633649E-003
   4.4391243011189380E-003   3.6893875814439747E-003  -5.1082996575478991E-003
   4.4971631100332900E-003   3.7365904390464421E-003  -5.1366437376701166E-003
   4.5550105169630210E-003   3.7842912907279434E-003  -5.1645418785389993E-003
   4.6134295876461172E-003   3.8315824827313315E-003  -5.1919417936188645E-003
   4.6717232876113957E-003   3.8791175602087623E-003  -5.2191862600281698E-003
   4.7300410616533273E-003   3.9262921826273278E-003  -5.2469997861712614E-003
   4.7886531906099856E-003   3.9732973516327583E-003  -5.2744794590723135E-003
   4.8477095529463124E-003   4.0207411326602114E-003  -5.3001978128236534E-003
   4.9069406426433052E-003   4.0683761897057358E-003  -5.3251493525017053E-003
   4.9666107280697935E-003   4.1156814144676073E-003  -5.3496788576682837E-003
   5.0260520675106616E-003   4.1640005700923710E-003  -5.3727436872654027E-003
   5.0868836422184247E-003   4.2114158734345066E-003  -5.3939877107040540E-003
   5.1472539686303140E-003   4.2597832178836465E-003  -5.4143843691332244E-003
   5.2073999147254175E-003   4.3088268740880398E-003  -5.4338056192372386E-003
   5.2686809231326775E-003   4.3567332369744399E-003  -5.4525037047935153E-003
   5.3288963174395257E-003   4.4062281862985659E-003  -5.4705135986132655E-003
   5.3890780826653115E-003   4.4559913434466733E-003  -5.4878855105837971E-003
   5.4501446433573124E-003   4.5049651844992064E-003  -5.5043912084932695E-003
   5.5116122275720766E-003   4.5537421814461293E-003  -5.5199649253041853E-003
   5.5729981271974401E-003   4.6033958008256676E-003  -5.5328602506253171E-003
   5.6342044166641774E-003   4.6535702058043320E-003  -5.5445358324758120E-003
   5.6950064506235245E-003   4.7045669602912314E-003  -5.5546572803132016E-003
   5.7560055526544507E-003   4.7553301921571820E-003  -5.5647668720922548E-003
   5.8164695754108452E-003   4.8067943622696315E-003  -5.5745413870632718E-003
   5.8764084423189658E-003   4.8590566676468333E-003  -5.5832582488444275E-003
   5.9360916497489744E-003   4.9116770884582335E-003  -5.5915652376464361E-003
   5.9958363433088267E-003   4.9643176696291006E-003  -5.5992815061329335E-003
   6.0554375613722303E-003   5.0173674836554716E-003  -5.6050618209376865E-003
   6.1155553922467810E-003   5.0700111326734080E-003  -5.6088687399537202E-003
   6.1753607278340790E-003   5.1231280984364623E-003  -5.6102506871070794E-003
   6.2348470830150913E-003   5.1766095106614519E-003  -5.6091961275539625E-003
   6.2946139456406909E-003   5.2297722583237284E-003  -5.6079137874789908E-003
   6.3538330591688839E-003   5.2834784983639381E-003  -5.6049580514073933E-003
   6.4127682806035804E-003   5.3374313803675848E-003  -5.6009924244514488E-003
   6.4715968159416376E-003   5.3914390538979612E-003  -5.5962622416426602E-003
   6.5306229426075032E-003   5.4451248174086329E-003  -5.5904523217089556E-003
   6.5905521215739475E-003   5.4976278258391572E-003  -5.5832462398679337E-003
   6.6503663820055977E-003   5.5500504786877335E-003  -5.5746369589788642E-003
   6.7097520826913766E-003   5.6027426495779409E-003  -5.5647945160685278E-003
   6.7686976213658769E-003   5.6557336232430973E-003  -5.5539603027951875E-003
   6.8271828012765367E-003   5.7090485061192103E-003  -5.5422553040373043E-003
   6.8855304498470086E-003   5.7625996680806622E-003  -5.5309493341519000E-003
   6.9443371150302840E-003   5.8157323900408309E-003  -5.5200548404120931E-003
   7.0021861231095795E-003   5.8696545701727946E-003  -5.5079763160787677E-003
   7.0593697891844420E-003   5.9238758685555386E-003  -5.4941893971011836E-003
   7.1164373437284855E-003   5.9781578773040389E-003  -5.4801623607297466E-003
   7.1741985358704562E-003   6.0314271501608202E-003  -5.4651280914712113E-003
   7.2317776654862624E-003   6.0845741949930483E-003  -5.4490024765180478E-003
   7.2897957800453408E-003   6.1371211546593285E-003  -5.4324883791249451E-003
   7.3473106442341028E-003   6.1902678861690654E-003  -5.4161340118874359E-003
   7.4038422894559721E-003   6.2441811074086242E-003  -5.3988847317564745E-003
   7.4610496123507074E-003   6.2969496310529040E-003  -5.3803697346565052E-003
   7.5177378355155916E-003   6.3500098830760613E-003  -5.3611069464278701E-003
   7.5740525275437556E-003   6.4033334769970163E-003  -5.3414791652121058E-003
   7.6305833565144202E-003   6.4563048715949242E-003  -5.3215217922803048E-003
   7.6873954238965998E-003   6.5088371881555076E-003  -5.3012056727955977E-003
   7.7443645626684918E-003   6.5608063352939972E-003  -5.2799048517074409E-003
   7.8015455944990186E-003   6.6121580236048671E-003  -5.2576937351511187E-003
   7.8584511039191222E-003   6.6637604692785816E-003  -5.2353565328145278E-003
   7.9155453958938554E-003   6.7143412779468179E-003  -5.2112355127653456E-003
   7.9727653441109929E-003   6.7641251446394187E-003  -5.1857905887648511E-003
   8.0301602121171170E-003   6.8123126901511698E-003  -5.1577943467466456E-003
   8.0868489230352773E-003   6.8600520397016640E-003  -5.1276721859811331E-003
   8.1421370680759553E-003   6.9082911119278502E-003  -5.0957940911250804E-003
   8.1970031084815966E-003   6.9561718133723336E-003  -5.0626707454138565E-003
   8.2513837123258903E-003   7.0043642239795223E-003  -5.0292007365605879E-003
   8.3051201124129063E-003   7.0530650933740757E-003  -4.9954276018576325E-003
   8.3594219349831002E-003   7.1006520329679216E-003  -4.9609777073214038E-003
   8.4132337396779517E-003   7.1477208543584666E-003  -4.9250776274411354E-003
   8.4665950602277797E-003   7.1947284240953318E-003  -4.8884326025050205E-003
   8.5182848650434146E-003   7.2419912478329388E-003  -4.8497752671389244E-003
   8.5704949893321072E-003   7.2884901231163720E-003  -4.8108913692509140E-003
   8.6225563807797497E-003   7.3338538758607246E-003  -4.7704965496429951E-003
   8.6743078761633372E-003   7.3797760733424842E-003  -4.7303351936271573E-003
   8.7252732045120691E-003   7.4251970502612202E-003  -4.6886282378794126E-003
   8.7757261636654659E-003   7.4699434031937689E-003  -4.6455903149560046E-003
   8.8256247683699777E-003   7.5139119544426957E-003  -4.6011280191743638E-003
   8.8749172420757878E-003   7.5578816236904255E-003  -4.5559957666172273E-003
   8.9240703340301188E-003   7.6016683046981320E-003  -4.5105347929509454E-003
   8.9738018576493942E-003   7.6453986507646256E-003  -4.4656523643872986E-003
   9.0223799356669125E-003   7.6877502138552435E-003  -4.4182549442261070E-003
   9.0710683997673337E-003   7.7293693150031154E-003  -4.3703249549089940E-003
   9.1189400045187229E-003   7.7707183149954302E-003  -4.3213497605270072E-003
   9.1666430703822022E-003   7.8115080688113481E-003  -4.2717451892944104E-003
   9.2149797773800387E-003   7.8510716053000768E-003  -4.2217622987537878E-003
   9.2630209303784239E-003   7.8893516863282158E-003  -4.1705111230694904E-003
   9.3111246948673204E-003   7.9265268205165728E-003  -4.1185107649691910E-003
   9.3576775072376356E-003   7.9626223968571677E-003  -4.0643817983054484E-003
   9.4042195291009229E-003   7.9984747186276645E-003  -4.0100821554150149E-003
   9.4503126848039330E-003   8.0324263927862034E-003  -3.9542009884786225E-003
   9.4965399254922731E-003   8.0655747647492542E-003  -3.8979495204460048E-003
   9.5417845211140228E-003   8.0989599698700343E-003  -3.8410429773903017E-003
   9.5865105079533056E-003   8.1320642258621324E-003  -3.7835652047776987E-003
   9.6315837286105373E-003   8.1644196464910439E-003  -3.7259324750353812E-003
   9.6770258495788575E-003   8.1958435915671507E-003  -3.6680744651316458E-003
   9.7212930672409704E-003   8.2269823398209950E-003  -3.6091610387426259E-003
   9.7648691362270303E-003   8.2582728531334360E-003  -3.5498143455851548E-003
   9.8088099370211516E-003   8.2899507109910880E-003  -3.4909439851002855E-003
   9.8524669393791984E-003   8.3209923300031855E-003  -3.4315261087962752E-003
   9.8959343222759632E-003   8.3524826219280399E-003  -3.3722053860163310E-003
   9.9391757310311381E-003   8.3846537249625593E-003  -3.3130851636370062E-003
   9.9832981444867453E-003   8.4163676216093622E-003  -3.2543702473923253E-003
   1.0026456248874405E-002   8.4484892794890656E-003  -3.1951623330267213E-003
   1.0069136930592949E-002   8.4801639770655784E-003  -3.1353704193725685E-003
   1.0110106783529069E-002   8.5121619216744944E-003  -3.0745625030313408E-003
   1.0151320943563752E-002   8.5436522442744189E-003  -3.0136547646513281E-003
   1.0193348095984307E-002   8.5746686699432785E-003  -2.9530602120910153E-003
   1.0235948890030988E-002   8.6051402002673312E-003  -2.8925899037894991E-003
   1.0278602011507539E-002   8.6345550727890512E-003  -2.8316351951862334E-003
   1.0321423298599528E-002   8.6629311040116938E-003  -2.7703070759192189E-003
   1.0363549134128569E-002   8.6917205511271994E-003  -2.7086906679893532E-003
   1.0406120190179745E-002   8.7197647471919104E-003  -2.6470365663240521E-003
   1.0447979856990062E-002   8.7480366331918590E-003  -2.5850005384366807E-003
   1.0489947552610632E-002   8.7756297231206225E-003  -2.5227322968270432E-003
   1.0531001351476395E-002   8.8035825468830379E-003  -2.4600168661876765E-003
   1.0571181018832750E-002   8.8312368596995816E-003  -2.3966068250997445E-003
   1.0610928791677616E-002   8.8595674519428690E-003  -2.3332231356744085E-003
   1.0650824593277819E-002   8.8878834966864950E-003  -2.2699260059582654E-003
   1.0692148078863492E-002   8.9160998698320781E-003  -2.2075064110345455E-003
   1.0732490502614914E-002   8.9433152654763495E-003  -2.1440098671260863E-003
   1.0772571268729840E-002   8.9701880616255680E-003  -2.0802024615350465E-003
   1.0813188059089034E-002   8.9960246237588987E-003  -2.0163060735486540E-003
   1.0852804011392768E-002   9.0234389750471523E-003  -1.9524387918697880E-003
   1.0892494118290416E-002   9.0519440613204376E-003  -1.8890972140748223E-003
   1.0932900358569921E-002   9.0799006865055105E-003  -1.8259643157867520E-003
   1.0973810411058367E-002   9.1075727864946797E-003  -1.7630308390697131E-003
   1.1014545179079070E-002   9.1356732787746964E-003  -1.7001735323375138E-003
   1.1054306381774034E-002   9.1641170998182607E-003  -1.6368490046465192E-003
   1.1094528312748082E-002   9.1923106801754580E-003  -1.5737037887302023E-003
   1.1135745940880178E-002   9.2186504430709221E-003  -1.5104003605284442E-003
   1.1176727020072604E-002   9.2451044762151685E-003  -1.4469910924575662E-003
   1.1217503800697779E-002   9.2710569860057022E-003  -1.3832437678239610E-003
   1.1258190442752931E-002   9.2971235864192196E-003  -1.3194853997451931E-003
   1.1298300967488921E-002   9.3241455944036711E-003  -1.2557597621482681E-003
   1.1337579639987916E-002   9.3517455522116651E-003  -1.1917642293552662E-003
   1.1375830118009380E-002   9.3786058313770800E-003  -1.1268379146995770E-003
   1.1414346210309578E-002   9.4038659730185485E-003  -1.0614281609700115E-003
   1.1453002433807360E-002   9.4281525488854791E-003  -9.9573296623453990E-004
   1.1491389004345593E-002   9.4526937101959384E-003  -9.2997429681403794E-004
   1.1529288645215871E-002   9.4771604638428115E-003  -8.6390618659583189E-004
   1.1567591390884710E-002   9.5022395116230538E-003  -7.9830175811447415E-004
   1.1604879959169076E-002   9.5284735128193122E-003  -7.3256485939918702E-004
   1.1641571482565886E-002   9.5535881959818072E-003  -6.6605933481108368E-004
   1.1677805658961536E-002   9.5790074875766653E-003  -5.9941892605737846E-004
   1.1713546926659756E-002   9.6044954893455374E-003  -5.3253900720231693E-004
   1.1749574553565154E-002   9.6297389078927060E-003  -4.6571999854851988E-004
   1.1785205676469923E-002   9.6552587025412386E-003  -3.9879344806001004E-004
   1.1821222012486657E-002   9.6791492282561637E-003  -3.3147282474501786E-004
   1.1858126441046763E-002   9.7034119153217805E-003  -2.6476911294438674E-004
   1.1896532945680603E-002   9.7266830783102158E-003  -1.9856191263195683E-004
   1.1934575014263565E-002   9.7497274609675277E-003  -1.3206561613320720E-004
   1.1973762637658264E-002   9.7723087199635423E-003  -6.6077610285880613E-005
   1.2012500000009876E-002   9.7953991113082575E-003   7.9771431792444491E-015
