   3.5527136787904469E-015   3.5421283062120340E-015   7.1340190668707648E-015
   3.0969955918333857E-005   4.4093175730034460E-005  -5.9132509530308654E-005
   6.2047645817723000E-005   8.8615253652825921E-005  -1.1788590740828400E-004
   9.2954058658790734E-005   1.3260896470622299E-004  -1.7712564939040217E-004
   1.2320883719867988E-004   1.7722801532879859E-004  -2.3623392880319652E-004
   1.5278299288799458E-004   2.2285772344434509E-004  -2.9491355946895825E-004
   1.8162648148511274E-004   2.6881343061895647E-004  -3.5370238616951944E-004
   2.0953515967482461E-004   3.1402725549263137E-004  -4.1350887172457261E-004
   2.3745050213852669E-004   3.5933137705464305E-004  -4.7324387172527777E-004
   2.6445439532124607E-004   4.0414846569440844E-004  -5.3376013665788801E-004
   2.9158975758047207E-004   4.4928604707015780E-004  -5.9397866260021753E-004
   3.1905017650855785E-004   4.9503380128364358E-004  -6.5358628274207048E-004
   3.4610495502299457E-004   5.3999711757615006E-004  -7.1397120754115449E-004
   3.7364962603367730E-004   5.8480366150340181E-004  -7.7425109407653660E-004
   4.0175819651177593E-004   6.2998603855773157E-004  -8.3398769146123626E-004
   4.3083355794796771E-004   6.7445019726259943E-004  -8.9380041551116046E-004
   4.5978096335999309E-004   7.1743247188112765E-004  -9.5474770243599840E-004
   4.8967683877496580E-004   7.6099046573089007E-004  -1.0148221379423126E-003
   5.1933974681876510E-004   8.0430601015745742E-004  -1.0751866597744476E-003
   5.4921227684363568E-004   8.4862429559723134E-004  -1.1347141451657184E-003
   5.7855114333130631E-004   8.9380171587887913E-004  -1.1938599955245229E-003
   6.0847607709224800E-004   9.3810471260923132E-004  -1.2533725390939891E-003
   6.3844024798774904E-004   9.8203800463975057E-004  -1.3131388699208204E-003
   6.6915235684475915E-004   1.0256468948749448E-003  -1.3727629511072850E-003
   6.9959457312249109E-004   1.0694788397525093E-003  -1.4323618778980477E-003
   7.2948497504200273E-004   1.1139932646509192E-003  -1.4917338397140798E-003
   7.5948123353834817E-004   1.1597852076168944E-003  -1.5500718413286290E-003
   7.8912057964911975E-004   1.2053480984369795E-003  -1.6087704967481242E-003
   8.1870217439751556E-004   1.2503760587520339E-003  -1.6679094182371079E-003
   8.4994484329067074E-004   1.2942915051060426E-003  -1.7270307274931799E-003
   8.8200502527802961E-004   1.3383981701049178E-003  -1.7855691494628682E-003
   9.1508075169170603E-004   1.3833207444037894E-003  -1.8429098735018546E-003
   9.4868772247444695E-004   1.4280195495153091E-003  -1.9001164144915599E-003
   9.8233386185955958E-004   1.4729563419506560E-003  -1.9571130984121672E-003
   1.0171834296757562E-003   1.5180576814874387E-003  -2.0132502233824504E-003
   1.0517425954156188E-003   1.5638710441241263E-003  -2.0689888982466154E-003
   1.0869597512207934E-003   1.6097209503641672E-003  -2.1242839072761507E-003
   1.1222630097573886E-003   1.6556837134965722E-003  -2.1794301160513721E-003
   1.1566884233731511E-003   1.7028480030948632E-003  -2.2341148550835740E-003
   1.1914436894238795E-003   1.7504251313434692E-003  -2.2882303644442756E-003
   1.2250819320935992E-003   1.7980367785052770E-003  -2.3430172213490248E-003
   1.2587595166132913E-003   1.8461707325778975E-003  -2.3973213903802698E-003
   1.2932220411345913E-003   1.8937714440435442E-003  -2.4516031244936004E-003
   1.3277219032957360E-003   1.9420385559039042E-003  -2.5052691790190748E-003
   1.3611991223106935E-003   1.9906610623181137E-003  -2.5592611014668299E-003
   1.3951204013327018E-003   2.0399550241400046E-003  -2.6123596151922043E-003
   1.4295895001225746E-003   2.0888141516356472E-003  -2.6655072103913707E-003
   1.4640554270213258E-003   2.1377060147198500E-003  -2.7186267513595094E-003
   1.4992679729680209E-003   2.1866355797553164E-003  -2.7712192819891865E-003
   1.5336002149644210E-003   2.2358810071143103E-003  -2.8240982479593845E-003
   1.5677447082181586E-003   2.2858862872153405E-003  -2.8763823329301707E-003
   1.6028405068735290E-003   2.3353563465018127E-003  -2.9285455205558652E-003
   1.6375513677777728E-003   2.3854299738603158E-003  -2.9803894013129468E-003
   1.6715527754910008E-003   2.4360715350408824E-003  -3.0321517095069609E-003
   1.7054589492169689E-003   2.4873727013613378E-003  -3.0833235936775631E-003
   1.7400601771176993E-003   2.5380023811680890E-003  -3.1346985928546395E-003
   1.7744779624944168E-003   2.5893932815302038E-003  -3.1854370537489135E-003
   1.8094643763762182E-003   2.6404732826895332E-003  -3.2361004956019523E-003
   1.8453450389738380E-003   2.6912404752204109E-003  -3.2864519622684946E-003
   1.8821558287668049E-003   2.7414566843413229E-003  -3.3366844030222015E-003
   1.9190902384753478E-003   2.7926997653568509E-003  -3.3857761132658907E-003
   1.9563262257557106E-003   2.8436021310064355E-003  -3.4349943053262645E-003
   1.9937085388100043E-003   2.8957979745064802E-003  -3.4827243441867242E-003
   2.0309888283841591E-003   2.9480990050252008E-003  -3.5304190210114182E-003
   2.0687512365337619E-003   3.0010624464954475E-003  -3.5769901967337590E-003
   2.1070042623991306E-003   3.0543929404641783E-003  -3.6227347528722600E-003
   2.1459398441156692E-003   3.1070318883316145E-003  -3.6687038908458668E-003
   2.1840876102199114E-003   3.1603300207895639E-003  -3.7145738922242078E-003
   2.2229228020550539E-003   3.2132977793840659E-003  -3.7602493169771839E-003
   2.2628111282603953E-003   3.2654070765985826E-003  -3.8060045632537028E-003
   2.3034967738630317E-003   3.3179528090865698E-003  -3.8505424600240690E-003
   2.3431420316689495E-003   3.3713621439100455E-003  -3.8949912673178766E-003
   2.3827896096358784E-003   3.4254787795025680E-003  -3.9385740543712161E-003
   2.4218388219613154E-003   3.4800982006043548E-003  -3.9820697765718784E-003
   2.4608038648582628E-003   3.5347514633960646E-003  -4.0255984602343767E-003
   2.5010811267121491E-003   3.5890093950640802E-003  -4.0684215735687949E-003
   2.5417749984927083E-003   3.6432512336833636E-003  -4.1108695623091477E-003
   2.5840708889988909E-003   3.6967690963702763E-003  -4.1526654474528359E-003
   2.6259031561040847E-003   3.7504364879278012E-003  -4.1947353001183345E-003
   2.6681344703309538E-003   3.8036217412538357E-003  -4.2370182154617330E-003
   2.7097432113624411E-003   3.8572414132467133E-003  -4.2793696432997979E-003
   2.7517382142781786E-003   3.9106561254799331E-003  -4.3215986411220637E-003
   2.7922165482018816E-003   3.9657901305798614E-003  -4.3630925679979515E-003
   2.8326677744989442E-003   4.0211622287390277E-003  -4.4042948620856880E-003
   2.8738876510929117E-003   4.0758150724735107E-003  -4.4456952056071844E-003
   2.9160810061573668E-003   4.1305715957949251E-003  -4.4859623627678423E-003
   2.9589777789049369E-003   4.1855300371507502E-003  -4.5251980176429247E-003
   3.0034173443147100E-003   4.2397760919596428E-003  -4.5637011417573323E-003
   3.0480134622000638E-003   4.2943642583769164E-003  -4.6015339100021800E-003
   3.0925896615415335E-003   4.3495626855615012E-003  -4.6384946471403092E-003
   3.1373037948186351E-003   4.4049909788399875E-003  -4.6749411914032016E-003
   3.1834287239899022E-003   4.4594655866375147E-003  -4.7110660862272327E-003
   3.2300908826527054E-003   4.5136475932556494E-003  -4.7469402147718521E-003
   3.2768984059251020E-003   4.5680630628661904E-003  -4.7822674340273832E-003
   3.3251711366194662E-003   4.6222278261101243E-003  -4.8159708746222498E-003
   3.3740803443385761E-003   4.6765927045022450E-003  -4.8484108097160928E-003
   3.4235277753895598E-003   4.7306262195645201E-003  -4.8805873665445148E-003
   3.4736466902734299E-003   4.7839042800185911E-003  -4.9129840123852001E-003
   3.5235816380902174E-003   4.8377440528617789E-003  -4.9447295608001538E-003
   3.5740609405609035E-003   4.8910744149285520E-003  -4.9764740483205956E-003
   3.6249291674849177E-003   4.9447894055450296E-003  -5.0069227474097968E-003
   3.6761300249380066E-003   4.9985396534869839E-003  -5.0367452732793735E-003
   3.7275247610725729E-003   5.0523992332350935E-003  -5.0660322458668536E-003
   3.7798448422235258E-003   5.1064647853945200E-003  -5.0932264581948815E-003
   3.8330157767137063E-003   5.1603742739555376E-003  -5.1190454195473587E-003
   3.8859622957224506E-003   5.2148824226637639E-003  -5.1440559745098771E-003
   3.9389605211267633E-003   5.2695452097409456E-003  -5.1686154490899758E-003
   3.9917989967528933E-003   5.3245530887688309E-003  -5.1927448657147213E-003
   4.0448378297330183E-003   5.3797368140461573E-003  -5.2160179974292641E-003
   4.0980448597775854E-003   5.4350336195843315E-003  -5.2386293940119375E-003
   4.1527454587290524E-003   5.4894406266781425E-003  -5.2597888374984365E-003
   4.2078445694837992E-003   5.5438830302639280E-003  -5.2797916544757252E-003
   4.2629234009879807E-003   5.5984845221018521E-003  -5.2994130562876518E-003
   4.3188184143883555E-003   5.6525100997615856E-003  -5.3183070879122499E-003
   4.3754996625118238E-003   5.7059097347123035E-003  -5.3366296177280699E-003
   4.4327510469570203E-003   5.7590673575698640E-003  -5.3538501321481061E-003
   4.4906962772464521E-003   5.8117780569214997E-003  -5.3700961303088145E-003
   4.5495757975177516E-003   5.8635967366053371E-003  -5.3858449884863985E-003
   4.6083305973570240E-003   5.9155686874252699E-003  -5.4015545340122323E-003
   4.6673503910249015E-003   5.9676201169599789E-003  -5.4159528897136065E-003
   4.7270082240535062E-003   6.0192726595472727E-003  -5.4291042321008773E-003
   4.7872849791518917E-003   6.0707664396742675E-003  -5.4398328573271974E-003
   4.8481568591123630E-003   6.1217146197091454E-003  -5.4497775639644735E-003
   4.9093285950047166E-003   6.1727138467643798E-003  -5.4573338571136231E-003
   4.9713660244415803E-003   6.2227532667288336E-003  -5.4642196244941120E-003
   5.0330467936878110E-003   6.2733941489150312E-003  -5.4697859301542518E-003
   5.0945433371335719E-003   6.3244196870057400E-003  -5.4736029460255645E-003
   5.1563816460358149E-003   6.3751343956393687E-003  -5.4756133874702085E-003
   5.2178775297445947E-003   6.4263026975348884E-003  -5.4758607135347512E-003
   5.2796261363813497E-003   6.4771459596457944E-003  -5.4744211721032172E-003
   5.3422025090796056E-003   6.5269184625351678E-003  -5.4717952364412162E-003
   5.4049229968038204E-003   6.5764450738760565E-003  -5.4681544689491723E-003
   5.4681244721054506E-003   6.6252729132000032E-003  -5.4635267668993147E-003
   5.5308516437376689E-003   6.6745108662051873E-003  -5.4571294295301716E-003
   5.5940664432314949E-003   6.7227619616698486E-003  -5.4484276531171789E-003
   5.6578579240497045E-003   6.7701830005431939E-003  -5.4393782306307514E-003
   5.7216702649357234E-003   6.8174828048456646E-003  -5.4298538584691448E-003
   5.7853036130376349E-003   6.8650010191683066E-003  -5.4202197361017416E-003
   5.8485278455404554E-003   6.9130536273233753E-003  -5.4105427905524932E-003
   5.9120134563698124E-003   6.9606145216850584E-003  -5.4001727114163763E-003
   5.9751936261885213E-003   7.0082387805847895E-003  -5.3883322674786443E-003
   6.0392814561563354E-003   7.0544722368793980E-003  -5.3758736333190064E-003
   6.1043190645992023E-003   7.0988733117656700E-003  -5.3617791650454622E-003
   6.1694056664096759E-003   7.1428242076144125E-003  -5.3465458783466804E-003
   6.2340372705198908E-003   7.1869029018742855E-003  -5.3298179238103873E-003
   6.2984503731014566E-003   7.2308843336386193E-003  -5.3120250635830353E-003
   6.3619875800697712E-003   7.2747598875538425E-003  -5.2910975912276326E-003
   6.4253151705290935E-003   7.3180880347926327E-003  -5.2684638123996807E-003
   6.4882733484869547E-003   7.3614775622891865E-003  -5.2449347509481012E-003
   6.5510434453077537E-003   7.4043157993660819E-003  -5.2199387435219440E-003
   6.6135409765994595E-003   7.4464482772492666E-003  -5.1931261925323626E-003
   6.6755754668716312E-003   7.4882540067017951E-003  -5.1647712458046634E-003
   6.7378979551552887E-003   7.5304321208812062E-003  -5.1376250832302480E-003
   6.8007116129869755E-003   7.5717218725765249E-003  -5.1102462448854129E-003
   6.8631805257713284E-003   7.6123900280092123E-003  -5.0811991094847431E-003
   6.9260863422093586E-003   7.6525787243740860E-003  -5.0524288655679700E-003
   6.9882625563908547E-003   7.6929169501756137E-003  -5.0223133224167413E-003
   7.0499115513011652E-003   7.7328299533640909E-003  -4.9905902457543479E-003
   7.1109187661773706E-003   7.7727323161798766E-003  -4.9576369274237607E-003
   7.1716090110554931E-003   7.8122625394248663E-003  -4.9236655334306666E-003
   7.2315796604817302E-003   7.8514599359955708E-003  -4.8880693915083085E-003
   7.2922548257301220E-003   7.8892777132390374E-003  -4.8521759373786793E-003
   7.3526125758128207E-003   7.9266173029945725E-003  -4.8152612108651616E-003
   7.4126777362321771E-003   7.9639163699121822E-003  -4.7778318625124197E-003
   7.4727067920456391E-003   8.0007692282666187E-003  -4.7399058913178633E-003
   7.5335787903726761E-003   8.0363507196367003E-003  -4.7021096311934095E-003
   7.5941504861003466E-003   8.0709477806851990E-003  -4.6629418759532269E-003
   7.6549272174903206E-003   8.1043314198020484E-003  -4.6230454906933593E-003
   7.7153754302800043E-003   8.1375872269809878E-003  -4.5825477763566406E-003
   7.7749097879417145E-003   8.1717394826481132E-003  -4.5414468799367461E-003
   7.8337966246869520E-003   8.2062851795160589E-003  -4.4997463370184260E-003
   7.8925312224264188E-003   8.2404957813746148E-003  -4.4575576920782827E-003
   7.9504976837482984E-003   8.2750079434917093E-003  -4.4145600174490306E-003
   8.0086291562251610E-003   8.3084004572369797E-003  -4.3709060149855501E-003
   8.0669795988307542E-003   8.3410698414540952E-003  -4.3269977335437465E-003
   8.1245055345799781E-003   8.3734756464789884E-003  -4.2818243949963456E-003
   8.1825811028053870E-003   8.4055493825279989E-003  -4.2371197661511938E-003
   8.2395742462858107E-003   8.4379740642251937E-003  -4.1912894092316719E-003
   8.2963820302935868E-003   8.4695724129499397E-003  -4.1446587322894728E-003
   8.3535132554145419E-003   8.5010389288351987E-003  -4.0983350721679962E-003
   8.4108699727298876E-003   8.5306774541189095E-003  -4.0510935141463474E-003
   8.4678089911598888E-003   8.5614168777369149E-003  -4.0040505974404403E-003
   8.5250204965620757E-003   8.5910678976956374E-003  -3.9566410976045888E-003
   8.5818488059669195E-003   8.6206177041651122E-003  -3.9087103957341114E-003
   8.6383560256966530E-003   8.6506292916554341E-003  -3.8606870812175897E-003
   8.6953949692265085E-003   8.6789911610233132E-003  -3.8122911796345874E-003
   8.7521959811444807E-003   8.7068674658853096E-003  -3.7633365407754664E-003
   8.8091963467534645E-003   8.7344935097099490E-003  -3.7144718293563870E-003
   8.8663018100764816E-003   8.7605308456148671E-003  -3.6648631285182858E-003
   8.9223509203173144E-003   8.7863507321171864E-003  -3.6139531029955262E-003
   8.9790290897032912E-003   8.8109974115734083E-003  -3.5631581592029619E-003
   9.0364584674802427E-003   8.8348162496773852E-003  -3.5128140481119345E-003
   9.0935820266244121E-003   8.8590086108312534E-003  -3.4623004000080239E-003
   9.1507983576109998E-003   8.8820655712919076E-003  -3.4113625157369274E-003
   9.2073030375746535E-003   8.9068317198871521E-003  -3.3604325734008992E-003
   9.2637787438536144E-003   8.9314714481086802E-003  -3.3094092611802494E-003
   9.3200735042725507E-003   8.9554866665199871E-003  -3.2578906313043146E-003
   9.3756658358489942E-003   8.9784768267897087E-003  -3.2051559632649703E-003
   9.4313007513134959E-003   9.0003535861384511E-003  -3.1519942893128991E-003
   9.4866816945756056E-003   9.0219117447314350E-003  -3.0984387394527371E-003
   9.5418152725781427E-003   9.0426617582960844E-003  -3.0443118005364185E-003
   9.5967810720518076E-003   9.0630398603522584E-003  -2.9898738189263392E-003
   9.6513198436336683E-003   9.0827152516156917E-003  -2.9347521229116397E-003
   9.7057656743507002E-003   9.1012348472963162E-003  -2.8791402888049379E-003
   9.7602558986672194E-003   9.1193672740420440E-003  -2.8234444132297898E-003
   9.8146742810793428E-003   9.1371956012373939E-003  -2.7675803782445719E-003
   9.8686264415448356E-003   9.1553423552137823E-003  -2.7113677488864105E-003
   9.9219323499700179E-003   9.1732619480538249E-003  -2.6544698727540058E-003
   9.9748569042544411E-003   9.1926654586625516E-003  -2.5977028458786834E-003
   1.0027433930788041E-002   9.2110821503870663E-003  -2.5402878500572173E-003
   1.0080158269585819E-002   9.2300528728102970E-003  -2.4831892004356895E-003
   1.0132325038736022E-002   9.2497461400496764E-003  -2.4258236757494353E-003
   1.0184233908724258E-002   9.2688104603339556E-003  -2.3680134611978646E-003
   1.0236778657480700E-002   9.2870155385095833E-003  -2.3105015102333438E-003
   1.0288560806866022E-002   9.3041353586234710E-003  -2.2519735617603101E-003
   1.0340809993950317E-002   9.3213397194183267E-003  -2.1938871397306284E-003
   1.0393407625622984E-002   9.3374456644455678E-003  -2.1358002420506388E-003
   1.0445235063980266E-002   9.3524793085358101E-003  -2.0767417440912500E-003
   1.0496757659378983E-002   9.3681282295724824E-003  -2.0175764381486902E-003
   1.0547095518448570E-002   9.3835589853598182E-003  -1.9573436254983426E-003
   1.0596686496028657E-002   9.3982749077574489E-003  -1.8963175935677555E-003
   1.0645688225338198E-002   9.4113452139252887E-003  -1.8344467795446276E-003
   1.0694724477496677E-002   9.4246277044469171E-003  -1.7726485480869360E-003
   1.0743448116243396E-002   9.4373362503390838E-003  -1.7104834461991879E-003
   1.0791426880201864E-002   9.4507852472349562E-003  -1.6478962055407084E-003
   1.0838213537053070E-002   9.4642091918406349E-003  -1.5844075730583869E-003
   1.0885274742118653E-002   9.4778292736114808E-003  -1.5211641042405873E-003
   1.0931927461310513E-002   9.4904624616700579E-003  -1.4574151720784375E-003
   1.0978482818766108E-002   9.5034820500104478E-003  -1.3936728077492998E-003
   1.1025691844372135E-002   9.5158219210690238E-003  -1.3302769444450359E-003
   1.1071992367852895E-002   9.5280833347846632E-003  -1.2661994971015836E-003
   1.1118209395845461E-002   9.5407105670615982E-003  -1.2021328183536640E-003
   1.1164042865283240E-002   9.5528708902217936E-003  -1.1377013072609949E-003
   1.1209967790502985E-002   9.5656103401488696E-003  -1.0734470649137963E-003
   1.1256013584295909E-002   9.5785520560477174E-003  -1.0093198720208423E-003
   1.1302162799553671E-002   9.5917874484669416E-003  -9.4532710436386318E-004
   1.1348755204675740E-002   9.6037895486157637E-003  -8.8141233786127274E-004
   1.1394689723890713E-002   9.6169963653036962E-003  -8.1725939609410996E-004
   1.1440872347069203E-002   9.6308957539000418E-003  -7.5343171939592124E-004
   1.1487392199647341E-002   9.6435988354214852E-003  -6.8959963473539808E-004
   1.1534423811729866E-002   9.6570800955334320E-003  -6.2630442882697973E-004
   1.1581907847438368E-002   9.6704250710454714E-003  -5.6331889092710806E-004
   1.1629859917355642E-002   9.6848784237675966E-003  -5.0093540286619341E-004
   1.1677741546438056E-002   9.6994827973911815E-003  -4.3853298412040609E-004
   1.1725773080075526E-002   9.7142330826434295E-003  -3.7628026642821358E-004
   1.1773436846709192E-002   9.7277984632232854E-003  -3.1347783174179398E-004
   1.1821026545146598E-002   9.7411107145935604E-003  -2.5056515762072665E-004
   1.1869049250592735E-002   9.7548605631306746E-003  -1.8807706735480791E-004
   1.1917373253878807E-002   9.7679506742158733E-003  -1.2567963391116430E-004
   1.1965458453399113E-002   9.7819129835299262E-003  -6.3286785710436915E-005
   1.2012500000009892E-002   9.7953991113083061E-003   7.9766838299447626E-015
