   3.5527136787903416E-015   3.5421283062119784E-015   7.1340190668707332E-015
   4.2368631835126420E-005   2.6943619096950320E-005  -6.2281140204620817E-005
   8.4279598109063928E-005   5.4111673980591115E-005  -1.2477408135862675E-004
   1.2576717146462881E-004   8.1437193832726291E-005  -1.8748051818083184E-004
   1.6791926929485827E-004   1.0807236669323915E-004  -2.5004063497499477E-004
   2.1051730408489742E-004   1.3423022313261608E-004  -3.1250001362255936E-004
   2.5251411431872052E-004   1.5978831108673426E-004  -3.7561143946221616E-004
   2.9354017083470772E-004   1.8582661658628411E-004  -4.3916353876593942E-004
   3.3523450823761422E-004   2.1208726437167214E-004  -5.0218703126578962E-004
   3.7687055968514010E-004   2.3864232025021519E-004  -5.6512563809585858E-004
   4.1925603584712942E-004   2.6500922459620705E-004  -6.2764169819078271E-004
   4.6276603423474799E-004   2.9049957637716301E-004  -6.8974743068502540E-004
   5.0639969534755909E-004   3.1639910256377901E-004  -7.5159658716012260E-004
   5.4983508342220755E-004   3.4223561943506285E-004  -8.1361143586002201E-004
   5.9347492265784604E-004   3.6810710819147000E-004  -8.7546796743687551E-004
   6.3790690627744408E-004   3.9394062737198380E-004  -9.3677398776620695E-004
   6.8220395845486044E-004   4.2083659957217723E-004  -9.9771968361730013E-004
   7.2610389563232782E-004   4.4713643282578655E-004  -1.0592104494532245E-003
   7.7041932974572990E-004   4.7245150614408290E-004  -1.1208163693055160E-003
   8.1494904685032443E-004   4.9683238225989453E-004  -1.1826441718365902E-003
   8.5914631902716989E-004   5.2160654373508873E-004  -1.2445541230566917E-003
   9.0362743625080919E-004   5.4725191831560467E-004  -1.3059034913921173E-003
   9.4787707595570838E-004   5.7279808464483911E-004  -1.3674612915352169E-003
   9.9255557427173173E-004   5.9905385155632827E-004  -1.4284077146249933E-003
   1.0371054986840855E-003   6.2525149316501193E-004  -1.4894731533547745E-003
   1.0820628199732154E-003   6.5107091670604236E-004  -1.5504009518652665E-003
   1.1270013943576239E-003   6.7630439792382418E-004  -1.6115875186482709E-003
   1.1711778989676365E-003   7.0205492182323539E-004  -1.6731126920748213E-003
   1.2157760361513096E-003   7.2750779387975139E-004  -1.7344572717595251E-003
   1.2612204247433631E-003   7.5180044067328742E-004  -1.7956510202429860E-003
   1.3068489889207706E-003   7.7608727926249850E-004  -1.8567098739460670E-003
   1.3535761264650795E-003   7.9891813557350026E-004  -1.9174990720800249E-003
   1.4000517287629224E-003   8.2173167719874459E-004  -1.9784872734402918E-003
   1.4464289975889342E-003   8.4491257914378671E-004  -2.0394117735128619E-003
   1.4924964959116386E-003   8.6825253575173802E-004  -2.1005103171022467E-003
   1.5376264730065554E-003   8.9145286523673246E-004  -2.1623571431125853E-003
   1.5828256883163290E-003   9.1561053681489220E-004  -2.2237854576596951E-003
   1.6279417007762900E-003   9.3925336073553782E-004  -2.2854746973789523E-003
   1.6731777493611984E-003   9.6353493635018559E-004  -2.3468269996424502E-003
   1.7185602131991112E-003   9.8813184923503793E-004  -2.4079451136229933E-003
   1.7633810998146564E-003   1.0134378991852927E-003  -2.4691880067924947E-003
   1.8082192066226266E-003   1.0383387177483377E-003  -2.5305842071692416E-003
   1.8528039450027571E-003   1.0638678217166871E-003  -2.5919068452477422E-003
   1.8975859378815073E-003   1.0892353492785651E-003  -2.6531527564910141E-003
   1.9420175659612482E-003   1.1149893411978779E-003  -2.7144924853702620E-003
   1.9863220462736498E-003   1.1413422908970751E-003  -2.7756695649737715E-003
   2.0301846204446739E-003   1.1674269348793272E-003  -2.8372785409584715E-003
   2.0738039891971894E-003   1.1943404701020182E-003  -2.8987033919306822E-003
   2.1184537437634564E-003   1.2210326277504186E-003  -2.9594810863744500E-003
   2.1630216235545611E-003   1.2473832265235726E-003  -3.0204675605598631E-003
   2.2074909055730969E-003   1.2735386891024687E-003  -3.0816098105411558E-003
   2.2510711888905875E-003   1.2998845728740965E-003  -3.1433078924126704E-003
   2.2939187334272281E-003   1.3261638234857997E-003  -3.2055452518357556E-003
   2.3375584103647014E-003   1.3516082678125502E-003  -3.2675787818381556E-003
   2.3818461582694730E-003   1.3773595931098140E-003  -3.3290235915710447E-003
   2.4263573242753111E-003   1.4035935823576288E-003  -3.3901016882910444E-003
   2.4713160002869925E-003   1.4312533031279457E-003  -3.4502153914075066E-003
   2.5166636295925917E-003   1.4598855937736147E-003  -3.5095768642995676E-003
   2.5620310358437305E-003   1.4896297155010149E-003  -3.5683738510767938E-003
   2.6077477055084187E-003   1.5208557805644408E-003  -3.6261226084932348E-003
   2.6531617649538934E-003   1.5530240858753737E-003  -3.6835922815848356E-003
   2.6987526722147752E-003   1.5864294261143874E-003  -3.7402098797832302E-003
   2.7447319439382546E-003   1.6194439411158586E-003  -3.7967425994119438E-003
   2.7916345075012393E-003   1.6533646104346358E-003  -3.8519652189231103E-003
   2.8377274294914133E-003   1.6879678474360587E-003  -3.9074454725382436E-003
   2.8843116536470207E-003   1.7230436785245441E-003  -3.9622140413016378E-003
   2.9318176163499244E-003   1.7589009572435623E-003  -4.0156690604557987E-003
   2.9797809317390995E-003   1.7959256128615040E-003  -4.0679059751994751E-003
   3.0279667033833932E-003   1.8335368069053220E-003  -4.1195153686798226E-003
   3.0772429378779142E-003   1.8712051220919940E-003  -4.1700421015106954E-003
   3.1268909527042217E-003   1.9101667560387152E-003  -4.2192057640423808E-003
   3.1770060027945094E-003   1.9496218400150221E-003  -4.2674942521685648E-003
   3.2273612214333948E-003   1.9893656481070852E-003  -4.3152936422066928E-003
   3.2769284506729895E-003   2.0300879313581684E-003  -4.3630930713541181E-003
   3.3267044044521339E-003   2.0708230579653017E-003  -4.4106641117969561E-003
   3.3763017170693036E-003   2.1118656328425627E-003  -4.4581574127518890E-003
   3.4265192578728314E-003   2.1527727073488447E-003  -4.5051128155976193E-003
   3.4784251958926609E-003   2.1935397466101344E-003  -4.5503214663555674E-003
   3.5302349767277483E-003   2.2349988357227291E-003  -4.5950080474597360E-003
   3.5827717834005695E-003   2.2775151613412784E-003  -4.6378127902245376E-003
   3.6355402264303285E-003   2.3209387998021345E-003  -4.6794046047779047E-003
   3.6891749565770298E-003   2.3640202589419218E-003  -4.7202372340148175E-003
   3.7436377737171422E-003   2.4075081534456364E-003  -4.7595132392088280E-003
   3.7980115756199107E-003   2.4513891633201326E-003  -4.7984740739097182E-003
   3.8530016573431352E-003   2.4942219961568150E-003  -4.8377352422781751E-003
   3.9077512401238888E-003   2.5372768908827623E-003  -4.8770895206875471E-003
   3.9626480212005752E-003   2.5813965450225394E-003  -4.9150342113292800E-003
   4.0181447360382481E-003   2.6251195370262238E-003  -4.9525630617664167E-003
   4.0742875958386764E-003   2.6691534283418846E-003  -4.9887431074462077E-003
   4.1307355855789958E-003   2.7138621605711493E-003  -5.0235964246177663E-003
   4.1878940188184643E-003   2.7582697917207747E-003  -5.0576680521763956E-003
   4.2463917446865862E-003   2.8023764288437540E-003  -5.0898024674000900E-003
   4.3045480083899216E-003   2.8466459151386338E-003  -5.1223303257108459E-003
   4.3629555376892152E-003   2.8915091940989548E-003  -5.1535688709757211E-003
   4.4222726265060611E-003   2.9361400992662353E-003  -5.1833944521459127E-003
   4.4827190561855263E-003   2.9803185887471557E-003  -5.2115811546372291E-003
   4.5431138518103008E-003   3.0248303041814557E-003  -5.2393512077056024E-003
   4.6032768970215906E-003   3.0699052357117144E-003  -5.2667128332972149E-003
   4.6633865558394867E-003   3.1157880431089361E-003  -5.2928202441152707E-003
   4.7229506078648193E-003   3.1627111081323832E-003  -5.3183221981407645E-003
   4.7821630572924163E-003   3.2105151220392500E-003  -5.3429932761629119E-003
   4.8418075762991187E-003   3.2581010579451129E-003  -5.3670371956314198E-003
   4.9023798136043940E-003   3.3060505709370503E-003  -5.3878181548968800E-003
   4.9630272074786767E-003   3.3543939329424488E-003  -5.4074348052844919E-003
   5.0242856026309780E-003   3.4026202104810092E-003  -5.4253689953929519E-003
   5.0857971595318222E-003   3.4507049190540149E-003  -5.4428100154137720E-003
   5.1477358773954762E-003   3.4988069916510817E-003  -5.4586146292956690E-003
   5.2095065135147611E-003   3.5475937772412275E-003  -5.4729058179623803E-003
   5.2711511758443061E-003   3.5965315146844704E-003  -5.4872248074331817E-003
   5.3322474363025020E-003   3.6464891159230868E-003  -5.5003200371274465E-003
   5.3931027033572851E-003   3.6967616216477214E-003  -5.5133320175715563E-003
   5.4539102816036165E-003   3.7472740173456337E-003  -5.5256176315102426E-003
   5.5153048047760682E-003   3.7973680002746364E-003  -5.5366315045178660E-003
   5.5766666448566933E-003   3.8475453704997832E-003  -5.5474461286312239E-003
   5.6381781478980677E-003   3.8978188446665480E-003  -5.5568754864744217E-003
   5.6991172967924249E-003   3.9488510452272496E-003  -5.5659383030160084E-003
   5.7597778268288482E-003   4.0001277999499865E-003  -5.5754774076123984E-003
   5.8209543574784780E-003   4.0508924688232913E-003  -5.5844429247372020E-003
   5.8830116725358452E-003   4.1008339954356878E-003  -5.5918411383302155E-003
   5.9444490948463843E-003   4.1517204413735300E-003  -5.5978422022122699E-003
   6.0059561109620683E-003   4.2026666958328955E-003  -5.6024645532416588E-003
   6.0672358822951196E-003   4.2539549165133174E-003  -5.6062471503719232E-003
   6.1274240114661963E-003   4.3066180495198404E-003  -5.6082430305645654E-003
   6.1870091739525280E-003   4.3599952793122627E-003  -5.6089356701814735E-003
   6.2468358422862608E-003   4.4131028035937041E-003  -5.6095361822142940E-003
   6.3070533683563298E-003   4.4657674133530348E-003  -5.6100732437134220E-003
   6.3684538261710366E-003   4.5170500123633264E-003  -5.6097924907494963E-003
   6.4296235384594695E-003   4.5685498353964160E-003  -5.6073359646292469E-003
   6.4907766184366241E-003   4.6198693702850704E-003  -5.6021778496316782E-003
   6.5512440408757467E-003   4.6718188432271195E-003  -5.5954738890257620E-003
   6.6114713118024492E-003   4.7238289920849110E-003  -5.5872507354619433E-003
   6.6716794856792440E-003   4.7757191233438797E-003  -5.5781738375615701E-003
   6.7305598794922877E-003   4.8288575712437092E-003  -5.5677141731852913E-003
   6.7894224823873478E-003   4.8817069146605352E-003  -5.5557918880302570E-003
   6.8480094755609070E-003   4.9346208276608251E-003  -5.5428426778916969E-003
   6.9060413747283039E-003   4.9876385286686514E-003  -5.5279624205340589E-003
   6.9637265809364248E-003   5.0409869371749365E-003  -5.5129170127276982E-003
   7.0217244358452445E-003   5.0940437429998773E-003  -5.4980434059532304E-003
   7.0804309659586737E-003   5.1460901934731592E-003  -5.4824001864494289E-003
   7.1392267257221814E-003   5.1976905231244548E-003  -5.4656531087990106E-003
   7.1977781737060063E-003   5.2492014404986586E-003  -5.4478106499722574E-003
   7.2559493868469375E-003   5.3011380170013365E-003  -5.4299584238083880E-003
   7.3142362361005254E-003   5.3524073907310569E-003  -5.4106169005907019E-003
   7.3724187035727213E-003   5.4035373991247020E-003  -5.3906038367245420E-003
   7.4301862033113687E-003   5.4553839609088432E-003  -5.3712427932186687E-003
   7.4877143730123765E-003   5.5069834903469627E-003  -5.3505546746015781E-003
   7.5457192479844943E-003   5.5578751978458928E-003  -5.3294485478325862E-003
   7.6038764516068412E-003   5.6085569322798330E-003  -5.3082565337191695E-003
   7.6613418422080796E-003   5.6595057718433111E-003  -5.2858524128699099E-003
   7.7182764136711256E-003   5.7107737836272071E-003  -5.2628296949991261E-003
   7.7750225482703826E-003   5.7618191451502057E-003  -5.2388662379104474E-003
   7.8317769513411503E-003   5.8123009331641773E-003  -5.2137559449359780E-003
   7.8886827151735967E-003   5.8625452795391742E-003  -5.1885123377411885E-003
   7.9461697649889813E-003   5.9117845435253365E-003  -5.1626138053509569E-003
   8.0034001724642902E-003   5.9611163768921996E-003  -5.1363259624840289E-003
   8.0601796724015518E-003   6.0106953134660317E-003  -5.1095301152815891E-003
   8.1163117201044424E-003   6.0602157256499940E-003  -5.0813003081996684E-003
   8.1710781039570166E-003   6.1105134365463786E-003  -5.0517912677512204E-003
   8.2260208516367287E-003   6.1602087745285762E-003  -5.0215974293982531E-003
   8.2809289880829921E-003   6.2088778857701194E-003  -4.9897161787016021E-003
   8.3347146460613555E-003   6.2581888354587816E-003  -4.9569208551486941E-003
   8.3876546990489121E-003   6.3073866507196560E-003  -4.9226145034617858E-003
   8.4407022562840387E-003   6.3565236359209229E-003  -4.8883871262842236E-003
   8.4937234471312573E-003   6.4053322923002523E-003  -4.8536528724288696E-003
   8.5458848631468146E-003   6.4536564645685558E-003  -4.8169927980211925E-003
   8.5970298814165153E-003   6.5026733449618269E-003  -4.7798238253357285E-003
   8.6486221674451497E-003   6.5507787191030334E-003  -4.7420864564791006E-003
   8.7001591767074463E-003   6.5985342276699433E-003  -4.7038327236714108E-003
   8.7510177135974414E-003   6.6463119434327341E-003  -4.6647085737250987E-003
   8.8007304511778517E-003   6.6954980068387642E-003  -4.6258578995386091E-003
   8.8501241967021693E-003   6.7438493732743391E-003  -4.5855788322640995E-003
   8.8980104392245418E-003   6.7928809978099608E-003  -4.5443137430782833E-003
   8.9452239014735438E-003   6.8417658408637698E-003  -4.5021099387733583E-003
   8.9917627825224812E-003   6.8911986536720404E-003  -4.4597952892265098E-003
   9.0385633668732188E-003   6.9394227746551081E-003  -4.4163886139755373E-003
   9.0851411502952620E-003   6.9876712453694773E-003  -4.3727698661261902E-003
   9.1313259926394004E-003   7.0357630967297809E-003  -4.3285642762153796E-003
   9.1765012390441388E-003   7.0845515634377050E-003  -4.2840796425659584E-003
   9.2212656063622063E-003   7.1336730717476591E-003  -4.2395461850533453E-003
   9.2658115042668718E-003   7.1826603443639041E-003  -4.1946472976016483E-003
   9.3109615549393718E-003   7.2308304031836659E-003  -4.1494685596376825E-003
   9.3554018376821590E-003   7.2792977486215802E-003  -4.1039056614390378E-003
   9.4000402503405089E-003   7.3271552332469314E-003  -4.0578939967186858E-003
   9.4440242141887454E-003   7.3747470780321841E-003  -4.0109852850748976E-003
   9.4870721990852371E-003   7.4223705892321615E-003  -3.9632477507882662E-003
   9.5292678629107126E-003   7.4693906201001633E-003  -3.9141698264781354E-003
   9.5715330674979032E-003   7.5158875325311934E-003  -3.8646552871076170E-003
   9.6150583553138106E-003   7.5605768128234538E-003  -3.8145711823785143E-003
   9.6578491405473563E-003   7.6048467154081704E-003  -3.7634915932503858E-003
   9.7006236128153404E-003   7.6480676077250679E-003  -3.7115079517265337E-003
   9.7439009051857629E-003   7.6909598639963274E-003  -3.6596684848600528E-003
   9.7874786441155791E-003   7.7333648449142318E-003  -3.6076800412866198E-003
   9.8312976558531471E-003   7.7750902214496565E-003  -3.5553456629532311E-003
   9.8743577483026961E-003   7.8161036363411339E-003  -3.5018318493301804E-003
   9.9154457651504917E-003   7.8565893479216227E-003  -3.4464000711727440E-003
   9.9572795415194103E-003   7.8960941306847401E-003  -3.3908185338598828E-003
   9.9984983152041837E-003   7.9348440165082617E-003  -3.3342547730686295E-003
   1.0040004517819664E-002   7.9729962274402589E-003  -3.2774952456039530E-003
   1.0081253552524818E-002   8.0098878646602274E-003  -3.2197239358135519E-003
   1.0121769746540386E-002   8.0463008132885001E-003  -3.1611360941226907E-003
   1.0162119846194280E-002   8.0830772686788233E-003  -3.1026607848925790E-003
   1.0202192730435856E-002   8.1198039591076476E-003  -3.0439639863793404E-003
   1.0242167621983173E-002   8.1576682331329486E-003  -2.9859268879259917E-003
   1.0281127383836757E-002   8.1954187205503515E-003  -2.9271303093231270E-003
   1.0319869173541727E-002   8.2323861331980979E-003  -2.8676956045251014E-003
   1.0358198931368299E-002   8.2689721600528593E-003  -2.8077598697445198E-003
   1.0396503912630342E-002   8.3053695003562807E-003  -2.7476935561609886E-003
   1.0434719279065046E-002   8.3407607621680396E-003  -2.6869725190764491E-003
   1.0472711771343027E-002   8.3755503405145877E-003  -2.6257658545749425E-003
   1.0510489561551102E-002   8.4104088613840521E-003  -2.5644655928455241E-003
   1.0548633073201700E-002   8.4462104355082952E-003  -2.5039402278423167E-003
   1.0586776513089880E-002   8.4817905904615506E-003  -2.4432843907974998E-003
   1.0624701327101449E-002   8.5174317609964453E-003  -2.3825273710964753E-003
   1.0663280557062208E-002   8.5526008218936994E-003  -2.3219074060011045E-003
   1.0702045161865466E-002   8.5879474667448774E-003  -2.2615093919576114E-003
   1.0740511976618294E-002   8.6233423507633307E-003  -2.2009494517852635E-003
   1.0778047249304800E-002   8.6586600961081079E-003  -2.1397631774018231E-003
   1.0815596702851284E-002   8.6942427459164914E-003  -2.0787393003245135E-003
   1.0852274013699773E-002   8.7290825060561961E-003  -2.0167637730912611E-003
   1.0887537823829429E-002   8.7646565574438819E-003  -1.9543862886707499E-003
   1.0922950049162522E-002   8.8000361118402582E-003  -1.8919822709293011E-003
   1.0958846487716953E-002   8.8346127286440708E-003  -1.8294050923736984E-003
   1.0995276729446996E-002   8.8691142617583676E-003  -1.7670955289682160E-003
   1.1031467013524461E-002   8.9035571840894827E-003  -1.7046139441309559E-003
   1.1066937948965919E-002   8.9385766441419188E-003  -1.6420403861508749E-003
   1.1102085506166669E-002   8.9724232501083839E-003  -1.5786443571750640E-003
   1.1137208848971115E-002   9.0058544890854672E-003  -1.5150149374977028E-003
   1.1173272766145778E-002   9.0389632274764445E-003  -1.4517440490846739E-003
   1.1210328662011194E-002   9.0725170417312907E-003  -1.3892860461615806E-003
   1.1248384766501592E-002   9.1063978906356143E-003  -1.3276109216050339E-003
   1.1285497333602687E-002   9.1397388328613143E-003  -1.2650726218713189E-003
   1.1321570983400251E-002   9.1719420314542860E-003  -1.2013415792947772E-003
   1.1358586635871800E-002   9.2031864338322084E-003  -1.1376734648739441E-003
   1.1395215065595113E-002   9.2340100916910254E-003  -1.0735777532179002E-003
   1.1431874431326641E-002   9.2651522543864082E-003  -1.0096539187619171E-003
   1.1468525004679899E-002   9.2970474717838456E-003  -9.4609740395915250E-004
   1.1505701573890650E-002   9.3294029350097021E-003  -8.8308132108106036E-004
   1.1542505910719182E-002   9.3615253115721577E-003  -8.1972839127924602E-004
   1.1578622157011212E-002   9.3934112977031581E-003  -7.5586211972759442E-004
   1.1615111450801508E-002   9.4247434367695556E-003  -6.9193381225467752E-004
   1.1652260757442259E-002   9.4567116413867541E-003  -6.2870436571339371E-004
   1.1690226914980706E-002   9.4899243619341340E-003  -5.6661180513861741E-004
   1.1727537859371553E-002   9.5230459361907421E-003  -5.0407497803384811E-004
   1.1764263727740901E-002   9.5571707343545236E-003  -4.4173150411176492E-004
   1.1801114502411083E-002   9.5922016447976058E-003  -3.7996698583113632E-004
   1.1836618457376814E-002   9.6275168716965179E-003  -3.1757865412253213E-004
   1.1871951408186933E-002   9.6626001077766612E-003  -2.5496276850092069E-004
   1.1906733245888854E-002   9.6962287967996084E-003  -1.9124985741595703E-004
   1.1941380633883345E-002   9.7295037283725069E-003  -1.2727847759536038E-004
   1.1977000288381535E-002   9.7624705919957307E-003  -6.3682674925988962E-005
   1.2012500000010045E-002   9.7953991113084327E-003   7.9764013967034755E-015
