   3.5527136787902580E-015   3.5421283062120384E-015   7.1340190668709052E-015
  -3.7639172467132853E-006   7.9899687782659834E-005   1.3685097583428683E-006
  -8.0125783181154443E-006   1.5978261221537415E-004   2.1853680278359796E-006
  -1.2747679659385807E-005   2.3964059862054238E-004   2.7152922278954395E-006
  -1.7711563839606369E-005   3.1948596191494114E-004   2.4363436127384930E-006
  -2.2908256373073028E-005   3.9931493011573108E-004   1.8616913483565215E-006
  -2.8168406969170971E-005   4.7908968236719978E-004  -1.0227011572853919E-006
  -3.3055825518149615E-005   5.5889623258860844E-004  -3.6736772295083849E-006
  -3.8712446875321230E-005   6.3865127326628369E-004  -6.3450292803731609E-006
  -4.3625478358044395E-005   7.1844092735314836E-004  -9.4228897247951230E-006
  -4.8724479826571613E-005   7.9824681732975451E-004  -1.1663450619393572E-005
  -5.2996696951327819E-005   8.7811617601329993E-004  -1.3286320475669671E-005
  -5.6998479962801822E-005   9.5798450241276346E-004  -1.5530460926190738E-005
  -6.1495726168967561E-005   1.0378178470430099E-003  -1.8062626445284932E-005
  -6.6072323137803720E-005   1.1175996402522262E-003  -2.1793608919093658E-005
  -7.0292272213581182E-005   1.1973624690627929E-003  -2.6275035048189433E-005
  -7.4470186356716703E-005   1.2771423293111179E-003  -3.0484420651899328E-005
  -7.7557519317765362E-005   1.3569732777475257E-003  -3.4666291449573571E-005
  -8.1202352253665621E-005   1.4368109197546376E-003  -3.8225239358908515E-005
  -8.3708349917641878E-005   1.5166626093362082E-003  -4.2399881628874735E-005
  -8.6238887272852314E-005   1.5965531434738579E-003  -4.5731388893617382E-005
  -8.8410301562167763E-005   1.6764184242096193E-003  -4.9832841683274049E-005
  -9.1344717911624203E-005   1.7562498988243271E-003  -5.4113594903526237E-005
  -9.3894974584483732E-005   1.8360683150013561E-003  -5.8858763519350044E-005
  -9.7172541443241829E-005   1.9158557686653338E-003  -6.3677455415859409E-005
  -1.0014847586111228E-004   1.9956437084622173E-003  -6.8680302418020815E-005
  -1.0399656894336353E-004   2.0753977265058608E-003  -7.3628916593823364E-005
  -1.0675874185135343E-004   2.1552186127954550E-003  -7.8211112422310190E-005
  -1.1063262960321336E-004   2.2350147108329017E-003  -8.2403453600512569E-005
  -1.1393238346680591E-004   2.3148956287106746E-003  -8.5258375601430535E-005
  -1.1674640306498377E-004   2.3948084447636725E-003  -8.7712583677779560E-005
  -1.2050359915899605E-004   2.4746953751230111E-003  -8.9703017809316499E-005
  -1.2237048570126275E-004   2.5546477450016777E-003  -9.1736065030772018E-005
  -1.2264003674622342E-004   2.6346148830501781E-003  -9.4012940610907827E-005
  -1.2242805650803577E-004   2.7145649965574256E-003  -9.6829750772641759E-005
  -1.2188501323493744E-004   2.7944955228496296E-003  -1.0011853154714834E-004
  -1.2203135394597454E-004   2.8744020081397700E-003  -1.0398274967803294E-004
  -1.2220693883837792E-004   2.9543257657916062E-003  -1.0747017467902453E-004
  -1.2137188180266883E-004   3.0342251499013428E-003  -1.1139332361524621E-004
  -1.2085598357627419E-004   3.1140879640303536E-003  -1.1604786681649277E-004
  -1.1906823084716946E-004   3.1939045662447833E-003  -1.2115804841501170E-004
  -1.1606152647089815E-004   3.2737059050026288E-003  -1.2592313699783355E-004
  -1.1159409649559334E-004   3.3534847797307443E-003  -1.2984400466056029E-004
  -1.0570598335824159E-004   3.4332069501864359E-003  -1.3295939329893621E-004
  -9.9860266082972343E-005   3.5129747378179524E-003  -1.3467043347658818E-004
  -9.2978808853506434E-005   3.5926502739142725E-003  -1.3678100131107407E-004
  -8.6793218234401288E-005   3.6723778007702748E-003  -1.3907445210547368E-004
  -8.0409816618726235E-005   3.7520811297539706E-003  -1.4164963330929467E-004
  -7.2951515048563613E-005   3.8317077448528697E-003  -1.4364360177519694E-004
  -6.2207186993413425E-005   3.9109543996964490E-003  -1.4577130220341526E-004
  -5.1602933134633851E-005   3.9902390299321501E-003  -1.4699490638655634E-004
  -4.0756852990824920E-005   4.0694994718352894E-003  -1.4737554682973854E-004
  -3.0181393289044084E-005   4.1487933564845576E-003  -1.4817523600553132E-004
  -1.8326864981464107E-005   4.2279078987183492E-003  -1.4877470303456200E-004
  -5.9929620528818960E-006   4.3069431470241608E-003  -1.4991679582018980E-004
   6.2948550934220207E-006   4.3859885334872886E-003  -1.5083135510371933E-004
   1.9525891488090394E-005   4.4648867163630309E-003  -1.5070321792027335E-004
   3.3680531690509175E-005   4.5436245342877959E-003  -1.5065626836385055E-004
   4.9989757057906678E-005   4.6219434921486143E-003  -1.5026898444011456E-004
   6.6125465449421418E-005   4.7002762539422810E-003  -1.4836705061771959E-004
   8.2633709903503989E-005   4.7785389693898069E-003  -1.4680973786467967E-004
   1.0044885198148465E-004   4.8564829713605533E-003  -1.4409804530034535E-004
   1.1841176450901435E-004   4.9343489904607948E-003  -1.4032752005027635E-004
   1.3688768714897450E-004   5.0120688031002735E-003  -1.3605306249902786E-004
   1.5577254620165906E-004   5.0897385762979242E-003  -1.3277153242225657E-004
   1.7600142124961376E-004   5.1670871312804829E-003  -1.2994422846743860E-004
   1.9681464298949191E-004   5.2442961599675564E-003  -1.2758293809999084E-004
   2.1754799342491569E-004   5.3215276172449482E-003  -1.2525266018229201E-004
   2.3842263197985822E-004   5.3986861536160242E-003  -1.2196484448347710E-004
   2.6074179336637264E-004   5.4754646445567138E-003  -1.1933456894904863E-004
   2.8390373587589370E-004   5.5520038968613168E-003  -1.1703951222083164E-004
   3.0824793823231583E-004   5.6281675316594481E-003  -1.1449775521149799E-004
   3.3272246788896231E-004   5.7043051888838511E-003  -1.1248416034663636E-004
   3.5832841114095298E-004   5.7800049151372152E-003  -1.0875761907510393E-004
   3.8385251219383049E-004   5.8556898803491424E-003  -1.0425136681614098E-004
   4.0965506217231215E-004   5.9312633325329612E-003  -9.9467879954092693E-005
   4.3588836972200881E-004   6.0067246284425677E-003  -9.5295782147928769E-005
   4.6338354430452934E-004   6.0817868115372433E-003  -9.2183863296324233E-005
   4.9147748999893339E-004   6.1566301122678311E-003  -8.9148975794676433E-005
   5.2097102826795217E-004   6.2309686543670067E-003  -8.7171006757840580E-005
   5.4965871464062702E-004   6.3056228999606948E-003  -8.5231867727742183E-005
   5.7739093031689936E-004   6.3806543205056224E-003  -8.4131797393067833E-005
   6.0607873218204624E-004   6.4553297029113039E-003  -8.3358952095474384E-005
   6.3478741757296920E-004   6.5299886881473998E-003  -8.1999794958619276E-005
   6.6572215522020322E-004   6.6037634584345736E-003  -8.1429466767618584E-005
   6.9803081618058035E-004   6.6769480590706956E-003  -8.1835250439025805E-005
   7.3291240734114937E-004   6.7489417151751453E-003  -8.1401567765386926E-005
   7.6874240941703076E-004   6.8204670777376056E-003  -8.0824104160680349E-005
   8.0499968761917388E-004   6.8917673816510224E-003  -7.9529331763703373E-005
   8.4154910907983385E-004   6.9628927638210863E-003  -7.7222861887331118E-005
   8.7953373264399533E-004   7.0332698536635513E-003  -7.5165291207643261E-005
   9.1859765679500483E-004   7.1030490195633624E-003  -7.2956706108968941E-005
   9.5840540730639983E-004   7.1723870708766463E-003  -7.0203956532437247E-005
   9.9912269452851052E-004   7.2411413230185724E-003  -6.6336745397024686E-005
   1.0403445649894865E-003   7.3095721822613842E-003  -6.2097062287841590E-005
   1.0816231481624828E-003   7.3780022694753481E-003  -5.8436225445262042E-005
   1.1226022142279489E-003   7.4466587735152771E-003  -5.5790361851894198E-005
   1.1644198706168899E-003   7.5148196411504702E-003  -5.3470932198166974E-005
   1.2067632075633771E-003   7.5826699599871438E-003  -5.1633529823043604E-005
   1.2503607691325184E-003   7.6497242367507320E-003  -4.9908253901395660E-005
   1.2945070581917594E-003   7.7164266750416217E-003  -4.8533520493120132E-005
   1.3393420783549457E-003   7.7826379578759992E-003  -4.6107206568742462E-005
   1.3840114265508793E-003   7.8489618923846902E-003  -4.3701995679291119E-005
   1.4303564203188247E-003   7.9141540450080577E-003  -4.2244327981820797E-005
   1.4775683631048319E-003   7.9787307750206829E-003  -4.1307100178051384E-005
   1.5245717172853060E-003   8.0434657628276392E-003  -4.1050079285182513E-005
   1.5710489674203006E-003   8.1085799331177960E-003  -4.1150209419695192E-005
   1.6168670173865702E-003   8.1741523173736261E-003  -4.2134449524277536E-005
   1.6634611488489019E-003   8.2391734989410558E-003  -4.3244791850840521E-005
   1.7104304270217816E-003   8.3039267237826411E-003  -4.4197044274607578E-005
   1.7591385472416757E-003   8.3673785479842864E-003  -4.5373915271230626E-005
   1.8083755048905335E-003   8.4303919093183296E-003  -4.7618530184897257E-005
   1.8579627332044946E-003   8.4931355741368324E-003  -4.9701631967703473E-005
   1.9087879888649965E-003   8.5549153451521392E-003  -4.9470816169106616E-005
   1.9616463801477922E-003   8.6149590229305777E-003  -4.8606391329612671E-005
   2.0148063701065579E-003   8.6747208049099394E-003  -4.7011120799916586E-005
   2.0692339786475247E-003   8.7333264989650754E-003  -4.5276748135989132E-005
   2.1244175158993271E-003   8.7912314571235561E-003  -4.3937702801580587E-005
   2.1807560838727944E-003   8.8480259973753184E-003  -4.3349524892442195E-005
   2.2374900686262882E-003   8.9044189523386236E-003  -4.2305679848408400E-005
   2.2936442532910046E-003   8.9613978915608055E-003  -4.1976995294508004E-005
   2.3501543307694866E-003   9.0180247991841714E-003  -4.2043873238140317E-005
   2.4065450992787384E-003   9.0747700910773065E-003  -4.2274272567231320E-005
   2.4642196735508424E-003   9.1302104362392875E-003  -4.2382019115786606E-005
   2.5220591289862831E-003   9.1854787648500431E-003  -4.2285886628111112E-005
   2.5805022209957761E-003   9.2401083745756139E-003  -4.2389519772890381E-005
   2.6395408649893268E-003   9.2940794440500001E-003  -4.1139648377655697E-005
   2.6995862222488217E-003   9.3469327513579243E-003  -4.0098988679510719E-005
   2.7594818273823821E-003   9.3999578373371601E-003  -3.9173383566457864E-005
   2.8199037922188993E-003   9.4523892062687905E-003  -3.8802276561394105E-005
   2.8807324774472315E-003   9.5043485878515948E-003  -3.9108415575823868E-005
   2.9428917034490568E-003   9.5547090952349274E-003  -3.9331838882919787E-005
   3.0054631949711888E-003   9.6045564166846384E-003  -3.9562040091320622E-005
   3.0683891313334280E-003   9.6539395231634052E-003  -4.0840840282575463E-005
   3.1324085408836028E-003   9.7018986963640242E-003  -4.2037881668862780E-005
   3.1968443788432479E-003   9.7492979528451748E-003  -4.3192555505319921E-005
   3.2626860189851198E-003   9.7946968081532373E-003  -4.5147641612940674E-005
   3.3291778240062261E-003   9.8391461620996063E-003  -4.6906844731847020E-005
   3.3953264071813491E-003   9.8841067244192383E-003  -4.8613531876333060E-005
   3.4623436899633010E-003   9.9277745352938269E-003  -4.9957443423612827E-005
   3.5302056950961428E-003   9.9700786497192353E-003  -5.2218011626317720E-005
   3.5988863555802197E-003   1.0010986252585615E-002  -5.5305874856451863E-005
   3.6680870615769384E-003   1.0051004722462821E-002  -5.8433870569658410E-005
   3.7377528713357817E-003   1.0090212278596234E-002  -6.1506735290332978E-005
   3.8077230609764100E-003   1.0128920423327607E-002  -6.3925845348229129E-005
   3.8785531439202081E-003   1.0166057887293833E-002  -6.5902741842209549E-005
   3.9494991493090829E-003   1.0202960416545472E-002  -6.8109017885616837E-005
   4.0206893532918108E-003   1.0239413805054803E-002  -6.9871210777686167E-005
   4.0926926423801892E-003   1.0274229443335741E-002  -7.1714493766175582E-005
   4.1653243038269842E-003   1.0307533213928789E-002  -7.5651576167327605E-005
   4.2383224297698882E-003   1.0340058151409974E-002  -7.9312457384684057E-005
   4.3117729370129891E-003   1.0371550862869595E-002  -8.2950054508452233E-005
   4.3858485107420905E-003   1.0401576563257917E-002  -8.6306644631004944E-005
   4.4602752063056667E-003   1.0430793052110603E-002  -8.8964418323270728E-005
   4.5356702825306893E-003   1.0457418167847642E-002  -9.1550090128186221E-005
   4.6111900660105367E-003   1.0483698757696136E-002  -9.4018468631930794E-005
   4.6872093970833500E-003   1.0508558875225872E-002  -9.5760843415882617E-005
   4.7632851547773193E-003   1.0533270745880336E-002  -9.7103426701297771E-005
   4.8393551971953183E-003   1.0557962765060193E-002  -9.9014669642446214E-005
   4.9159225982724607E-003   1.0581104083522995E-002  -1.0039758508616151E-004
   4.9926893395526124E-003   1.0603589000945724E-002  -1.0153597515576902E-004
   5.0699581590091594E-003   1.0624314005849159E-002  -1.0159692127344831E-004
   5.1472289252394530E-003   1.0645031840575841E-002  -1.0159837834720437E-004
   5.2245562160518899E-003   1.0665526800622794E-002  -1.0093001047093511E-004
   5.3021089735862652E-003   1.0685126705111316E-002  -9.9741084599121443E-005
   5.3800028692677169E-003   1.0703308503279600E-002  -9.8339935545349342E-005
   5.4579586135518150E-003   1.0721157936656192E-002  -9.6266371361399534E-005
   5.5358662451800433E-003   1.0739229209059873E-002  -9.4309321649404778E-005
   5.6139364938678432E-003   1.0756555164902338E-002  -9.2107610682745452E-005
   5.6923695126683809E-003   1.0772206346268239E-002  -9.0290448188260503E-005
   5.7708484535223476E-003   1.0787598006605042E-002  -8.8252648375188169E-005
   5.8494185284662598E-003   1.0802157596035611E-002  -8.4410553640242321E-005
   5.9282118587884588E-003   1.0815707112397934E-002  -8.1578293262881072E-005
   6.0073807771671506E-003   1.0826920653725553E-002  -7.9021175469484105E-005
   6.0866953687518897E-003   1.0837114906566707E-002  -7.6724924782421315E-005
   6.1662399301121553E-003   1.0845456176974137E-002  -7.4968233343388724E-005
   6.2458088388125587E-003   1.0853622515828769E-002  -7.3519203752358002E-005
   6.3254159333016131E-003   1.0861368104101021E-002  -7.1871061847806082E-005
   6.4050432714518489E-003   1.0869064389015958E-002  -7.1366863852564711E-005
   6.4847841545677010E-003   1.0875485112760810E-002  -7.0959605432339688E-005
   6.5646248826619165E-003   1.0880509886153899E-002  -7.0501570182117133E-005
   6.6444839366307283E-003   1.0885140780436661E-002  -6.9459306473123071E-005
   6.7244197295935268E-003   1.0888114075585318E-002  -6.8264095578730351E-005
   6.8043873864706639E-003   1.0890372622872515E-002  -6.7994259493135706E-005
   6.8843691925403591E-003   1.0892054003385726E-002  -6.8283499843118525E-005
   6.9643419454854119E-003   1.0894068063360922E-002  -6.7733634550152573E-005
   7.0443258781607843E-003   1.0894646131104541E-002  -6.6238193170436825E-005
   7.1243072888377435E-003   1.0894792857225489E-002  -6.4519933393250423E-005
   7.2042798196389419E-003   1.0894883276963870E-002  -6.2425621397908375E-005
   7.2842703030698902E-003   1.0893971153712212E-002  -6.1594605006372359E-005
   7.3641877038846037E-003   1.0890499969562586E-002  -6.0517601944937123E-005
   7.4441385975958863E-003   1.0887899569083728E-002  -5.9472367942448105E-005
   7.5240403311711036E-003   1.0884125324612868E-002  -5.8260739863372778E-005
   7.6039156482333456E-003   1.0880043430333426E-002  -5.6451907505844234E-005
   7.6837453874509711E-003   1.0875242040876152E-002  -5.4412447726090388E-005
   7.7634411861891893E-003   1.0868793490272186E-002  -5.1767479839108017E-005
   7.8431063867738706E-003   1.0861880322829195E-002  -4.9387580276392170E-005
   7.9227661191131459E-003   1.0854994025330479E-002  -4.6759660392766938E-005
   8.0023828311329218E-003   1.0847603480287441E-002  -4.4198604566781592E-005
   8.0817853914071942E-003   1.0838385289580395E-002  -4.0995733770957254E-005
   8.1610455828300330E-003   1.0828156833340589E-002  -3.7362451342948197E-005
   8.2402179816845958E-003   1.0817530459939344E-002  -3.3025235062127975E-005
   8.3193075442721254E-003   1.0806425435773644E-002  -2.8386320695037084E-005
   8.3984064899543555E-003   1.0795073934722009E-002  -2.4578405895546612E-005
   8.4774015960070118E-003   1.0782981488669059E-002  -2.0897920871713122E-005
   8.5564313439054004E-003   1.0771015062096332E-002  -1.7565717080110641E-005
   8.6353357034069881E-003   1.0758604823013980E-002  -1.3083751477662139E-005
   8.7141177751587882E-003   1.0745383619731189E-002  -8.7727256938269860E-006
   8.7926489914691257E-003   1.0730658567437540E-002  -4.7701127672307001E-006
   8.8708775176017957E-003   1.0714625675791787E-002   5.1098996328056905E-008
   8.9492788387544354E-003   1.0699225727641929E-002   4.0603929699899498E-006
   9.0276518223851108E-003   1.0683847202215293E-002   8.6621745016590090E-006
   9.1061737687727993E-003   1.0669208883441401E-002   1.3136943398715317E-005
   9.1846502791818798E-003   1.0654309746530241E-002   1.7547502345380151E-005
   9.2630808750757479E-003   1.0638845303001764E-002   2.0628509051377778E-005
   9.3413718065668110E-003   1.0622920974178442E-002   2.4745037127113393E-005
   9.4193978626445855E-003   1.0605618515267951E-002   2.8288974662330842E-005
   9.4972973416071228E-003   1.0587853759760891E-002   3.2299540930923904E-005
   9.5749426528527158E-003   1.0568861842699879E-002   3.5541873665625004E-005
   9.6523455127336313E-003   1.0548790895000798E-002   3.7982025353370116E-005
   9.7295696773839428E-003   1.0527975800980742E-002   3.9759736701458297E-005
   9.8066587430776266E-003   1.0506677973529091E-002   4.1677679050937660E-005
   9.8833944045478034E-003   1.0484104820013797E-002   4.3123704815570802E-005
   9.9602900895828222E-003   1.0462108439423270E-002   4.4916152328161479E-005
   1.0037321347381506E-002   1.0440576571810082E-002   4.6517402052762009E-005
   1.0114259535629826E-002   1.0418667424228681E-002   4.7227644226716868E-005
   1.0191234812697987E-002   1.0396881739679328E-002   4.6790990289664613E-005
   1.0268231686450415E-002   1.0375234982701542E-002   4.5088243904295218E-005
   1.0345021948963872E-002   1.0352898224205207E-002   4.3008628214346888E-005
   1.0422064756222715E-002   1.0331535551471427E-002   4.0172774894242313E-005
   1.0498709117379094E-002   1.0308859935283597E-002   3.6787759048657369E-005
   1.0575206377187408E-002   1.0285680771122969E-002   3.3486912521031886E-005
   1.0651520532076254E-002   1.0262299907842139E-002   2.8056903538709740E-005
   1.0727796573184350E-002   1.0238702469590561E-002   2.3044273356886919E-005
   1.0804222331130868E-002   1.0215437508543829E-002   1.8819925531934425E-005
   1.0880392567802792E-002   1.0191364644672482E-002   1.4508050746101851E-005
   1.0956401300447212E-002   1.0166597149271693E-002   1.1467699864907215E-005
   1.1032451969263070E-002   1.0142022728592062E-002   7.9472423767883788E-006
   1.1108135739901603E-002   1.0116208395057287E-002   5.5835491483680553E-006
   1.1184303600486291E-002   1.0091845781177288E-002   3.3654294518071205E-006
   1.1260564804621490E-002   1.0067699216970797E-002   2.2827563273325935E-006
   1.1336531049501400E-002   1.0042619826214953E-002   2.6749313620302510E-006
   1.1412275167778704E-002   1.0016898750411014E-002   3.7951112173061878E-006
   1.1487657614182281E-002   9.9901654861989861E-003   5.4742052001955581E-006
   1.1562991208676588E-002   9.9632609077897304E-003   6.4707993303761070E-006
   1.1638327045458462E-002   9.9363460285389563E-003   6.1530354651747408E-006
   1.1713738402122977E-002   9.9096440480296605E-003   5.7903761064108483E-006
   1.1789115774021471E-002   9.8828446538525936E-003   6.0007939594056195E-006
   1.1864063216266171E-002   9.8548774497552553E-003   5.1543909094008720E-006
   1.1938433694261731E-002   9.8254601233632565E-003   3.2431317627004574E-006
   1.2012500000010053E-002   9.7953991113081725E-003   7.9775479239943948E-015
