   3.5527136787902406E-015   3.5421283062120123E-015   7.1340190668708168E-015
  -2.1357222761614454E-006   7.8480081200390982E-005   1.5372558183519437E-005
  -5.0272461229724278E-006   1.5734622925816908E-004   2.8478655032947619E-005
  -8.1238526152214771E-006   2.3631740780130788E-004   4.0886877500251445E-005
  -1.0600245995901536E-005   3.1525478509175441E-004   5.3644539528569462E-005
  -1.2057411555191250E-005   3.9406587583739347E-004   6.7307944906818342E-005
  -1.5369103059748908E-005   4.7277398027109570E-004   8.1238738029824859E-005
  -1.8685288401386280E-005   5.5155305358324557E-004   9.4761330803037438E-005
  -2.1872987332715653E-005   6.3048265044832142E-004   1.0740875404636310E-004
  -2.4690178211329624E-005   7.0944977247104364E-004   1.1990903714598642E-004
  -2.8348588575193046E-005   7.8853115670355993E-004   1.3143078638519305E-004
  -3.0903972054652149E-005   8.6774156054754718E-004   1.4234783453937063E-004
  -3.2896470800471760E-005   9.4700605920492256E-004   1.5298593572458155E-004
  -3.5331248804589552E-005   1.0261364825862305E-003   1.6449453911802873E-004
  -3.7287823322767287E-005   1.1052615443562443E-003   1.7613053558457507E-004
  -3.9033635327978883E-005   1.1843110826201696E-003   1.8830110052298844E-004
  -4.0862949324152426E-005   1.2635279891958268E-003   1.9931633169959940E-004
  -4.2348813020549777E-005   1.3425730532809681E-003   2.1155030281643528E-004
  -4.3946266353079840E-005   1.4215577287064016E-003   2.2415463498433370E-004
  -4.5961288551080588E-005   1.5006898874838242E-003   2.3573224804451673E-004
  -4.7110028404397461E-005   1.5795550397838191E-003   2.4911014601862187E-004
  -4.8199051910600903E-005   1.6584837992619458E-003   2.6211264489621374E-004
  -4.9755790115116658E-005   1.7373297110108697E-003   2.7556250561067776E-004
  -5.1104498902068364E-005   1.8158795384100575E-003   2.9066567069198693E-004
  -5.2612232199570807E-005   1.8942034400475447E-003   3.0688581775896993E-004
  -5.4586842812199360E-005   1.9722389174938629E-003   3.2439482039935710E-004
  -5.5701506127939575E-005   2.0503603241366457E-003   3.4159375486026160E-004
  -5.6051705561542808E-005   2.1284299321534732E-003   3.5905839543201210E-004
  -5.7113692521777825E-005   2.2064459659859371E-003   3.7673240577517275E-004
  -5.7791539033656675E-005   2.2846061779192650E-003   3.9377710556192280E-004
  -5.8513916677078977E-005   2.3629726943550228E-003   4.0984469048877290E-004
  -5.7488921611858039E-005   2.4414988742865046E-003   4.2509554106248898E-004
  -5.5320866687078190E-005   2.5200902310977651E-003   4.3988398817490753E-004
  -5.2866137093285873E-005   2.5987638771317579E-003   4.5418194992416749E-004
  -5.0050561386004351E-005   2.6774573869927151E-003   4.6830299960628910E-004
  -4.6433888623311098E-005   2.7560554514391793E-003   4.8276895798198276E-004
  -4.1980048716509018E-005   2.8346770770960503E-003   4.9686871960949507E-004
  -3.7443631359840494E-005   2.9134924375478601E-003   5.0981321167270055E-004
  -3.2508168150393818E-005   2.9923524568897736E-003   5.2233273847172368E-004
  -2.6268698814434809E-005   3.0712661524028534E-003   5.3389551006312807E-004
  -1.8364066432113139E-005   3.1499290947093394E-003   5.4612900095609861E-004
  -1.0865787725519352E-005   3.2287094039657543E-003   5.5785242613141700E-004
  -3.2977003368976501E-006   3.3076432263859892E-003   5.6844373002176642E-004
   4.8015651975676219E-006   3.3865944123025820E-003   5.7849918252368953E-004
   1.3744561418613329E-005   3.4653846255329342E-003   5.8908809796895671E-004
   2.1256516934971165E-005   3.5443691095906091E-003   5.9933611264915867E-004
   2.9981435684406636E-005   3.6233821972191352E-003   6.0832542645167383E-004
   3.8536321330955366E-005   3.7024070714533268E-003   6.1737436060740804E-004
   4.5242601461762656E-005   3.7815095817354083E-003   6.2726469318741729E-004
   5.2384558923823862E-005   3.8607243712075606E-003   6.3586757473226322E-004
   6.0482785998343330E-005   3.9398798364861064E-003   6.4416402177161264E-004
   6.9085204356617328E-005   4.0191304802239085E-003   6.5089706401647788E-004
   7.5374324145363098E-005   4.0986356981292677E-003   6.5717139996006139E-004
   8.2000334297010986E-005   4.1781335490109570E-003   6.6318702042839745E-004
   9.0010500107166034E-005   4.2575441443585159E-003   6.6864546365104577E-004
   9.8317233889979772E-005   4.3369032351055162E-003   6.7440158036802321E-004
   1.0734753797812254E-004   4.4161230545035459E-003   6.8093410108781836E-004
   1.1744527283292030E-004   4.4952859371818433E-003   6.8652639685261492E-004
   1.2784597153931693E-004   4.5744457305340923E-003   6.9158135127248997E-004
   1.3774452587771258E-004   4.6536906977068864E-003   6.9629874542318914E-004
   1.4904628898089909E-004   4.7327541301095668E-003   7.0090784453977087E-004
   1.6339882296314783E-004   4.8113504909718698E-003   7.0498421970722851E-004
   1.7959041757599896E-004   4.8895609402683305E-003   7.0956219987068495E-004
   1.9674325546620481E-004   4.9676197368576647E-003   7.1311246871058501E-004
   2.1474359260259627E-004   5.0455312724627856E-003   7.1551673414581697E-004
   2.3241586621973903E-004   5.1235455013044435E-003   7.1672951388302938E-004
   2.5016607823774860E-004   5.2015416524082928E-003   7.1796660259747691E-004
   2.6824715119466041E-004   5.2794698577098963E-003   7.1848585961604972E-004
   2.8592260471356723E-004   5.3574886074995564E-003   7.1929395981820167E-004
   3.0560281064268051E-004   5.4350295476723624E-003   7.1899051749849433E-004
   3.2518383422041919E-004   5.5125948610660449E-003   7.1944404070023915E-004
   3.4503504573848168E-004   5.5900873020225733E-003   7.2036652572790712E-004
   3.6592314819492995E-004   5.6673078352425408E-003   7.1954406671643004E-004
   3.8614477869249064E-004   5.7447041137601062E-003   7.1859447410332488E-004
   4.0489034693834050E-004   5.8224673755994201E-003   7.1737842215059190E-004
   4.2433756545337504E-004   5.9000243076345379E-003   7.1478458479004299E-004
   4.4434021805303710E-004   5.9774548865649171E-003   7.1268712419064718E-004
   4.6461966824869438E-004   6.0548210025952931E-003   7.1089046471000165E-004
   4.8506957868362232E-004   6.1321557220570255E-003   7.0982167096180903E-004
   5.0710867882141220E-004   6.2090594361976469E-003   7.0951051335248520E-004
   5.3019980608182127E-004   6.2856537971135119E-003   7.0918846911421744E-004
   5.5408161090397345E-004   6.3619830106177036E-003   7.0731481645055160E-004
   5.8040422888321248E-004   6.4374731597088416E-003   7.0442393837561552E-004
   6.0668210204066237E-004   6.5128687821265309E-003   6.9942658867128680E-004
   6.3393869661568865E-004   6.5878792988241560E-003   6.9390386874216496E-004
   6.6152606203029535E-004   6.6627972241109883E-003   6.8878119913446875E-004
   6.9179935244104954E-004   6.7366348586603963E-003   6.8316589738702603E-004
   7.2292147069198112E-004   6.8101300509157484E-003   6.7770050869312261E-004
   7.5451851258333106E-004   6.8833537376009014E-003   6.7138238806411371E-004
   7.8657355458301476E-004   6.9562530762741649E-003   6.6375607147775627E-004
   8.2011561602510512E-004   7.0284121167223830E-003   6.5550967863589507E-004
   8.5476710347656823E-004   7.0998983396709436E-003   6.4607599654159346E-004
   8.8969565305693668E-004   7.1711157220566615E-003   6.3567980198629974E-004
   9.2520949204262634E-004   7.2421043702953049E-003   6.2571089783111178E-004
   9.6142837043801063E-004   7.3127959411116248E-003   6.1617702783193151E-004
   9.9887487774091323E-004   7.3828035168792298E-003   6.0634349249509144E-004
   1.0377626936544247E-003   7.4520398040969693E-003   5.9664430167870504E-004
   1.0779046696810337E-003   7.5206357421086084E-003   5.8752185323568309E-004
   1.1187218460132807E-003   7.5888296443309211E-003   5.7838129452991347E-004
   1.1599336524988669E-003   7.6567093868500262E-003   5.6868967207579003E-004
   1.2019448885721821E-003   7.7242186394365807E-003   5.5988303467044550E-004
   1.2453991341913068E-003   7.7909099276480785E-003   5.5188299584338167E-004
   1.2892057261431401E-003   7.8574739119820856E-003   5.4479649546955097E-004
   1.3325064324742314E-003   7.9242881727367362E-003   5.3699243260953719E-004
   1.3766553439199481E-003   7.9905691514789070E-003   5.2939602083588782E-004
   1.4207299191959181E-003   8.0569181793476424E-003   5.2196377181838542E-004
   1.4664484647780205E-003   8.1220120056454004E-003   5.1344271868138905E-004
   1.5125740878715157E-003   8.1869407220800088E-003   5.0591352984159029E-004
   1.5600017081807602E-003   8.2509459101417059E-003   4.9856800519575595E-004
   1.6094419618363533E-003   8.3134005868465803E-003   4.9114677347389737E-004
   1.6592140025623392E-003   8.3756836582052352E-003   4.8454654777329431E-004
   1.7103244082893793E-003   8.4368784540178269E-003   4.7799495307334857E-004
   1.7624635844662364E-003   8.4971773370068841E-003   4.7124580367058111E-004
   1.8157918768371237E-003   8.5564273704728522E-003   4.6449845140239619E-004
   1.8700134368102950E-003   8.6147860563142581E-003   4.5713053300620556E-004
   1.9252245785337388E-003   8.6722072742499365E-003   4.4974584843850997E-004
   1.9813473543762268E-003   8.7287356128089785E-003   4.4234443187243127E-004
   2.0376837801119791E-003   8.7849928767051878E-003   4.3451325063422429E-004
   2.0944176821516532E-003   8.8408364138354480E-003   4.2659089510743947E-004
   2.1512125149748683E-003   8.8966271884574257E-003   4.1873364115555141E-004
   2.2087087526802864E-003   8.9516390452920574E-003   4.1049481471862694E-004
   2.2667789205650236E-003   9.0059638208642382E-003   4.0173842521430713E-004
   2.3255117874523955E-003   9.0595747428385207E-003   3.9300232761624911E-004
   2.3848688121804809E-003   9.1125188705585471E-003   3.8441961511876354E-004
   2.4447667282887827E-003   9.1648280743590969E-003   3.7570257218031171E-004
   2.5050801583706931E-003   9.2166100673079041E-003   3.6670727561416666E-004
   2.5660430940287237E-003   9.2674711522976096E-003   3.5687515921542122E-004
   2.6279578094227369E-003   9.3172723326937282E-003   3.4757943744388037E-004
   2.6908638653928649E-003   9.3657497866134580E-003   3.3794800006290554E-004
   2.7542349633261913E-003   9.4136903889388401E-003   3.2868503085505939E-004
   2.8185989395462440E-003   9.4604126430084656E-003   3.2006473260180063E-004
   2.8835911982457306E-003   9.5060041949671971E-003   3.1019474282631046E-004
   2.9496964528346070E-003   9.5499214303875236E-003   3.0012638902171545E-004
   3.0167799344745483E-003   9.5922519771259717E-003   2.8973738972380757E-004
   3.0840496960840339E-003   9.6345057631770509E-003   2.8028240486575450E-004
   3.1517426329328102E-003   9.6760440641812176E-003   2.7067845512167347E-004
   3.2204380437344648E-003   9.7159486531548864E-003   2.6126759356729376E-004
   3.2890613149773084E-003   9.7557867866075090E-003   2.5108084905593297E-004
   3.3580371988049039E-003   9.7950636181865954E-003   2.4109796608096941E-004
   3.4277372755688765E-003   9.8330121246843136E-003   2.3100786449781787E-004
   3.4977067694728849E-003   9.8705505130793920E-003   2.2125392549350798E-004
   3.5684921589962601E-003   9.9066639783237584E-003   2.1202103568311985E-004
   3.6396887745549478E-003   9.9420825165451206E-003   2.0327065956652994E-004
   3.7107376087380343E-003   9.9780710062516188E-003   1.9572799592812418E-004
   3.7822112264345562E-003   1.0013062761882881E-002   1.8753659729468881E-004
   3.8536653273882645E-003   1.0048143460119582E-002   1.7955812202997864E-004
   3.9253111173000454E-003   1.0082978644556305E-002   1.7225122714117160E-004
   3.9973157809071198E-003   1.0117092121596366E-002   1.6506797552132420E-004
   4.0700466631914305E-003   1.0149577461336101E-002   1.5765707376816216E-004
   4.1434334127773221E-003   1.0180382260924870E-002   1.4956699925929899E-004
   4.2165613620535024E-003   1.0212043818716623E-002   1.4250663145696068E-004
   4.2899103821042216E-003   1.0243295346431494E-002   1.3592914901576836E-004
   4.3633661442683946E-003   1.0274327207570979E-002   1.2950461763847312E-004
   4.4371517436820260E-003   1.0304410330087728E-002   1.2238485266993294E-004
   4.5113986270867703E-003   1.0333161552105353E-002   1.1458949874084137E-004
   4.5860238115544910E-003   1.0361110725378379E-002   1.0752369739740203E-004
   4.6610924379265782E-003   1.0387888538737219E-002   1.0062079536122683E-004
   4.7368192706510092E-003   1.0413011585110855E-002   9.4765939572393959E-005
   4.8126005622360166E-003   1.0437959952535358E-002   8.8868921448493777E-005
   4.8887352461854635E-003   1.0462001314024992E-002   8.3816909899274197E-005
   4.9652257552664052E-003   1.0485136086975360E-002   8.0077349586837437E-005
   5.0420138452563967E-003   1.0507346101983984E-002   7.6867291659575907E-005
   5.1192509949526208E-003   1.0527918026887373E-002   7.3517873166643137E-005
   5.1968031936475709E-003   1.0547166608932299E-002   6.9625756236709306E-005
   5.2743914891034034E-003   1.0566178226719194E-002   6.5311269098629595E-005
   5.3521301143893626E-003   1.0584843528871870E-002   6.2428107312183925E-005
   5.4301841193895939E-003   1.0602020470057439E-002   5.8889039339081890E-005
   5.5081947209486984E-003   1.0619365575732578E-002   5.5215709886399120E-005
   5.5864892209272800E-003   1.0635371408359923E-002   5.1502947816128706E-005
   5.6649555741796823E-003   1.0650261544319282E-002   4.6886103194223557E-005
   5.7438028963572290E-003   1.0663161594355474E-002   4.2800948602690393E-005
   5.8228714214786578E-003   1.0674720915716279E-002   3.8986444986531376E-005
   5.9021639057948699E-003   1.0684957391452943E-002   3.6172818987999399E-005
   5.9816339573218781E-003   1.0693668011650816E-002   3.3234111147324153E-005
   6.0610050829855693E-003   1.0703383094132983E-002   3.0817175131171968E-005
   6.1403086853818734E-003   1.0713530232810846E-002   2.7993308548029399E-005
   6.2197956436238653E-003   1.0722047259559509E-002   2.4946386563879622E-005
   6.2992719080664453E-003   1.0730038394311111E-002   2.0511845091257790E-005
   6.3787881649004230E-003   1.0736995031033340E-002   1.5148068192490972E-005
   6.4583364100509006E-003   1.0743552339589610E-002   9.7556298876136465E-006
   6.5379269897231735E-003   1.0749237434200075E-002   4.0093847438781634E-006
   6.6174827925410927E-003   1.0754370213594896E-002  -2.6636063362267235E-006
   6.6969872283397756E-003   1.0759156605507348E-002  -1.0155945796207396E-005
   6.7765171967110174E-003   1.0762755716231406E-002  -1.8031891872825624E-005
   6.8561447602458374E-003   1.0765641359983912E-002  -2.5182009929810799E-005
   6.9358022802907572E-003   1.0767134398859088E-002  -3.2424270509130016E-005
   7.0154834341636177E-003   1.0767896988414686E-002  -3.9518787269888722E-005
   7.0952701074305834E-003   1.0768796043678372E-002  -4.5287536504816805E-005
   7.1751084568430802E-003   1.0769449154672308E-002  -5.0328509658783252E-005
   7.2549370448286212E-003   1.0769830022000434E-002  -5.5548804371635682E-005
   7.3348172105659254E-003   1.0770446586604303E-002  -5.9882276172140387E-005
   7.4147493383206553E-003   1.0769720194121278E-002  -6.3095889185144533E-005
   7.4946511098101859E-003   1.0767476521140030E-002  -6.6362819946995892E-005
   7.5745552780944348E-003   1.0764902639711227E-002  -6.9312232832022545E-005
   7.6544674081105192E-003   1.0762365652200021E-002  -7.2071792788276523E-005
   7.7343036695301966E-003   1.0758545052195910E-002  -7.5473906047003646E-005
   7.8140801502908225E-003   1.0753132551294968E-002  -7.8007271740887117E-005
   7.8937823617971480E-003   1.0746851327062481E-002  -8.0853974325109139E-005
   7.9734600984594940E-003   1.0740121575618228E-002  -8.3337665464752048E-005
   8.0531095039051738E-003   1.0733026054433228E-002  -8.5709540392866782E-005
   8.1325850605676823E-003   1.0724227743502766E-002  -8.8204659741381478E-005
   8.2120487505805140E-003   1.0715131830732291E-002  -8.9873892368442796E-005
   8.2915457739674934E-003   1.0706367390432734E-002  -9.1719930649804244E-005
   8.3710544697120758E-003   1.0697592473092278E-002  -9.2889599825194218E-005
   8.4505274484192993E-003   1.0688468553497161E-002  -9.3783886351617529E-005
   8.5298970387357332E-003   1.0678548933042025E-002  -9.5222379629265162E-005
   8.6092002528069655E-003   1.0668015407121641E-002  -9.5434671415049651E-005
   8.6883328837026770E-003   1.0656267492633884E-002  -9.5319685732950092E-005
   8.7674399295611539E-003   1.0644380666605800E-002  -9.4437261200086561E-005
   8.8464763013549556E-003   1.0632036263967070E-002  -9.3505780944631357E-005
   8.9254343007998393E-003   1.0619280188549728E-002  -9.1797898271616380E-005
   9.0042527806840147E-003   1.0606042592039558E-002  -8.8274651452039193E-005
   9.0830933448112234E-003   1.0593042166101732E-002  -8.4381789877164046E-005
   9.1617801912867742E-003   1.0578899463580434E-002  -8.1489705160970230E-005
   9.2402493520464604E-003   1.0563496091024029E-002  -7.9181694812160429E-005
   9.3186744666237335E-003   1.0547982765582071E-002  -7.6208793379640738E-005
   9.3969977378957400E-003   1.0532060949654634E-002  -7.2750331377502512E-005
   9.4753501727188345E-003   1.0516307771687871E-002  -6.9181950240277429E-005
   9.5534538563370672E-003   1.0499531475983098E-002  -6.4895867949970069E-005
   9.6312894458949905E-003   1.0481393611884233E-002  -6.1340747199107944E-005
   9.7091246468197830E-003   1.0463058784914043E-002  -5.8992211548868125E-005
   9.7872421253392371E-003   1.0445877372499322E-002  -5.7424211648650480E-005
   9.8651741010902932E-003   1.0427856988249587E-002  -5.6055672859535000E-005
   9.9428189063652823E-003   1.0408623915187860E-002  -5.4883871434583188E-005
   1.0020503379162530E-002   1.0389526217227166E-002  -5.4250925570176909E-005
   1.0098326642640524E-002   1.0370996905127536E-002  -5.3798977152341906E-005
   1.0176015634927517E-002   1.0351964418131625E-002  -5.2320831757611876E-005
   1.0253412166706558E-002   1.0331747218285633E-002  -5.1300194926048298E-005
   1.0330461229719793E-002   1.0310384316195973E-002  -4.8641567166265014E-005
   1.0407285126204119E-002   1.0288101292365660E-002  -4.7394258594392130E-005
   1.0484308412210871E-002   1.0266529172117719E-002  -4.5960020283332773E-005
   1.0561140810724162E-002   1.0244410625269295E-002  -4.3211853403703726E-005
   1.0637877053050283E-002   1.0222022059886737E-002  -4.0002296511915452E-005
   1.0714505990800535E-002   1.0199264119029184E-002  -3.6827075615359736E-005
   1.0790755411010846E-002   1.0175292005560537E-002  -3.3456067141407864E-005
   1.0867207779749749E-002   1.0151829523425302E-002  -3.1323641269219290E-005
   1.0943455599942316E-002   1.0127798526363139E-002  -2.8360349819874731E-005
   1.1019613295192578E-002   1.0103414965823801E-002  -2.6026376897234953E-005
   1.1095664800325946E-002   1.0078730685647691E-002  -2.3408194567475775E-005
   1.1171953630338042E-002   1.0054729633486571E-002  -2.1417238366637164E-005
   1.1248213206074838E-002   1.0030626192026739E-002  -1.9546084047638002E-005
   1.1324567536606175E-002   1.0006927888221597E-002  -1.6646668766182006E-005
   1.1400951917105932E-002   9.9831775115206429E-003  -1.5486488059318190E-005
   1.1477734975699374E-002   9.9607621409450644E-003  -1.4103349323032394E-005
   1.1554354869713346E-002   9.9378574174104235E-003  -1.1920351432695564E-005
   1.1630921190759242E-002   9.9147876382286951E-003  -9.6000556319008122E-006
   1.1707455975485177E-002   9.8916306560417437E-003  -7.1139136670273747E-006
   1.1783988693936553E-002   9.8685171579941840E-003  -4.1968581808238301E-006
   1.1860343497299289E-002   9.8447714731392313E-003  -1.7297837320225264E-006
   1.1936527708502741E-002   9.8204587595957273E-003   4.7428621469387899E-007
   1.2012500000010074E-002   9.7953991113082332E-003   7.9745798912432420E-015
