   3.5527136787902102E-015   3.5421283062120116E-015   7.1340190668707253E-015
   3.7588523782789974E-006   7.1557445326196322E-005   3.5572504092825998E-005
   7.4218600541593932E-006   1.4322664553117632E-004   7.0929372039519985E-005
   1.1816206674140951E-005   2.1476336921062855E-004   1.0647071247639842E-004
   1.5892368982439166E-005   2.8636448147445118E-004   1.4192019232475481E-004
   2.0488467459160150E-005   3.5768475019432977E-004   1.7786869926218450E-004
   2.4528824716246785E-005   4.2941149841466142E-004   2.1306740810465288E-004
   2.8031998648981509E-005   5.0106513187097603E-004   2.4847199223378754E-004
   3.1677350527671039E-005   5.7275730059039764E-004   2.8378409149798191E-004
   3.4522227344817890E-005   6.4456477545204603E-004   3.1893509763513658E-004
   3.5719648627050109E-005   7.1616406136209329E-004   3.5460172690531086E-004
   3.7280935829956919E-005   7.8837917090748724E-004   3.8898981114783831E-004
   3.8321925188981397E-005   8.6017669030259768E-004   4.2426065669128504E-004
   3.9436565266445237E-005   9.3170035451631901E-004   4.6008136348823977E-004
   4.1370004040865467E-005   1.0029627604136498E-003   4.9638468727490257E-004
   4.3267484561081646E-005   1.0742629650641220E-003   5.3261561873815518E-004
   4.5506591247113078E-005   1.1451906475677619E-003   5.6955137716948321E-004
   4.7610702496788598E-005   1.2156467767512947E-003   6.0738663285464164E-004
   4.9645807507609489E-005   1.2865178796499907E-003   6.4444260565421358E-004
   5.1380569137337030E-005   1.3572445933489913E-003   6.8178859021523531E-004
   5.4352370169853467E-005   1.4276202882097986E-003   7.1971522961589867E-004
   5.7380860986957751E-005   1.4982902901975730E-003   7.5708606161675328E-004
   6.0623632218726175E-005   1.5692588588392753E-003   7.9386848522222208E-004
   6.4240889814759305E-005   1.6400464065151083E-003   8.3096347864221689E-004
   6.7126085542259508E-005   1.7105635809579690E-003   8.6863314485376879E-004
   7.0262654837678385E-005   1.7811979463014643E-003   9.0606238965501302E-004
   7.3057247205317877E-005   1.8520757280614344E-003   9.4305604185435197E-004
   7.6175450108675722E-005   1.9231757441231126E-003   9.7959457675256983E-004
   8.0079491746703934E-005   1.9944154350640471E-003   1.0157838691799150E-003
   8.3458069925349053E-005   2.0655213759054377E-003   1.0522877098372264E-003
   8.7733224478976120E-005   2.1365511216023913E-003   1.0888458593103225E-003
   9.2358819643177060E-005   2.2075719722559018E-003   1.1253786204235418E-003
   9.7717402742689553E-005   2.2789833057577534E-003   1.1610396219551124E-003
   1.0352344528583665E-004   2.3502250274452458E-003   1.1969688155009537E-003
   1.0958835059842899E-004   2.4210571884939990E-003   1.2336569864780491E-003
   1.1594781083533040E-004   2.4920196509645230E-003   1.2700422334051683E-003
   1.2218330492046829E-004   2.5629200624530902E-003   1.3065696238544341E-003
   1.2842920722657675E-004   2.6333887995233962E-003   1.3439212744265211E-003
   1.3479029046947370E-004   2.7036955770115725E-003   1.3815576087085207E-003
   1.4203942724715248E-004   2.7740992109199750E-003   1.4188507495319297E-003
   1.4930706279091870E-004   2.8445218499453528E-003   1.4561043854771588E-003
   1.5792590743084369E-004   2.9150785374119238E-003   1.4928122780724336E-003
   1.6629904950723592E-004   2.9854714911842998E-003   1.5298895290172404E-003
   1.7501579095107072E-004   3.0559262409337409E-003   1.5667696949771672E-003
   1.8430349042511537E-004   3.1267741077681513E-003   1.6027463320639928E-003
   1.9392236135131033E-004   3.1975321750015223E-003   1.6388125662164898E-003
   2.0455241365578312E-004   3.2686097067401538E-003   1.6739549403020461E-003
   2.1467093139886293E-004   3.3397590241629428E-003   1.7091030590915305E-003
   2.2582024817787531E-004   3.4111423122880932E-003   1.7434559180189984E-003
   2.3724554504886921E-004   3.4831903719349973E-003   1.7762970460584932E-003
   2.4834833142290628E-004   3.5554194014852736E-003   1.8088500094206052E-003
   2.5959258026306731E-004   3.6283077806573637E-003   1.8398476067799834E-003
   2.7153241954044823E-004   3.7012517573589503E-003   1.8704517975772421E-003
   2.8445871564992340E-004   3.7739501023945623E-003   1.9012391568821584E-003
   2.9663803810247978E-004   3.8469601564794188E-003   1.9315903696962696E-003
   3.0971063510039896E-004   3.9205244626542889E-003   1.9601805787677726E-003
   3.2264870259380944E-004   3.9945292741065111E-003   1.9876741106574273E-003
   3.3668294773679750E-004   4.0683271491128567E-003   2.0151861738823313E-003
   3.5155483081964975E-004   4.1420204193918942E-003   2.0425381206231794E-003
   3.6764272962376305E-004   4.2153769349696580E-003   2.0701062388421843E-003
   3.8449035343180615E-004   4.2885110851590379E-003   2.0978109971925884E-003
   4.0202725004243555E-004   4.3614082076187839E-003   2.1257120151196678E-003
   4.2060649140754944E-004   4.4342246226925274E-003   2.1531452341027393E-003
   4.4006874684824769E-004   4.5070546708511541E-003   2.1799221771665080E-003
   4.6123918152345784E-004   4.5797489070090397E-003   2.2057555032171067E-003
   4.8202600514403400E-004   4.6528625180883351E-003   2.2307016017081645E-003
   5.0399787075118335E-004   4.7252277740957617E-003   2.2567881278650714E-003
   5.2649420641991400E-004   4.7975911448650578E-003   2.2824290611747696E-003
   5.5006044423437097E-004   4.8695199162857904E-003   2.3083304950922935E-003
   5.7559325404292342E-004   4.9409034886979267E-003   2.3338738151291675E-003
   6.0211710553632392E-004   5.0117993192883622E-003   2.3597633210402048E-003
   6.3030946998821730E-004   5.0824598962122000E-003   2.3845074807176295E-003
   6.5974599614449609E-004   5.1527894799840244E-003   2.4087405281572722E-003
   6.8972416760421399E-004   5.2232073419082982E-003   2.4320350329255750E-003
   7.1924615925704634E-004   5.2940925788658279E-003   2.4544790787597889E-003
   7.4951710614414122E-004   5.3648054304817052E-003   2.4764645830252360E-003
   7.8003879234555054E-004   5.4355596975215418E-003   2.4979648242477630E-003
   8.1050427763497553E-004   5.5061619354961275E-003   2.5200369377434335E-003
   8.4168875562121604E-004   5.5765335019980124E-003   2.5418399410214385E-003
   8.7322114998172841E-004   5.6465126027027317E-003   2.5643928471082138E-003
   9.0600441330372780E-004   5.7163864028008157E-003   2.5854382670524559E-003
   9.3902044520100577E-004   5.7861640741657212E-003   2.6064387010154870E-003
   9.7289405418620931E-004   5.8557034778237635E-003   2.6268556047068068E-003
   1.0089323934923185E-003   5.9240988773718766E-003   2.6474300408398468E-003
   1.0450880483936676E-003   5.9924801017957521E-003   2.6678451519959205E-003
   1.0818667106177087E-003   6.0604997615301805E-003   2.6883550495656458E-003
   1.1187191718706696E-003   6.1284107986796206E-003   2.7090911807059882E-003
   1.1566342902663413E-003   6.1954111683826937E-003   2.7308488060218536E-003
   1.1952916054271648E-003   6.2623029357773644E-003   2.7516118365245529E-003
   1.2347418791018457E-003   6.3288572165450816E-003   2.7719638295428438E-003
   1.2759182481749843E-003   6.3948766071565506E-003   2.7905634718048528E-003
   1.3180857782389419E-003   6.4602794074813613E-003   2.8091207649775535E-003
   1.3607042779227160E-003   6.5251939504626863E-003   2.8283500547491331E-003
   1.4039880980368752E-003   6.5898800277116474E-003   2.8468493064843546E-003
   1.4490797685469525E-003   6.6533671666854349E-003   2.8651830035846607E-003
   1.4945537098758795E-003   6.7166350351021741E-003   2.8833295591072687E-003
   1.5412219133385942E-003   6.7794180525561033E-003   2.9000738566942776E-003
   1.5885711321728887E-003   6.8420078403860878E-003   2.9155841742852409E-003
   1.6367218009477385E-003   6.9040093481609324E-003   2.9309895670973233E-003
   1.6849891735881909E-003   6.9661356216450853E-003   2.9455011784967340E-003
   1.7342630159760469E-003   7.0273555506258469E-003   2.9604747804514095E-003
   1.7840944543059279E-003   7.0881140892796084E-003   2.9754823699145740E-003
   1.8344662715516226E-003   7.1487495419013990E-003   2.9891213548143281E-003
   1.8854603218395780E-003   7.2089066269350110E-003   3.0025650136017074E-003
   1.9374859359826740E-003   7.2683798672053337E-003   3.0150657800391565E-003
   1.9896684735879674E-003   7.3277421407896403E-003   3.0274392700210743E-003
   2.0428897990766837E-003   7.3861205646584497E-003   3.0400666259810692E-003
   2.0959493643466294E-003   7.4449697559094297E-003   3.0510872988598636E-003
   2.1486144145827770E-003   7.5044209353913793E-003   3.0606763416217236E-003
   2.2021494222603062E-003   7.5631733902563796E-003   3.0697401159178852E-003
   2.2565603459912703E-003   7.6212125424143977E-003   3.0781608160502178E-003
   2.3119164911900698E-003   7.6784763459750386E-003   3.0856810548581109E-003
   2.3681660041410873E-003   7.7348774455923419E-003   3.0930910652835798E-003
   2.4257947032132261E-003   7.7898875786337257E-003   3.1003586853595323E-003
   2.4827852428567195E-003   7.8455525394002436E-003   3.1076724077066698E-003
   2.5406049264632539E-003   7.9004666102277972E-003   3.1141011726350991E-003
   2.5984258443935019E-003   7.9554551129880930E-003   3.1198462583336755E-003
   2.6568097949796750E-003   8.0099047960859072E-003   3.1249985713880128E-003
   2.7152804275806177E-003   8.0642928600934607E-003   3.1298072732596121E-003
   2.7741371639697409E-003   8.1184161668689404E-003   3.1323670102285529E-003
   2.8334931919482540E-003   8.1719904413667492E-003   3.1349475253589542E-003
   2.8923947932377983E-003   8.2261009849852358E-003   3.1365755398591456E-003
   2.9514514093162605E-003   8.2800567262558411E-003   3.1376215275403449E-003
   3.0110625138069073E-003   8.3334094654478191E-003   3.1375835731896162E-003
   3.0708726288069029E-003   8.3865377681751237E-003   3.1379490686458096E-003
   3.1314448610610997E-003   8.4387951098582395E-003   3.1375308315661930E-003
   3.1925973963544000E-003   8.4903709442317610E-003   3.1369824346221386E-003
   3.2538718645866230E-003   8.5417715593236725E-003   3.1351341096026784E-003
   3.3156734029141286E-003   8.5925184790008151E-003   3.1328275957945130E-003
   3.3778863860328976E-003   8.6427734185862727E-003   3.1308311534829622E-003
   3.4400441354857612E-003   8.6930686826627943E-003   3.1282233581403428E-003
   3.5026307522820258E-003   8.7427712135278394E-003   3.1246773994969865E-003
   3.5652878317992435E-003   8.7923372951075641E-003   3.1205188008445613E-003
   3.6291545638833717E-003   8.8403364814972820E-003   3.1163813328558506E-003
   3.6937086937755257E-003   8.8873809248589831E-003   3.1119558765029093E-003
   3.7591057711913690E-003   8.9331226277606646E-003   3.1063954015804521E-003
   3.8251153596723505E-003   8.9779504076564626E-003   3.1006330774174906E-003
   3.8906846136903023E-003   9.0232467902439436E-003   3.0936394625563791E-003
   3.9566798948205773E-003   9.0678991809018880E-003   3.0865129712545499E-003
   4.0230626914581130E-003   9.1119532546322796E-003   3.0792629440475907E-003
   4.0897863831949400E-003   9.1553735395652897E-003   3.0713491697338816E-003
   4.1562477631274736E-003   9.1988734626598685E-003   3.0618285781283771E-003
   4.2228723331188657E-003   9.2421136653847609E-003   3.0522655482402689E-003
   4.2900381128646537E-003   9.2844732255309998E-003   3.0425482595106833E-003
   4.3576510248843781E-003   9.3261542123268815E-003   3.0329989418204271E-003
   4.4258487692251406E-003   9.3664564947153889E-003   3.0218278317355280E-003
   4.4944352904656973E-003   9.4059245762733393E-003   3.0100736987590700E-003
   4.5624145763754585E-003   9.4457633254927328E-003   2.9962284559425698E-003
   4.6303600840112537E-003   9.4855163397907696E-003   2.9819769350814579E-003
   4.6982577089343001E-003   9.5247129034853606E-003   2.9660539352880174E-003
   4.7666637656754510E-003   9.5627866179055620E-003   2.9495917461256752E-003
   4.8357253550290564E-003   9.5997866598742220E-003   2.9334209770509549E-003
   4.9051581645330310E-003   9.6350292365661085E-003   2.9150621710761671E-003
   4.9750180424299765E-003   9.6694108513960524E-003   2.8966909431292669E-003
   5.0454249659754981E-003   9.7031703766691842E-003   2.8792794648498121E-003
   5.1162788826058783E-003   9.7357562962013516E-003   2.8614502658059638E-003
   5.1871228721428559E-003   9.7676734138236153E-003   2.8424127565309701E-003
   5.2576638405326514E-003   9.7992149553729254E-003   2.8216979568644464E-003
   5.3283039554146558E-003   9.8299929751113225E-003   2.8001877805621037E-003
   5.3998082008646685E-003   9.8584185462320673E-003   2.7782987474144691E-003
   5.4708983595099913E-003   9.8865849374671477E-003   2.7547861176421932E-003
   5.5426351829536815E-003   9.9142827780799875E-003   2.7327257960101702E-003
   5.6144643857721464E-003   9.9413824215970458E-003   2.7102274641742263E-003
   5.6867421278787448E-003   9.9666135928647842E-003   2.6870042861021179E-003
   5.7590507782030653E-003   9.9905385303079800E-003   2.6625286562128479E-003
   5.8315299104543111E-003   1.0013183790555333E-002   2.6373499436931776E-003
   5.9042023838179461E-003   1.0034732349566988E-002   2.6117692629568780E-003
   5.9769369876456107E-003   1.0056431262493915E-002   2.5864940858147134E-003
   6.0503422938653134E-003   1.0077291241086550E-002   2.5624832066323904E-003
   6.1239335460162355E-003   1.0098120163954991E-002   2.5390208202484585E-003
   6.1972982122248717E-003   1.0118488853053430E-002   2.5144700106871569E-003
   6.2707871515526419E-003   1.0137483848512487E-002   2.4892001480646829E-003
   6.3447349977927914E-003   1.0155115327398085E-002   2.4642833468137650E-003
   6.4188518238612524E-003   1.0170866376315082E-002   2.4386201328841024E-003
   6.4928896886332840E-003   1.0185770139454741E-002   2.4122331584315341E-003
   6.5671801961298812E-003   1.0200108308042773E-002   2.3862459035502034E-003
   6.6412202924790399E-003   1.0214329255504591E-002   2.3594909265419852E-003
   6.7154527319662491E-003   1.0227107831395783E-002   2.3325418462536718E-003
   6.7902266019674419E-003   1.0238651954140426E-002   2.3065495090542230E-003
   6.8647788077967099E-003   1.0249097559621504E-002   2.2794781602686362E-003
   6.9390971718618563E-003   1.0258319921058127E-002   2.2513404841253215E-003
   7.0137198823926232E-003   1.0266130411411974E-002   2.2235835514816163E-003
   7.0878890270391296E-003   1.0274815197564008E-002   2.1948866443024006E-003
   7.1619044458150101E-003   1.0283032061600025E-002   2.1656599283986161E-003
   7.2359749503541149E-003   1.0291197413371100E-002   2.1365585986970977E-003
   7.3103251802214032E-003   1.0298623898523948E-002   2.1079772999149835E-003
   7.3851560590418733E-003   1.0305651561692952E-002   2.0805738052710834E-003
   7.4599931864913101E-003   1.0311640909917602E-002   2.0529417213458754E-003
   7.5347035388601824E-003   1.0315654717308951E-002   2.0246176573644158E-003
   7.6091788043159145E-003   1.0319361581187451E-002   1.9956401834918666E-003
   7.6835380645970440E-003   1.0322489817640638E-002   1.9662988380020553E-003
   7.7577634381287312E-003   1.0324911477954534E-002   1.9365544353783378E-003
   7.8317663304336566E-003   1.0325764469141368E-002   1.9061760824164895E-003
   7.9057423896103044E-003   1.0326632907950915E-002   1.8757328813042871E-003
   7.9798313921036999E-003   1.0326212878556687E-002   1.8455560145799570E-003
   8.0541454053776260E-003   1.0326008244672035E-002   1.8159353199119108E-003
   8.1283781811364291E-003   1.0324798147107100E-002   1.7861354766678156E-003
   8.2022934996214634E-003   1.0322363341794748E-002   1.7556297816448466E-003
   8.2761950352440387E-003   1.0318894459521397E-002   1.7251908282424552E-003
   8.3497137933407715E-003   1.0315405871203567E-002   1.6938408368744997E-003
   8.4232600118162478E-003   1.0312731274089449E-002   1.6624752461611688E-003
   8.4964902541914151E-003   1.0309798087644404E-002   1.6304014559853177E-003
   8.5697800571169040E-003   1.0307184673653358E-002   1.5984362428181772E-003
   8.6432290642148944E-003   1.0305294095762463E-002   1.5667870868908969E-003
   8.7165763727133291E-003   1.0304076115785538E-002   1.5348701812988299E-003
   8.7896095044035852E-003   1.0302743030800178E-002   1.5022452742526283E-003
   8.8619818869799059E-003   1.0300969099026778E-002   1.4681998427744705E-003
   8.9340015467290479E-003   1.0299449060171996E-002   1.4334024566596201E-003
   9.0061174480963891E-003   1.0297023208643110E-002   1.3988566606068205E-003
   9.0783192799695316E-003   1.0293301132349775E-002   1.3646069654188215E-003
   9.1501010924828416E-003   1.0289247584744228E-002   1.3295222088457108E-003
   9.2214231289657490E-003   1.0284664653958133E-002   1.2935755280806358E-003
   9.2926416117086984E-003   1.0280027071734225E-002   1.2574310880566601E-003
   9.3642589726228610E-003   1.0274714443369741E-002   1.2221787180293055E-003
   9.4359078239009807E-003   1.0268847799567989E-002   1.1870785102069659E-003
   9.5077394922416601E-003   1.0262607767324202E-002   1.1524191186002084E-003
   9.5797046247804909E-003   1.0256284574070695E-002   1.1180529007344298E-003
   9.6513328071295354E-003   1.0249901098058024E-002   1.0830007291891177E-003
   9.7232726661436435E-003   1.0241974018151892E-002   1.0489152765305195E-003
   9.7954422158291182E-003   1.0232896288509721E-002   1.0156113590102124E-003
   9.8678325938548143E-003   1.0222223874476745E-002   9.8327356764042902E-004
   9.9402581510959296E-003   1.0210470249228623E-002   9.5139268060240127E-004
   1.0012954003692866E-002   1.0197812668708527E-002   9.2048801004866211E-004
   1.0085234729588756E-002   1.0184633714473234E-002   8.8883659881114992E-004
   1.0157762031181381E-002   1.0171407181307126E-002   8.5777457463784073E-004
   1.0230112506871227E-002   1.0158768641204565E-002   8.2606217999230168E-004
   1.0302218001750098E-002   1.0147758384302203E-002   7.9320534129917605E-004
   1.0374196255856706E-002   1.0136720585737353E-002   7.6007985354268042E-004
   1.0446371542842579E-002   1.0126006269696166E-002   7.2727846060272679E-004
   1.0518579289551947E-002   1.0115153525419482E-002   6.9459422499078152E-004
   1.0590594715189262E-002   1.0103977994216518E-002   6.6159595274176337E-004
   1.0661886004405924E-002   1.0093185095874568E-002   6.2693956192552203E-004
   1.0733220337790094E-002   1.0081850715744516E-002   5.9254559865548585E-004
   1.0804664510277992E-002   1.0071029554775277E-002   5.5821437826851180E-004
   1.0876077775168906E-002   1.0060050356431280E-002   5.2386903206238264E-004
   1.0946883556075223E-002   1.0047675049132931E-002   4.8874933454969537E-004
   1.1017725238890139E-002   1.0034016226640350E-002   4.5418211678188003E-004
   1.1089120594735177E-002   1.0020055236826317E-002   4.2089857840141184E-004
   1.1160090701423596E-002   1.0005669485916122E-002   3.8689425327949426E-004
   1.1230943355021308E-002   9.9913619628300195E-003   3.5261311768923037E-004
   1.1301913917166532E-002   9.9768341490793864E-003   3.1867019594357632E-004
   1.1372524086509805E-002   9.9627132782499715E-003   2.8381614315953007E-004
   1.1443847343785733E-002   9.9472554490694417E-003   2.5104346420824146E-004
   1.1514994031192057E-002   9.9300922504954314E-003   2.1873907621628856E-004
   1.1586325848110420E-002   9.9129176492247697E-003   1.8685169681576381E-004
   1.1657362197672530E-002   9.8949453139495960E-003   1.5474512103660643E-004
   1.1728381521630183E-002   9.8762364866183429E-003   1.2302390726001594E-004
   1.1799185369104674E-002   9.8563085715420249E-003   9.1564514676061297E-005
   1.1870048866621137E-002   9.8361138855107711E-003   6.0411033683387949E-005
   1.1941115318562803E-002   9.8155756586374189E-003   2.9952198410046290E-005
   1.2012500000010031E-002   9.7953991113082037E-003   7.9728636369786802E-015
