   3.5527136787902173E-015   3.5421283062120175E-015   7.1340190668707285E-015
   5.9345970150516747E-006   6.8229202430157408E-005   4.1346783361408429E-005
   1.1389866775359887E-005   1.3623497629534800E-004   8.3125423203963126E-005
   1.7525586607583352E-005   2.0480062543638486E-004   1.2388207538573207E-004
   2.3091641502030207E-005   2.7366624891936282E-004   1.6421252211413036E-004
   2.8657346575021662E-005   3.4223611854559028E-004   2.0504383251431659E-004
   3.3428059011538595E-005   4.1048305746235964E-004   2.4651183985183531E-004
   3.9018008128652182E-005   4.7948102590154819E-004   2.8661212429699761E-004
   4.5295799269148668E-005   5.4812423627090072E-004   3.2721629907057740E-004
   5.1184125066372206E-005   6.1628029742844339E-004   3.6869013358539060E-004
   5.6358718266523344E-005   6.8431451977005425E-004   4.1045816178443583E-004
   6.1499723574539778E-005   7.5210387760409904E-004   4.5262655078764805E-004
   6.6646641040894722E-005   8.1980577444426127E-004   4.9493449803546556E-004
   7.1826609619179681E-005   8.8701066442343937E-004   5.3802359977716727E-004
   7.7242229483592926E-005   9.5455255696658668E-004   5.8055316374044474E-004
   8.1505584506820305E-005   1.0219691860561258E-003   6.2341132441456610E-004
   8.6499432232536614E-005   1.0892564425597955E-003   6.6639372304572674E-004
   9.1188765262656190E-005   1.1570468166217690E-003   7.0861309462691413E-004
   9.5976231698173686E-005   1.2246678360437022E-003   7.5109224122933823E-004
   1.0045503126295419E-004   1.2925104710401526E-003   7.9325048149860077E-004
   1.0517696147909871E-004   1.3598357250609195E-003   8.3620410242654403E-004
   1.1149779118103923E-004   1.4270782350377517E-003   8.7908174212264511E-004
   1.1813530857824620E-004   1.4944797020984028E-003   9.2166091059126367E-004
   1.2386838922244530E-004   1.5628171481914263E-003   9.6285709054902001E-004
   1.3027546490653784E-004   1.6312491832281520E-003   1.0037961423235526E-003
   1.3736540719953776E-004   1.7001938036303533E-003   1.0437507670458224E-003
   1.4454092084924481E-004   1.7690894368382467E-003   1.0837745565402883E-003
   1.5329505911939071E-004   1.8383300554959266E-003   1.1228782877800406E-003
   1.6308918197875468E-004   1.9072878959194770E-003   1.1622342453266664E-003
   1.7347367303884563E-004   1.9768550371517275E-003   1.2003469099194804E-003
   1.8524806877183382E-004   2.0466474293830512E-003   1.2376347846897618E-003
   1.9772378583871611E-004   2.1154770642179987E-003   1.2764527939751896E-003
   2.1065622200984430E-004   2.1844319278039228E-003   1.3148972848433314E-003
   2.2341529656315308E-004   2.2538661252541202E-003   1.3525283654663928E-003
   2.3700979040054264E-004   2.3229720111777432E-003   1.3904699821022731E-003
   2.5052314915461281E-004   2.3923046050862914E-003   1.4280250159250697E-003
   2.6295324463385952E-004   2.4620109455905461E-003   1.4652610040099361E-003
   2.7471928697533172E-004   2.5317396284503134E-003   1.5026705086125924E-003
   2.8749921861413025E-004   2.6012037224249999E-003   1.5402392854699596E-003
   3.0058206016170448E-004   2.6700458502798507E-003   1.5788346309597279E-003
   3.1336284881268602E-004   2.7389646982482951E-003   1.6173942450783522E-003
   3.2658953710466783E-004   2.8077931024541535E-003   1.6559650306454642E-003
   3.3942953735989668E-004   2.8771260998647443E-003   1.6937548421053481E-003
   3.5270409718658399E-004   2.9464342691005621E-003   1.7314399017904841E-003
   3.6668758267013082E-004   3.0156789267285632E-003   1.7689850684075978E-003
   3.8160201006899521E-004   3.0849031650375803E-003   1.8062082424841030E-003
   3.9614062833481773E-004   3.1540268329475611E-003   1.8437654934487836E-003
   4.0912417717238562E-004   3.2235815290872368E-003   1.8810960671113092E-003
   4.2265802100497648E-004   3.2936670488894811E-003   1.9172188437189754E-003
   4.3601334033565805E-004   3.3637543773971058E-003   1.9534045014664952E-003
   4.4864410246531916E-004   3.4335975932994196E-003   1.9903150560428859E-003
   4.6170399549633391E-004   3.5030385923453511E-003   2.0278302108194179E-003
   4.7565473581393506E-004   3.5727821282228907E-003   2.0644528273457449E-003
   4.9067580805405183E-004   3.6426806586028998E-003   2.1003493847639955E-003
   5.0624513858186127E-004   3.7132075954471808E-003   2.1347521046918738E-003
   5.2209391737980044E-004   3.7834574209571290E-003   2.1695914246686768E-003
   5.3894390528054243E-004   3.8539402430639979E-003   2.2034772579904898E-003
   5.5541217321474000E-004   3.9248313892131844E-003   2.2366923383604601E-003
   5.7335527056865516E-004   3.9958140865130063E-003   2.2689336460686507E-003
   5.9077419234926441E-004   4.0670752691198131E-003   2.3008464182024974E-003
   6.0928508917227242E-004   4.1386220674302756E-003   2.3314797715527353E-003
   6.2967675358274711E-004   4.2097930189828325E-003   2.3617927338738447E-003
   6.5025590545089826E-004   4.2811864742862147E-003   2.3914486450198873E-003
   6.7126763130293064E-004   4.3522970782602860E-003   2.4214784528884805E-003
   6.9282222256459647E-004   4.4231569162251523E-003   2.4517155653316193E-003
   7.1513115728441437E-004   4.4941946903740825E-003   2.4809721212951403E-003
   7.3866891488634479E-004   4.5647609029243657E-003   2.5104065164068619E-003
   7.6339112640631725E-004   4.6351060730416569E-003   2.5393956403560454E-003
   7.8793568806228046E-004   4.7055204586407412E-003   2.5683676750727262E-003
   8.1249554335887319E-004   4.7763893822089787E-003   2.5961958831651095E-003
   8.3642235211440152E-004   4.8475351034554248E-003   2.6238688696424177E-003
   8.6040495278860664E-004   4.9186837953176642E-003   2.6514858661107589E-003
   8.8494242840914941E-004   4.9896725702719795E-003   2.6790268561897967E-003
   9.1006503046793779E-004   5.0604544955338872E-003   2.7065727073557655E-003
   9.3569663389064708E-004   5.1310539821849506E-003   2.7341178229604948E-003
   9.6202206585953038E-004   5.2020165947057398E-003   2.7600268805033270E-003
   9.8884552147469277E-004   5.2728823950680065E-003   2.7856889258898593E-003
   1.0172347053438277E-003   5.3432550311076788E-003   2.8110216385592570E-003
   1.0467590517809664E-003   5.4136644918020742E-003   2.8349134949823022E-003
   1.0771883626158592E-003   5.4839328693033970E-003   2.8580740685491515E-003
   1.1073108283042941E-003   5.5544864008223657E-003   2.8807640717636628E-003
   1.1393748641631983E-003   5.6243230569381604E-003   2.9030068026432354E-003
   1.1716955073630547E-003   5.6941905615287584E-003   2.9247762268099992E-003
   1.2048615386181750E-003   5.7639128292150382E-003   2.9457242520384229E-003
   1.2387258600722627E-003   5.8331377276641316E-003   2.9671979840317077E-003
   1.2723885543604748E-003   5.9025375495785079E-003   2.9884226803831388E-003
   1.3062643799843414E-003   5.9722605941523246E-003   3.0081995733505359E-003
   1.3400500721951712E-003   6.0420889713048900E-003   3.0277578132705471E-003
   1.3749831184681107E-003   6.1116777212203467E-003   3.0461177740429405E-003
   1.4116436590221083E-003   6.1806218872957862E-003   3.0635162432797796E-003
   1.4495743597325668E-003   6.2490627442016002E-003   3.0801628960558996E-003
   1.4874599682919208E-003   6.3177582694026180E-003   3.0958347017391911E-003
   1.5260966180706938E-003   6.3859258096067312E-003   3.1119714841715139E-003
   1.5650926642679333E-003   6.4539815878169064E-003   3.1277105890213514E-003
   1.6044400118580310E-003   6.5218662424807589E-003   3.1433137910214072E-003
   1.6443569518740150E-003   6.5894175390301436E-003   3.1589170030484003E-003
   1.6851082909798349E-003   6.6565281010495594E-003   3.1742630391248649E-003
   1.7261094142413218E-003   6.7238918176730743E-003   3.1877180601414504E-003
   1.7670574956286738E-003   6.7914772559377178E-003   3.2001865469292964E-003
   1.8084100942467210E-003   6.8586651258806539E-003   3.2134437224996541E-003
   1.8511515231879323E-003   6.9251312547442155E-003   3.2259106374948089E-003
   1.8950793040938432E-003   6.9910601656401807E-003   3.2370339814015727E-003
   1.9395870480926124E-003   7.0566548427128490E-003   3.2478228210173748E-003
   1.9844976717332363E-003   7.1219464060266937E-003   3.2587794468816947E-003
   2.0300679761173709E-003   7.1870115122422652E-003   3.2682599167160550E-003
   2.0763285056410842E-003   7.2515969772376614E-003   3.2776769825989161E-003
   2.1230907983982215E-003   7.3159012053841876E-003   3.2865231228487099E-003
   2.1715979764878224E-003   7.3788681713655773E-003   3.2955903648281947E-003
   2.2211646879595468E-003   7.4411370558805957E-003   3.3036975921207157E-003
   2.2718071902399720E-003   7.5025221392375410E-003   3.3118956716666550E-003
   2.3229508558143810E-003   7.5635802558679062E-003   3.3193944622584215E-003
   2.3753743179210775E-003   7.6237198799582098E-003   3.3253110690788881E-003
   2.4281965225246217E-003   7.6835112331624907E-003   3.3312109659098719E-003
   2.4811275271781554E-003   7.7433631989245761E-003   3.3352173278895715E-003
   2.5349645661522863E-003   7.8024894443918637E-003   3.3375964731085566E-003
   2.5887807402264489E-003   7.8616217718465668E-003   3.3402773803348513E-003
   2.6433974003468095E-003   7.9200385386970652E-003   3.3423991210873114E-003
   2.6993518081560022E-003   7.9771944807718754E-003   3.3439165325559006E-003
   2.7555218875270964E-003   8.0341445599845587E-003   3.3451856496061086E-003
   2.8127872396459881E-003   8.0900068706170076E-003   3.3454714914104731E-003
   2.8711000485416405E-003   8.1447713075717045E-003   3.3447839105588883E-003
   2.9301242593856246E-003   8.1987719444005340E-003   3.3450554850075818E-003
   2.9894947683780908E-003   8.2523919180138520E-003   3.3448527521667891E-003
   3.0497000173012470E-003   8.3050607944311922E-003   3.3437049466611538E-003
   3.1105530340579681E-003   8.3569657458790886E-003   3.3420357071012705E-003
   3.1721729472111316E-003   8.4079488937083072E-003   3.3401108843177621E-003
   3.2344981132591609E-003   8.4580371851105205E-003   3.3375153603253417E-003
   3.2972298621156298E-003   8.5076103082813784E-003   3.3348259107809065E-003
   3.3608834955058901E-003   8.5559181937373864E-003   3.3310097397555335E-003
   3.4257005218421592E-003   8.6027275357190309E-003   3.3282459374261654E-003
   3.4913010451605607E-003   8.6483844822386555E-003   3.3247797324440849E-003
   3.5569786398885321E-003   8.6940009269252088E-003   3.3224146692316693E-003
   3.6232301850681642E-003   8.7387130741771509E-003   3.3190151620611187E-003
   3.6906810468512971E-003   8.7816306724629051E-003   3.3161063814547884E-003
   3.7582869996942089E-003   8.8242198551964218E-003   3.3121571213218168E-003
   3.8254706467048013E-003   8.8674508993377213E-003   3.3079816696082558E-003
   3.8929473989079205E-003   8.9102395628105867E-003   3.3039793962633076E-003
   3.9605983356576320E-003   8.9526994470410896E-003   3.2994507115968754E-003
   4.0285193202896025E-003   8.9946349916246240E-003   3.2941450591112498E-003
   4.0974507678539253E-003   9.0347815104673736E-003   3.2880859702621281E-003
   4.1668800590213065E-003   9.0740966442693204E-003   3.2822641330378277E-003
   4.2366070106340846E-003   9.1128435673316806E-003   3.2761955114245941E-003
   4.3069719770376770E-003   9.1503033186384301E-003   3.2694472869247040E-003
   4.3779938829325432E-003   9.1866724192667150E-003   3.2636873036354817E-003
   4.4495666691523033E-003   9.2218706957593061E-003   3.2574891099398247E-003
   4.5215271695835226E-003   9.2560704458371414E-003   3.2502736077583390E-003
   4.5938676712034433E-003   9.2895125491538177E-003   3.2433110255560768E-003
   4.6663168974998255E-003   9.3226286765829836E-003   3.2359332403935027E-003
   4.7387497283103465E-003   9.3556227322120957E-003   3.2278785948720752E-003
   4.8114359914111149E-003   9.3876317724019259E-003   3.2182802356047072E-003
   4.8838903586037831E-003   9.4198706666533995E-003   3.2077437099525511E-003
   4.9568352161936191E-003   9.4508554291015661E-003   3.1968353530916326E-003
   5.0298235245127788E-003   9.4815245007357600E-003   3.1853412285862571E-003
   5.1027714924488654E-003   9.5117908594816083E-003   3.1725920522746431E-003
   5.1760413799933338E-003   9.5409048287751971E-003   3.1590310649616260E-003
   5.2498960592517732E-003   9.5678296191413440E-003   3.1441804081566598E-003
   5.3240519987439632E-003   9.5938076147008972E-003   3.1291457683217433E-003
   5.3980253362616954E-003   9.6189285911031583E-003   3.1119155079941297E-003
   5.4722584006714576E-003   9.6428362588445813E-003   3.0940864422414473E-003
   5.5463376913026862E-003   9.6664780937546265E-003   3.0752895721636022E-003
   5.6202838671123041E-003   9.6906329297260837E-003   3.0566212301758274E-003
   5.6942597010739985E-003   9.7145365170755640E-003   3.0377481142593952E-003
   5.7686619535661744E-003   9.7377686919532490E-003   3.0197322638426958E-003
   5.8429027573057967E-003   9.7614638418747866E-003   3.0016534658286725E-003
   5.9172443831617821E-003   9.7850467294660452E-003   2.9838441963371530E-003
   5.9916334203984744E-003   9.8081498459845571E-003   2.9656091439978407E-003
   6.0665313767910272E-003   9.8296055750219345E-003   2.9474446779467140E-003
   6.1411906504755713E-003   9.8516662739507946E-003   2.9290240804689992E-003
   6.2158745053518304E-003   9.8729661116194675E-003   2.9098241131965785E-003
   6.2905125658807449E-003   9.8940365442478761E-003   2.8901976824159082E-003
   6.3650311912449818E-003   9.9146562501139426E-003   2.8696598588353228E-003
   6.4394566363227225E-003   9.9345865646534217E-003   2.8481276573613752E-003
   6.5142675258341243E-003   9.9532953681068029E-003   2.8268365446691888E-003
   6.5891054223143758E-003   9.9703419663763684E-003   2.8042821052942147E-003
   6.6637160047767286E-003   9.9874248596264967E-003   2.7810133335320415E-003
   6.7380273348101906E-003   1.0003481181661894E-002   2.7561131176660264E-003
   6.8119825126327221E-003   1.0019553016517904E-002   2.7301838329404022E-003
   6.8856529940607859E-003   1.0034100717899315E-002   2.7025971594713846E-003
   6.9591473045083688E-003   1.0048407254550890E-002   2.6744207626320086E-003
   7.0323104770298522E-003   1.0061980666390592E-002   2.6450453873902938E-003
   7.1052786384869391E-003   1.0074105520616113E-002   2.6145718688848473E-003
   7.1779907136289610E-003   1.0085459232059339E-002   2.5832023396992194E-003
   7.2508493707762484E-003   1.0096581223976359E-002   2.5520909690407833E-003
   7.3233284267725778E-003   1.0107145021233849E-002   2.5199165595970125E-003
   7.3956600721424969E-003   1.0117659820679420E-002   2.4873962263681211E-003
   7.4682217914837498E-003   1.0128366664695895E-002   2.4554562767665749E-003
   7.5407094911939853E-003   1.0138367703581411E-002   2.4231218894165208E-003
   7.6130272586856004E-003   1.0148655042289888E-002   2.3904981071950319E-003
   7.6855017260380994E-003   1.0157561699972223E-002   2.3578159556106610E-003
   7.7578528150716586E-003   1.0166818385641116E-002   2.3249581759739934E-003
   7.8304421354367711E-003   1.0175091603649445E-002   2.2923645502058391E-003
   7.9032475334713491E-003   1.0183262850079925E-002   2.2602303822404123E-003
   7.9758269122820382E-003   1.0192018840930491E-002   2.2277409010532925E-003
   8.0480277302682653E-003   1.0200876050782369E-002   2.1944453799273237E-003
   8.1208859610972222E-003   1.0207583069353123E-002   2.1620927277522374E-003
   8.1935357454943954E-003   1.0213562225848473E-002   2.1291342916364576E-003
   8.2660725819563973E-003   1.0218498229047347E-002   2.0957570056645805E-003
   8.3383337316990935E-003   1.0221962902629386E-002   2.0616055446804199E-003
   8.4097478331170428E-003   1.0224285006185394E-002   2.0256245226056464E-003
   8.4812490558783572E-003   1.0225338951868203E-002   1.9897572068228145E-003
   8.5525610851426761E-003   1.0225555967523154E-002   1.9535005193161850E-003
   8.6232530533577739E-003   1.0225276254076980E-002   1.9160496530037806E-003
   8.6937556538496906E-003   1.0223819044254944E-002   1.8782705600848529E-003
   8.7643920398853634E-003   1.0220865669464306E-002   1.8408302269600323E-003
   8.8352038295007353E-003   1.0216448571625448E-002   1.8038683587720734E-003
   8.9054762780841901E-003   1.0211244518970838E-002   1.7659909142182860E-003
   8.9758229113939183E-003   1.0204980414136516E-002   1.7284128332292696E-003
   9.0463347581670409E-003   1.0198335948034404E-002   1.6912116165315239E-003
   9.1167243273846382E-003   1.0191236171547876E-002   1.6538632333027371E-003
   9.1865801418246334E-003   1.0185154569697272E-002   1.6153511662833821E-003
   9.2561481010100775E-003   1.0178606083249244E-002   1.5763971372274202E-003
   9.3254471509215987E-003   1.0170870883115503E-002   1.5371822374958971E-003
   9.3946185832452095E-003   1.0163295409120626E-002   1.4977116770520825E-003
   9.4638262426359251E-003   1.0156543575527434E-002   1.4581552285031667E-003
   9.5326343243047999E-003   1.0149286950944502E-002   1.4179956806367280E-003
   9.6007655433903751E-003   1.0142361503223750E-002   1.3766414164630679E-003
   9.6691377545530879E-003   1.0134649637104150E-002   1.3358275969125070E-003
   9.7372918193580557E-003   1.0125990916426134E-002   1.2948391837998183E-003
   9.8046188768846285E-003   1.0117544613577577E-002   1.2524631612548626E-003
   9.8719720214267281E-003   1.0108894591826954E-002   1.2101697688219073E-003
   9.9396670970703632E-003   1.0099575967335421E-002   1.1685700095218324E-003
   1.0007366063302516E-002   1.0090097582403007E-002   1.1270126973294047E-003
   1.0074811905383091E-002   1.0081195468199208E-002   1.0849198150307317E-003
   1.0142692195038666E-002   1.0071623803493555E-002   1.0436808829985880E-003
   1.0210571940900755E-002   1.0062172449551536E-002   1.0024133168961993E-003
   1.0278674734274665E-002   1.0052901506027377E-002   9.6147361558488614E-004
   1.0347089249624625E-002   1.0044166961607367E-002   9.2093768311892865E-004
   1.0416053775676011E-002   1.0035938372020050E-002   8.8123649345913161E-004
   1.0485583653150485E-002   1.0027808104327005E-002   8.4251318156411642E-004
   1.0554919633657405E-002   1.0018950939746078E-002   8.0360209775148621E-004
   1.0623956173027747E-002   1.0009822121448688E-002   7.6422417364306237E-004
   1.0692977725710378E-002   1.0001783419564618E-002   7.2458322846649377E-004
   1.0761809529559354E-002   9.9936962307185326E-003   6.8462349677121605E-004
   1.0831080344560802E-002   9.9855652339627347E-003   6.4543879208629968E-004
   1.0900494145602083E-002   9.9777360592707177E-003   6.0644612286066377E-004
   1.0970150961274986E-002   9.9697464904208600E-003   5.6792217169051695E-004
   1.1039367557006827E-002   9.9614569063438980E-003   5.2867493393704253E-004
   1.1108691425786332E-002   9.9517824102302779E-003   4.8993728632754953E-004
   1.1178906046054008E-002   9.9417629583090691E-003   4.5293029126607874E-004
   1.1249262859669058E-002   9.9304764645273443E-003   4.1656363301836445E-004
   1.1319482389493644E-002   9.9192581264035806E-003   3.7991166825282414E-004
   1.1389200740757581E-002   9.9073354658089120E-003   3.4253250742032293E-004
   1.1458770296870199E-002   9.8951456277193029E-003   3.0496277616369894E-004
   1.1528217461498297E-002   9.8830833855762818E-003   2.6712636992174879E-004
   1.1597461809100072E-002   9.8705099113103444E-003   2.2908523338758085E-004
   1.1666707162299256E-002   9.8583831662741647E-003   1.9090116448755603E-004
   1.1735731693634455E-002   9.8455702669741282E-003   1.5254176297424977E-004
   1.1804434620795617E-002   9.8330732796869953E-003   1.1350673887440367E-004
   1.1873316063777756E-002   9.8201646139074086E-003   7.4922892998057403E-005
   1.1942655233136670E-002   9.8076916168909466E-003   3.7021653718551300E-005
   1.2012500000010079E-002   9.7953991113082246E-003   7.9749560278869450E-015
