   3.5527136787901850E-015   3.5421283062120076E-015   7.1340190668706512E-015
  -4.2402959016171661E-006   7.4697522361179505E-005   2.8324901480452409E-005
  -7.2022694918549646E-006   1.4976281590047612E-004   5.5828145153970354E-005
  -9.2073109470825103E-006   2.2472143134278340E-004   8.3706197036994645E-005
  -1.0912341169656826E-005   2.9964859392099454E-004   1.1168856966721988E-004
  -1.2003056440593532E-005   3.7431538247095319E-004   1.4038841340107398E-004
  -1.3589775098215576E-005   4.4949172050466694E-004   1.6770142357846153E-004
  -1.4998429092350350E-005   5.2501562562298082E-004   1.9404825340774430E-004
  -1.7777422278273238E-005   6.0051468590116520E-004   2.2035736009046433E-004
  -2.0079023789935861E-005   6.7636937473604082E-004   2.4567077184824799E-004
  -2.2495511268433996E-005   7.5197387432515022E-004   2.7171151366167992E-004
  -2.4507634624384617E-005   8.2725984963361878E-004   2.9869249369788648E-004
  -2.7767669258582544E-005   9.0241769987536521E-004   3.2590774156930153E-004
  -3.0809630625227334E-005   9.7769208865284250E-004   3.5282451822840356E-004
  -3.4241131876357761E-005   1.0526359003803975E-003   3.8060310495717536E-004
  -3.7873331234799661E-005   1.1276472921257709E-003   4.0817298429046320E-004
  -4.1605126771842270E-005   1.2027937113494559E-003   4.3535918253370654E-004
  -4.4612628368143474E-005   1.2783614489061917E-003   4.6144504021818962E-004
  -4.7347746208023912E-005   1.3536996312889960E-003   4.8821587143909110E-004
  -4.9389372365271603E-005   1.4290789821028750E-003   5.1493263069079848E-004
  -5.2257005248514491E-005   1.5047491154044335E-003   5.4073587879110996E-004
  -5.4314963487395446E-005   1.5803927765649743E-003   5.6669356274275068E-004
  -5.5938185085488065E-005   1.6564646947632539E-003   5.9140041199320882E-004
  -5.6772898134046129E-005   1.7324902419138706E-003   6.1628855033007068E-004
  -5.6098792953288579E-005   1.8090027069856767E-003   6.3964209972053657E-004
  -5.6024803517116983E-005   1.8854037760202471E-003   6.6336700597437528E-004
  -5.5545008619682141E-005   1.9622750149484122E-003   6.8551610119863048E-004
  -5.4721430616620039E-005   2.0389876193952997E-003   7.0819865052808545E-004
  -5.4206417068365889E-005   2.1157956243045093E-003   7.3056525813376553E-004
  -5.3183072346539223E-005   2.1925949909678572E-003   7.5294404366493166E-004
  -5.1794567247966703E-005   2.2691609829254941E-003   7.7608968995712593E-004
  -4.9409483469508054E-005   2.3456239799645247E-003   7.9949313952968682E-004
  -4.5123238517670453E-005   2.4215892554937850E-003   8.2420963227378650E-004
  -4.2225343070843154E-005   2.4974470908684216E-003   8.4945227480800317E-004
  -3.8376461815286784E-005   2.5728907548819473E-003   8.7578551764343053E-004
  -3.4139995845710547E-005   2.6485531922596736E-003   9.0142236484610193E-004
  -2.9390104593836245E-005   2.7245695442204617E-003   9.2589587616803053E-004
  -2.4311697573466223E-005   2.8006909401432642E-003   9.4997372626394027E-004
  -1.8707481976942046E-005   2.8768218426814358E-003   9.7390442715750212E-004
  -1.3164881497181524E-005   2.9528410768313389E-003   9.9820166204589423E-004
  -8.3412431695015029E-006   3.0288674463016798E-003   1.0226295899822160E-003
  -2.2876096293192078E-006   3.1044267423996699E-003   1.0482058739598008E-003
   4.0194110533492327E-006   3.1799080700798620E-003   1.0739505947468706E-003
   1.0873189526863929E-005   3.2553299369205797E-003   1.0997298055141654E-003
   1.8139404171677612E-005   3.3313084435422835E-003   1.1236978815499252E-003
   2.6793123290483816E-005   3.4068003739842101E-003   1.1487195039192476E-003
   3.5210265906871015E-005   3.4821627411763603E-003   1.1742080367880912E-003
   4.4111074276664848E-005   3.5574133325429387E-003   1.1998619669899675E-003
   5.4803194211627598E-005   3.6324074379100548E-003   1.2255828288754804E-003
   6.6919092019987741E-005   3.7071972173491731E-003   1.2512673360761850E-003
   7.9656166534257410E-005   3.7819483954571434E-003   1.2767629887047653E-003
   9.4377234986063087E-005   3.8563752888200872E-003   1.3021387188498104E-003
   1.0849381587222534E-004   3.9307760857504133E-003   1.3279310346342645E-003
   1.2448688784419922E-004   4.0051865173593394E-003   1.3525746811113254E-003
   1.3957674142121599E-004   4.0799356212193709E-003   1.3767587213710142E-003
   1.5637561663571812E-004   4.1541376175685653E-003   1.4014945560928264E-003
   1.7205897916357617E-004   4.2284955513395483E-003   1.4264931526425074E-003
   1.8714989402690042E-004   4.3033714069567325E-003   1.4502811863825581E-003
   2.0325340612529881E-004   4.3781112664026314E-003   1.4738317763856991E-003
   2.1867009114712519E-004   4.4526747816006195E-003   1.4983798523192978E-003
   2.3501451360854488E-004   4.5271794500828426E-003   1.5225027504851838E-003
   2.5116893474013796E-004   4.6015292510863028E-003   1.5472240323212161E-003
   2.6854320611924834E-004   4.6756223329063916E-003   1.5718887832448243E-003
   2.8723515321955098E-004   4.7491963937612829E-003   1.5971369250459763E-003
   3.0596503476187475E-004   4.8229267444099668E-003   1.6218963059008993E-003
   3.2603476386086259E-004   4.8964581362331856E-003   1.6461932271401307E-003
   3.4689170170764023E-004   4.9698906181369247E-003   1.6701235164688869E-003
   3.6907919160245137E-004   5.0427911496987122E-003   1.6944797846308048E-003
   3.9270602749847300E-004   5.1153159081243965E-003   1.7186030522911803E-003
   4.1708530945847228E-004   5.1874009426460567E-003   1.7432890482132542E-003
   4.4221668296181432E-004   5.2595271702591080E-003   1.7670844546109714E-003
   4.6848644232148678E-004   5.3310793494060543E-003   1.7913781860079989E-003
   4.9539034026134022E-004   5.4026125133692527E-003   1.8150253157071909E-003
   5.2233664467823439E-004   5.4737481104333713E-003   1.8397967408388363E-003
   5.5007736367450181E-004   5.5446981165280856E-003   1.8642210964647235E-003
   5.7844025305508963E-004   5.6155947110606026E-003   1.8880794156984507E-003
   6.0773074698557638E-004   5.6861460490984983E-003   1.9118402168608964E-003
   6.3706478224880296E-004   5.7566370499408199E-003   1.9357260530517618E-003
   6.6736053899583763E-004   5.8266221834732054E-003   1.9598972797220020E-003
   6.9813435636311002E-004   5.8968382912953938E-003   1.9827592649687134E-003
   7.2915105587449626E-004   5.9672676496675134E-003   2.0046149238591594E-003
   7.6101494982814752E-004   6.0372801171061597E-003   2.0265909716228017E-003
   7.9303697377675650E-004   6.1071388173825694E-003   2.0488249991714759E-003
   8.2602072478166926E-004   6.1767819898783972E-003   2.0703168742834174E-003
   8.6060304608770780E-004   6.2459049550619523E-003   2.0909585490185129E-003
   8.9642667655882272E-004   6.3146220480516995E-003   2.1108238110257374E-003
   9.3207953018989225E-004   6.3837554938604929E-003   2.1295171440723275E-003
   9.6825316112921422E-004   6.4527169786381565E-003   2.1478415006674061E-003
   1.0056074784996728E-003   6.5209606947886243E-003   2.1664815161179661E-003
   1.0431233563946076E-003   6.5890136733862785E-003   2.1854907510086008E-003
   1.0809499053678574E-003   6.6572567169748903E-003   2.2031553821548634E-003
   1.1194295643919157E-003   6.7253486899390112E-003   2.2199720129472311E-003
   1.1587554768152945E-003   6.7931436563188324E-003   2.2360130583156516E-003
   1.1982950835619920E-003   6.8610390822385478E-003   2.2510739555591740E-003
   1.2391384431638265E-003   6.9283164888908977E-003   2.2654116870535158E-003
   1.2815431054958813E-003   6.9947808208787746E-003   2.2789887698478153E-003
   1.3258006189563818E-003   7.0604517498072152E-003   2.2903290340730432E-003
   1.3702910644846746E-003   7.1260611407742164E-003   2.3010997392615262E-003
   1.4159434161385384E-003   7.1911644407595477E-003   2.3098987799479746E-003
   1.4620131362372752E-003   7.2562041034704141E-003   2.3167852266762377E-003
   1.5085661804402272E-003   7.3208800781180902E-003   2.3238444321781243E-003
   1.5564344681058293E-003   7.3845902337661236E-003   2.3308902188772097E-003
   1.6048443847656968E-003   7.4479595035132516E-003   2.3372789290025627E-003
   1.6537862201728337E-003   7.5109766752561157E-003   2.3430696818551376E-003
   1.7036879090390608E-003   7.5732594088295671E-003   2.3486088644378272E-003
   1.7540064932565344E-003   7.6352323592179519E-003   2.3538427456784093E-003
   1.8043297813969614E-003   7.6971231327696253E-003   2.3599336239925437E-003
   1.8550490800825796E-003   7.7587186442582461E-003   2.3657254901452251E-003
   1.9070801007253974E-003   7.8192011826368375E-003   2.3716106784534650E-003
   1.9587889640900824E-003   7.8799856805258448E-003   2.3772176624973756E-003
   2.0102805245944383E-003   7.9410200750849140E-003   2.3820572774396801E-003
   2.0626544508784346E-003   8.0013589626055110E-003   2.3860810194373597E-003
   2.1149748233175508E-003   8.0617526544046487E-003   2.3899772507637454E-003
   2.1685195406747708E-003   8.1210537166627739E-003   2.3940204244766172E-003
   2.2219114782848323E-003   8.1805202351548402E-003   2.3976307121688850E-003
   2.2756847126462840E-003   8.2396315845512502E-003   2.4014106122429817E-003
   2.3302259790374843E-003   8.2980808771113655E-003   2.4043989990130779E-003
   2.3851036532133146E-003   8.3562507292181641E-003   2.4065690654113871E-003
   2.4414374293269085E-003   8.4129970287552674E-003   2.4090915948249596E-003
   2.4991315626271501E-003   8.4683585714859892E-003   2.4116384708089082E-003
   2.5567245507661803E-003   8.5238161555246331E-003   2.4143778308523939E-003
   2.6148022137334622E-003   8.5787938750141162E-003   2.4164838746385526E-003
   2.6745290230173278E-003   8.6319777135677525E-003   2.4185302319836011E-003
   2.7346198352827407E-003   8.6847747607878435E-003   2.4197816649653369E-003
   2.7950621809689027E-003   8.7371782329973020E-003   2.4205555785650691E-003
   2.8557057400004850E-003   8.7893346216332616E-003   2.4219942845237321E-003
   2.9166679877768989E-003   8.8411325099825994E-003   2.4227579021002636E-003
   2.9787938672892083E-003   8.8915237057451552E-003   2.4238078920411706E-003
   3.0415510499266331E-003   8.9411347623275517E-003   2.4243361859340091E-003
   3.1050314873121453E-003   8.9898134618019414E-003   2.4251225000993361E-003
   3.1694206655934172E-003   9.0372876122714677E-003   2.4256111305214342E-003
   3.2341531800670984E-003   9.0842814766063096E-003   2.4267417426783733E-003
   3.2994569387141156E-003   9.1304899849647819E-003   2.4271809025249685E-003
   3.3648008486077147E-003   9.1766231183582226E-003   2.4285620056013419E-003
   3.4301470974619818E-003   9.2227733686574744E-003   2.4287108653064356E-003
   3.4957813266394684E-003   9.2685066511418862E-003   2.4294949786412192E-003
   3.5619459687234191E-003   9.3134710199285122E-003   2.4301625706508560E-003
   3.6292433237153387E-003   9.3567265630011484E-003   2.4300076470026803E-003
   3.6961932298018134E-003   9.4004937573095044E-003   2.4285438236741367E-003
   3.7639894718988565E-003   9.4429463520182277E-003   2.4273410119351078E-003
   3.8324455114886239E-003   9.4842932920105177E-003   2.4252913281776157E-003
   3.9017718866673650E-003   9.5241756743733134E-003   2.4234887528139276E-003
   3.9717143826434901E-003   9.5629305482556413E-003   2.4210175171337431E-003
   4.0420342066463666E-003   9.6007637472404466E-003   2.4161419236487609E-003
   4.1123462862879285E-003   9.6386500762030303E-003   2.4115771088064350E-003
   4.1828749276116373E-003   9.6759933747056926E-003   2.4059924145935618E-003
   4.2538290925729074E-003   9.7124430005799730E-003   2.3999153060702693E-003
   4.3249093256133254E-003   9.7484809077690946E-003   2.3929246181820145E-003
   4.3968457828616860E-003   9.7826728777767376E-003   2.3854376090321067E-003
   4.4691875416411108E-003   9.8157180258932313E-003   2.3767953801071850E-003
   4.5416416710423362E-003   9.8480544450194347E-003   2.3665603846766050E-003
   4.6141383852078745E-003   9.8800987019277177E-003   2.3557256241112197E-003
   4.6869954545329003E-003   9.9104883925753666E-003   2.3427520295423838E-003
   4.7604992493234981E-003   9.9394984250616089E-003   2.3302776493582659E-003
   4.8340777724313021E-003   9.9679166716187904E-003   2.3169133609150772E-003
   4.9082109410626407E-003   9.9946128312708056E-003   2.3030718161782988E-003
   4.9831125868710600E-003   1.0018741207718855E-002   2.2886647028166163E-003
   5.0582747111953342E-003   1.0042529437197545E-002   2.2750714988104383E-003
   5.1336432019648669E-003   1.0065709849928425E-002   2.2615711625601680E-003
   5.2093757993040557E-003   1.0087818516161414E-002   2.2483129364056758E-003
   5.2848637141885649E-003   1.0109645464151995E-002   2.2333076354081336E-003
   5.3607575038861219E-003   1.0129925147927862E-002   2.2181792807626074E-003
   5.4363197488982778E-003   1.0150770649323498E-002   2.2021851508416679E-003
   5.5120662214115457E-003   1.0170312685735450E-002   2.1854346069092637E-003
   5.5876692195776876E-003   1.0190412674844104E-002   2.1686961151037641E-003
   5.6628449324351024E-003   1.0211122382449154E-002   2.1508153937810767E-003
   5.7379271173754118E-003   1.0231336497575075E-002   2.1319990428714068E-003
   5.8133253939911455E-003   1.0249979212710422E-002   2.1128274740384303E-003
   5.8889246939095741E-003   1.0267474426878217E-002   2.0933682001520399E-003
   5.9644094265395931E-003   1.0284804314194316E-002   2.0733249932916461E-003
   6.0401295983865660E-003   1.0301291357012075E-002   2.0534596217072717E-003
   6.1162057954345468E-003   1.0317138488721620E-002   2.0344522370286636E-003
   6.1919707304143555E-003   1.0333703051419717E-002   2.0148234345712182E-003
   6.2678331487793018E-003   1.0349510667570550E-002   1.9949485069207453E-003
   6.3438241114234777E-003   1.0364792942541695E-002   1.9751539201707446E-003
   6.4199162253216315E-003   1.0380038393708668E-002   1.9557228517481026E-003
   6.4961441275745522E-003   1.0393639432408201E-002   1.9356151747757329E-003
   6.5728082294674176E-003   1.0405035206047904E-002   1.9157972075107125E-003
   6.6495295022463178E-003   1.0415943553469014E-002   1.8959262674790906E-003
   6.7263295987553462E-003   1.0425795397774506E-002   1.8758094503130785E-003
   6.8028138397586155E-003   1.0434596464701471E-002   1.8540677368192092E-003
   6.8788914131670577E-003   1.0443580482821948E-002   1.8310136647506430E-003
   6.9549572390334132E-003   1.0451464267123912E-002   1.8075224729946146E-003
   7.0310607778063883E-003   1.0458376070498123E-002   1.7838480489468936E-003
   7.1070270391853704E-003   1.0465129856624145E-002   1.7596920246933296E-003
   7.1829698950851839E-003   1.0470690900176629E-002   1.7351612799942581E-003
   7.2589250308917625E-003   1.0475540046276533E-002   1.7105177591404254E-003
   7.3346315040208896E-003   1.0480570569963326E-002   1.6851559028031214E-003
   7.4104280152621476E-003   1.0485676843090191E-002   1.6600797216811103E-003
   7.4861759577756187E-003   1.0490958510301159E-002   1.6348933524910174E-003
   7.5621141490652887E-003   1.0494055851759634E-002   1.6099174123167610E-003
   7.6378837534045686E-003   1.0495449922646380E-002   1.5842849402027425E-003
   7.7138351504092654E-003   1.0497492198547708E-002   1.5592406914771858E-003
   7.7897644975916270E-003   1.0499705169148660E-002   1.5341441377510843E-003
   7.8656144402469656E-003   1.0500819164295891E-002   1.5087365559223358E-003
   7.9415093779948414E-003   1.0501294597733754E-002   1.4834436244218461E-003
   8.0173646682190763E-003   1.0500050561716268E-002   1.4580580515559398E-003
   8.0935516570426642E-003   1.0498734792155932E-002   1.4336898038380204E-003
   8.1699688420808041E-003   1.0497352490389590E-002   1.4100571343209857E-003
   8.2456690345386503E-003   1.0495706776401024E-002   1.3842351962327238E-003
   8.3210114052189657E-003   1.0493498293614897E-002   1.3574275520478484E-003
   8.3964936804284997E-003   1.0490854735973595E-002   1.3310563986903600E-003
   8.4715711190836013E-003   1.0487036988781838E-002   1.3036921334943319E-003
   8.5464480702431272E-003   1.0482536183154622E-002   1.2758859303550036E-003
   8.6208962212457295E-003   1.0475775923386350E-002   1.2473943227843541E-003
   8.6950361718259490E-003   1.0466650446672238E-002   1.2187587958533237E-003
   8.7693243469662667E-003   1.0457091142786253E-002   1.1906538720532992E-003
   8.8440562925444291E-003   1.0447466120275596E-002   1.1637746004741279E-003
   8.9188210879433110E-003   1.0437253839457969E-002   1.1372051687897728E-003
   8.9930779423491886E-003   1.0426104651890464E-002   1.1096077923074029E-003
   9.0670878803973884E-003   1.0414202390398433E-002   1.0816638262107893E-003
   9.1409650547560808E-003   1.0401759453389264E-002   1.0536043103922328E-003
   9.2144308709575882E-003   1.0388746467395991E-002   1.0247350180013675E-003
   9.2870570115006004E-003   1.0373984114015482E-002   9.9461000132938966E-004
   9.3596546449125281E-003   1.0360492913652266E-002   9.6382735810482520E-004
   9.4324759357405988E-003   1.0346439604307395E-002   9.3383462391452587E-004
   9.5054846850583831E-003   1.0332627839196208E-002   9.0418740360234630E-004
   9.5782487443095889E-003   1.0318023824962132E-002   8.7431911854570822E-004
   9.6507037222325412E-003   1.0302621543968006E-002   8.4410246902811464E-004
   9.7228588587765317E-003   1.0287903571461117E-002   8.1284518899597759E-004
   9.7951822701337517E-003   1.0272240177653840E-002   7.8244811237907343E-004
   9.8676532101636162E-003   1.0256574382839650E-002   7.5240571349899908E-004
   9.9404571484488814E-003   1.0241101031947508E-002   7.2307719540303851E-004
   1.0013275290245652E-002   1.0225793961312627E-002   6.9369672879690731E-004
   1.0086278548912139E-002   1.0210789070165304E-002   6.6462135317836720E-004
   1.0159736650574899E-002   1.0195808558649464E-002   6.3670197679870446E-004
   1.0233278453718159E-002   1.0179824403512550E-002   6.0957063011725376E-004
   1.0306783145945977E-002   1.0164064086217473E-002   5.8220874751330524E-004
   1.0380236722955622E-002   1.0148638570928561E-002   5.5452074467570302E-004
   1.0453960831638399E-002   1.0133218697284637E-002   5.2755811690163032E-004
   1.0527646453782825E-002   1.0117840219499734E-002   5.0046694658782329E-004
   1.0601382627488151E-002   1.0102208666167191E-002   4.7365964860976618E-004
   1.0675228386469851E-002   1.0086254062571558E-002   4.4734891874040968E-004
   1.0749426764615100E-002   1.0070514750064041E-002   4.2191518675192797E-004
   1.0823780822530030E-002   1.0054444834028066E-002   3.9715166771960481E-004
   1.0897600333364604E-002   1.0037204883785279E-002   3.7158872716724673E-004
   1.0971268394462849E-002   1.0019102236661666E-002   3.4618575605567607E-004
   1.1045426994630358E-002   1.0000814479223458E-002   3.2239374166150551E-004
   1.1119448176751782E-002   9.9824343947186797E-003   2.9824758066980637E-004
   1.1193654873569020E-002   9.9654046632244846E-003   2.7368430750117053E-004
   1.1268169687124774E-002   9.9491575176395529E-003   2.4952705556249930E-004
   1.1342403546348967E-002   9.9324708589099125E-003   2.2481087526940289E-004
   1.1416870293884584E-002   9.9171700012129892E-003   1.9989928635447837E-004
   1.1491459104685466E-002   9.9020652711084185E-003   1.7523440383850376E-004
   1.1566027664910876E-002   9.8869002948151485E-003   1.5054527022468115E-004
   1.1640744271703149E-002   9.8721519667617583E-003   1.2605209787518566E-004
   1.1715542245977133E-002   9.8573954737866242E-003   1.0181351378786808E-004
   1.1790037851876500E-002   9.8424638272784654E-003   7.6764549089602168E-005
   1.1864441544419138E-002   9.8273364727135583E-003   5.1560309723130478E-005
   1.1938504662855988E-002   9.8112207147170692E-003   2.5968576048481992E-005
   1.2012500000010281E-002   9.7953991113084258E-003   7.9761501667623981E-015
