   3.5527136787901085E-015   3.5421283062119820E-015   7.1340190668706070E-015
  -3.2698124023591694E-006   7.7569954682965781E-005  -1.9292756588755196E-005
  -6.8261043410557790E-006   1.5531292048332992E-004  -3.7823381253472464E-005
  -1.0043194162980585E-005   2.3304571903489415E-004  -5.6458358030396170E-005
  -1.2443351723695497E-005   3.1099284018911002E-004  -7.4304521358988573E-005
  -1.4943415515279450E-005   3.8893551410681249E-004  -9.2156391460179732E-005
  -1.8009726853655050E-005   4.6679961240529157E-004  -1.1026108510984163E-004
  -2.1366962878890463E-005   5.4497401913689036E-004  -1.2691914894948254E-004
  -2.4836323214747339E-005   6.2293660924460110E-004  -1.4452023081992701E-004
  -2.8985338690285352E-005   7.0105572066971652E-004  -1.6125911080948726E-004
  -3.3762256738691802E-005   7.7909231326053069E-004  -1.7821408868705832E-004
  -3.8485625063131695E-005   8.5719870096502050E-004  -1.9485986874333587E-004
  -4.1795309729481445E-005   9.3507980163681391E-004  -2.1284820221382001E-004
  -4.5183459158744206E-005   1.0128449315699234E-003  -2.3131723062381828E-004
  -4.7902292396188774E-005   1.0906455678567778E-003  -2.4974734014400403E-004
  -4.9866640988361015E-005   1.1684698396841301E-003  -2.6817351878647859E-004
  -5.1758403638753424E-005   1.2465464801751042E-003  -2.8550728464125469E-004
  -5.2264211840513230E-005   1.3244137279497996E-003  -3.0384947312813798E-004
  -5.2381492889029103E-005   1.4024130310178881E-003  -3.2162853285156806E-004
  -5.2591723661224408E-005   1.4804327574801141E-003  -3.3931689278609466E-004
  -5.3583462886911423E-005   1.5584928644197960E-003  -3.5679934577823583E-004
  -5.4767349363208169E-005   1.6363916824541518E-003  -3.7497550003807490E-004
  -5.6796132170164180E-005   1.7144305913205852E-003  -3.9246300214254185E-004
  -5.7717270958816307E-005   1.7923867174035445E-003  -4.1040719074973356E-004
  -5.8446325528110167E-005   1.8704447618952235E-003  -4.2791176637571902E-004
  -5.9327818477179013E-005   1.9484898160855519E-003  -4.4546717828860638E-004
  -5.9102910628251296E-005   2.0267945048631363E-003  -4.6184781101978078E-004
  -5.8915493862503716E-005   2.1053035864632692E-003  -4.7721950536557705E-004
  -6.0230314629621812E-005   2.1835419047022448E-003  -4.9386392780594295E-004
  -6.0802157345235580E-005   2.2620546712468080E-003  -5.0920728081516834E-004
  -6.0456175325080963E-005   2.3406596826533979E-003  -5.2407780506087914E-004
  -6.0340435294089804E-005   2.4193023180779380E-003  -5.3875167607217965E-004
  -5.9522212050260499E-005   2.4978636922563125E-003  -5.5383282302770109E-004
  -5.7868289719675607E-005   2.5766884543101114E-003  -5.6739458603889854E-004
  -5.5216961113786906E-005   2.6555667355492142E-003  -5.8047843907766869E-004
  -5.2160342273636810E-005   2.7344497408960241E-003  -5.9344487872081751E-004
  -4.9212245799806672E-005   2.8133675749928018E-003  -6.0622314845431777E-004
  -4.5096718413375687E-005   2.8922056661515182E-003  -6.1916987843332731E-004
  -3.9874785253695067E-005   2.9710466470450224E-003  -6.3169310265077949E-004
  -3.3296790023604913E-005   3.0497342237540553E-003  -6.4453815050871124E-004
  -2.7122579081119921E-005   3.1282813562805638E-003  -6.5840274916537285E-004
  -2.0829571968638698E-005   3.2067811406023394E-003  -6.7248045959338802E-004
  -1.3618663859866275E-005   3.2850022041340577E-003  -6.8762866116474928E-004
  -6.0395409953832173E-006   3.3632326612481230E-003  -7.0254685345656613E-004
   2.1702723266836284E-006   3.4413300650288107E-003  -7.1782410780721285E-004
   1.1437875869616675E-005   3.5194251451699464E-003  -7.3249618962131714E-004
   2.1288122273964276E-005   3.5975644949387828E-003  -7.4653950297376751E-004
   3.0869059075815249E-005   3.6758013565478544E-003  -7.6022157741716014E-004
   4.1374366060623918E-005   3.7540815239839004E-003  -7.7294375946218867E-004
   5.3162486570794002E-005   3.8321175203192229E-003  -7.8603663879155442E-004
   6.4266773304001194E-005   3.9103092519883155E-003  -7.9879390783521348E-004
   7.5112833314764586E-005   3.9884768908467301E-003  -8.1191576783708305E-004
   8.4621031192733877E-005   4.0669283337241699E-003  -8.2436427284144395E-004
   9.4565493508574433E-005   4.1452855501751869E-003  -8.3706286702758760E-004
   1.0559394118741231E-004   4.2236812789196044E-003  -8.4857299598460601E-004
   1.1739775574299103E-004   4.3018735275975753E-003  -8.6068258717099909E-004
   1.2862472886810658E-004   4.3799532994530238E-003  -8.7400566135577859E-004
   1.4136794773645097E-004   4.4578149677438079E-003  -8.8724087948437147E-004
   1.5276870483144818E-004   4.5359086669721493E-003  -9.0033274183715377E-004
   1.6504527233650464E-004   4.6139947282975279E-003  -9.1265560371090826E-004
   1.7755870439129480E-004   4.6919313928227620E-003  -9.2566676538335057E-004
   1.9082894130127053E-004   4.7697238380562581E-003  -9.3879064758106527E-004
   2.0417588534531498E-004   4.8473210962055816E-003  -9.5295131953191336E-004
   2.1731902230819584E-004   4.9251177825237573E-003  -9.6617756352415098E-004
   2.3223298973440182E-004   5.0024701388686086E-003  -9.8011264706217142E-004
   2.4777330575715296E-004   5.0795831436902033E-003  -9.9467571873262657E-004
   2.6353873689283778E-004   5.1566824243484410E-003  -1.0090684983607944E-003
   2.7977521052556677E-004   5.2337936514169859E-003  -1.0228610903060746E-003
   2.9725226085062839E-004   5.3108784760775496E-003  -1.0352094716076965E-003
   3.1490785153934713E-004   5.3878968500474999E-003  -1.0477174760077344E-003
   3.3363734779665353E-004   5.4646897682601569E-003  -1.0600484813100869E-003
   3.5198084700057851E-004   5.5414465086873008E-003  -1.0731602629822025E-003
   3.7036464418534751E-004   5.6181978434529985E-003  -1.0862472269820543E-003
   3.8944180723805735E-004   5.6950039061748475E-003  -1.0979472514876059E-003
   4.0931230886017881E-004   5.7715842829049588E-003  -1.1098051209498902E-003
   4.3145775979282696E-004   5.8476818124024270E-003  -1.1207021395501504E-003
   4.5541899541619773E-004   5.9233455004628057E-003  -1.1307453214136763E-003
   4.7986738567451802E-004   5.9989862161772120E-003  -1.1397318855580409E-003
   5.0469367171469587E-004   6.0744441351826004E-003  -1.1492059539576055E-003
   5.3000583083391757E-004   6.1496458794011583E-003  -1.1594036139689237E-003
   5.5622030235852728E-004   6.2246747691749836E-003  -1.1685396512299696E-003
   5.8331543415170346E-004   6.2993878528441113E-003  -1.1776943752428248E-003
   6.0995872619917855E-004   6.3742464841237542E-003  -1.1869852479111432E-003
   6.3716415974674476E-004   6.4487062958161036E-003  -1.1977370305411453E-003
   6.6487751555343515E-004   6.5229859239922501E-003  -1.2084378130597093E-003
   6.9390154367273077E-004   6.5968966954648069E-003  -1.2181745299456796E-003
   7.2389020417108969E-004   6.6704243155077366E-003  -1.2278889179471975E-003
   7.5507485258931642E-004   6.7435528884144140E-003  -1.2368180573432569E-003
   7.8680074476549205E-004   6.8165354429728488E-003  -1.2450042953108607E-003
   8.1947646004079742E-004   6.8890998323833160E-003  -1.2531717319956960E-003
   8.5217760580975368E-004   6.9617180635069241E-003  -1.2607366227972434E-003
   8.8417651206862478E-004   7.0346608722859595E-003  -1.2681808593362925E-003
   9.1664966770494132E-004   7.1074730938896742E-003  -1.2748046451933994E-003
   9.5038345313918694E-004   7.1797130928669189E-003  -1.2813935947546310E-003
   9.8610090700826771E-004   7.2509868683584859E-003  -1.2880503529826251E-003
   1.0229830467545957E-003   7.3216809453980521E-003  -1.2945353534103738E-003
   1.0617952988471531E-003   7.3914004123139245E-003  -1.3002629198361939E-003
   1.1006751764323043E-003   7.4610889557202367E-003  -1.3059075680478727E-003
   1.1401751829924432E-003   7.5304328611516839E-003  -1.3114907802857071E-003
   1.1811057728006826E-003   7.5989941064454475E-003  -1.3163940899537049E-003
   1.2229935592606767E-003   7.6670048918580447E-003  -1.3208602310791028E-003
   1.2656146637478548E-003   7.7345910328179921E-003  -1.3248042150161442E-003
   1.3075596989252454E-003   7.8025696990217342E-003  -1.3292217891792866E-003
   1.3505722511733640E-003   7.8698914959911270E-003  -1.3334284515277427E-003
   1.3941427272812486E-003   7.9367926518993485E-003  -1.3385126374550664E-003
   1.4397397769469928E-003   8.0023233961967893E-003  -1.3436731242599000E-003
   1.4854640512370798E-003   8.0677816059972086E-003  -1.3486242341403654E-003
   1.5321849165895853E-003   8.1326007903262942E-003  -1.3525782311022796E-003
   1.5798801399603841E-003   8.1966482377919987E-003  -1.3573834511762587E-003
   1.6286619280643929E-003   8.2599256783238706E-003  -1.3614211080808574E-003
   1.6772872628216969E-003   8.3233232819854060E-003  -1.3654609923370417E-003
   1.7262928756021834E-003   8.3864094741031379E-003  -1.3697717093779597E-003
   1.7761547012486588E-003   8.4488599663939262E-003  -1.3734776985387771E-003
   1.8272022618498200E-003   8.5103654442107435E-003  -1.3768277359393860E-003
   1.8793611435955683E-003   8.5709773469981564E-003  -1.3792043503596345E-003
   1.9320336507462291E-003   8.6311588857471457E-003  -1.3811509859407659E-003
   1.9849591441147975E-003   8.6911057804313508E-003  -1.3834448832822771E-003
   2.0390265026810944E-003   8.7500124319281492E-003  -1.3860385587539229E-003
   2.0941487312308451E-003   8.8079586451343533E-003  -1.3879818270706725E-003
   2.1503670856584498E-003   8.8648048948898536E-003  -1.3908103464986264E-003
   2.2066855510592186E-003   8.9215806622036861E-003  -1.3929881216300666E-003
   2.2636390784367146E-003   8.9777530823991758E-003  -1.3939653243015503E-003
   2.3210488548498051E-003   9.0334475227794760E-003  -1.3954642879110666E-003
   2.3792473062338756E-003   9.0883297862472488E-003  -1.3964009903734331E-003
   2.4384319018285923E-003   9.1421536093953450E-003  -1.3968249006584155E-003
   2.4978349026117015E-003   9.1957378431565609E-003  -1.3967091745841751E-003
   2.5580068967159062E-003   9.2484572001085737E-003  -1.3966861249989017E-003
   2.6190014927847892E-003   9.3002208890505499E-003  -1.3962621533102325E-003
   2.6812193068902809E-003   9.3505080788349390E-003  -1.3958851203990385E-003
   2.7437371957085869E-003   9.4004176577375653E-003  -1.3951451781307400E-003
   2.8074967768268598E-003   9.4487138447849877E-003  -1.3936639169806694E-003
   2.8720723654828170E-003   9.4958829570358262E-003  -1.3914126510594781E-003
   2.9383883931368027E-003   9.5405959887164601E-003  -1.3897011389684250E-003
   3.0050165377151347E-003   9.5848207739559106E-003  -1.3874968877824094E-003
   3.0727152624586279E-003   9.6273725544557421E-003  -1.3850011623325279E-003
   3.1414924265559248E-003   9.6681305921196645E-003  -1.3820884205285858E-003
   3.2106129873503905E-003   9.7082499976071240E-003  -1.3785133148799377E-003
   3.2806524771083114E-003   9.7467033938976790E-003  -1.3745376155864897E-003
   3.3514915064836296E-003   9.7835556460810890E-003  -1.3696648927782281E-003
   3.4228832648458456E-003   9.8190371251760250E-003  -1.3630104600288607E-003
   3.4944571225892923E-003   9.8538827116350942E-003  -1.3550752222469676E-003
   3.5660772030352899E-003   9.8887159938317107E-003  -1.3475117227534790E-003
   3.6382143072751045E-003   9.9222047323225294E-003  -1.3388663433515932E-003
   3.7105422342549634E-003   9.9542347443735343E-003  -1.3269185690032812E-003
   3.7829868862277894E-003   9.9856657427540331E-003  -1.3141176025704678E-003
   3.8561759846503889E-003   1.0015243169665811E-002  -1.3011356270362189E-003
   3.9298139144763496E-003   1.0043770676166713E-002  -1.2883435723353993E-003
   4.0036939095977470E-003   1.0071924697362985E-002  -1.2761330272084855E-003
   4.0777031655643021E-003   1.0099488575120033E-002  -1.2633712610829258E-003
   4.1519041104642000E-003   1.0126580179902952E-002  -1.2507116906171492E-003
   4.2257563129108298E-003   1.0154493714492676E-002  -1.2378009671181530E-003
   4.2999380934224413E-003   1.0181590542579513E-002  -1.2250406634491779E-003
   4.3744788791224573E-003   1.0207921048116875E-002  -1.2127778844069675E-003
   4.4488067213278113E-003   1.0234252171743166E-002  -1.1992855237481805E-003
   4.5234764775398647E-003   1.0259473006670109E-002  -1.1855619309774929E-003
   4.5988361171942355E-003   1.0283045477086118E-002  -1.1727064519187343E-003
   4.6746107844950913E-003   1.0305317435637317E-002  -1.1599722590521922E-003
   4.7507678072427426E-003   1.0326494097684994E-002  -1.1476573550459695E-003
   4.8273764515794522E-003   1.0345972145051393E-002  -1.1353398350958000E-003
   4.9041243559158065E-003   1.0364682131622340E-002  -1.1227027640139883E-003
   4.9811451939985579E-003   1.0382606851480186E-002  -1.1105992550473670E-003
   5.0582607804160332E-003   1.0399868807649294E-002  -1.0981408761905960E-003
   5.1354889425281377E-003   1.0416118591259070E-002  -1.0850353238947422E-003
   5.2127559579041574E-003   1.0432156145309969E-002  -1.0718973939831916E-003
   5.2901142101390549E-003   1.0447918157889015E-002  -1.0589644990070186E-003
   5.3675435529086154E-003   1.0462808603384926E-002  -1.0454378032196279E-003
   5.4452949801673057E-003   1.0475387870635665E-002  -1.0314207563822866E-003
   5.5233272662597189E-003   1.0487441200847216E-002  -1.0185490993911387E-003
   5.6016694441509427E-003   1.0497864010972078E-002  -1.0061447372734168E-003
   5.6800718881190645E-003   1.0507749420678615E-002  -9.9368137293266647E-004
   5.7586972204543277E-003   1.0517035981649677E-002  -9.8220021906950724E-004
   5.8373954069681367E-003   1.0524726442391321E-002  -9.7005722660101635E-004
   5.9162151386424758E-003   1.0531769581037985E-002  -9.5831652421655826E-004
   5.9950685605886806E-003   1.0537506729442018E-002  -9.4610083867178909E-004
   6.0739375946678815E-003   1.0542685724588137E-002  -9.3373744637574325E-004
   6.1529717361713063E-003   1.0547066537604784E-002  -9.2214378634018247E-004
   6.2319488790689844E-003   1.0549832304642242E-002  -9.0969543539652273E-004
   6.3109472872718529E-003   1.0550939999789568E-002  -8.9712465518061745E-004
   6.3900262170659312E-003   1.0551195930426152E-002  -8.8502269830525396E-004
   6.4691697590860556E-003   1.0551667437044518E-002  -8.7335747516472241E-004
   6.5482923521988845E-003   1.0552338435247027E-002  -8.6156065241279754E-004
   6.6273012631063175E-003   1.0552188497284565E-002  -8.4900798289387863E-004
   6.7063553435276393E-003   1.0552897487334394E-002  -8.3676258736348349E-004
   6.7853146323431967E-003   1.0553792084244340E-002  -8.2393174952205659E-004
   6.8642383126332560E-003   1.0554152891615612E-002  -8.1085801592475741E-004
   6.9433367091225294E-003   1.0554037654031810E-002  -7.9888177293137622E-004
   7.0224962965834987E-003   1.0554228896440056E-002  -7.8731790105962616E-004
   7.1017582024598914E-003   1.0554005131371195E-002  -7.7647814989781306E-004
   7.1810359818450017E-003   1.0552931805057852E-002  -7.6580661450340395E-004
   7.2603989941100368E-003   1.0550522431972763E-002  -7.5602360872823295E-004
   7.3396864346931831E-003   1.0546640930904743E-002  -7.4610213085375004E-004
   7.4189608736979591E-003   1.0543111598958077E-002  -7.3594796232028404E-004
   7.4982893619937327E-003   1.0539997113916769E-002  -7.2608434636438996E-004
   7.5774506040341260E-003   1.0537472928260924E-002  -7.1480931834946729E-004
   7.6567396938958879E-003   1.0533851824561208E-002  -7.0480292852772078E-004
   7.7359425877613552E-003   1.0530349652701738E-002  -6.9409608995557126E-004
   7.8151671908195663E-003   1.0526952856795417E-002  -6.8351667417470424E-004
   7.8942642466261828E-003   1.0522420372715226E-002  -6.7242107310470922E-004
   7.9733894368082432E-003   1.0518052570132198E-002  -6.6146084614760467E-004
   8.0525174412980523E-003   1.0513466394159275E-002  -6.5061068969964357E-004
   8.1315325557672642E-003   1.0507347577935441E-002  -6.3969410708285583E-004
   8.2105937047192105E-003   1.0501473406698736E-002  -6.2897828532568277E-004
   8.2894829338770078E-003   1.0494485344787322E-002  -6.1767976719569032E-004
   8.3681056594864228E-003   1.0485994698035232E-002  -6.0558117493651168E-004
   8.4466298175276781E-003   1.0476194650698491E-002  -5.9383742434121305E-004
   8.5252042078698114E-003   1.0465907789741187E-002  -5.8287176549379053E-004
   8.6036535947601519E-003   1.0454657480077399E-002  -5.7195736091817588E-004
   8.6822508229129798E-003   1.0444346472813677E-002  -5.6117965965149963E-004
   8.7607897116818139E-003   1.0433999310760340E-002  -5.5001815441421361E-004
   8.8390042124570824E-003   1.0422893550349411E-002  -5.3740253106889879E-004
   8.9170511276012131E-003   1.0410291850224233E-002  -5.2516013791548198E-004
   8.9952522950316940E-003   1.0398123410922774E-002  -5.1347653837489676E-004
   9.0733581924654447E-003   1.0385257914294439E-002  -5.0190295724576511E-004
   9.1513140251979295E-003   1.0371334160162331E-002  -4.9054438291193457E-004
   9.2291439617686963E-003   1.0356777488638341E-002  -4.7911616013592598E-004
   9.3070620105018664E-003   1.0342611963099642E-002  -4.6779734511592672E-004
   9.3846816149019859E-003   1.0328036203000435E-002  -4.5504022025003656E-004
   9.4622462099292152E-003   1.0313138736850075E-002  -4.4232019260731834E-004
   9.5396272931303604E-003   1.0297897790383162E-002  -4.2890820143784138E-004
   9.6169106149866096E-003   1.0282353838085507E-002  -4.1528198739368747E-004
   9.6943008232771247E-003   1.0267180671944508E-002  -4.0184581632970757E-004
   9.7715284672789757E-003   1.0251774307327747E-002  -3.8775557368595051E-004
   9.8487746551708180E-003   1.0236235564172405E-002  -3.7391455101119282E-004
   9.9264272547742484E-003   1.0221963920890909E-002  -3.6101517207365709E-004
   1.0004241792438176E-002   1.0208102309970057E-002  -3.4865582450334268E-004
   1.0082028908555220E-002   1.0194219013117898E-002  -3.3614908083144890E-004
   1.0159619204456545E-002   1.0179732826391492E-002  -3.2311465050537894E-004
   1.0237497537248239E-002   1.0166283978288847E-002  -3.1070119946722765E-004
   1.0315294522689976E-002   1.0152435466087449E-002  -2.9821729925227534E-004
   1.0393205404561665E-002   1.0138779046542534E-002  -2.8624246347485390E-004
   1.0470551093388594E-002   1.0123059546136340E-002  -2.7318330095629052E-004
   1.0547935734616504E-002   1.0107511915462870E-002  -2.6014917345841489E-004
   1.0625347081707827E-002   1.0091992646243055E-002  -2.4724043122506290E-004
   1.0702656288005442E-002   1.0075710345085278E-002  -2.3466373487157920E-004
   1.0779754575234866E-002   1.0058911739142909E-002  -2.2148568686561934E-004
   1.0856811954139388E-002   1.0041791254324556E-002  -2.0848378893085196E-004
   1.0933662095589889E-002   1.0024482512866015E-002  -1.9453878164471313E-004
   1.1010406165591747E-002   1.0006732606793706E-002  -1.8056421353471934E-004
   1.1087181618889648E-002   9.9891713616783277E-003  -1.6652382747793030E-004
   1.1164269914274437E-002   9.9729280120944962E-003  -1.5261166355815859E-004
   1.1241262099282088E-002   9.9567737795128539E-003  -1.3807742062719075E-004
   1.1318313252057156E-002   9.9412618810147159E-003  -1.2316095776697788E-004
   1.1395376118459942E-002   9.9254891282464855E-003  -1.0858238139756143E-004
   1.1472606077366001E-002   9.9098595405499243E-003  -9.4753085190893828E-005
   1.1549856770282299E-002   9.8941790926447004E-003  -8.1098269334875137E-005
   1.1626767006055626E-002   9.8770085310236292E-003  -6.7314675843098784E-005
   1.1703661417175623E-002   9.8603571165941494E-003  -5.2823991418123811E-005
   1.1780671055496985E-002   9.8436159044344093E-003  -3.9067268727842595E-005
   1.1857721331500421E-002   9.8270593577311043E-003  -2.5314606032384407E-005
   1.1935105314765939E-002   9.8110255391396679E-003  -1.2879341812142131E-005
   1.2012500000010211E-002   9.7953991113081500E-003   7.9798279886653425E-015
