   3.5527136787900462E-015   3.5421283062119473E-015   7.1340190668704761E-015
   1.0661455839667767E-005   6.0309361704701213E-005  -5.1469546812895559E-005
   2.1337282991142820E-005   1.2076344505811177E-004  -1.0276604293870461E-004
   3.2289314814487191E-005   1.8190276849286123E-004  -1.5318465186376826E-004
   4.2748062526816412E-005   2.4326585198447537E-004  -2.0343588646340235E-004
   5.2978609339022077E-005   3.0432677374188941E-004  -2.5410046727262277E-004
   6.3923126720371641E-005   3.6638221448286143E-004  -3.0338880072930304E-004
   7.3783866504516951E-005   4.2867688379650778E-004  -3.5260404205216851E-004
   8.4112172627033975E-005   4.9032213717938988E-004  -4.0253588388134293E-004
   9.4924579153701181E-005   5.5230476249693418E-004  -4.5194485094616685E-004
   1.0469379815670828E-004   6.1439900209564013E-004  -5.0143088708552198E-004
   1.1405170594388611E-004   6.7620649522863517E-004  -5.5135346070429045E-004
   1.2362098359504074E-004   7.3783857749228337E-004  -6.0145251615016074E-004
   1.3354961475869713E-004   8.0018097172181353E-004  -6.5059362079208981E-004
   1.4271479436274548E-004   8.6247470173931304E-004  -6.9994431157814250E-004
   1.5093084902704782E-004   9.2484373808539679E-004  -7.4936697602705292E-004
   1.5958132238845694E-004   9.8687291446095332E-004  -7.9914197561297123E-004
   1.6834249535414654E-004   1.0492939558382048E-003  -8.4840510013908018E-004
   1.7655582038305322E-004   1.1122105876446684E-003  -8.9712920847071376E-004
   1.8350921109200135E-004   1.1753500910947306E-003  -9.4576102370636916E-004
   1.9031079090051800E-004   1.2381308033777413E-003  -9.9487640502522821E-004
   1.9628918423818877E-004   1.3015190557547874E-003  -1.0433138729163878E-003
   2.0144230310685323E-004   1.3644317710060185E-003  -1.0924609543376937E-003
   2.0789597721771968E-004   1.4277673044059951E-003  -1.1409063906005854E-003
   2.1521590407759834E-004   1.4910250535015625E-003  -1.1893303087444796E-003
   2.2317531640098266E-004   1.5545392712714063E-003  -1.2373156387669964E-003
   2.3108269149413931E-004   1.6182219464315646E-003  -1.2850858208930584E-003
   2.3956648139615119E-004   1.6818592829583828E-003  -1.3328175159653358E-003
   2.4767523898182542E-004   1.7453035902940744E-003  -1.3808702776963568E-003
   2.5604433646321425E-004   1.8086164673576657E-003  -1.4290515790636043E-003
   2.6562718658400475E-004   1.8723254557055059E-003  -1.4764787210858150E-003
   2.7563025057937492E-004   1.9363539930462065E-003  -1.5233859178623340E-003
   2.8532458944023137E-004   2.0002946243112322E-003  -1.5704774825320905E-003
   2.9428122818929111E-004   2.0639140181837132E-003  -1.6181466689475133E-003
   3.0397055325076072E-004   2.1278951818786518E-003  -1.6651841824557906E-003
   3.1417632198493887E-004   2.1923803598914624E-003  -1.7114173319209799E-003
   3.2588263542160400E-004   2.2567732720798067E-003  -1.7574229302147729E-003
   3.3759279003704956E-004   2.3220315522961385E-003  -1.8021915480455461E-003
   3.4935733819104007E-004   2.3875772845133509E-003  -1.8465238432016301E-003
   3.6135692079451032E-004   2.4524246006507552E-003  -1.8918099957341283E-003
   3.7324318164203501E-004   2.5180044416777724E-003  -1.9360593037369672E-003
   3.8521096081353163E-004   2.5829650325178868E-003  -1.9811912647781128E-003
   3.9687066877455018E-004   2.6480825812785526E-003  -2.0261774408805253E-003
   4.0901179263800734E-004   2.7133408016356947E-003  -2.0708311951687652E-003
   4.1987451714172916E-004   2.7789143251327427E-003  -2.1153521368158608E-003
   4.3112569151676641E-004   2.8446294307849841E-003  -2.1595667946421840E-003
   4.4205936225454111E-004   2.9104419478189637E-003  -2.2037161709944938E-003
   4.5307990405511880E-004   2.9767599649868103E-003  -2.2470805375047922E-003
   4.6466305025348885E-004   3.0428034152835573E-003  -2.2907164562153818E-003
   4.7763401652234025E-004   3.1089550354097000E-003  -2.3337944922326107E-003
   4.9053665032217206E-004   3.1757545414069985E-003  -2.3758818779707211E-003
   5.0518756698398714E-004   3.2430258476821147E-003  -2.4166240181373844E-003
   5.2110626183278995E-004   3.3098406609704313E-003  -2.4576407936421807E-003
   5.3737617538516017E-004   3.3767676534891206E-003  -2.4983356038822437E-003
   5.5349323762438518E-004   3.4435458028553214E-003  -2.5393346170912577E-003
   5.6979156951425742E-004   3.5112268573676397E-003  -2.5787508476034235E-003
   5.8591310999492395E-004   3.5790247788965294E-003  -2.6180387308913111E-003
   6.0255350260015835E-004   3.6466205090053194E-003  -2.6574584546346256E-003
   6.2059001131759960E-004   3.7142383762830871E-003  -2.6962206573522191E-003
   6.3959889997859979E-004   3.7813104293582568E-003  -2.7354635147393142E-003
   6.5910087127314459E-004   3.8482922253434051E-003  -2.7746184902776578E-003
   6.8009483732590047E-004   3.9154070495111565E-003  -2.8127610357263394E-003
   7.0238039073085420E-004   3.9824777517152637E-003  -2.8502426983484908E-003
   7.2580013795364273E-004   4.0491861853586249E-003  -2.8876793154813895E-003
   7.4955274166902319E-004   4.1161293125556199E-003  -2.9244819179374969E-003
   7.7384289962197778E-004   4.1834309800150588E-003  -2.9602656261724504E-003
   7.9898153860879519E-004   4.2504106904295213E-003  -2.9960674030136761E-003
   8.2486930302582188E-004   4.3177405223034492E-003  -3.0306581156679642E-003
   8.5139354230210685E-004   4.3852710408338082E-003  -3.0643641062277844E-003
   8.7815930786099277E-004   4.4528343302864511E-003  -3.0978125097475464E-003
   9.0599672546022277E-004   4.5203263476619477E-003  -3.1305219240103325E-003
   9.3457532937412107E-004   4.5876958161183406E-003  -3.1628424763092736E-003
   9.6382749661146300E-004   4.6548762418782211E-003  -3.1949532396227487E-003
   9.9367392494645237E-004   4.7220184670076579E-003  -3.2265935985765224E-003
   1.0236161366156235E-003   4.7890737035622957E-003  -3.2583277948646022E-003
   1.0541409230466999E-003   4.8557480267721886E-003  -3.2903086023088660E-003
   1.0857576637130423E-003   4.9227540793579877E-003  -3.3204842652171931E-003
   1.1187289433081677E-003   4.9896365800314365E-003  -3.3494605627831372E-003
   1.1523933043281931E-003   5.0563567997143266E-003  -3.3780109230928282E-003
   1.1863476894178845E-003   5.1233406208393614E-003  -3.4055838707623748E-003
   1.2206719973697486E-003   5.1901504076405282E-003  -3.4331210141510114E-003
   1.2557714005553399E-003   5.2566402274041293E-003  -3.4604547986270898E-003
   1.2924113181121174E-003   5.3230158847322037E-003  -3.4859849486240900E-003
   1.3295263295827621E-003   5.3894063664076675E-003  -3.5107797034710881E-003
   1.3665092096251258E-003   5.4560021942098112E-003  -3.5352186539741306E-003
   1.4041296244656513E-003   5.5224627738780048E-003  -3.5590450204830994E-003
   1.4420730511139647E-003   5.5887900125657685E-003  -3.5827303278299755E-003
   1.4808303323203338E-003   5.6544652394401691E-003  -3.6069096109293572E-003
   1.5206909628783813E-003   5.7197701182383556E-003  -3.6302848741995783E-003
   1.5614644037070032E-003   5.7848623707943119E-003  -3.6526572943076261E-003
   1.6036444659950542E-003   5.8495101002585415E-003  -3.6736695150246870E-003
   1.6471650913796835E-003   5.9135799122881569E-003  -3.6936948580824228E-003
   1.6908962852519322E-003   5.9775851245741423E-003  -3.7134664405600970E-003
   1.7364153485415984E-003   6.0402113114311788E-003  -3.7336152763886988E-003
   1.7837661701282455E-003   6.1015989925333096E-003  -3.7533498226916574E-003
   1.8307536523291712E-003   6.1632674869289712E-003  -3.7730772986247054E-003
   1.8783840946287628E-003   6.2246397960370164E-003  -3.7921765299641073E-003
   1.9265610717303925E-003   6.2858067939058002E-003  -3.8105498058197736E-003
   1.9750445864915784E-003   6.3468558123960560E-003  -3.8285043633320046E-003
   2.0229445653825815E-003   6.4082264745176582E-003  -3.8469226650167374E-003
   2.0712998052488871E-003   6.4692706192465508E-003  -3.8652361347950642E-003
   2.1202621019122099E-003   6.5305033943852389E-003  -3.8811496749753013E-003
   2.1699851756483597E-003   6.5911251733665639E-003  -3.8970435683884177E-003
   2.2219355388659956E-003   6.6503737441807077E-003  -3.9108553975295132E-003
   2.2739625749644728E-003   6.7096685748073053E-003  -3.9241711991376332E-003
   2.3262130698733126E-003   6.7687485115623938E-003  -3.9375669770278171E-003
   2.3785017171189292E-003   6.8276886632551185E-003  -3.9514217908597658E-003
   2.4311031762646123E-003   6.8866093243318723E-003  -3.9641277816659572E-003
   2.4843758616508518E-003   6.9451544195683274E-003  -3.9757248853890450E-003
   2.5380659176975923E-003   7.0033794288519293E-003  -3.9870043436993378E-003
   2.5924460441302979E-003   7.0611476479694813E-003  -3.9972822182003064E-003
   2.6474298318944346E-003   7.1184820376885066E-003  -4.0067453487595203E-003
   2.7027373931213967E-003   7.1756852753643401E-003  -4.0150437383808706E-003
   2.7592502979620994E-003   7.2318730900207623E-003  -4.0220595110484429E-003
   2.8164509127323596E-003   7.2874530634911040E-003  -4.0283010028134125E-003
   2.8734967591467534E-003   7.3431994665771848E-003  -4.0344743289515419E-003
   2.9309577584119505E-003   7.3986789568506366E-003  -4.0389754086046156E-003
   2.9885216605994754E-003   7.4540905134577668E-003  -4.0429699755012288E-003
   3.0461219354869025E-003   7.5095200496742617E-003  -4.0460964502965482E-003
   3.1044427081078950E-003   7.5642619338552371E-003  -4.0475154658785447E-003
   3.1640506585116886E-003   7.6176182046525558E-003  -4.0474905862819275E-003
   3.2244702242310553E-003   7.6700536417459685E-003  -4.0475223907415082E-003
   3.2859208153981920E-003   7.7212701557648564E-003  -4.0466895966782624E-003
   3.3475118307498882E-003   7.7723080002147565E-003  -4.0453914209628928E-003
   3.4096599693719284E-003   7.8226561698424169E-003  -4.0437572010094125E-003
   3.4725122522729799E-003   7.8721279781659298E-003  -4.0422975032205740E-003
   3.5355571751189202E-003   7.9213405248005041E-003  -4.0404366001280841E-003
   3.5995525127818545E-003   7.9692362429049021E-003  -4.0371813061072445E-003
   3.6636547548146887E-003   8.0170214143340784E-003  -4.0344463545245882E-003
   3.7274083869940950E-003   8.0652058187117223E-003  -4.0307399328360950E-003
   3.7920706503988765E-003   8.1120840939801053E-003  -4.0261335240860674E-003
   3.8574513150071111E-003   8.1579023236756452E-003  -4.0210287692520521E-003
   3.9230376252044809E-003   8.2033447856073131E-003  -4.0152478897539281E-003
   3.9890841003435845E-003   8.2479838869412778E-003  -4.0085237722253609E-003
   4.0559639004291237E-003   8.2912309426154147E-003  -4.0009882220001687E-003
   4.1239877523924122E-003   8.3327443424848161E-003  -3.9939601927174483E-003
   4.1924558611995868E-003   8.3735452892649016E-003  -3.9870753673827003E-003
   4.2612795909512495E-003   8.4137043861706607E-003  -3.9799661370835343E-003
   4.3301833513389176E-003   8.4536205497240946E-003  -3.9722868341823380E-003
   4.3995495269778858E-003   8.4925595416549034E-003  -3.9637963347501212E-003
   4.4687487694086902E-003   8.5314644448971459E-003  -3.9539032383018192E-003
   4.5373512177696567E-003   8.5712161547392279E-003  -3.9432493357396074E-003
   4.6063775025629600E-003   8.6101039921922719E-003  -3.9321539265687201E-003
   4.6757373088393743E-003   8.6484050440021609E-003  -3.9210974032193886E-003
   4.7454047980901659E-003   8.6859083117904919E-003  -3.9092675322587901E-003
   4.8155012039643218E-003   8.7220347018363738E-003  -3.8957998737686240E-003
   4.8865898965571230E-003   8.7562776213685641E-003  -3.8826157830858851E-003
   4.9575874118177677E-003   8.7901533208056340E-003  -3.8680627828682800E-003
   5.0285913226802530E-003   8.8236781993487386E-003  -3.8527485032139788E-003
   5.1003193331241852E-003   8.8550375676746795E-003  -3.8362657081217949E-003
   5.1722492148363617E-003   8.8857330061767152E-003  -3.8194169048173490E-003
   5.2438573121631393E-003   8.9163708595168204E-003  -3.8011521206139788E-003
   5.3161392322701112E-003   8.9458969608226281E-003  -3.7837299114599847E-003
   5.3886045415377174E-003   8.9745746891372706E-003  -3.7656642853747375E-003
   5.4613859733288767E-003   9.0022020606268568E-003  -3.7472362758032571E-003
   5.5345942173414160E-003   9.0293701824720220E-003  -3.7298452966408706E-003
   5.6078435774018828E-003   9.0555769596142137E-003  -3.7111976133344508E-003
   5.6812573465456788E-003   9.0805456607583792E-003  -3.6915257437410607E-003
   5.7540706162784970E-003   9.1069948655332234E-003  -3.6715590882467103E-003
   5.8267533329192161E-003   9.1333454126815115E-003  -3.6509952522770632E-003
   5.8995065868670078E-003   9.1584978710241138E-003  -3.6292164118687264E-003
   5.9728367584832472E-003   9.1829191369894557E-003  -3.6085696759904848E-003
   6.0462767071072128E-003   9.2070882523804954E-003  -3.5880166275824316E-003
   6.1196001699748200E-003   9.2303839596371701E-003  -3.5660853753628676E-003
   6.1921835781704564E-003   9.2546133202722237E-003  -3.5427489887573972E-003
   6.2647885864661034E-003   9.2780164809033432E-003  -3.5186490960078531E-003
   6.3372461338769082E-003   9.3014579528474285E-003  -3.4941460100050142E-003
   6.4097447600335970E-003   9.3236274102722165E-003  -3.4686026281112118E-003
   6.4822039541455280E-003   9.3453389761385345E-003  -3.4425589512695203E-003
   6.5545131041307341E-003   9.3659495330372673E-003  -3.4152351197538093E-003
   6.6268308179391533E-003   9.3860007806772332E-003  -3.3875205796849699E-003
   6.6990549196976308E-003   9.4044150416322612E-003  -3.3584586779631864E-003
   6.7711584262212868E-003   9.4236436538898648E-003  -3.3296256272515689E-003
   6.8430545862433181E-003   9.4417085583849928E-003  -3.2995490350671702E-003
   6.9149065461001401E-003   9.4592853562230142E-003  -3.2690801650703009E-003
   6.9868850003752935E-003   9.4758616663317124E-003  -3.2383502437852494E-003
   7.0587857693149526E-003   9.4919575325692045E-003  -3.2071861213864771E-003
   7.1301036866960434E-003   9.5071586895741338E-003  -3.1742820260738163E-003
   7.2005488459184258E-003   9.5217280172029978E-003  -3.1392789657402921E-003
   7.2710463658212689E-003   9.5350373892523748E-003  -3.1038817865299052E-003
   7.3410502841112536E-003   9.5465079770670532E-003  -3.0668969646998959E-003
   7.4108567515388047E-003   9.5574583854421830E-003  -3.0293850244949611E-003
   7.4804818294093769E-003   9.5673963102038476E-003  -2.9912590990266996E-003
   7.5499030759807245E-003   9.5754946620864277E-003  -2.9523347208704263E-003
   7.6192112483067891E-003   9.5827135063800903E-003  -2.9130375767181444E-003
   7.6885963676079257E-003   9.5896628729037810E-003  -2.8738277370390017E-003
   7.7576408334472068E-003   9.5961179088735089E-003  -2.8339379608933609E-003
   7.8269202134264963E-003   9.6020295221179389E-003  -2.7943725677100203E-003
   7.8963998351532956E-003   9.6071877649473638E-003  -2.7550536829745718E-003
   7.9657775289699983E-003   9.6115465902858639E-003  -2.7154590338568834E-003
   8.0352944097677997E-003   9.6153218439973976E-003  -2.6760490002165020E-003
   8.1047424987110549E-003   9.6188931933571357E-003  -2.6364989255256367E-003
   8.1742016288519626E-003   9.6232996993100006E-003  -2.5970526083661039E-003
   8.2433969812154874E-003   9.6266705948271133E-003  -2.5570446055902937E-003
   8.3126081024125376E-003   9.6297933664404901E-003  -2.5170437430946805E-003
   8.3813329175047822E-003   9.6327627712558192E-003  -2.4762015783354077E-003
   8.4500048274648541E-003   9.6364419062438585E-003  -2.4353282038895247E-003
   8.5186365672628682E-003   9.6387856371124986E-003  -2.3942893048986393E-003
   8.5872060728909953E-003   9.6407448758735956E-003  -2.3531264056201326E-003
   8.6552699156805541E-003   9.6426488173056522E-003  -2.3111301163641139E-003
   8.7228574802469799E-003   9.6446822205746817E-003  -2.2683774978533911E-003
   8.7905354290201063E-003   9.6467580172836000E-003  -2.2257701473700400E-003
   8.8583678463467850E-003   9.6481905685192586E-003  -2.1833825199893686E-003
   8.9248245090285706E-003   9.6500089089367556E-003  -2.1388830186159463E-003
   8.9914969814393272E-003   9.6529047621324564E-003  -2.0947650465543777E-003
   9.0575789940225415E-003   9.6561284933796235E-003  -2.0497897736848907E-003
   9.1238419247526154E-003   9.6596538917533021E-003  -2.0051042550504822E-003
   9.1899406833927909E-003   9.6628244664831234E-003  -1.9601498164389052E-003
   9.2562726935365731E-003   9.6662845052279626E-003  -1.9155617847164527E-003
   9.3225884996655847E-003   9.6706611396215371E-003  -1.8710302349223750E-003
   9.3889310324494542E-003   9.6748364468881975E-003  -1.8265191671666765E-003
   9.4544120568817325E-003   9.6790547274936516E-003  -1.7807540980770507E-003
   9.5199215783933165E-003   9.6831866720778724E-003  -1.7350219472120139E-003
   9.5857422891857114E-003   9.6864836683090896E-003  -1.6896703888738063E-003
   9.6510028961372396E-003   9.6911950185843230E-003  -1.6436393520918671E-003
   9.7161270123782562E-003   9.6956434243728289E-003  -1.5973893664116216E-003
   9.7811294887475628E-003   9.6998357065049712E-003  -1.5509447451847005E-003
   9.8461281674665155E-003   9.7029371857016034E-003  -1.5044092469675458E-003
   9.9115541137045418E-003   9.7074128112542343E-003  -1.4585898806639369E-003
   9.9770743877924933E-003   9.7115922885439333E-003  -1.4128774572732129E-003
   1.0042790267592765E-002   9.7156615984822451E-003  -1.3674366841534859E-003
   1.0108978807512853E-002   9.7203713703855818E-003  -1.3227500503763807E-003
   1.0174806337740760E-002   9.7249200952597200E-003  -1.2775168174879727E-003
   1.0241115796159989E-002   9.7295710335853665E-003  -1.2330036228047629E-003
   1.0307230169278852E-002   9.7341004052044332E-003  -1.1881887317374772E-003
   1.0373901382115636E-002   9.7383417994292096E-003  -1.1441778244924950E-003
   1.0440797056803140E-002   9.7418710252058557E-003  -1.1004455335465425E-003
   1.0507832137945112E-002   9.7440550010152120E-003  -1.0568390185944736E-003
   1.0574633665269053E-002   9.7470445392322507E-003  -1.0129229781653164E-003
   1.0641066057208680E-002   9.7504649902962360E-003  -9.6848158061365089E-004
   1.0706792185751983E-002   9.7526437088141446E-003  -9.2292579929756347E-004
   1.0772462172673433E-002   9.7540248594519315E-003  -8.7725802906800062E-004
   1.0838862427103134E-002   9.7539554688350870E-003  -8.3263739036430078E-004
   1.0905356924108591E-002   9.7551893708224292E-003  -7.8817437928429504E-004
   1.0971363543692277E-002   9.7554148921838117E-003  -7.4297398862325733E-004
   1.1037075066854904E-002   9.7560406526044745E-003  -6.9734938844550200E-004
   1.1102957699076333E-002   9.7569765244181639E-003  -6.5197755890795419E-004
   1.1167852088000143E-002   9.7565727799879976E-003  -6.0519556155311401E-004
   1.1232200950053554E-002   9.7567909353903151E-003  -5.5766476774080694E-004
   1.1296452564190814E-002   9.7579401127451393E-003  -5.1001595381904941E-004
   1.1360940672296772E-002   9.7600272183572152E-003  -4.6271978163604880E-004
   1.1425642937093753E-002   9.7630480386533998E-003  -4.1576776806767261E-004
   1.1490000205035648E-002   9.7663824637304695E-003  -3.6836498682546470E-004
   1.1554686319525328E-002   9.7691962646461305E-003  -3.2137787035266100E-004
   1.1619830826831122E-002   9.7717775107509681E-003  -2.7501484267969959E-004
   1.1685289217862303E-002   9.7747168437889893E-003  -2.2911757296162585E-004
   1.1750637207468270E-002   9.7779814877454359E-003  -1.8308516749169338E-004
   1.1816174510775143E-002   9.7825627683912463E-003  -1.3743570154654375E-004
   1.1881731696811037E-002   9.7874076429038271E-003  -9.1842033650781996E-005
   1.1947084479600842E-002   9.7918572814324877E-003  -4.5915848315329607E-005
   1.2012500000010022E-002   9.7953991113081430E-003   7.9784506789669101E-015
