   3.5527136787900351E-015   3.5421283062119528E-015   7.1340190668704682E-015
   9.8019843733430071E-006   6.0122888028449133E-005  -5.1857105939541612E-005
   1.9689213001730122E-005   1.1987865468266554E-004  -1.0412077454280039E-004
   2.9358229599476600E-005   1.8010084150377295E-004  -1.5588754312625792E-004
   3.9978438239769156E-005   2.4104279436020171E-004  -2.0661514457337551E-004
   4.9899784244515090E-005   3.0116151905574103E-004  -2.5845437524814254E-004
   6.0242923030956074E-005   3.6147828941795611E-004  -3.0998016194102153E-004
   7.1546930548398627E-005   4.2234189786125980E-004  -3.6065402674094731E-004
   8.3234819439792479E-005   4.8375647378841107E-004  -4.1057038796052484E-004
   9.4701880890154399E-005   5.4567346806496742E-004  -4.5991400278572620E-004
   1.0529375255669269E-004   6.0790553677431808E-004  -5.0905646795394775E-004
   1.1490484387546427E-004   6.7059614636569807E-004  -5.5781623000198798E-004
   1.2534855868306943E-004   7.3356405714689488E-004  -6.0604455185083567E-004
   1.3628733393539558E-004   7.9698864874720905E-004  -6.5355943769510776E-004
   1.4735923450705731E-004   8.6012726809066200E-004  -7.0142307486220721E-004
   1.5777662643117778E-004   9.2298962566608419E-004  -7.4979457427844926E-004
   1.6841659949405488E-004   9.8565648337222409E-004  -7.9837086390044084E-004
   1.7874060273800316E-004   1.0485532600612100E-003  -8.4671763665302325E-004
   1.8885313158407559E-004   1.1113949935805936E-003  -8.9518054295496048E-004
   1.9861376251504838E-004   1.1742533708461668E-003  -9.4369398936681352E-004
   2.0940289004036311E-004   1.2372248626617644E-003  -9.9184153292317936E-004
   2.2046062231376401E-004   1.2998013148758998E-003  -1.0404410618024089E-003
   2.3182702288747652E-004   1.3623520921890490E-003  -1.0890024166239699E-003
   2.4318623941034075E-004   1.4253818038085433E-003  -1.1369422085347291E-003
   2.5360735443287843E-004   1.4886966874934767E-003  -1.1847190425019532E-003
   2.6381338318237228E-004   1.5524998114140457E-003  -1.2318889307354030E-003
   2.7279440180923446E-004   1.6165417976501282E-003  -1.2789842096934993E-003
   2.8026067519667185E-004   1.6811117338752133E-003  -1.3256208702020641E-003
   2.8732809858000321E-004   1.7460280897602409E-003  -1.3718368658983090E-003
   2.9666579128687201E-004   1.8110871494885533E-003  -1.4174452668606603E-003
   3.0776520473644919E-004   1.8762893199148617E-003  -1.4624505999436582E-003
   3.1930319775344096E-004   1.9411335751968485E-003  -1.5078609210919119E-003
   3.3007557442623752E-004   2.0058695686215058E-003  -1.5536125008645991E-003
   3.4180548573162087E-004   2.0712516993207169E-003  -1.5981948533584770E-003
   3.5386722898372158E-004   2.1367376511616984E-003  -1.6425356299207374E-003
   3.6715731257751369E-004   2.2023603854925771E-003  -1.6863195359284116E-003
   3.7994536828814333E-004   2.2686170195888129E-003  -1.7292907362620868E-003
   3.9280357948480823E-004   2.3352504317320230E-003  -1.7716541024097700E-003
   4.0483529116768565E-004   2.4019192555056134E-003  -1.8142041417704118E-003
   4.1585751639109519E-004   2.4689964172959315E-003  -1.8563842901977204E-003
   4.2840502557869859E-004   2.5359341693045614E-003  -1.8983592514724770E-003
   4.4145486406699762E-004   2.6029740090894437E-003  -1.9400169230955565E-003
   4.5532729905561621E-004   2.6699369859746300E-003  -1.9815321644029889E-003
   4.7096131118635988E-004   2.7371156971548868E-003  -2.0220611467950916E-003
   4.8772841014875387E-004   2.8040305618503812E-003  -2.0625736792731515E-003
   5.0445026740822212E-004   2.8706220466601247E-003  -2.1036340451143342E-003
   5.2061444542443310E-004   2.9375025426884821E-003  -2.1444472609459934E-003
   5.3770504375415880E-004   3.0044519408784541E-003  -2.1847671016726289E-003
   5.5484414913691037E-004   3.0706270106770034E-003  -2.2263256291789944E-003
   5.7339000207452893E-004   3.1372069814413622E-003  -2.2666140745474100E-003
   5.9244261968050471E-004   3.2035732567219830E-003  -2.3070184711701698E-003
   6.1093127296742134E-004   3.2697073944979289E-003  -2.3480604681077322E-003
   6.2892258947705101E-004   3.3364493688395119E-003  -2.3883323116774061E-003
   6.4791476693688366E-004   3.4027902728414544E-003  -2.4288067683953239E-003
   6.6640460775371270E-004   3.4696788576413029E-003  -2.4686068063620717E-003
   6.8643898009015318E-004   3.5361471466927221E-003  -2.5083634468857745E-003
   7.0821374230601469E-004   3.6018820368940194E-003  -2.5484232015656710E-003
   7.3042907952896230E-004   3.6672993475438437E-003  -2.5887599623976958E-003
   7.5220014463132391E-004   3.7332868349924443E-003  -2.6284042836298674E-003
   7.7536523712852664E-004   3.7994839359620732E-003  -2.6668922339592302E-003
   7.9917765907011997E-004   3.8652610120598241E-003  -2.7057038921110958E-003
   8.2339576253707308E-004   3.9315360905043291E-003  -2.7434013382927635E-003
   8.4899429461440139E-004   3.9976954200418979E-003  -2.7803832026084140E-003
   8.7462852001518165E-004   4.0640435886770462E-003  -2.8170002340056855E-003
   9.0055735200405694E-004   4.1308096123891021E-003  -2.8526372058061125E-003
   9.2688700617229829E-004   4.1975982013525816E-003  -2.8879364081607038E-003
   9.5456101123551505E-004   4.2646892886247078E-003  -2.9215955147254978E-003
   9.8158362603870488E-004   4.3325294181519982E-003  -2.9542680586046007E-003
   1.0086945931935733E-003   4.4005695364259835E-003  -2.9864478312413441E-003
   1.0352531967654656E-003   4.4683285265215344E-003  -3.0196646917668595E-003
   1.0629896108913179E-003   4.5357157653600775E-003  -3.0526745597250098E-003
   1.0912224589043726E-003   4.6037819834178189E-003  -3.0838177168391111E-003
   1.1206971898087025E-003   4.6714760195094443E-003  -3.1146196279758713E-003
   1.1512594847699943E-003   4.7389912854577257E-003  -3.1447466089904136E-003
   1.1815759790127522E-003   4.8066582979342685E-003  -3.1747813489161622E-003
   1.2116712653601224E-003   4.8746314547641750E-003  -3.2043435493957616E-003
   1.2413373837011279E-003   4.9427006116155000E-003  -3.2341178892469264E-003
   1.2704959855291075E-003   5.0111961212419703E-003  -3.2634119346411847E-003
   1.3000771184580710E-003   5.0798206696353295E-003  -3.2919711349743376E-003
   1.3299430323249156E-003   5.1483037394879092E-003  -3.3205735183537660E-003
   1.3610560373763937E-003   5.2166374662721247E-003  -3.3481866075552686E-003
   1.3916654130187915E-003   5.2852301113408403E-003  -3.3757204989480140E-003
   1.4236040291772858E-003   5.3531427867024228E-003  -3.4034295827704100E-003
   1.4565945446076828E-003   5.4204935940135330E-003  -3.4312772873017392E-003
   1.4911893379626773E-003   5.4874204559271396E-003  -3.4581844503946716E-003
   1.5264636900433599E-003   5.5540031984038602E-003  -3.4850630384003290E-003
   1.5622259381980706E-003   5.6206565130954914E-003  -3.5111090985517073E-003
   1.5979950068931163E-003   5.6874684206687275E-003  -3.5367360908419485E-003
   1.6346210042331927E-003   5.7535829322115321E-003  -3.5629545514868754E-003
   1.6733856661527483E-003   5.8188271527571224E-003  -3.5882625081997081E-003
   1.7130042596286686E-003   5.8836164284006530E-003  -3.6134163709550891E-003
   1.7548135437117543E-003   5.9469040267709885E-003  -3.6388459535103457E-003
   1.7975217345216244E-003   6.0097835618571236E-003  -3.6637893794186980E-003
   1.8417888968045104E-003   6.0716906165495608E-003  -3.6884457155412203E-003
   1.8868677640528930E-003   6.1333546480420607E-003  -3.7122247601289486E-003
   1.9329996482717235E-003   6.1940151662393918E-003  -3.7365589085989405E-003
   1.9800464140232021E-003   6.2545675480069314E-003  -3.7593626559065739E-003
   2.0285878174800000E-003   6.3143519482474122E-003  -3.7810319349654872E-003
   2.0782266233162149E-003   6.3739651132831776E-003  -3.8005833928973771E-003
   2.1289597895686957E-003   6.4330314156482498E-003  -3.8189496051047782E-003
   2.1804356995071971E-003   6.4917013524109224E-003  -3.8365015058512567E-003
   2.2312718092150734E-003   6.5509922795897709E-003  -3.8538299769565075E-003
   2.2832804175196997E-003   6.6095673195652512E-003  -3.8700801877409670E-003
   2.3354537156438132E-003   6.6682922376571961E-003  -3.8852238651062524E-003
   2.3885853434467324E-003   6.7264219340457511E-003  -3.8992939937996011E-003
   2.4419784426840544E-003   6.7844006716170245E-003  -3.9129922766843149E-003
   2.4952551936901638E-003   6.8428645736355884E-003  -3.9249739268896666E-003
   2.5494560698795343E-003   6.9005123096932599E-003  -3.9367639038225422E-003
   2.6044440553721327E-003   6.9575300355241617E-003  -3.9479576695795925E-003
   2.6598208283831050E-003   7.0141435733965208E-003  -3.9592855265978277E-003
   2.7153849986657859E-003   7.0706518044574519E-003  -3.9702145154915103E-003
   2.7710341959066784E-003   7.1270801848317532E-003  -3.9811234446828188E-003
   2.8265213698223939E-003   7.1837997698275249E-003  -3.9913245332777502E-003
   2.8832699005292037E-003   7.2394635482525794E-003  -4.0003327533899994E-003
   2.9411553055526131E-003   7.2941074919448071E-003  -4.0082900961343247E-003
   2.9997285497222114E-003   7.3480635544287990E-003  -4.0159005096881148E-003
   3.0589298071385467E-003   7.4013944951839819E-003  -4.0230434694451776E-003
   3.1182357582564355E-003   7.4546390167129599E-003  -4.0299590384396695E-003
   3.1772368501747114E-003   7.5084302155713186E-003  -4.0349967040477436E-003
   3.2367312734396317E-003   7.5617782014937313E-003  -4.0387922285695620E-003
   3.2977062214877371E-003   7.6134131597129454E-003  -4.0427780539503012E-003
   3.3590318294246576E-003   7.6646183078122104E-003  -4.0469256575597244E-003
   3.4202625899608960E-003   7.7160107607108794E-003  -4.0500256185631188E-003
   3.4820279259854584E-003   7.7667669841755818E-003  -4.0530003527835985E-003
   3.5436890835568724E-003   7.8176304457640722E-003  -4.0562881964709462E-003
   3.6053840046407337E-003   7.8684493066702079E-003  -4.0596318607746609E-003
   3.6670983542651824E-003   7.9192838639292988E-003  -4.0623126893638197E-003
   3.7298326309681273E-003   7.9688699341515044E-003  -4.0646859067914971E-003
   3.7921486781043712E-003   8.0190252985472676E-003  -4.0657581446142538E-003
   3.8551943213496398E-003   8.0682717064998744E-003  -4.0659535278164283E-003
   3.9188740794506970E-003   8.1166939485376437E-003  -4.0663717222042140E-003
   3.9830971774522080E-003   8.1643947006768310E-003  -4.0661930398010662E-003
   4.0479313063567501E-003   8.2112204050385166E-003  -4.0642209496102666E-003
   4.1129029796952562E-003   8.2577960592395607E-003  -4.0611566222620681E-003
   4.1784112773899582E-003   8.3035560200775422E-003  -4.0573240097826211E-003
   4.2435147932678476E-003   8.3497630730170469E-003  -4.0521819791308764E-003
   4.3094983817812032E-003   8.3947034324288461E-003  -4.0470312369994136E-003
   4.3760624213064255E-003   8.4387579237470926E-003  -4.0416992173585541E-003
   4.4427833297555029E-003   8.4824413866947616E-003  -4.0353687006278692E-003
   4.5088956490815435E-003   8.5270182581629415E-003  -4.0288830426517637E-003
   4.5756113785465685E-003   8.5706577575029187E-003  -4.0222043043026514E-003
   4.6425304729236470E-003   8.6138277742072271E-003  -4.0145764303011269E-003
   4.7100627140758767E-003   8.6559742841277633E-003  -4.0066348872952696E-003
   4.7775168958117190E-003   8.6981967546385409E-003  -3.9984375489870759E-003
   4.8454993564611380E-003   8.7395187749194428E-003  -3.9900187792341092E-003
   4.9138243867137901E-003   8.7799416804569333E-003  -3.9801355131582382E-003
   4.9827283768225780E-003   8.8191508985890135E-003  -3.9694174274933136E-003
   5.0517103010374841E-003   8.8578405797267220E-003  -3.9573923409680746E-003
   5.1208935532178271E-003   8.8963855794669013E-003  -3.9460803732703281E-003
   5.1909168802598020E-003   8.9332299017298548E-003  -3.9342808145894307E-003
   5.2616696619759117E-003   8.9681937848162877E-003  -3.9211823123965137E-003
   5.3328845120075756E-003   9.0017731633891124E-003  -3.9070094343662118E-003
   5.4044471323304432E-003   9.0342514048146385E-003  -3.8920443011923062E-003
   5.4762520378973008E-003   9.0658085357286158E-003  -3.8762898408901750E-003
   5.5486514213953239E-003   9.0963017398196649E-003  -3.8611738302019474E-003
   5.6212900580282802E-003   9.1252976297807528E-003  -3.8443551850220622E-003
   5.6942716083253986E-003   9.1530456944690450E-003  -3.8269270975650948E-003
   5.7674801846935514E-003   9.1798861993171027E-003  -3.8090359926330770E-003
   5.8402452404183397E-003   9.2072387751357728E-003  -3.7901393454306681E-003
   5.9131565657652308E-003   9.2332198248624500E-003  -3.7699174841340811E-003
   5.9862437125172115E-003   9.2589841779360787E-003  -3.7500562882843889E-003
   6.0588710086068795E-003   9.2845886217731797E-003  -3.7283839944153426E-003
   6.1314167696011595E-003   9.3096837885063288E-003  -3.7058596706755192E-003
   6.2039348040787362E-003   9.3335101093441012E-003  -3.6819130400511835E-003
   6.2766558487196058E-003   9.3567846043549532E-003  -3.6580394657444110E-003
   6.3499898964000387E-003   9.3776301173239089E-003  -3.6337993744177590E-003
   6.4231974528809535E-003   9.3977691840555246E-003  -3.6085987460001768E-003
   6.4962630472901860E-003   9.4172419735017148E-003  -3.5824792249390010E-003
   6.5691118230461528E-003   9.4370324061897430E-003  -3.5559953684963920E-003
   6.6412805292878352E-003   9.4572709158879144E-003  -3.5280296652056313E-003
   6.7130387304951663E-003   9.4762262871041780E-003  -3.4981724306524294E-003
   6.7851540523414028E-003   9.4938114487492665E-003  -3.4683371753664910E-003
   6.8573306062788822E-003   9.5100862494009349E-003  -3.4379122526692466E-003
   6.9294351518122002E-003   9.5264557528340465E-003  -3.4073676317263150E-003
   7.0016467319892056E-003   9.5426916551635162E-003  -3.3770051028414981E-003
   7.0736054716918255E-003   9.5587194705426762E-003  -3.3459398664276371E-003
   7.1452305337180097E-003   9.5742392267034997E-003  -3.3138620287923703E-003
   7.2170164176035383E-003   9.5893806600134343E-003  -3.2819633787533669E-003
   7.2887779914152214E-003   9.6039590420812643E-003  -3.2497492933483089E-003
   7.3602610219136704E-003   9.6180402248579374E-003  -3.2167054340816606E-003
   7.4318574693158935E-003   9.6312492224773158E-003  -3.1835471604863695E-003
   7.5037572016442124E-003   9.6436605016123542E-003  -3.1507387981743792E-003
   7.5757917835617148E-003   9.6544289575916653E-003  -3.1176471168380426E-003
   7.6474240052758239E-003   9.6649538540793528E-003  -3.0836169631534172E-003
   7.7188938359859759E-003   9.6748713934284771E-003  -3.0490669166386812E-003
   7.7907259257726340E-003   9.6832798294450486E-003  -3.0148697079252214E-003
   7.8624650238903054E-003   9.6915111002450118E-003  -2.9804350164697722E-003
   7.9340272480136198E-003   9.6993953164516908E-003  -2.9455539727275032E-003
   8.0051850618058397E-003   9.7059529079984268E-003  -2.9095878284993871E-003
   8.0757492564253793E-003   9.7125564606523034E-003  -2.8724786985380095E-003
   8.1455241374389035E-003   9.7189203140730668E-003  -2.8338656520752029E-003
   8.2145646049138869E-003   9.7246701113081428E-003  -2.7938612312593787E-003
   8.2832897425519827E-003   9.7299938339926867E-003  -2.7532593418273100E-003
   8.3512222313986261E-003   9.7345495085453121E-003  -2.7112543087972770E-003
   8.4186123173331309E-003   9.7404094501175181E-003  -2.6685432165284291E-003
   8.4851805316225899E-003   9.7467630647569466E-003  -2.6246307533321399E-003
   8.5513272213822503E-003   9.7527873054974283E-003  -2.5800401270997552E-003
   8.6172287557103062E-003   9.7595548443660911E-003  -2.5351938540851189E-003
   8.6827067993412721E-003   9.7656674163089738E-003  -2.4896388075790173E-003
   8.7479671542210740E-003   9.7707753198100506E-003  -2.4436497284157067E-003
   8.8133757907311507E-003   9.7753001493967751E-003  -2.3978104855174234E-003
   8.8787489902347645E-003   9.7784576717168947E-003  -2.3518064113843221E-003
   8.9440027304407699E-003   9.7799971505116608E-003  -2.3055508236944386E-003
   9.0094912797255983E-003   9.7810047870170325E-003  -2.2596135340441424E-003
   9.0746738239361156E-003   9.7819152758023536E-003  -2.2132410536026253E-003
   9.1398802095071369E-003   9.7829108354182733E-003  -2.1669038531943012E-003
   9.2044994275628424E-003   9.7840807582811797E-003  -2.1197552801866791E-003
   9.2688793162951869E-003   9.7846555875769330E-003  -2.0722694982424389E-003
   9.3335500406627209E-003   9.7852044715404079E-003  -2.0251802622441363E-003
   9.3992291319736528E-003   9.7857627727153864E-003  -1.9795081124962697E-003
   9.4642837662579464E-003   9.7864985390269388E-003  -1.9329532716549586E-003
   9.5294021981235551E-003   9.7863799565964145E-003  -1.8864820357091811E-003
   9.5946887599934836E-003   9.7857050729575571E-003  -1.8402520739016904E-003
   9.6594497834044269E-003   9.7835517017366789E-003  -1.7933332841026069E-003
   9.7245287093433771E-003   9.7819327594702854E-003  -1.7468347635573233E-003
   9.7892744292255047E-003   9.7807628417072318E-003  -1.6998600570118463E-003
   9.8533973528967412E-003   9.7799857051040807E-003  -1.6520307069946426E-003
   9.9176654401427460E-003   9.7781767320066909E-003  -1.6044246088473897E-003
   9.9826179101187105E-003   9.7758142057759057E-003  -1.5577813337957225E-003
   1.0047841162211685E-002   9.7731394254633765E-003  -1.5115344643239839E-003
   1.0112774387686960E-002   9.7713030815712709E-003  -1.4648407380482916E-003
   1.0177632607594191E-002   9.7688226417755025E-003  -1.4180726000125900E-003
   1.0242422894690397E-002   9.7661202507579505E-003  -1.3712226718140509E-003
   1.0307120212707235E-002   9.7633973332095624E-003  -1.3242456267228094E-003
   1.0372104449164509E-002   9.7617741843173643E-003  -1.2776150101568443E-003
   1.0436848965998854E-002   9.7605873065504545E-003  -1.2306390709575614E-003
   1.0501308729503106E-002   9.7600785807816868E-003  -1.1832610160698981E-003
   1.0566057197109950E-002   9.7599164802704055E-003  -1.1362758091818495E-003
   1.0630251995652292E-002   9.7598454980296484E-003  -1.0885366973325307E-003
   1.0694230026251637E-002   9.7604791331480940E-003  -1.0405115986049929E-003
   1.0757562543283661E-002   9.7616000295287862E-003  -9.9164713424990613E-004
   1.0820998781993267E-002   9.7640557417881645E-003  -9.4296640815887513E-004
   1.0884087331198521E-002   9.7668452437981168E-003  -8.9385374543911691E-004
   1.0946582136347072E-002   9.7697562827955258E-003  -8.4399469228089974E-004
   1.1009007581001470E-002   9.7719596543486414E-003  -7.9401260530779756E-004
   1.1071060017994837E-002   9.7751233844921553E-003  -7.4361929356322326E-004
   1.1133184011645994E-002   9.7785177831996115E-003  -6.9332926005423185E-004
   1.1195878774379917E-002   9.7801808962287400E-003  -6.4366437526995688E-004
   1.1258259619395482E-002   9.7814666392125535E-003  -5.9359465348222051E-004
   1.1320991134448113E-002   9.7827558008172742E-003  -5.4396507482666991E-004
   1.1383942451755885E-002   9.7831203708493419E-003  -4.9459910741982832E-004
   1.1446964661256569E-002   9.7832905585566923E-003  -4.4532262064331897E-004
   1.1509676992712332E-002   9.7835801224965407E-003  -3.9565291525736005E-004
   1.1572284607995149E-002   9.7834630604676787E-003  -3.4585057793377557E-004
   1.1634498989577869E-002   9.7843939293186400E-003  -2.9556634376410858E-004
   1.1697330160154800E-002   9.7856718299948429E-003  -2.4606269767146050E-004
   1.1760312831917332E-002   9.7863671478076245E-003  -1.9674029312900972E-004
   1.1823624284395233E-002   9.7883805118804297E-003  -1.4787715417552779E-004
   1.1886859864291673E-002   9.7896920599279749E-003  -9.8892041344267339E-005
   1.1949439916228089E-002   9.7919029979304534E-003  -4.9104002081375006E-005
   1.2012500000009878E-002   9.7953991113080407E-003   7.9783306822183340E-015
