   3.5527136787900339E-015   3.5421283062119524E-015   7.1340190668705092E-015
   3.9198019911941055E-006   6.8588733894532535E-005  -4.0990495657281717E-005
   7.4053025433325143E-006   1.3661374044681701E-004  -8.2948209652650823E-005
   1.0996279688162581E-005   2.0426831745367434E-004  -1.2549187064022513E-004
   1.4484340936461743E-005   2.7250529901155150E-004  -1.6710374123857688E-004
   1.8542681152903321E-005   3.4118642777935897E-004  -2.0792570136279287E-004
   2.3415281191262039E-005   4.0978729554595473E-004  -2.4879352136508736E-004
   2.9148324632092173E-005   4.7796976264684478E-004  -2.9024570327867229E-004
   3.4396929078496632E-005   5.4625529688109690E-004  -3.3159226258124941E-004
   4.0380475478291576E-005   6.1505708522214685E-004  -3.7197185019829942E-004
   4.5597440706961719E-005   6.8407465479809141E-004  -4.1208865923998526E-004
   5.0492702721083936E-005   7.5272663856435125E-004  -4.5286783943073702E-004
   5.7395389521718396E-005   8.2141528996069622E-004  -4.9329335216429448E-004
   6.4511251028866767E-005   8.9030027877005978E-004  -5.3334610278427911E-004
   7.1598466158371115E-005   9.5951822358088669E-004  -5.7282581270727431E-004
   7.9052724216653852E-005   1.0292298246157620E-003  -6.1135796458295266E-004
   8.6491823204200969E-005   1.0994402691628016E-003  -6.4897648764995915E-004
   9.4878989902379531E-005   1.1691308433981376E-003  -6.8735459721725931E-004
   1.0318675857538715E-004   1.2384899666931489E-003  -7.2634553198469174E-004
   1.1264373174012367E-004   1.3077735350021001E-003  -7.6520878985541357E-004
   1.2267345095396079E-004   1.3772012717266052E-003  -8.0366908250324297E-004
   1.3274955933764712E-004   1.4466691421139875E-003  -8.4204468732848809E-004
   1.4275749741284819E-004   1.5162646588318608E-003  -8.8020625457671487E-004
   1.5287552931390300E-004   1.5862785505290761E-003  -9.1756506070264578E-004
   1.6318154342547149E-004   1.6562527011618814E-003  -9.5494693217309504E-004
   1.7201269020323363E-004   1.7266278451248068E-003  -9.9195166105467414E-004
   1.8123571591365257E-004   1.7966485551860762E-003  -1.0295287279445038E-003
   1.8977341167152325E-004   1.8674332560630357E-003  -1.0658141779031972E-003
   1.9890663623357808E-004   1.9387887661925711E-003  -1.1008138261317186E-003
   2.0809061908429939E-004   2.0102918482902501E-003  -1.1354975933101719E-003
   2.1822764451683157E-004   2.0813518346457231E-003  -1.1708206603864416E-003
   2.2865104828416943E-004   2.1523163571277042E-003  -1.2062521322093098E-003
   2.3860072042995920E-004   2.2236339240599800E-003  -1.2411062376576727E-003
   2.4855837199426700E-004   2.2950995677365003E-003  -1.2756534073986281E-003
   2.5911965293332843E-004   2.3665339857230059E-003  -1.3100857073044363E-003
   2.6938278949032162E-004   2.4377356267067636E-003  -1.3450856266973542E-003
   2.8039007449235509E-004   2.5082207727915510E-003  -1.3812889945935662E-003
   2.9156469582338422E-004   2.5793353335398848E-003  -1.4161866605336786E-003
   3.0344123211631114E-004   2.6510065361033067E-003  -1.4496857143676191E-003
   3.1500553878373354E-004   2.7224981423724500E-003  -1.4836741984236032E-003
   3.2701041762425129E-004   2.7942874141265337E-003  -1.5168733452476379E-003
   3.3870481271974697E-004   2.8661698202394098E-003  -1.5499816647880596E-003
   3.5063184548217636E-004   2.9378891281170989E-003  -1.5833596029161971E-003
   3.6210297604730770E-004   3.0095156406017231E-003  -1.6170946864010605E-003
   3.7440831387699678E-004   3.0801862284271200E-003  -1.6525100318027549E-003
   3.8731110587650303E-004   3.1509529950157593E-003  -1.6875183552071370E-003
   4.0080205399196635E-004   3.2221539996117711E-003  -1.7214065721847954E-003
   4.1497050032345570E-004   3.2930332710050590E-003  -1.7556904465399117E-003
   4.2886198620924540E-004   3.3641967448451251E-003  -1.7894955736000959E-003
   4.4298381870115416E-004   3.4353847079478432E-003  -1.8231533773717347E-003
   4.5684649353847572E-004   3.5065038512518396E-003  -1.8570634599544592E-003
   4.7087358211563794E-004   3.5770732020132257E-003  -1.8920378436020054E-003
   4.8550612823016609E-004   3.6468255523362338E-003  -1.9283765036197391E-003
   5.0036271132913716E-004   3.7167059201330269E-003  -1.9643767276505673E-003
   5.1597779028913842E-004   3.7862379612855174E-003  -2.0007286818532776E-003
   5.3188317681297803E-004   3.8560649645564445E-003  -2.0363826898159849E-003
   5.4787147198920706E-004   3.9257667537399626E-003  -2.0722440200523586E-003
   5.6572215360384368E-004   3.9943397098844650E-003  -2.1093802943203052E-003
   5.8270921187893209E-004   4.0637250451684174E-003  -2.1453957782143051E-003
   5.9943211285789545E-004   4.1332024867266944E-003  -2.1813572813128221E-003
   6.1702849096175805E-004   4.2023052984634553E-003  -2.2176225384454400E-003
   6.3473715131003884E-004   4.2708829262530024E-003  -2.2548181339160133E-003
   6.5294121850014678E-004   4.3396180365155215E-003  -2.2914800565682035E-003
   6.6982317617009213E-004   4.4086231506603032E-003  -2.3282671971010999E-003
   6.8677106035982096E-004   4.4783929727120050E-003  -2.3635509208574114E-003
   7.0417691097136598E-004   4.5485891517751970E-003  -2.3977493535792455E-003
   7.2203618004410800E-004   4.6188541418466572E-003  -2.4315706143597316E-003
   7.4035706275368796E-004   4.6892945893455230E-003  -2.4647743584484657E-003
   7.6092598422594594E-004   4.7596209239370822E-003  -2.4968855112486817E-003
   7.8308465699590990E-004   4.8295266468869839E-003  -2.5288571096688077E-003
   8.0580865761473695E-004   4.8996509800365946E-003  -2.5599408305794396E-003
   8.2998709107339396E-004   4.9697566091498916E-003  -2.5899508973032739E-003
   8.5457653240033867E-004   5.0396056441167408E-003  -2.6202241809601110E-003
   8.8018161948467304E-004   5.1092467189416731E-003  -2.6501323772787320E-003
   9.0603636422588560E-004   5.1787319389874822E-003  -2.6801879320506659E-003
   9.3215030419959138E-004   5.2484857313276796E-003  -2.7093850312245146E-003
   9.5914961255057988E-004   5.3182379910069856E-003  -2.7377691751015428E-003
   9.8653316497978238E-004   5.3878556526337678E-003  -2.7661156429783359E-003
   1.0149572184812163E-003   5.4575166464316104E-003  -2.7933079050556629E-003
   1.0440338930867432E-003   5.5273340879134335E-003  -2.8193860925182250E-003
   1.0725212658529476E-003   5.5971834099901360E-003  -2.8460233182200983E-003
   1.1024709321306471E-003   5.6666030173727171E-003  -2.8721754808586513E-003
   1.1337170813768059E-003   5.7355424845070974E-003  -2.8980796896227530E-003
   1.1663093836515547E-003   5.8041054588235576E-003  -2.9233157825612846E-003
   1.2006611607684012E-003   5.8718622040713998E-003  -2.9483952339289105E-003
   1.2363416269767459E-003   5.9393715263974601E-003  -2.9722572483838108E-003
   1.2724771300248964E-003   6.0061827261284886E-003  -2.9973667886392320E-003
   1.3081775385656901E-003   6.0732731257328275E-003  -3.0223539676250558E-003
   1.3443298563802050E-003   6.1402964881426157E-003  -3.0468667970047661E-003
   1.3816377428456734E-003   6.2069988782315370E-003  -3.0705081329492740E-003
   1.4204405544819129E-003   6.2729699496829154E-003  -3.0937924525575892E-003
   1.4594537082054651E-003   6.3388849051440269E-003  -3.1168834138859181E-003
   1.4993293218288884E-003   6.4043139458985071E-003  -3.1398828933378591E-003
   1.5400757089936077E-003   6.4694812713722311E-003  -3.1620854069766362E-003
   1.5817874416535671E-003   6.5344247494270209E-003  -3.1831205212019911E-003
   1.6251162462210898E-003   6.5986242242846629E-003  -3.2031465571062392E-003
   1.6691170037481293E-003   6.6625952934377033E-003  -3.2224244108546630E-003
   1.7133468980480807E-003   6.7267031803297048E-003  -3.2406972131863309E-003
   1.7581293550159372E-003   6.7904497123235435E-003  -3.2588881780969575E-003
   1.8041118424261472E-003   6.8534653096006936E-003  -3.2766264230860592E-003
   1.8510760617904236E-003   6.9160459875991743E-003  -3.2933003801540153E-003
   1.8989487081719492E-003   6.9782352303572699E-003  -3.3088151415253423E-003
   1.9481975533447973E-003   7.0394192937417157E-003  -3.3240158531323066E-003
   1.9982575165169618E-003   7.1003204315159066E-003  -3.3376192170987218E-003
   2.0495496809551750E-003   7.1605374361158325E-003  -3.3495785741430115E-003
   2.1014480399870780E-003   7.2202886868662757E-003  -3.3612554047951449E-003
   2.1552434466682391E-003   7.2785238231212728E-003  -3.3719662919680861E-003
   2.2102553826384734E-003   7.3355881864986937E-003  -3.3827988974477218E-003
   2.2658149824129506E-003   7.3920770200870036E-003  -3.3938507096077206E-003
   2.3220390332788633E-003   7.4480178723271917E-003  -3.4043138429350099E-003
   2.3787374194494974E-003   7.5036809751704969E-003  -3.4136365025651560E-003
   2.4356583396622790E-003   7.5592753393807811E-003  -3.4219596937502743E-003
   2.4926041520889597E-003   7.6150748042674273E-003  -3.4285622815156038E-003
   2.5498152248151426E-003   7.6705956307393788E-003  -3.4352204329783239E-003
   2.6072031124057316E-003   7.7259581805685764E-003  -3.4416716681187564E-003
   2.6638411237316067E-003   7.7822169474785615E-003  -3.4468761685379754E-003
   2.7211065357475284E-003   7.8378877097495022E-003  -3.4515063748408689E-003
   2.7785562306772470E-003   7.8933585856342404E-003  -3.4562513180885989E-003
   2.8374717108894426E-003   7.9472518017394099E-003  -3.4611997972646903E-003
   2.8973921585192094E-003   8.0000259910072945E-003  -3.4661419537737373E-003
   2.9578953184437170E-003   8.0521615672376166E-003  -3.4707516537648155E-003
   3.0195098243479494E-003   8.1030055037258873E-003  -3.4750582511406786E-003
   3.0822503440437205E-003   8.1524976875417404E-003  -3.4788200244533700E-003
   3.1453026711558076E-003   8.2016356761230418E-003  -3.4819604260567386E-003
   3.2081093630503266E-003   8.2510780475705640E-003  -3.4852423999814481E-003
   3.2704978096731820E-003   8.3010686073811644E-003  -3.4881793474001513E-003
   3.3336344326984632E-003   8.3501215067269836E-003  -3.4909325095713556E-003
   3.3978223723066512E-003   8.3977748386907282E-003  -3.4939438807044688E-003
   3.4621698786576347E-003   8.4452366650052992E-003  -3.4965464701065181E-003
   3.5269064898981665E-003   8.4922193732044644E-003  -3.4978867306802047E-003
   3.5925009518211230E-003   8.5380110183537819E-003  -3.4985880165488365E-003
   3.6582645873114738E-003   8.5835619715901694E-003  -3.4980831350653937E-003
   3.7241047406304986E-003   8.6289695086890824E-003  -3.4962859747899519E-003
   3.7906639985281257E-003   8.6732568577193511E-003  -3.4933712009208450E-003
   3.8576061166963435E-003   8.7169629959817519E-003  -3.4904512189819288E-003
   3.9251142534988811E-003   8.7597722790463441E-003  -3.4872862941494813E-003
   3.9930318833453250E-003   8.8018471265957719E-003  -3.4831749973457007E-003
   4.0612132977033352E-003   8.8435304991202023E-003  -3.4794613484921966E-003
   4.1297786115126528E-003   8.8845823410815625E-003  -3.4757811290336872E-003
   4.1989856758605747E-003   8.9245790018672912E-003  -3.4725177923564262E-003
   4.2686527014557090E-003   8.9637638286728383E-003  -3.4691929014449385E-003
   4.3383654083690350E-003   9.0028058478180371E-003  -3.4652105362953847E-003
   4.4077148326589792E-003   9.0424921176072079E-003  -3.4612536006524597E-003
   4.4769219458015343E-003   9.0822248569559193E-003  -3.4556246647524675E-003
   4.5466246668035420E-003   9.1209678003869171E-003  -3.4492595237935525E-003
   4.6160765698336310E-003   9.1601424124740042E-003  -3.4427955518896722E-003
   4.6865924328179731E-003   9.1972496362297679E-003  -3.4356845032705039E-003
   4.7575766330115636E-003   9.2333475751945199E-003  -3.4280567823637116E-003
   4.8286842479867776E-003   9.2688932073940137E-003  -3.4191004927027605E-003
   4.9003847311057348E-003   9.3029219185317980E-003  -3.4090462628999529E-003
   4.9723270394096807E-003   9.3363672693909348E-003  -3.3987645907311631E-003
   5.0442344101214107E-003   9.3697721869639219E-003  -3.3881136977509671E-003
   5.1157166297130172E-003   9.4033386768670665E-003  -3.3753237390988719E-003
   5.1871574050175711E-003   9.4362586371911378E-003  -3.3607466395743604E-003
   5.2591940672013678E-003   9.4678230503586307E-003  -3.3461039919796629E-003
   5.3315977352281175E-003   9.4978983087497630E-003  -3.3301921196452499E-003
   5.4045047569210112E-003   9.5268773127809830E-003  -3.3145465604242736E-003
   5.4771946613128598E-003   9.5563127001136779E-003  -3.2987435302685476E-003
   5.5501769944968967E-003   9.5848763039613760E-003  -3.2826905058709918E-003
   5.6235704517378533E-003   9.6123106298751752E-003  -3.2665424973585800E-003
   5.6969260116476713E-003   9.6387121357385305E-003  -3.2486003032701242E-003
   5.7707334084572143E-003   9.6634577734029670E-003  -3.2301579174212375E-003
   5.8445184763914818E-003   9.6874303475886492E-003  -3.2106366616115873E-003
   5.9185239463911063E-003   9.7104266174406310E-003  -3.1907781120561053E-003
   5.9928172836342152E-003   9.7326242684113873E-003  -3.1710863794123939E-003
   6.0672320286082994E-003   9.7544718627901837E-003  -3.1514616924607258E-003
   6.1415648094939714E-003   9.7752557090114069E-003  -3.1304219816869296E-003
   6.2160055954102464E-003   9.7958438340430640E-003  -3.1095725573426513E-003
   6.2906518791261707E-003   9.8148050500973440E-003  -3.0879298999195123E-003
   6.3651664796988165E-003   9.8334897621587414E-003  -3.0656037754766938E-003
   6.4399451051789583E-003   9.8510516644519808E-003  -3.0432489828635190E-003
   6.5149090521229094E-003   9.8679428878880888E-003  -3.0209982920321940E-003
   6.5899706516738231E-003   9.8836533473712195E-003  -2.9982180872188246E-003
   6.6652560984943980E-003   9.8986679801258796E-003  -2.9757089269048334E-003
   6.7404739479712157E-003   9.9126476689972483E-003  -2.9523242435513762E-003
   6.8157284257515027E-003   9.9248430372804695E-003  -2.9280747782930235E-003
   6.8908515081712489E-003   9.9360257653230075E-003  -2.9029457295606386E-003
   6.9662017716704151E-003   9.9470073102270930E-003  -2.8784152696316946E-003
   7.0412654773280917E-003   9.9566010274515990E-003  -2.8524653046819639E-003
   7.1162777105220560E-003   9.9648652437744865E-003  -2.8259159620782487E-003
   7.1913826632673105E-003   9.9732483341163636E-003  -2.7996677264041396E-003
   7.2661258120457276E-003   9.9815726496961313E-003  -2.7723882931792970E-003
   7.3405062053864493E-003   9.9892710784519976E-003  -2.7439578290420798E-003
   7.4145845972002590E-003   9.9958628080452448E-003  -2.7144800244967324E-003
   7.4886828765685452E-003   1.0002242999631251E-002  -2.6850056601668928E-003
   7.5622490641619163E-003   1.0007114858433575E-002  -2.6539527852930600E-003
   7.6355252064257010E-003   1.0012409849955699E-002  -2.6222893989762161E-003
   7.7085690222405238E-003   1.0016027450137627E-002  -2.5898623433072122E-003
   7.7819340634640768E-003   1.0018483472470190E-002  -2.5580576473996008E-003
   7.8549651744197809E-003   1.0021268612943064E-002  -2.5255199796653813E-003
   7.9277089825748916E-003   1.0023038119141257E-002  -2.4922753224879538E-003
   7.9998747105995260E-003   1.0024221887324606E-002  -2.4577687087195738E-003
   8.0717043490616171E-003   1.0024584745782182E-002  -2.4225498023736228E-003
   8.1428842671745633E-003   1.0023482024282836E-002  -2.3860504424598004E-003
   8.2143628217060498E-003   1.0021728932563437E-002  -2.3501653074900195E-003
   8.2854794009417383E-003   1.0018912358579357E-002  -2.3136345113662152E-003
   8.3569305732254517E-003   1.0016815356550669E-002  -2.2777133121626185E-003
   8.4282626595836123E-003   1.0014623855593549E-002  -2.2415618143816988E-003
   8.4997806108467085E-003   1.0012427193900964E-002  -2.2057797333886074E-003
   8.5712989991731485E-003   1.0009200746225378E-002  -2.1700766499631414E-003
   8.6429591726446386E-003   1.0005592481039034E-002  -2.1346958647435028E-003
   8.7149048551417481E-003   1.0001399180329065E-002  -2.0999649707642795E-003
   8.7869555967734943E-003   9.9980110715581320E-003  -2.0653642287544395E-003
   8.8585626105572562E-003   9.9950154682125446E-003  -2.0298190189965487E-003
   8.9297115075119594E-003   9.9910926894669991E-003  -1.9934535646348611E-003
   9.0003994197201450E-003   9.9876220173019132E-003  -1.9561551262999148E-003
   9.0710102310681291E-003   9.9838196971482520E-003  -1.9187431538780231E-003
   9.1410280407748269E-003   9.9802280603595046E-003  -1.8802125626830267E-003
   9.2107459235797797E-003   9.9757507171984797E-003  -1.8412334628194371E-003
   9.2803080150868425E-003   9.9700404653589626E-003  -1.8021373191825147E-003
   9.3494493434463609E-003   9.9650212630651470E-003  -1.7622088290943168E-003
   9.4185438852277693E-003   9.9593985073507894E-003  -1.7222797805838479E-003
   9.4876031496401707E-003   9.9529612843864464E-003  -1.6824127496337072E-003
   9.5569349955204018E-003   9.9471424390341658E-003  -1.6429255848496099E-003
   9.6255865572826057E-003   9.9417068534521751E-003  -1.6022141925215419E-003
   9.6939517447984357E-003   9.9354554134062946E-003  -1.5611396184041085E-003
   9.7624157146247309E-003   9.9298852514927097E-003  -1.5201315931357791E-003
   9.8305862213668698E-003   9.9239521936498529E-003  -1.4786878862803568E-003
   9.8989702548262313E-003   9.9184685029364596E-003  -1.4375350844600036E-003
   9.9669595248159572E-003   9.9134325316185701E-003  -1.3956770128560601E-003
   1.0035017985440686E-002   9.9080843569335480E-003  -1.3539703830719244E-003
   1.0102479242487177E-002   9.9022948001889176E-003  -1.3113621698158941E-003
   1.0169561961940255E-002   9.8960245774545371E-003  -1.2682275775604335E-003
   1.0236619697115814E-002   9.8908799504020851E-003  -1.2249056088879827E-003
   1.0303407745419907E-002   9.8856770388997487E-003  -1.1811759128311670E-003
   1.0369979601801471E-002   9.8810521618052614E-003  -1.1370533737795577E-003
   1.0436699258280061E-002   9.8778417390669310E-003  -1.0930286009453683E-003
   1.0502585927738117E-002   9.8739269531409185E-003  -1.0478221717655572E-003
   1.0568263161295992E-002   9.8694556909502251E-003  -1.0023633023874914E-003
   1.0634130159157148E-002   9.8654200071600535E-003  -9.5713884164167135E-004
   1.0699459591177565E-002   9.8604830094187312E-003  -9.1122924172853741E-004
   1.0764930602837511E-002   9.8552246125029209E-003  -8.6555763248182319E-004
   1.0830406093861903E-002   9.8504625638918767E-003  -8.1983801995227424E-004
   1.0895534701290396E-002   9.8460311956432706E-003  -7.7359272321509179E-004
   1.0960214650857466E-002   9.8422190861518037E-003  -7.2666754926866339E-004
   1.1025209878385138E-002   9.8390671101397618E-003  -6.8013062371823508E-004
   1.1090398336356225E-002   9.8359968020377171E-003  -6.3385927020900574E-004
   1.1154895570387296E-002   9.8341816832111587E-003  -5.8656432179126933E-004
   1.1219731326055761E-002   9.8327629832325562E-003  -5.3972083689658419E-004
   1.1284586714732951E-002   9.8308383364393397E-003  -4.9292260733398857E-004
   1.1349145207727103E-002   9.8279082505269063E-003  -4.4576737879041680E-004
   1.1414613908543175E-002   9.8252055619054441E-003  -3.9987026895871574E-004
   1.1480863766905281E-002   9.8231688237545266E-003  -3.5507285874646657E-004
   1.1546530051811240E-002   9.8199983127391782E-003  -3.0948901419201814E-004
   1.1612201441384865E-002   9.8172441289536040E-003  -2.6388547198618467E-004
   1.1677877878470759E-002   9.8132619763043102E-003  -2.1837999896757572E-004
   1.1744050244359693E-002   9.8098381774763127E-003  -1.7355260116989421E-004
   1.1811036542562771E-002   9.8061951725583324E-003  -1.2996860908157893E-004
   1.1878397985938358E-002   9.8023382311907305E-003  -8.6985357088950052E-005
   1.1945496689067170E-002   9.7981669077260459E-003  -4.3622191846701072E-005
   1.2012500000009882E-002   9.7953991113080580E-003   7.9790465833106181E-015
