   3.5527136787900651E-015   3.5421283062119962E-015   7.1340190668706275E-015
   1.2017586561723075E-005   5.9640549791546197E-005  -5.1947881889123321E-005
   2.3570884138980063E-005   1.1974429742723368E-004  -1.0346545975815439E-004
   3.5056153237609435E-005   1.7904803867711493E-004  -1.5591691221236519E-004
   4.7177845792722622E-005   2.3844434492952164E-004  -2.0811981798652898E-004
   5.8925470357264763E-005   2.9758008358073454E-004  -2.6070268338754889E-004
   6.9944074439529254E-005   3.5657152030096374E-004  -3.1360448637162450E-004
   8.1459013706993149E-005   4.1555079446648044E-004  -3.6641406301288963E-004
   9.2265973588809952E-005   4.7474249564748698E-004  -4.1913552097704157E-004
   1.0428345752826014E-004   5.3373105648701479E-004  -4.7182261401144363E-004
   1.1528702432484666E-004   5.9370893729226981E-004  -5.2360654333240514E-004
   1.2646308975450165E-004   6.5373553398233189E-004  -5.7529699944939346E-004
   1.3872969835776518E-004   7.1317646212068757E-004  -6.2741519560885798E-004
   1.5040580878328134E-004   7.7260456582426101E-004  -6.7968343583183096E-004
   1.6263952250721264E-004   8.3229823811556988E-004  -7.3151973329442846E-004
   1.7451934906710241E-004   8.9162850139047677E-004  -7.8385317949138914E-004
   1.8599711602545994E-004   9.5144588892810157E-004  -8.3571974877067877E-004
   1.9815104202034018E-004   1.0112934952057882E-003  -8.8739707554142257E-004
   2.1033389930452198E-004   1.0713887536172629E-003  -9.3877934780993997E-004
   2.2371814043883553E-004   1.1312065424207449E-003  -9.9018648956382470E-004
   2.3634523000883861E-004   1.1913939793651589E-003  -1.0413531686412033E-003
   2.4891972069930753E-004   1.2518369366372724E-003  -1.0922307778823465E-003
   2.6228466570884200E-004   1.3127086351094786E-003  -1.1423906678003407E-003
   2.7473072795093564E-004   1.3743000699545592E-003  -1.1919042082078094E-003
   2.8908621747480046E-004   1.4355517936474008E-003  -1.2413222844904167E-003
   3.0196033687054225E-004   1.4968521528849212E-003  -1.2910869607973198E-003
   3.1485481554827322E-004   1.5581335428476225E-003  -1.3408697254921173E-003
   3.2680460809557556E-004   1.6197070949844912E-003  -1.3905275561045215E-003
   3.3961400343227906E-004   1.6810905088448310E-003  -1.4402064841005330E-003
   3.5267723831504985E-004   1.7424117763370655E-003  -1.4898960609119687E-003
   3.6541262296882238E-004   1.8037685059679987E-003  -1.5396269539247449E-003
   3.7757205779177349E-004   1.8645241692858134E-003  -1.5902322650326688E-003
   3.8932281043284279E-004   1.9257696120513364E-003  -1.6403413016267355E-003
   4.0100574775998096E-004   1.9871921733253910E-003  -1.6902489957210827E-003
   4.1346337974542438E-004   2.0482431276454402E-003  -1.7404245713219918E-003
   4.2613881799070317E-004   2.1097356718198343E-003  -1.7900027952164502E-003
   4.3923580464436156E-004   2.1718709063331134E-003  -1.8386616234113819E-003
   4.5303402694365358E-004   2.2339911049053421E-003  -1.8871455381781058E-003
   4.6869701978574863E-004   2.2963516978435194E-003  -1.9347462430321272E-003
   4.8388025494537070E-004   2.3594569725502341E-003  -1.9815136855358012E-003
   4.9879786922324431E-004   2.4220115372957560E-003  -2.0290993054075065E-003
   5.1449047553058620E-004   2.4841809186759126E-003  -2.0769397708538112E-003
   5.3121563734272875E-004   2.5466468330954612E-003  -2.1240383747048899E-003
   5.4863894547961479E-004   2.6094605174214985E-003  -2.1704158409987248E-003
   5.6733342942565459E-004   2.6716314987217092E-003  -2.2171628769133401E-003
   5.8499949655791761E-004   2.7329769402664995E-003  -2.2653774688552088E-003
   6.0333196598220983E-004   2.7938583958822929E-003  -2.3139302124786424E-003
   6.2370748320315472E-004   2.8541289243164516E-003  -2.3624307457307723E-003
   6.4421236130551970E-004   2.9146896435405648E-003  -2.4105134792815680E-003
   6.6408989098928244E-004   2.9759582128938448E-003  -2.4579586710447936E-003
   6.8434869954383582E-004   3.0372852836408667E-003  -2.5051664147765352E-003
   7.0414468210591393E-004   3.0985714181148609E-003  -2.5526230137697188E-003
   7.2349898499129690E-004   3.1594016988155853E-003  -2.6008421790770699E-003
   7.4437492785012964E-004   3.2200644432511102E-003  -2.6486357606793328E-003
   7.6647177647881507E-004   3.2804833018059499E-003  -2.6961887923777680E-003
   7.8923839783650673E-004   3.3399460687941187E-003  -2.7446228742224734E-003
   8.1347148584653257E-004   3.3987958245678906E-003  -2.7930941409196985E-003
   8.3867081435943939E-004   3.4571227116765519E-003  -2.8417045111885160E-003
   8.6437478977348695E-004   3.5153200983052500E-003  -2.8902057464201322E-003
   8.9216356284328355E-004   3.5726849111793637E-003  -2.9385489190807499E-003
   9.2147768523229829E-004   3.6297057781007431E-003  -2.9863955798974870E-003
   9.5127379866922091E-004   3.6869504054387521E-003  -3.0336739499196679E-003
   9.8158595729458962E-004   3.7442825160202728E-003  -3.0805162614910482E-003
   1.0122763211845845E-003   3.8017899748659530E-003  -3.1268950683200169E-003
   1.0428258727095689E-003   3.8586940452574707E-003  -3.1741036658875801E-003
   1.0728540590279789E-003   3.9165238465711507E-003  -3.2205151094935806E-003
   1.1043165359160669E-003   3.9732532134214840E-003  -3.2673327502630396E-003
   1.1362860814498003E-003   4.0300968223206538E-003  -3.3136658085940376E-003
   1.1676282307333382E-003   4.0866732374740819E-003  -3.3607484904258768E-003
   1.1992024215453621E-003   4.1439009414518547E-003  -3.4068793950084663E-003
   1.2302393121660146E-003   4.2010880990228216E-003  -3.4534233574416945E-003
   1.2621642653075332E-003   4.2583002844639450E-003  -3.4993315613557198E-003
   1.2944634347437736E-003   4.3150715926179193E-003  -3.5455244421725880E-003
   1.3262469987998390E-003   4.3729793654390245E-003  -3.5906519825130824E-003
   1.3588435011280965E-003   4.4305214998082145E-003  -3.6356672111733214E-003
   1.3926335260065026E-003   4.4870888888925813E-003  -3.6810364156830418E-003
   1.4260566722138048E-003   4.5445617981469547E-003  -3.7255308873042682E-003
   1.4605960713128736E-003   4.6025515383565007E-003  -3.7684752691885585E-003
   1.4961415156785969E-003   4.6599637658612612E-003  -3.8113746574013211E-003
   1.5312161432544501E-003   4.7180353184315396E-003  -3.8537711818464084E-003
   1.5668272020375254E-003   4.7760900860863023E-003  -3.8957413669744173E-003
   1.6036618390643589E-003   4.8332993069481510E-003  -3.9378164733133046E-003
   1.6412447735165015E-003   4.8912514880674824E-003  -3.9781781846830299E-003
   1.6799885156921989E-003   4.9496312275746582E-003  -4.0167881375290605E-003
   1.7196511304014188E-003   5.0078046804032141E-003  -4.0547713756612647E-003
   1.7604735514534582E-003   5.0656322246760482E-003  -4.0920474412594974E-003
   1.8023486008927531E-003   5.1231518440486646E-003  -4.1286257630296979E-003
   1.8450678847610120E-003   5.1805167865463225E-003  -4.1644632596041951E-003
   1.8890534967186503E-003   5.2375513366675862E-003  -4.1992817321358381E-003
   1.9341351678792626E-003   5.2947637983153106E-003  -4.2323631039167982E-003
   1.9813626940318632E-003   5.3513171359301425E-003  -4.2635284817750564E-003
   2.0292297947497248E-003   5.4080680152694561E-003  -4.2933291256444335E-003
   2.0778849521540161E-003   5.4645485063339848E-003  -4.3223572116658253E-003
   2.1275093503208375E-003   5.5208289323961770E-003  -4.3501048734969280E-003
   2.1768653728430655E-003   5.5775364151530449E-003  -4.3774589308559443E-003
   2.2260710046256653E-003   5.6345383138753811E-003  -4.4044698422470146E-003
   2.2759583977099503E-003   5.6909789214482339E-003  -4.4314087699307992E-003
   2.3266461737206394E-003   5.7468801568726982E-003  -4.4579756902959622E-003
   2.3783264433978051E-003   5.8023263157216112E-003  -4.4835661805754084E-003
   2.4305258851247324E-003   5.8575858428984813E-003  -4.5084981464729281E-003
   2.4842845147024779E-003   5.9119657137232740E-003  -4.5320106835226746E-003
   2.5385196203794101E-003   5.9660350954310335E-003  -4.5551419455021492E-003
   2.5924896647695132E-003   6.0206136969335328E-003  -4.5776899068959969E-003
   2.6470572826161284E-003   6.0750411531517706E-003  -4.5991381492095380E-003
   2.7022035077712788E-003   6.1292618766438014E-003  -4.6196078094852622E-003
   2.7574912843932025E-003   6.1831569693092826E-003  -4.6405501291587646E-003
   2.8137423738105343E-003   6.2363010509616278E-003  -4.6608361219463209E-003
   2.8708600376902101E-003   6.2885570614655203E-003  -4.6810074344337625E-003
   2.9285258707103592E-003   6.3406334888730931E-003  -4.7000520507287291E-003
   2.9863391976369274E-003   6.3930749970605725E-003  -4.7175879411499536E-003
   3.0450922755402184E-003   6.4446431625350929E-003  -4.7345820619442720E-003
   3.1044173414848924E-003   6.4958894107805471E-003  -4.7505306854811686E-003
   3.1646557524708172E-003   6.5466708911996801E-003  -4.7644078281313413E-003
   3.2254020856875855E-003   6.5971907641378825E-003  -4.7769627249660282E-003
   3.2871355262446096E-003   6.6469525290695488E-003  -4.7875810613920789E-003
   3.3490442844595686E-003   6.6968598510496503E-003  -4.7963311970955561E-003
   3.4110754813103036E-003   6.7466761263646289E-003  -4.8047257981330251E-003
   3.4734977496087126E-003   6.7962735820958900E-003  -4.8113252534739874E-003
   3.5367340412866097E-003   6.8450227546231548E-003  -4.8162941154897606E-003
   3.6006305449135050E-003   6.8930072814437351E-003  -4.8201310436936243E-003
   3.6647881849263811E-003   6.9407473524112553E-003  -4.8222950343780975E-003
   3.7296758318895664E-003   6.9874929703227550E-003  -4.8244022776133925E-003
   3.7948011671583180E-003   7.0339200635211770E-003  -4.8261955239258430E-003
   3.8594224046610759E-003   7.0810638797298726E-003  -4.8274430234917310E-003
   3.9244392631109090E-003   7.1276740823792558E-003  -4.8268979361566150E-003
   3.9897669427130661E-003   7.1737930315295597E-003  -4.8245877826147152E-003
   4.0559754663566667E-003   7.2185469267266895E-003  -4.8209107913374473E-003
   4.1220330788910940E-003   7.2632569550849400E-003  -4.8147948134960291E-003
   4.1881981697782338E-003   7.3075493915288475E-003  -4.8070255906249009E-003
   4.2545302035464716E-003   7.3515460172252928E-003  -4.7990032327072975E-003
   4.3214418651550219E-003   7.3946075032218653E-003  -4.7907244666825820E-003
   4.3887289835034355E-003   7.4368326598328802E-003  -4.7812650876097856E-003
   4.4557291150205229E-003   7.4792924309973431E-003  -4.7708655583436465E-003
   4.5227139897016143E-003   7.5213706907953978E-003  -4.7589304580473602E-003
   4.5904520276838483E-003   7.5620504782695913E-003  -4.7464119476534269E-003
   4.6578919620596957E-003   7.6032292317650685E-003  -4.7339153276233113E-003
   4.7253862633537466E-003   7.6440578457922584E-003  -4.7205907799337124E-003
   4.7927356369737266E-003   7.6846829517796499E-003  -4.7059735766008561E-003
   4.8606523699262329E-003   7.7237251744234512E-003  -4.6897556162643350E-003
   4.9289778878703521E-003   7.7621254084764392E-003  -4.6737229739899919E-003
   4.9972031895618363E-003   7.8004475584277861E-003  -4.6570880397006839E-003
   5.0649808584764706E-003   7.8389874396258483E-003  -4.6391753305225500E-003
   5.1323399807826674E-003   7.8773351524619849E-003  -4.6193712511160548E-003
   5.1994062256122383E-003   7.9156572633423839E-003  -4.5985497567599780E-003
   5.2664071208954515E-003   7.9530544028530523E-003  -4.5759149608062084E-003
   5.3326265634722845E-003   7.9908083294797910E-003  -4.5516327358562491E-003
   5.3990755261657938E-003   8.0280196814307286E-003  -4.5271408873616640E-003
   5.4647269623944597E-003   8.0656592891843685E-003  -4.5011957751034054E-003
   5.5297282455055927E-003   8.1029801273293615E-003  -4.4732317225620244E-003
   5.5949210074512021E-003   8.1398168374995864E-003  -4.4450721669568715E-003
   5.6604278448665083E-003   8.1756441971262573E-003  -4.4163449228370793E-003
   5.7261651109543300E-003   8.2109029327511601E-003  -4.3874410578447149E-003
   5.7912149956394904E-003   8.2467758801859272E-003  -4.3577485646985655E-003
   5.8554745357057032E-003   8.2829244518480560E-003  -4.3267003397622818E-003
   5.9195319285706028E-003   8.3195854263022201E-003  -4.2958357422885080E-003
   5.9836098371834493E-003   8.3564015068359095E-003  -4.2651991981929776E-003
   6.0472755020425512E-003   8.3935716685338470E-003  -4.2341337478099695E-003
   6.1112492993716690E-003   8.4298213257322507E-003  -4.2026168380890532E-003
   6.1757956895263427E-003   8.4647513642825776E-003  -4.1707788742887100E-003
   6.2405917796562824E-003   8.4991941406814212E-003  -4.1389172697968461E-003
   6.3052983808263782E-003   8.5330535552669996E-003  -4.1062584912033668E-003
   6.3700791709199785E-003   8.5666141746217131E-003  -4.0734387705103296E-003
   6.4353388397885769E-003   8.5995585920727504E-003  -4.0409450638963645E-003
   6.5004488886721392E-003   8.6321955953971054E-003  -4.0078466114278812E-003
   6.5660812487169642E-003   8.6641989365541464E-003  -3.9751635963950179E-003
   6.6314903406020313E-003   8.6951098189082723E-003  -3.9410143937906412E-003
   6.6971396320024724E-003   8.7246591620795400E-003  -3.9061287683253391E-003
   6.7631431617539064E-003   8.7534590024107451E-003  -3.8712847838678409E-003
   6.8296878101948158E-003   8.7805598569366816E-003  -3.8361087486302090E-003
   6.8962702610800590E-003   8.8070012981783363E-003  -3.8005049929972874E-003
   6.9617535628162131E-003   8.8341375159177657E-003  -3.7634164115450141E-003
   7.0274773623676574E-003   8.8602379649086113E-003  -3.7260112147399832E-003
   7.0930902825913095E-003   8.8853761869859913E-003  -3.6877618423769268E-003
   7.1583169930097071E-003   8.9106166743764936E-003  -3.6489237934802039E-003
   7.2237218660843637E-003   8.9351696041928570E-003  -3.6099448733836865E-003
   7.2887281760897057E-003   8.9590495952923850E-003  -3.5698958324031391E-003
   7.3536160887294590E-003   8.9825278541225875E-003  -3.5294195410166050E-003
   7.4181497211815856E-003   9.0057923937166343E-003  -3.4882592266075778E-003
   7.4829859016677458E-003   9.0267812255796411E-003  -3.4463576916101183E-003
   7.5479973897075508E-003   9.0476940131650682E-003  -3.4046904175077772E-003
   7.6130540056338130E-003   9.0677968519718589E-003  -3.3626962202576208E-003
   7.6786616337778659E-003   9.0866372919762035E-003  -3.3209747995486582E-003
   7.7449136382079708E-003   9.1047252643863524E-003  -3.2799443575211593E-003
   7.8110202735429705E-003   9.1216737902656744E-003  -3.2381991754188684E-003
   7.8768697150084759E-003   9.1392421866664381E-003  -3.1963040383589771E-003
   7.9425897485524092E-003   9.1560544902695405E-003  -3.1538985712392976E-003
   8.0082693983367075E-003   9.1737224023018538E-003  -3.1117793537492576E-003
   8.0735645002724486E-003   9.1905002075869466E-003  -3.0687090053382487E-003
   8.1389850877296426E-003   9.2073113592928864E-003  -3.0258425625616469E-003
   8.2045338221327212E-003   9.2223190752712542E-003  -2.9825051436754555E-003
   8.2697692313341391E-003   9.2380847705669494E-003  -2.9389645391080456E-003
   8.3345016347391894E-003   9.2531569718763279E-003  -2.8944387634344520E-003
   8.3998280499126849E-003   9.2679635736493213E-003  -2.8506983471519370E-003
   8.4651897117842528E-003   9.2827918381712636E-003  -2.8070179655145158E-003
   8.5305769630732321E-003   9.2975530752768959E-003  -2.7633531828137312E-003
   8.5955343764109095E-003   9.3119310280175057E-003  -2.7189256133985846E-003
   8.6607149924004673E-003   9.3260146744352894E-003  -2.6747312903099402E-003
   8.7260757482884675E-003   9.3407308167097400E-003  -2.6310116521741345E-003
   8.7910162194069739E-003   9.3563565327299970E-003  -2.5869824322686677E-003
   8.8558838413271227E-003   9.3707235256096869E-003  -2.5424203279486848E-003
   8.9207228061769020E-003   9.3843156559798475E-003  -2.4975743400392210E-003
   8.9851783009546621E-003   9.3967022473099536E-003  -2.4518352807387828E-003
   9.0492359907708882E-003   9.4080381504124781E-003  -2.4052723161152316E-003
   9.1133030696548128E-003   9.4181056740009015E-003  -2.3584315820133930E-003
   9.1777200272969671E-003   9.4293266063196664E-003  -2.3123387816217319E-003
   9.2423473401921467E-003   9.4406493866607735E-003  -2.2665664638617787E-003
   9.3072447962235533E-003   9.4510382295588148E-003  -2.2209551479175954E-003
   9.3719118543632730E-003   9.4601590572973657E-003  -2.1747492816054205E-003
   9.4362626326728351E-003   9.4697791803955433E-003  -2.1282043509106528E-003
   9.4999115438085778E-003   9.4789480984232254E-003  -2.0806149923141260E-003
   9.5638361119955734E-003   9.4879285091755122E-003  -2.0333603438175006E-003
   9.6278371478128108E-003   9.4970201060594790E-003  -1.9862306262160923E-003
   9.6915533603660724E-003   9.5064603749496317E-003  -1.9387845981569775E-003
   9.7559249071316832E-003   9.5157140312149037E-003  -1.8921941076053418E-003
   9.8201022266779375E-003   9.5258944263668030E-003  -1.8455290114554712E-003
   9.8837236489233548E-003   9.5353685881436577E-003  -1.7979626904313869E-003
   9.9471483655510333E-003   9.5444306753477513E-003  -1.7500546128167947E-003
   1.0010152436683475E-002   9.5538857008053615E-003  -1.7016698061405860E-003
   1.0073424991124005E-002   9.5628230586280276E-003  -1.6535376185384805E-003
   1.0136716600630329E-002   9.5712650296658434E-003  -1.6053410907555421E-003
   1.0199844559571796E-002   9.5801712503110082E-003  -1.5570136654491507E-003
   1.0263257653219775E-002   9.5873922376908654E-003  -1.5087784407502953E-003
   1.0326404970519790E-002   9.5945354552215405E-003  -1.4601842975587014E-003
   1.0388690479222194E-002   9.6010131627054483E-003  -1.4103992122881717E-003
   1.0450367188241419E-002   9.6071682600247458E-003  -1.3598215656129317E-003
   1.0511853041312276E-002   9.6144068486014641E-003  -1.3091550805350821E-003
   1.0573375600062050E-002   9.6217577499613099E-003  -1.2585493593963715E-003
   1.0634440315880074E-002   9.6287534195701394E-003  -1.2073423179949519E-003
   1.0694756163881301E-002   9.6364409370759026E-003  -1.1553528906754229E-003
   1.0755707503647637E-002   9.6430766541852776E-003  -1.1039631889854223E-003
   1.0817038968465200E-002   9.6493415664554282E-003  -1.0529808165744624E-003
   1.0878325193557414E-002   9.6552657361460327E-003  -1.0019033966662638E-003
   1.0938993209310211E-002   9.6618615142557776E-003  -9.5017441467886094E-004
   1.0998906546245342E-002   9.6694990436177412E-003  -8.9771433268358617E-004
   1.1058351959279076E-002   9.6767046962666133E-003  -8.4466415413660231E-004
   1.1117264862526776E-002   9.6840263506884714E-003  -7.9103894363537078E-004
   1.1176475751572752E-002   9.6907645508984494E-003  -7.3766603593508064E-004
   1.1235798578358458E-002   9.6980946346791313E-003  -6.8449581782568545E-004
   1.1294965192584897E-002   9.7054467927298327E-003  -6.3115486233447616E-004
   1.1353940345639021E-002   9.7116506233720975E-003  -5.7745715471497659E-004
   1.1413569442940672E-002   9.7178279176089229E-003  -5.2448346510382531E-004
   1.1472257952262263E-002   9.7245968478219900E-003  -4.7054052802574637E-004
   1.1530884029722575E-002   9.7318604751885779E-003  -4.1659404754637217E-004
   1.1590090297920640E-002   9.7397045178764362E-003  -3.6336727986164625E-004
   1.1650315188020387E-002   9.7479613028486432E-003  -3.1135970240430143E-004
   1.1710398080540418E-002   9.7550299910774668E-003  -2.5901393203269407E-004
   1.1770011899726120E-002   9.7633796282024822E-003  -2.0632165441025917E-004
   1.1830127829769053E-002   9.7717098445553371E-003  -1.5419985044372168E-004
   1.1890845542356757E-002   9.7799027541684413E-003  -1.0275827569713817E-004
   1.1951445016062616E-002   9.7879618411518821E-003  -5.1156387123106469E-005
   1.2012500000010071E-002   9.7953991113081239E-003   7.9783601050942410E-015
