   3.5527136787900600E-015   3.5421283062120009E-015   7.1340190668706054E-015
   1.0137768436617270E-005   6.1524562839893970E-005  -5.0119395621697253E-005
   2.1615747318365796E-005   1.2356886877612437E-004  -9.9300287194911341E-005
   3.2842141690161281E-005   1.8608684663199026E-004  -1.4793639015638733E-004
   4.4640185427025262E-005   2.4831072561556065E-004  -1.9681373712118487E-004
   5.7132751288265324E-005   3.1123109908178409E-004  -2.4461501747630469E-004
   6.8880230602230200E-005   3.7466791282636080E-004  -2.9192006364380007E-004
   8.0141127507315948E-005   4.3792444697840109E-004  -3.3958349910976954E-004
   9.2757336561017831E-005   5.0126185874738020E-004  -3.8679794117970457E-004
   1.0499669736485424E-004   5.6496590338125561E-004  -4.3361666336396999E-004
   1.1591552127619226E-004   6.2770262131283533E-004  -4.8204066063413083E-004
   1.2613464998439557E-004   6.8998423012512819E-004  -5.3119928769447772E-004
   1.3678410508652681E-004   7.5237611272792944E-004  -5.8012619324551999E-004
   1.4741254604747251E-004   8.1410152920828257E-004  -6.2989575425970504E-004
   1.5701556617124434E-004   8.7588609006845159E-004  -6.7980016329889843E-004
   1.6694782949548546E-004   9.3686539984139876E-004  -7.3062214609262053E-004
   1.7646196432521155E-004   9.9818361521231136E-004  -7.8111529114370201E-004
   1.8679156504140853E-004   1.0588735328766626E-003  -8.3220377555421991E-004
   1.9680887146111633E-004   1.1194955591153149E-003  -8.8343485504159005E-004
   2.0786916790992193E-004   1.1800772513891357E-003  -9.3449881880359152E-004
   2.1735395434125480E-004   1.2409846693956577E-003  -9.8549220330481366E-004
   2.2682069612928074E-004   1.3021622081370579E-003  -1.0361645781798645E-003
   2.3667760467713529E-004   1.3636891156584795E-003  -1.0863370904880554E-003
   2.4842526840270293E-004   1.4254233591993834E-003  -1.1358434089404985E-003
   2.6040818124391523E-004   1.4877117336941554E-003  -1.1845934674114861E-003
   2.7199433524990906E-004   1.5500338254188838E-003  -1.2333963148611735E-003
   2.8318622292372055E-004   1.6135087497272018E-003  -1.2807848749905855E-003
   2.9472769823824652E-004   1.6765600800225664E-003  -1.3286526522666724E-003
   3.0633383847743125E-004   1.7396353949144861E-003  -1.3764731724740461E-003
   3.1871324269108661E-004   1.8030088960733965E-003  -1.4237018681826457E-003
   3.3187624470198366E-004   1.8657294875767264E-003  -1.4715857150692558E-003
   3.4398230035137089E-004   1.9285114799609347E-003  -1.5196675707075215E-003
   3.5500496403872463E-004   1.9920411307612282E-003  -1.5670224474361885E-003
   3.6561128679722177E-004   2.0555735365595223E-003  -1.6144686202944534E-003
   3.7635639954016582E-004   2.1190123095290400E-003  -1.6620087574547597E-003
   3.8692799938967748E-004   2.1828224045785109E-003  -1.7090886157242050E-003
   3.9858871413101979E-004   2.2470142766300430E-003  -1.7553858217195298E-003
   4.1008688208385397E-004   2.3113067963678995E-003  -1.8015839173497247E-003
   4.2104522776653002E-004   2.3751663345947804E-003  -1.8485080479898868E-003
   4.3249811268883273E-004   2.4393814015175020E-003  -1.8948249629467729E-003
   4.4339496807053894E-004   2.5039766136577702E-003  -1.9407457329333690E-003
   4.5495353462935757E-004   2.5681638572872226E-003  -1.9870749602351884E-003
   4.6714009635891461E-004   2.6328691154411756E-003  -2.0325141202965310E-003
   4.7943414366632985E-004   2.6977936803041637E-003  -2.0776102095175306E-003
   4.9242967069692135E-004   2.7627949908377871E-003  -2.1223979971247151E-003
   5.0594920867118125E-004   2.8280012789317537E-003  -2.1667304016200527E-003
   5.1987321928312238E-004   2.8929562038783282E-003  -2.2113059514216795E-003
   5.3494615894944162E-004   2.9576254643678707E-003  -2.2559231371581442E-003
   5.5064779247627116E-004   3.0221187248533829E-003  -2.3005782383357745E-003
   5.6753463751389038E-004   3.0866498134242640E-003  -2.3447435309412144E-003
   5.8423312355974900E-004   3.1512464904466368E-003  -2.3888845535860429E-003
   6.0131817814885135E-004   3.2156575056389337E-003  -2.4331487832071172E-003
   6.1879583651359516E-004   3.2794747793772829E-003  -2.4781141812809746E-003
   6.3608942210053861E-004   3.3432793121796018E-003  -2.5231687424982518E-003
   6.5481481946961465E-004   3.4067011398871455E-003  -2.5681913065713322E-003
   6.7425152126657846E-004   3.4702258875669552E-003  -2.6127650773961507E-003
   6.9451481106805747E-004   3.5335093886530800E-003  -2.6573138998395476E-003
   7.1617252667596581E-004   3.5969150323685666E-003  -2.7010250850741861E-003
   7.3750422910519103E-004   3.6608306919032685E-003  -2.7441498681948892E-003
   7.5930385835169779E-004   3.7249708820446190E-003  -2.7867035070644050E-003
   7.8186108228683708E-004   3.7885070267330398E-003  -2.8297654386710194E-003
   8.0400783394293373E-004   3.8523656848739422E-003  -2.8725625551448476E-003
   8.2678250826697373E-004   3.9158859807759717E-003  -2.9155333153846803E-003
   8.5049899490812863E-004   3.9792892799075516E-003  -2.9581660481388574E-003
   8.7549039236731489E-004   4.0429948070552267E-003  -2.9996031797201641E-003
   9.0037594774282738E-004   4.1069556508834572E-003  -3.0407093785417222E-003
   9.2572917021358381E-004   4.1712729710326234E-003  -3.0809647687594149E-003
   9.5185656716594697E-004   4.2351526367059300E-003  -3.1214215042995384E-003
   9.7805941904034028E-004   4.2989987017196547E-003  -3.1618824797909383E-003
   1.0052846680314899E-003   4.3626107883243869E-003  -3.2020357890042736E-003
   1.0329720436117122E-003   4.4259779461154024E-003  -3.2422603158057486E-003
   1.0612095997089299E-003   4.4893937402270207E-003  -3.2820230806177042E-003
   1.0901743263917356E-003   4.5529536780304428E-003  -3.3210253745061943E-003
   1.1202690083711184E-003   4.6164519232051882E-003  -3.3592651832226859E-003
   1.1517032944719878E-003   4.6799458927468994E-003  -3.3964189379766321E-003
   1.1833197521757158E-003   4.7433867263732346E-003  -3.4335088319910625E-003
   1.2157209613512846E-003   4.8068672615856536E-003  -3.4698459108293044E-003
   1.2486785657254832E-003   4.8706059132682051E-003  -3.5052179420224372E-003
   1.2826825999311705E-003   4.9332769561756442E-003  -3.5414955663919030E-003
   1.3179880006528629E-003   4.9956491548225910E-003  -3.5770376192074908E-003
   1.3547150340762501E-003   5.0570895363950229E-003  -3.6127616240631349E-003
   1.3916973221258840E-003   5.1185688446630699E-003  -3.6481537847125635E-003
   1.4296501333908825E-003   5.1802142292799638E-003  -3.6822041984505929E-003
   1.4689088572681309E-003   5.2415423862383495E-003  -3.7153343926107597E-003
   1.5086496063171390E-003   5.3024920309436485E-003  -3.7485881694471748E-003
   1.5478048551516889E-003   5.3642607400638731E-003  -3.7810149032635075E-003
   1.5883724184984670E-003   5.4254316819362155E-003  -3.8128329590872059E-003
   1.6303500986498902E-003   5.4863820924569810E-003  -3.8432125876096570E-003
   1.6733284336252995E-003   5.5474613979051681E-003  -3.8718862892361894E-003
   1.7180385590202624E-003   5.6081496284365023E-003  -3.8986807544008689E-003
   1.7631839183924528E-003   5.6690785670187203E-003  -3.9241672404144836E-003
   1.8079130351991842E-003   5.7300972392820637E-003  -3.9501677741943363E-003
   1.8529877235631369E-003   5.7909033840518485E-003  -3.9760692262410672E-003
   1.8994487928826154E-003   5.8510400801909182E-003  -4.0010681622867578E-003
   1.9471378109044341E-003   5.9100595497923172E-003  -4.0264149526545541E-003
   1.9949521781642454E-003   5.9692770026815653E-003  -4.0510539369699233E-003
   2.0428712398203736E-003   6.0287238418100303E-003  -4.0749251925785730E-003
   2.0907215764695846E-003   6.0884284014594446E-003  -4.0982856475442085E-003
   2.1390212841969026E-003   6.1477434101464929E-003  -4.1217135790714704E-003
   2.1878118114690586E-003   6.2065001623018380E-003  -4.1455280391453977E-003
   2.2371596612122732E-003   6.2653755378033766E-003  -4.1678547023260154E-003
   2.2882456723535890E-003   6.3231066411681778E-003  -4.1892401921906387E-003
   2.3395102060710460E-003   6.3810967405211602E-003  -4.2094663128330236E-003
   2.3915747401811087E-003   6.4385728724909554E-003  -4.2291075589203572E-003
   2.4438041004611636E-003   6.4960884216552998E-003  -4.2481877980629044E-003
   2.4970114532302328E-003   6.5530859618584238E-003  -4.2660835526606017E-003
   2.5512051876569524E-003   6.6091586577475738E-003  -4.2839410973763157E-003
   2.6062454511487881E-003   6.6646526381684583E-003  -4.3009994542759066E-003
   2.6617215263302586E-003   6.7198961762474068E-003  -4.3174480585404162E-003
   2.7177376982396900E-003   6.7748187664158389E-003  -4.3331228018543477E-003
   2.7753581782178024E-003   6.8283761460270227E-003  -4.3476654072386774E-003
   2.8337746370779827E-003   6.8808307215263197E-003  -4.3630288327916270E-003
   2.8935334934323152E-003   6.9321042201950208E-003  -4.3771676948847812E-003
   2.9537824620955964E-003   6.9831644956852307E-003  -4.3899313165249995E-003
   3.0143961811969809E-003   7.0341640223379569E-003  -4.4011127895262859E-003
   3.0757989988443647E-003   7.0844693271369611E-003  -4.4110661959687516E-003
   3.1381332725565077E-003   7.1337041742389482E-003  -4.4205724122099842E-003
   3.2015138571870423E-003   7.1817000147528769E-003  -4.4294775113434713E-003
   3.2651859777368176E-003   7.2293221777233862E-003  -4.4383087431779187E-003
   3.3286847392978674E-003   7.2772889664142817E-003  -4.4464998646444945E-003
   3.3923075706126802E-003   7.3251916889978206E-003  -4.4540803994695104E-003
   3.4557531618284384E-003   7.3735364353978245E-003  -4.4601994228580678E-003
   3.5196375821779828E-003   7.4214392212549668E-003  -4.4651090005148591E-003
   3.5843686111143060E-003   7.4683280637101853E-003  -4.4684750581988923E-003
   3.6489474452912349E-003   7.5155013904704172E-003  -4.4705369535990207E-003
   3.7148675730358871E-003   7.5607901382961284E-003  -4.4723986949380436E-003
   3.7805575087544491E-003   7.6064448803056846E-003  -4.4730892603146817E-003
   3.8468883775102320E-003   7.6511672504956021E-003  -4.4734434483899776E-003
   3.9134922218341788E-003   7.6954778641447280E-003  -4.4727381529936303E-003
   3.9798811421039842E-003   7.7400779366002224E-003  -4.4709092720615342E-003
   4.0472271645058113E-003   7.7831612958153317E-003  -4.4680218116341401E-003
   4.1145246326777978E-003   7.8261594955661758E-003  -4.4633095303687883E-003
   4.1818597864264210E-003   7.8689621733728544E-003  -4.4574864863356125E-003
   4.2497924631099034E-003   7.9106989277007624E-003  -4.4509142127902943E-003
   4.3177685138668228E-003   7.9521890932574644E-003  -4.4433100897842076E-003
   4.3864776621312463E-003   7.9921818088442426E-003  -4.4343862091807277E-003
   4.4554915712582983E-003   8.0313533052304917E-003  -4.4242533803777497E-003
   4.5244108793293346E-003   8.0702508934053351E-003  -4.4125441273705429E-003
   4.5930964576886791E-003   8.1092317907486399E-003  -4.3997855628299335E-003
   4.6617049291871335E-003   8.1481033025925329E-003  -4.3862991548006642E-003
   4.7297622231548446E-003   8.1875322105265103E-003  -4.3716852585534653E-003
   4.7981212028535654E-003   8.2261189493083812E-003  -4.3562543324288860E-003
   4.8670580373255147E-003   8.2636453132363986E-003  -4.3407790339782234E-003
   4.9365085387783909E-003   8.3003104574194166E-003  -4.3255378051881531E-003
   5.0058013808266530E-003   8.3364319206645603E-003  -4.3083989039944754E-003
   5.0751196186131784E-003   8.3723557755361229E-003  -4.2909501630432594E-003
   5.1449176064682365E-003   8.4066835157188789E-003  -4.2722459617765274E-003
   5.2146269870803003E-003   8.4408214254254408E-003  -4.2528757429749989E-003
   5.2843324278764210E-003   8.4746632535929265E-003  -4.2329789545370042E-003
   5.3541928441965050E-003   8.5082534398859822E-003  -4.2131996316331511E-003
   5.4243216519038375E-003   8.5411029940250204E-003  -4.1931283306513769E-003
   5.4946067682131988E-003   8.5729228456791137E-003  -4.1719741474206531E-003
   5.5646917424619444E-003   8.6049688037508933E-003  -4.1504996751285548E-003
   5.6346835529044927E-003   8.6368438091216949E-003  -4.1284739969757881E-003
   5.7046233237187226E-003   8.6685937800072554E-003  -4.1061050941653444E-003
   5.7745850044469658E-003   8.6997983429646219E-003  -4.0830478074101485E-003
   5.8442786657299578E-003   8.7301305759182480E-003  -4.0580928633877286E-003
   5.9142496285677741E-003   8.7592316332385598E-003  -4.0324570912632874E-003
   5.9843659088036488E-003   8.7871423347931701E-003  -4.0059109051211192E-003
   6.0548320280626958E-003   8.8139630480445642E-003  -3.9791681423577037E-003
   6.1252621816841974E-003   8.8408798420670578E-003  -3.9524271687277320E-003
   6.1956795145485686E-003   8.8667414158675652E-003  -3.9246318771148005E-003
   6.2657322200094659E-003   8.8924471720313192E-003  -3.8957903697133377E-003
   6.3357845913421104E-003   8.9178053227280344E-003  -3.8666419654457677E-003
   6.4055997725701759E-003   8.9440909915177898E-003  -3.8377472585210963E-003
   6.4764146974315411E-003   8.9676041848942133E-003  -3.8088963288697023E-003
   6.5471637069301316E-003   8.9906131284582646E-003  -3.7794826215476591E-003
   6.6174721049398659E-003   9.0125422278511842E-003  -3.7482441234288604E-003
   6.6876688224899641E-003   9.0337704417805965E-003  -3.7162787705328393E-003
   6.7575122397696471E-003   9.0546394780784724E-003  -3.6833184856025908E-003
   6.8268919125674008E-003   9.0755222259874934E-003  -3.6494013537094480E-003
   6.8961964695962779E-003   9.0950841047605022E-003  -3.6145558190326691E-003
   6.9650129120077658E-003   9.1139203263118553E-003  -3.5783688875908348E-003
   7.0337112225980032E-003   9.1330324905725437E-003  -3.5421022735064710E-003
   7.1023790807411584E-003   9.1520059543815507E-003  -3.5057053927956103E-003
   7.1706953560463022E-003   9.1697385982711151E-003  -3.4680432119241836E-003
   7.2383747716012652E-003   9.1877806203667384E-003  -3.4293911465498135E-003
   7.3056293635572556E-003   9.2055831438388087E-003  -3.3898957035075898E-003
   7.3727534589000596E-003   9.2225373292678606E-003  -3.3498094038653227E-003
   7.4400578989114313E-003   9.2398560446512196E-003  -3.3101839771162195E-003
   7.5073073545509758E-003   9.2559465807452012E-003  -3.2699520821700013E-003
   7.5742841640224143E-003   9.2719841743288886E-003  -3.2292470139194205E-003
   7.6405296234573726E-003   9.2877212946397419E-003  -3.1872484168183669E-003
   7.7071599048468787E-003   9.3010240869737110E-003  -3.1450176068376513E-003
   7.7737313946745394E-003   9.3133267865579024E-003  -3.1023927276267816E-003
   7.8405643772954271E-003   9.3248199945304110E-003  -3.0599514905147963E-003
   7.9065370061234767E-003   9.3364913975234609E-003  -3.0162320372814364E-003
   7.9719007602086882E-003   9.3484450451292063E-003  -2.9716821780219659E-003
   8.0368087423269806E-003   9.3600014044708142E-003  -2.9263676724265719E-003
   8.1019060479753831E-003   9.3705269035086417E-003  -2.8810735816008452E-003
   8.1670365511446758E-003   9.3811059792837468E-003  -2.8358397367432742E-003
   8.2322715896027080E-003   9.3908540468738110E-003  -2.7905698246835499E-003
   8.2973175904188512E-003   9.4000900081156538E-003  -2.7449220997689473E-003
   8.3620544474888418E-003   9.4079501061948428E-003  -2.6985825032433152E-003
   8.4262637059915428E-003   9.4156695195102107E-003  -2.6514912961984431E-003
   8.4899994785488288E-003   9.4239427494652583E-003  -2.6038540737851109E-003
   8.5537918954038290E-003   9.4308849243541944E-003  -2.5560802969812704E-003
   8.6175622227763586E-003   9.4373008467903211E-003  -2.5082035667409446E-003
   8.6821363625597409E-003   9.4441954021855182E-003  -2.4614847742393795E-003
   8.7468445304948912E-003   9.4505040206533334E-003  -2.4148687433598955E-003
   8.8118665203610266E-003   9.4567644365347210E-003  -2.3686848930526143E-003
   8.8769909483442308E-003   9.4629140113776863E-003  -2.3226306684185081E-003
   8.9425743619999300E-003   9.4685117101278565E-003  -2.2771611003514127E-003
   9.0089104699335332E-003   9.4733577061184345E-003  -2.2327084614399114E-003
   9.0753941611653489E-003   9.4775296323984289E-003  -2.1884081924421930E-003
   9.1419014422566818E-003   9.4820713396331843E-003  -2.1441797575044367E-003
   9.2083146590552032E-003   9.4862135348221192E-003  -2.0997711226262757E-003
   9.2744312484652775E-003   9.4890065428924388E-003  -2.0548178613494024E-003
   9.3407956908011340E-003   9.4926184656371308E-003  -2.0102901753731432E-003
   9.4073238509757365E-003   9.4967295909585744E-003  -1.9660510235890920E-003
   9.4740075958621699E-003   9.5012615979551355E-003  -1.9220880951131602E-003
   9.5406383258604642E-003   9.5064861917314204E-003  -1.8781216369825587E-003
   9.6070746336241412E-003   9.5129741114608566E-003  -1.8340294165150759E-003
   9.6725873527706754E-003   9.5197821716086657E-003  -1.7886230959838474E-003
   9.7383196452892652E-003   9.5262258095499177E-003  -1.7434817043509192E-003
   9.8043037190625581E-003   9.5332226893764891E-003  -1.6987922683880676E-003
   9.8693718013703469E-003   9.5408262933508702E-003  -1.6528757149906282E-003
   9.9341536554200874E-003   9.5486728641585982E-003  -1.6065967487617059E-003
   9.9982772094970775E-003   9.5570990602807954E-003  -1.5595099244360773E-003
   1.0062362914765848E-002   9.5653609069348746E-003  -1.5123425175824540E-003
   1.0127013398309462E-002   9.5732750797120035E-003  -1.4658916742113137E-003
   1.0191750311962460E-002   9.5811891480883284E-003  -1.4195613435527522E-003
   1.0255714463322555E-002   9.5900346280783089E-003  -1.3723348169394276E-003
   1.0319473736123685E-002   9.5984871128759041E-003  -1.3247605525044215E-003
   1.0382366141481218E-002   9.6074752738034268E-003  -1.2761420548605513E-003
   1.0445089063225558E-002   9.6178239947571041E-003  -1.2275752033561061E-003
   1.0506497982680687E-002   9.6275103484555358E-003  -1.1772252365112911E-003
   1.0567694566698109E-002   9.6350464036509126E-003  -1.1262528324381543E-003
   1.0629068677586997E-002   9.6435322050668990E-003  -1.0756444370333277E-003
   1.0690225374700248E-002   9.6518746669269698E-003  -1.0247498230849755E-003
   1.0751437378862649E-002   9.6612107779829523E-003  -9.7409483738925841E-004
   1.0812761975400495E-002   9.6705165623659911E-003  -9.2357062306059538E-004
   1.0873985203336784E-002   9.6797464928952224E-003  -8.7290974323006771E-004
   1.0935984038844332E-002   9.6897796617698515E-003  -8.2335694393026438E-004
   1.0997618037167858E-002   9.6985035341750660E-003  -7.7310612995012886E-004
   1.1058878618393326E-002   9.7060965700614520E-003  -7.2221912780026556E-004
   1.1120521386101256E-002   9.7137202629811719E-003  -6.7180039620553980E-004
   1.1182623031541043E-002   9.7205371598798780E-003  -6.2183125022294630E-004
   1.1244973197316715E-002   9.7270763244053631E-003  -5.7213521260628499E-004
   1.1307241133867460E-002   9.7334880135052388E-003  -5.2231960946230737E-004
   1.1369636292383311E-002   9.7397763910510842E-003  -4.7264768075263913E-004
   1.1432677373055424E-002   9.7455450674751934E-003  -4.2373403722416726E-004
   1.1496047913374611E-002   9.7515772639017000E-003  -3.7528006707771054E-004
   1.1559883287512302E-002   9.7569632120427102E-003  -3.2736309128509808E-004
   1.1623974875316622E-002   9.7623170600421756E-003  -2.7978573655733092E-004
   1.1687986367772669E-002   9.7677088983709748E-003  -2.3210495514960173E-004
   1.1752550580205939E-002   9.7725872922112007E-003  -1.8511917277364579E-004
   1.1817984370443489E-002   9.7772235492892042E-003  -1.3932698770271633E-004
   1.1883880133783425E-002   9.7822519658776804E-003  -9.4244137274956526E-005
   1.1948616982361519E-002   9.7888712917815150E-003  -4.7711084918565457E-005
   1.2012500000009998E-002   9.7953991113080979E-003   7.9792916048623769E-015
