   3.5527136787900714E-015   3.5421283062119993E-015   7.1340190668706843E-015
   1.3222473182525397E-005   5.9117496232359101E-005  -5.2252156329932059E-005
   2.7557615317830648E-005   1.1793739184958649E-004  -1.0454674088506208E-004
   4.0734086845554016E-005   1.7583424572834914E-004  -1.5815956496733854E-004
   5.3973529467387061E-005   2.3395236600812119E-004  -2.1151686299024738E-004
   6.7192981230638086E-005   2.9245474835279189E-004  -2.6445755960062377E-004
   8.0286047021445003E-005   3.5106896786006592E-004  -3.1730587935589733E-004
   9.2101544710205304E-005   4.0934850473012659E-004  -3.7082120042409439E-004
   1.0392090435318282E-004   4.6846869451626643E-004  -4.2340547466777402E-004
   1.1460601587195550E-004   5.2778711859061242E-004  -4.7600920989387512E-004
   1.2496866832501036E-004   5.8805297491650152E-004  -5.2759062126945546E-004
   1.3526076163152497E-004   6.4841342066568146E-004  -5.7907546764768541E-004
   1.4574957550442718E-004   7.0871183972552360E-004  -6.3059328435137853E-004
   1.5590949613459611E-004   7.6969474967307050E-004  -6.8136592174193524E-004
   1.6623876385815487E-004   8.2978355025173573E-004  -7.3316015183610972E-004
   1.7650429455084377E-004   8.8992886856053546E-004  -7.8490142719091595E-004
   1.8699197926819985E-004   9.5007264008455940E-004  -8.3659993017808543E-004
   1.9719275289628208E-004   1.0097959371684652E-003  -8.8884045084208416E-004
   2.0766558414299203E-004   1.0701694938251053E-003  -9.4027345056913684E-004
   2.1837912739694653E-004   1.1296253439168900E-003  -9.9271600840337439E-004
   2.2791614978045433E-004   1.1892043359091943E-003  -1.0452458943921272E-003
   2.3704849137991577E-004   1.2481624802638312E-003  -1.0985425882218843E-003
   2.4702537609037358E-004   1.3071804881478702E-003  -1.1516211762161131E-003
   2.5784383008489828E-004   1.3670764542752212E-003  -1.2035387482907936E-003
   2.6856275411264551E-004   1.4267571628426466E-003  -1.2557241647484991E-003
   2.7960705180350649E-004   1.4857135806548300E-003  -1.3086596376193408E-003
   2.9028549849012081E-004   1.5454450541979470E-003  -1.3607952477291657E-003
   3.0225624927267318E-004   1.6049365582464367E-003  -1.4129245300717396E-003
   3.1296165353631567E-004   1.6644958479193387E-003  -1.4652512472062898E-003
   3.2498419030240752E-004   1.7234796845768193E-003  -1.5179424762584691E-003
   3.3609205444243691E-004   1.7821018439555226E-003  -1.5712346689058208E-003
   3.4692957746605951E-004   1.8414121910841437E-003  -1.6238163274087780E-003
   3.5767923903472443E-004   1.8996104489824197E-003  -1.6776438997981203E-003
   3.6857950300194138E-004   1.9578911131897798E-003  -1.7313518918743147E-003
   3.7885897075993699E-004   2.0163352230480728E-003  -1.7850046510806130E-003
   3.8963975653585729E-004   2.0753335183309484E-003  -1.8379477886911744E-003
   4.0134453398684859E-004   2.1346785642596140E-003  -1.8903039124712716E-003
   4.1380138031463996E-004   2.1938167400139138E-003  -1.9427205429276163E-003
   4.2695349075652151E-004   2.2533161864366109E-003  -1.9945552597234271E-003
   4.4046074007250669E-004   2.3119131332261897E-003  -2.0473184291402847E-003
   4.5464921239157818E-004   2.3709840967160467E-003  -2.0993694476745101E-003
   4.6964231761427092E-004   2.4307415376869897E-003  -2.1504013499751653E-003
   4.8491967100154751E-004   2.4912279308869690E-003  -2.2004812730757693E-003
   5.0077155175405727E-004   2.5518857057408948E-003  -2.2501738500995908E-003
   5.1696905158172201E-004   2.6133390085759187E-003  -2.2987653368296197E-003
   5.3326498274672187E-004   2.6753559644697635E-003  -2.3466019317283163E-003
   5.5015567712919308E-004   2.7370423951490076E-003  -2.3946590716742927E-003
   5.6656482137075047E-004   2.7985893289717316E-003  -2.4430606723479871E-003
   5.8349703133267180E-004   2.8604416179034090E-003  -2.4908894777310245E-003
   6.0077711074635787E-004   2.9226761106164317E-003  -2.5380939983895845E-003
   6.1922251160679187E-004   2.9839810993935959E-003  -2.5860675904669939E-003
   6.3861558637468463E-004   3.0452838278598321E-003  -2.6336688942938382E-003
   6.5835371422544103E-004   3.1066671393034481E-003  -2.6810238874666542E-003
   6.7788362326754207E-004   3.1678939523965889E-003  -2.7286669352947200E-003
   6.9795068140487547E-004   3.2291784402687668E-003  -2.7760116787838591E-003
   7.1978058765976053E-004   3.2899156049863857E-003  -2.8232816693173437E-003
   7.4302287969145908E-004   3.3506679648895323E-003  -2.8698536204436517E-003
   7.6700268065889689E-004   3.4112272117435699E-003  -2.9163030206656136E-003
   7.9247485631752702E-004   3.4720837985626474E-003  -2.9615539221972066E-003
   8.1779284954162999E-004   3.5331873143054082E-003  -3.0065579174715445E-003
   8.4357161178097819E-004   3.5950213309006614E-003  -3.0502844517081300E-003
   8.6994416098275988E-004   3.6567888942213357E-003  -3.0937500332293491E-003
   8.9792650659314087E-004   3.7179603943188473E-003  -3.1370517182726012E-003
   9.2589376608396884E-004   3.7799716280911152E-003  -3.1791520658253037E-003
   9.5425585707912186E-004   3.8416450992330288E-003  -3.2214837886998257E-003
   9.8384993204686912E-004   3.9035036276966772E-003  -3.2626871037877321E-003
   1.0144961306467984E-003   3.9652859953123558E-003  -3.3032302852809086E-003
   1.0464693490861697E-003   4.0268871824290465E-003  -3.3430173064941094E-003
   1.0784135443082004E-003   4.0886372571385535E-003  -3.3825962992409904E-003
   1.1105446262952624E-003   4.1502927622057697E-003  -3.4221714461243869E-003
   1.1432356383705596E-003   4.2119508679919013E-003  -3.4612812368391131E-003
   1.1763647187161158E-003   4.2736058373608618E-003  -3.5000256399221343E-003
   1.2102008092310346E-003   4.3353050646618872E-003  -3.5380824966377410E-003
   1.2442763092714464E-003   4.3958951218840059E-003  -3.5776767545190168E-003
   1.2792701980095785E-003   4.4571639717891475E-003  -3.6153802793600083E-003
   1.3141497057977346E-003   4.5187165967975080E-003  -3.6527258855004220E-003
   1.3490129296726190E-003   4.5804763799942080E-003  -3.6897432436704216E-003
   1.3842441061485916E-003   4.6423108474100156E-003  -3.7262844921258117E-003
   1.4192870867039535E-003   4.7045515947027423E-003  -3.7623133539105512E-003
   1.4547151571026669E-003   4.7670585875119889E-003  -3.7974947080671459E-003
   1.4911875946010261E-003   4.8293199744092073E-003  -3.8320386076632624E-003
   1.5289084176533449E-003   4.8906745037586678E-003  -3.8668633294354554E-003
   1.5661684682792441E-003   4.9520915718777366E-003  -3.9020717428370094E-003
   1.6046092543903902E-003   5.0137017960632168E-003  -3.9356349107508033E-003
   1.6437034348516352E-003   5.0753900297962297E-003  -3.9682877340827226E-003
   1.6832675230464222E-003   5.1375890233612961E-003  -3.9993677618895976E-003
   1.7220678712316579E-003   5.2008214865122840E-003  -4.0293041709329683E-003
   1.7615993389028344E-003   5.2637041325989259E-003  -4.0590200906999458E-003
   1.8014776189903734E-003   5.3265985193347454E-003  -4.0882436923023327E-003
   1.8421048471591332E-003   5.3893616813644844E-003  -4.1167079475132465E-003
   1.8848075781801650E-003   5.4511616057815503E-003  -4.1442260525411260E-003
   1.9291370484269053E-003   5.5121929476131303E-003  -4.1708732549040218E-003
   1.9744006869779327E-003   5.5727076323343581E-003  -4.1971254157530955E-003
   2.0210202014417154E-003   5.6329070323587411E-003  -4.2216744095434867E-003
   2.0693289145025744E-003   5.6924884113369895E-003  -4.2443972512510872E-003
   2.1187132083646679E-003   5.7515562614751624E-003  -4.2661269680247032E-003
   2.1689346538156301E-003   5.8103829367122280E-003  -4.2865531447122103E-003
   2.2191655813348999E-003   5.8695245288069887E-003  -4.3060243034249409E-003
   2.2692939619659834E-003   5.9289868377305783E-003  -4.3247694166697621E-003
   2.3203050583099861E-003   5.9876197616641142E-003  -4.3437443544754664E-003
   2.3717191484071720E-003   6.0459223339237650E-003  -4.3626494175778158E-003
   2.4232214000022953E-003   6.1045476270583984E-003  -4.3802730690801596E-003
   2.4752146850528897E-003   6.1627244592719101E-003  -4.3979409636844781E-003
   2.5272032281327761E-003   6.2211590561007824E-003  -4.4147513559488335E-003
   2.5789461012590488E-003   6.2802312750323544E-003  -4.4300205415133635E-003
   2.6316468782918000E-003   6.3388021727617504E-003  -4.4438797640684426E-003
   2.6842391809032869E-003   6.3974440819833884E-003  -4.4578503104972878E-003
   2.7373320956854399E-003   6.4556898281223482E-003  -4.4715825887124295E-003
   2.7906980851038210E-003   6.5138924385967044E-003  -4.4844094085295218E-003
   2.8442850890247756E-003   6.5720236453075537E-003  -4.4966239826641557E-003
   2.8988489311356888E-003   6.6293145688315043E-003  -4.5084788218006083E-003
   2.9548616866453058E-003   6.6853257212374940E-003  -4.5196735539402410E-003
   3.0119910329502175E-003   6.7405775122487506E-003  -4.5288101496203104E-003
   3.0695735077180910E-003   6.7955900361149285E-003  -4.5364180936909937E-003
   3.1272612025536836E-003   6.8505664525191478E-003  -4.5434695832123366E-003
   3.1849350033424009E-003   6.9058057386393104E-003  -4.5481975825019992E-003
   3.2433792188470761E-003   6.9602771590149010E-003  -4.5523373931126970E-003
   3.3022750384836268E-003   7.0142551569437207E-003  -4.5565395561597286E-003
   3.3614833638879430E-003   7.0680140119163664E-003  -4.5586275484666228E-003
   3.4214814646925016E-003   7.1209239455178128E-003  -4.5595032390919150E-003
   3.4818958087677646E-003   7.1733648224110427E-003  -4.5597511591125624E-003
   3.5438310637881105E-003   7.2240010071884988E-003  -4.5597199631150862E-003
   3.6058098871549057E-003   7.2745299725044781E-003  -4.5573856265487180E-003
   3.6683894583939710E-003   7.3241737458450288E-003  -4.5529932433377900E-003
   3.7314691032848666E-003   7.3731215029779439E-003  -4.5479857024216174E-003
   3.7953693550563158E-003   7.4209053111240894E-003  -4.5422007646582201E-003
   3.8590889179725956E-003   7.4688529374846392E-003  -4.5358099563096539E-003
   3.9227881469877492E-003   7.5167950232762010E-003  -4.5291793735786779E-003
   3.9870673532319961E-003   7.5638503169716256E-003  -4.5218320623637885E-003
   4.0512055147228334E-003   7.6109974472608564E-003  -4.5138668662482824E-003
   4.1155062193249095E-003   7.6578257920155730E-003  -4.5053506747569421E-003
   4.1801813113612300E-003   7.7040496043227153E-003  -4.4963789611617584E-003
   4.2447506007243039E-003   7.7504801339075514E-003  -4.4877179685374304E-003
   4.3100476329563306E-003   7.7957357062120721E-003  -4.4783248455311552E-003
   4.3758187312377492E-003   7.8401599765110172E-003  -4.4682925556414014E-003
   4.4421194477995193E-003   7.8835619236043326E-003  -4.4573159454130888E-003
   4.5089301416277707E-003   7.9258840482258341E-003  -4.4452673372212190E-003
   4.5758143652441814E-003   7.9676276792495435E-003  -4.4317037869113975E-003
   4.6428162288887622E-003   8.0086727260252968E-003  -4.4166686811676209E-003
   4.7099664208531478E-003   8.0489709184802371E-003  -4.4003313802926693E-003
   4.7772023812733422E-003   8.0892504006413561E-003  -4.3843036246825080E-003
   4.8447013561290879E-003   8.1288841357156135E-003  -4.3677792356244674E-003
   4.9120493148268251E-003   8.1683942660173946E-003  -4.3503665373369896E-003
   4.9797849766180114E-003   8.2064958112532116E-003  -4.3313888563036463E-003
   5.0475712400356934E-003   8.2439656336989707E-003  -4.3113630005680971E-003
   5.1153802197391844E-003   8.2810819210088742E-003  -4.2907638868159978E-003
   5.1833585862326318E-003   8.3177042371485252E-003  -4.2698414670429867E-003
   5.2512495257804222E-003   8.3539155781147973E-003  -4.2479426288640626E-003
   5.3196051185867895E-003   8.3896205931081567E-003  -4.2266667073374842E-003
   5.3881076774557448E-003   8.4243855898397599E-003  -4.2043330012233419E-003
   5.4568174711937967E-003   8.4586513946676295E-003  -4.1818648267382165E-003
   5.5256769301120110E-003   8.4923001669646048E-003  -4.1589271929795540E-003
   5.5946175835635045E-003   8.5257580027238190E-003  -4.1359541754942284E-003
   5.6635543177894999E-003   8.5590651748357668E-003  -4.1127516119568563E-003
   5.7322074605795888E-003   8.5925470345868549E-003  -4.0889669307854586E-003
   5.8005830926707979E-003   8.6259758546325394E-003  -4.0643237386504784E-003
   5.8691538727410246E-003   8.6587117916246247E-003  -4.0392956232603739E-003
   5.9374109453887783E-003   8.6920874745912667E-003  -4.0142549401619857E-003
   6.0061571775216326E-003   8.7244556539645586E-003  -3.9892298218671598E-003
   6.0746594575255206E-003   8.7564619814751998E-003  -3.9630949291641852E-003
   6.1433546953830274E-003   8.7872803962012122E-003  -3.9360544110515752E-003
   6.2117604112095475E-003   8.8176021894933367E-003  -3.9077481061566433E-003
   6.2810438590941856E-003   8.8457210657607241E-003  -3.8793028492906108E-003
   6.3500127889783292E-003   8.8729162197784244E-003  -3.8492410742927592E-003
   6.4193431482453172E-003   8.9000476992666163E-003  -3.8199633676442926E-003
   6.4887326691237110E-003   8.9263066763341607E-003  -3.7900374507285409E-003
   6.5577395204534381E-003   8.9526795894929907E-003  -3.7593368981525314E-003
   6.6265746013366321E-003   8.9780136748947859E-003  -3.7274007782833454E-003
   6.6953241699718273E-003   9.0026406565164620E-003  -3.6947356807654065E-003
   6.7638696744145394E-003   9.0265674793187159E-003  -3.6611347735263310E-003
   6.8322334110384065E-003   9.0503598304290007E-003  -3.6270712514375105E-003
   6.9002562816682482E-003   9.0738444557702715E-003  -3.5921232692807336E-003
   6.9679970210339542E-003   9.0974633978612440E-003  -3.5567207580651668E-003
   7.0359509209725795E-003   9.1201945189296630E-003  -3.5211459971256514E-003
   7.1035657300291535E-003   9.1433865751961180E-003  -3.4852243307004422E-003
   7.1710806314530286E-003   9.1660590545971643E-003  -3.4487867572028587E-003
   7.2383856642450678E-003   9.1879045093112635E-003  -3.4114664051404496E-003
   7.3053427669224191E-003   9.2093485203981335E-003  -3.3732970353291679E-003
   7.3725019311868195E-003   9.2294043997064069E-003  -3.3347301018410548E-003
   7.4387727223500554E-003   9.2494561550842645E-003  -3.2946538078799325E-003
   7.5052911133323425E-003   9.2681489472274895E-003  -3.2543315660078067E-003
   7.5714542323221936E-003   9.2864236647561080E-003  -3.2132404917823588E-003
   7.6371272497467802E-003   9.3043032673910554E-003  -3.1712003371457621E-003
   7.7025144657791927E-003   9.3220464563943933E-003  -3.1286598715042154E-003
   7.7677322420824637E-003   9.3395342517332749E-003  -3.0857551087046667E-003
   7.8323500436885164E-003   9.3556558969366144E-003  -3.0414309361267338E-003
   7.8969043972680081E-003   9.3722344303222172E-003  -2.9971829117860531E-003
   7.9619588487378178E-003   9.3879296151905042E-003  -2.9533470872234418E-003
   8.0278292499533083E-003   9.4024650941213154E-003  -2.9103376685198972E-003
   8.0936680137107461E-003   9.4164769176220148E-003  -2.8671065919025438E-003
   8.1599094005631190E-003   9.4302684654851421E-003  -2.8244232007140452E-003
   8.2263875090241682E-003   9.4432585574349363E-003  -2.7818565634396336E-003
   8.2929308605717341E-003   9.4567408705525033E-003  -2.7395456949781795E-003
   8.3592166394761275E-003   9.4709081165131864E-003  -2.6970546998366005E-003
   8.4248679031454533E-003   9.4846362470644516E-003  -2.6534490808117176E-003
   8.4905469329260210E-003   9.4991138110583975E-003  -2.6101285869957191E-003
   8.5559045646722062E-003   9.5121003602918822E-003  -2.5658597548212673E-003
   8.6209437019151344E-003   9.5236912560649287E-003  -2.5207425543956634E-003
   8.6862058996010211E-003   9.5347050901960634E-003  -2.4758032508107979E-003
   8.7525234103205934E-003   9.5466760276658302E-003  -2.4326907882570381E-003
   8.8188827499283331E-003   9.5576304526390436E-003  -2.3893729094692467E-003
   8.8850891040148112E-003   9.5670652322698887E-003  -2.3454672878535782E-003
   8.9514842983991413E-003   9.5762429820906384E-003  -2.3017929582184416E-003
   9.0175823778312729E-003   9.5849501411385402E-003  -2.2575749836386255E-003
   9.0830759521976882E-003   9.5941058648695444E-003  -2.2125553830009796E-003
   9.1482437350868927E-003   9.6030394362585370E-003  -2.1670213147080230E-003
   9.2130606747188853E-003   9.6124059985913529E-003  -2.1210753481270884E-003
   9.2774934885890177E-003   9.6214440201863941E-003  -2.0745272369823288E-003
   9.3421571749328341E-003   9.6303815785653783E-003  -2.0282808562639945E-003
   9.4072941759326054E-003   9.6396277963924880E-003  -1.9827651605658437E-003
   9.4726887701246515E-003   9.6495268652974087E-003  -1.9377589889339464E-003
   9.5377239008975472E-003   9.6580628965595577E-003  -1.8919597756620287E-003
   9.6034934606702860E-003   9.6647866321898836E-003  -1.8469136172909197E-003
   9.6690388286233744E-003   9.6717157231428347E-003  -1.8015727699718129E-003
   9.7341666540798431E-003   9.6780214933264910E-003  -1.7555444786510879E-003
   9.8000476471245424E-003   9.6833514316549563E-003  -1.7104746825726939E-003
   9.8660050955284885E-003   9.6885839320085317E-003  -1.6655054047870475E-003
   9.9315758841811708E-003   9.6932359106894662E-003  -1.6199112080873376E-003
   9.9969575034338457E-003   9.6983553863650949E-003  -1.5740959832561859E-003
   1.0061678387404455E-002   9.7039079339263524E-003  -1.5274014825861549E-003
   1.0126279418450982E-002   9.7090175527109676E-003  -1.4804909444665175E-003
   1.0190442395451920E-002   9.7135378435492473E-003  -1.4329233151410652E-003
   1.0254736022753544E-002   9.7171835026191051E-003  -1.3854571308646755E-003
   1.0319484955107950E-002   9.7205347574191060E-003  -1.3385919534495637E-003
   1.0384699495404147E-002   9.7232273653330998E-003  -1.2923338341806249E-003
   1.0449414825172070E-002   9.7255648975166642E-003  -1.2453608415266470E-003
   1.0513463094246544E-002   9.7284890705299637E-003  -1.1975145413707828E-003
   1.0577197480398801E-002   9.7322738528689192E-003  -1.1493107713439724E-003
   1.0640311719815852E-002   9.7353296527423663E-003  -1.1002469876695222E-003
   1.0703814076303752E-002   9.7375537736593670E-003  -1.0516413912097593E-003
   1.0766184430659097E-002   9.7399850315001441E-003  -1.0016011286004061E-003
   1.0828959602472817E-002   9.7415507149879853E-003  -9.5203474446790739E-004
   1.0891338016456403E-002   9.7440005861631693E-003  -9.0200543703840264E-004
   1.0953657038889588E-002   9.7451960262941971E-003  -8.5185655503361532E-004
   1.1015711624199877E-002   9.7467838984253152E-003  -8.0139164535632246E-004
   1.1077955731021364E-002   9.7491405676093761E-003  -7.5119087573830706E-004
   1.1140532466764613E-002   9.7521110829715003E-003  -7.0143820563700870E-004
   1.1203095112267098E-002   9.7546631816899775E-003  -6.5164460986626778E-004
   1.1265775760400927E-002   9.7562146109067393E-003  -6.0195829971311304E-004
   1.1328381695886887E-002   9.7589642307245091E-003  -5.5222967185326291E-004
   1.1391123240163739E-002   9.7624034517323158E-003  -5.0271532665207663E-004
   1.1453901302353141E-002   9.7661107619643039E-003  -4.5326665870427414E-004
   1.1516418197062103E-002   9.7690329963832593E-003  -4.0343596114788595E-004
   1.1578545306381282E-002   9.7725034450861174E-003  -3.5315496800691508E-004
   1.1640337641742535E-002   9.7752692212496970E-003  -3.0241979508529644E-004
   1.1702009372623752E-002   9.7780005767435473E-003  -2.5153622887793344E-004
   1.1763940947029932E-002   9.7809008807902883E-003  -2.0097865449925786E-004
   1.1826383171571999E-002   9.7835062019516455E-003  -1.5103687946029510E-004
   1.1888420933288136E-002   9.7862430401299376E-003  -1.0060052510893194E-004
   1.1950392912108169E-002   9.7907288750100595E-003  -5.0208550277588840E-005
   1.2012500000009826E-002   9.7953991113080910E-003   7.9774847198587887E-015
