   3.5527136787900505E-015   3.5421283062120179E-015   7.1340190668706891E-015
   1.6548202861210524E-005   5.7617088187355727E-005  -5.2975731517844034E-005
   3.3349207678489459E-005   1.1528632823936172E-004  -1.0581496867366122E-004
   4.9481208988341528E-005   1.7198842017027065E-004  -1.5989482907894007E-004
   6.5246034326052422E-005   2.2919782473186735E-004  -2.1354698942571015E-004
   8.1516138882567715E-005   2.8651158372884752E-004  -2.6693628357604059E-004
   9.8506159292851392E-005   3.4393914894950494E-004  -3.1997790836724697E-004
   1.1564561067281759E-004   4.0089802037939192E-004  -3.7347488177960668E-004
   1.3228951987697595E-004   4.5791651662123055E-004  -4.2706472571647081E-004
   1.4863160491283240E-004   5.1458451841432157E-004  -4.8111723566772734E-004
   1.6380934518613104E-004   5.7166353840049945E-004  -5.3507668045424026E-004
   1.7858685637903545E-004   6.2799456285127122E-004  -5.8992593614222498E-004
   1.9308743914274397E-004   6.8522816817279033E-004  -6.4390785456781602E-004
   2.0621122251715529E-004   7.4309405855395218E-004  -6.9756701073723679E-004
   2.1987865730502593E-004   8.0140654740243323E-004  -7.5060336495157761E-004
   2.3411790771879956E-004   8.5974787615552336E-004  -8.0345724955044188E-004
   2.4794536460314099E-004   9.1855265470864981E-004  -8.5590531386562176E-004
   2.6247199344519895E-004   9.7701600260059491E-004  -9.0854573563616307E-004
   2.7678074006350258E-004   1.0361529055342542E-003  -9.6048884374731703E-004
   2.9127228025094959E-004   1.0957209736163463E-003  -1.0118857358648974E-003
   3.0660375494110531E-004   1.1541997240897084E-003  -1.0642802167923544E-003
   3.2270165544840470E-004   1.2119656546355551E-003  -1.1172326000195420E-003
   3.3879973975416930E-004   1.2687853665016681E-003  -1.1711989970803313E-003
   3.5645064291328914E-004   1.3248652738532124E-003  -1.2254529333836106E-003
   3.7354934305264341E-004   1.3818278659622567E-003  -1.2789589849296187E-003
   3.9114406463427174E-004   1.4384025534648422E-003  -1.3327151985913098E-003
   4.0862014695140488E-004   1.4948972156116206E-003  -1.3865941341093973E-003
   4.2551058611199789E-004   1.5519956959121125E-003  -1.4400214362884840E-003
   4.4166660817219463E-004   1.6092557673207221E-003  -1.4935029019223229E-003
   4.5854495067586406E-004   1.6666204043424527E-003  -1.5466481742412131E-003
   4.7575280194499389E-004   1.7241846651670403E-003  -1.5994709509909930E-003
   4.9261517133738825E-004   1.7821338631395134E-003  -1.6519833394869209E-003
   5.0947695235488226E-004   1.8397939398738261E-003  -1.7048132163320531E-003
   5.2533908003737971E-004   1.8976794200857526E-003  -1.7577061655208112E-003
   5.4100634844859465E-004   1.9552121225690786E-003  -1.8110402526553679E-003
   5.5771346689498138E-004   2.0135785245780050E-003  -1.8631385762179536E-003
   5.7424185635790155E-004   2.0723962448976081E-003  -1.9147843708859635E-003
   5.9088514840471102E-004   2.1311932503836882E-003  -1.9664168507422006E-003
   6.0797032076592944E-004   2.1896567565814996E-003  -2.0182831724493804E-003
   6.2613202297424572E-004   2.2476925286389936E-003  -2.0702639548467578E-003
   6.4510058941742699E-004   2.3060076134267756E-003  -2.1216404512054373E-003
   6.6529264532775255E-004   2.3643010658863928E-003  -2.1725732921482705E-003
   6.8451018268153553E-004   2.4229094941621808E-003  -2.2235216815213784E-003
   7.0505069231423711E-004   2.4820520288575472E-003  -2.2733237702198517E-003
   7.2630576257336806E-004   2.5416063323612636E-003  -2.3223289427539476E-003
   7.4723638357493611E-004   2.6011178271403840E-003  -2.3715253968539856E-003
   7.6697884430581924E-004   2.6620968070370783E-003  -2.4193981369209669E-003
   7.8719471992375533E-004   2.7230126220278202E-003  -2.4671535751714306E-003
   8.0756423065699175E-004   2.7843838241806409E-003  -2.5142562139876725E-003
   8.2956776737807094E-004   2.8458059379576676E-003  -2.5605505798361470E-003
   8.5273785360388539E-004   2.9068221740847075E-003  -2.6068125083721031E-003
   8.7514925939215422E-004   2.9676895979553063E-003  -2.6536407647387347E-003
   8.9794317372338410E-004   3.0285234146028841E-003  -2.7003278530478626E-003
   9.2123569680664240E-004   3.0894455856564362E-003  -2.7466522250094222E-003
   9.4489308023119455E-004   3.1502077698393224E-003  -2.7930018225797997E-003
   9.6933549502284085E-004   3.2103073357658682E-003  -2.8398057810089328E-003
   9.9429234196344099E-004   3.2700258177973843E-003  -2.8868255502452140E-003
   1.0194192070052659E-003   3.3291332387689098E-003  -2.9345220223812047E-003
   1.0445610773304407E-003   3.3879888955798188E-003  -2.9825209598631107E-003
   1.0712508090863335E-003   3.4457881702870444E-003  -3.0309657951894486E-003
   1.0988143091855242E-003   3.5036368167564069E-003  -3.0788592973706144E-003
   1.1271834293092810E-003   3.5615532824488606E-003  -3.1261971895083823E-003
   1.1560547780657834E-003   3.6204656652199904E-003  -3.1719768399531955E-003
   1.1851826538897448E-003   3.6795567520536586E-003  -3.2173619728517078E-003
   1.2156121060566958E-003   3.7376215690068516E-003  -3.2632152767986238E-003
   1.2476741826143983E-003   3.7948795699301640E-003  -3.3089705450002503E-003
   1.2808128941312292E-003   3.8522624712115385E-003  -3.3537927319383892E-003
   1.3153959556274628E-003   3.9093605746025346E-003  -3.3978814885017501E-003
   1.3508709414575342E-003   3.9671210023963684E-003  -3.4403698205855587E-003
   1.3871381302571191E-003   4.0246393688655371E-003  -3.4825163331450408E-003
   1.4241117041949652E-003   4.0818464394895325E-003  -3.5244723328385786E-003
   1.4604270044972004E-003   4.1394814379386727E-003  -3.5664176055209646E-003
   1.4969938039354896E-003   4.1969599280104516E-003  -3.6083591406842488E-003
   1.5345193352809799E-003   4.2542605811976596E-003  -3.6496927787523065E-003
   1.5731233738119151E-003   4.3109932812041502E-003  -3.6908161171650758E-003
   1.6131140812272605E-003   4.3672467811502859E-003  -3.7312671625310484E-003
   1.6532564061770688E-003   4.4241755207437179E-003  -3.7706081381322018E-003
   1.6946084772013683E-003   4.4804093228413234E-003  -3.8096947818714575E-003
   1.7355235341520794E-003   4.5371733590622316E-003  -3.8484736717201628E-003
   1.7775753800074998E-003   4.5931803808605849E-003  -3.8871370364462780E-003
   1.8201519819630290E-003   4.6493227243185695E-003  -3.9250219969415882E-003
   1.8629140371589283E-003   4.7065889833732199E-003  -3.9609661511150812E-003
   1.9065502522354822E-003   4.7634465402009701E-003  -3.9965062547813214E-003
   1.9502603523756390E-003   4.8209965415078144E-003  -4.0308198744791824E-003
   1.9934998078424975E-003   4.8785965719484233E-003  -4.0656420797902442E-003
   2.0375297402979199E-003   4.9357608828142470E-003  -4.1001906921336630E-003
   2.0807845832120863E-003   4.9933281300354633E-003  -4.1350479813818345E-003
   2.1244300296676061E-003   5.0512554791190866E-003  -4.1688044212788537E-003
   2.1681557259143757E-003   5.1092291922033737E-003  -4.2023769111359894E-003
   2.2136579536560807E-003   5.1662039137931534E-003  -4.2352923842702127E-003
   2.2599168901273111E-003   5.2224473194291392E-003  -4.2684102060273439E-003
   2.3074830611879856E-003   5.2782238646161481E-003  -4.3004482519964941E-003
   2.3565478879855974E-003   5.3331536953520539E-003  -4.3316789493580751E-003
   2.4059051128667930E-003   5.3885007456977302E-003  -4.3616884205018884E-003
   2.4548392986720414E-003   5.4441558732589001E-003  -4.3918206665106629E-003
   2.5036271901594576E-003   5.5003647610008003E-003  -4.4211515815034373E-003
   2.5527823433327216E-003   5.5568599662953631E-003  -4.4492951898709651E-003
   2.6024927782230820E-003   5.6132747090475599E-003  -4.4766127571084398E-003
   2.6523627472955064E-003   5.6696018816324327E-003  -4.5038200320753306E-003
   2.7045550594691293E-003   5.7246448390064668E-003  -4.5292411921085442E-003
   2.7572118380277746E-003   5.7795275867222025E-003  -4.5540433629511793E-003
   2.8100925309905780E-003   5.8343028687144489E-003  -4.5786055452887208E-003
   2.8641091018554833E-003   5.8885695024070862E-003  -4.6017861953265718E-003
   2.9184810462930745E-003   5.9432708437903246E-003  -4.6230336637672021E-003
   2.9725919613763489E-003   5.9984386959487223E-003  -4.6437343148139250E-003
   3.0273275118792536E-003   6.0535824662653805E-003  -4.6627917049004916E-003
   3.0837006845734452E-003   6.1077196186329133E-003  -4.6798572875917368E-003
   3.1404889774929285E-003   6.1613398318289721E-003  -4.6971767140366379E-003
   3.1974775121416154E-003   6.2154409045823422E-003  -4.7121894034957666E-003
   3.2545947081467816E-003   6.2694890441301514E-003  -4.7269007778740855E-003
   3.3121094280636624E-003   6.3233754537945887E-003  -4.7406234540510678E-003
   3.3695452819971915E-003   6.3774694013372744E-003  -4.7538509830517437E-003
   3.4272309298842307E-003   6.4315079102833326E-003  -4.7661881455524175E-003
   3.4856356109429173E-003   6.4849771792784058E-003  -4.7775868515801843E-003
   3.5446409352714618E-003   6.5378081602573647E-003  -4.7888677713213814E-003
   3.6038850555707449E-003   6.5906661354413381E-003  -4.7986743341845864E-003
   3.6636515242173544E-003   6.6430089235621015E-003  -4.8080659130088580E-003
   3.7235759913672745E-003   6.6951649479592840E-003  -4.8174896787744337E-003
   3.7841655446701440E-003   6.7467193208543387E-003  -4.8259189529409538E-003
   3.8451301185096812E-003   6.7979883398231562E-003  -4.8333222250880811E-003
   3.9060948934364023E-003   6.8494614855351193E-003  -4.8391369901172729E-003
   3.9672414691667227E-003   6.9007352687177762E-003  -4.8448022730794875E-003
   4.0289556093977847E-003   6.9515066535935375E-003  -4.8484943432852484E-003
   4.0912114216941423E-003   7.0016622549865506E-003  -4.8514319413616976E-003
   4.1534948563766490E-003   7.0518265441724378E-003  -4.8535098846977567E-003
   4.2158436424511057E-003   7.1019274933301745E-003  -4.8550985227594620E-003
   4.2789773164342267E-003   7.1510613000794346E-003  -4.8550077103229399E-003
   4.3419717812734886E-003   7.2003625651802612E-003  -4.8539672038964091E-003
   4.4051740186476906E-003   7.2493885069515665E-003  -4.8525764391526734E-003
   4.4687078301907587E-003   7.2977935411825037E-003  -4.8480589780287211E-003
   4.5318773095785079E-003   7.3465849082261460E-003  -4.8426720143034431E-003
   4.5948733087268446E-003   7.3954769288169762E-003  -4.8362630820331627E-003
   4.6572506984598212E-003   7.4449593821375700E-003  -4.8284818184405678E-003
   4.7195697180102292E-003   7.4941813889857949E-003  -4.8188105286195082E-003
   4.7817933310686398E-003   7.5434940670220402E-003  -4.8089880154999686E-003
   4.8433988808241901E-003   7.5934680112466589E-003  -4.7986264934994343E-003
   4.9054373824507780E-003   7.6428218496079493E-003  -4.7878829858498855E-003
   4.9676088677914881E-003   7.6915727437202883E-003  -4.7753109243412611E-003
   5.0298701891424418E-003   7.7401274221581646E-003  -4.7624279484879961E-003
   5.0916793746783014E-003   7.7890055689194314E-003  -4.7486239147153907E-003
   5.1535869580037639E-003   7.8374453725982649E-003  -4.7337566166071356E-003
   5.2169729860957340E-003   7.8838837381887145E-003  -4.7187336461847829E-003
   5.2811281537448367E-003   7.9287339576084130E-003  -4.7022238829880596E-003
   5.3463982659645096E-003   7.9717682036000038E-003  -4.6852572649449227E-003
   5.4120745690000019E-003   8.0139909737567423E-003  -4.6678256585921292E-003
   5.4781943777519326E-003   8.0556006753688542E-003  -4.6505976691028220E-003
   5.5442721603563968E-003   8.0966719630741861E-003  -4.6319730624763324E-003
   5.6102632174220013E-003   8.1370621664711776E-003  -4.6116306963961068E-003
   5.6761833111514124E-003   8.1764217480810308E-003  -4.5891503810388395E-003
   5.7417651810577732E-003   8.2153264580763167E-003  -4.5649544748159777E-003
   5.8072849842026467E-003   8.2540824537113144E-003  -4.5403551211880269E-003
   5.8727707059057109E-003   8.2920851333578346E-003  -4.5145207140003529E-003
   5.9378272575238977E-003   8.3302812770881026E-003  -4.4878992996864797E-003
   6.0032420093905064E-003   8.3670952007389911E-003  -4.4602290040939583E-003
   6.0691126163276536E-003   8.4032955216083571E-003  -4.4328319254817884E-003
   6.1346676786314018E-003   8.4394224176082087E-003  -4.4045939867493602E-003
   6.1997248345430330E-003   8.4750952998988195E-003  -4.3746772365245963E-003
   6.2647473508849420E-003   8.5099319732882955E-003  -4.3437179318548836E-003
   6.3298819085417009E-003   8.5436929628593394E-003  -4.3118167563891757E-003
   6.3953447837296635E-003   8.5769640741769192E-003  -4.2800733301893946E-003
   6.4610000248801801E-003   8.6106063426884157E-003  -4.2491284260989075E-003
   6.5270952810997382E-003   8.6435297430429610E-003  -4.2183474771628308E-003
   6.5929322048571149E-003   8.6765428764549561E-003  -4.1871123609643138E-003
   6.6592806569411014E-003   8.7078819349346668E-003  -4.1552415855249415E-003
   6.7259681532185738E-003   8.7382984653650471E-003  -4.1231851896157733E-003
   6.7928559921077115E-003   8.7685255401552149E-003  -4.0913678838525591E-003
   6.8598989855441330E-003   8.7982264529193697E-003  -4.0593820616890309E-003
   6.9269914858767221E-003   8.8265551515413401E-003  -4.0262749441893160E-003
   6.9945210656403474E-003   8.8536812121630375E-003  -3.9930494615101246E-003
   7.0620021523763558E-003   8.8804449507858488E-003  -3.9594339111817664E-003
   7.1294579621372922E-003   8.9065591486599469E-003  -3.9252613726085718E-003
   7.1966689623868957E-003   8.9326832653854656E-003  -3.8906172968715901E-003
   7.2637933337374415E-003   8.9585605206977583E-003  -3.8556217768156774E-003
   7.3313201221000606E-003   8.9833769608223309E-003  -3.8206321047571149E-003
   7.3995640207788847E-003   9.0075412453878428E-003  -3.7865901065646671E-003
   7.4678743327065214E-003   9.0306416411635206E-003  -3.7519480367909455E-003
   7.5364731467301932E-003   9.0523373302647328E-003  -3.7169694748157471E-003
   7.6043216509387680E-003   9.0746295313557327E-003  -3.6809189789879368E-003
   7.6722613627142619E-003   9.0975076615837109E-003  -3.6454114203652685E-003
   7.7392056130897238E-003   9.1215772794720189E-003  -3.6088174204585602E-003
   7.8061854093130923E-003   9.1442375616286199E-003  -3.5713979266481675E-003
   7.8731572202843485E-003   9.1672763498624934E-003  -3.5341959002500151E-003
   7.9402673994496391E-003   9.1898204695361300E-003  -3.4969402090008921E-003
   8.0069670540845999E-003   9.2139298055813335E-003  -3.4599281031359340E-003
   8.0732636923109384E-003   9.2374570112870071E-003  -3.4218331381902210E-003
   8.1395612566946430E-003   9.2600641050283056E-003  -3.3831866341759885E-003
   8.2056162110888415E-003   9.2826878912241253E-003  -3.3441365728249599E-003
   8.2713402866707864E-003   9.3045789486101566E-003  -3.3041224816254466E-003
   8.3368911691205048E-003   9.3257120221968207E-003  -3.2634226657528142E-003
   8.4013547266082421E-003   9.3468945098863845E-003  -3.2210463519937067E-003
   8.4657939843967595E-003   9.3675912155608849E-003  -3.1783939377850600E-003
   8.5300905838793257E-003   9.3874653549878492E-003  -3.1351392746921812E-003
   8.5942910195421218E-003   9.4047374339751924E-003  -3.0906423159156068E-003
   8.6578785688847977E-003   9.4219504100570527E-003  -3.0452513803217954E-003
   8.7206713016581561E-003   9.4387163143902376E-003  -2.9986040099442045E-003
   8.7831569522456906E-003   9.4541624734776099E-003  -2.9510965406713339E-003
   8.8457043472947982E-003   9.4693204151845151E-003  -2.9035774901095550E-003
   8.9084065792899309E-003   9.4832487387572408E-003  -2.8558864855312690E-003
   8.9705716392852533E-003   9.4971502815385279E-003  -2.8074896631173117E-003
   9.0327145148430925E-003   9.5106640394324472E-003  -2.7589547131898584E-003
   9.0955169866396325E-003   9.5229723945617906E-003  -2.7109510265336742E-003
   9.1580057082515029E-003   9.5336722801817753E-003  -2.6621588948260557E-003
   9.2201022137022547E-003   9.5453150856744454E-003  -2.6130827388101230E-003
   9.2821380551080697E-003   9.5575645141575891E-003  -2.5640775770195039E-003
   9.3428723607774152E-003   9.5704912917453106E-003  -2.5136370919112069E-003
   9.4033632111504371E-003   9.5833068820707495E-003  -2.4628766972563569E-003
   9.4641324640097144E-003   9.5953988164751043E-003  -2.4122715292635528E-003
   9.5247330967470969E-003   9.6082335225419757E-003  -2.3616470922725504E-003
   9.5853183997770767E-003   9.6211257017342917E-003  -2.3110189105610612E-003
   9.6449352707069572E-003   9.6338465706904339E-003  -2.2592114961132834E-003
   9.7037594828587818E-003   9.6460082227075826E-003  -2.2063739499495190E-003
   9.7629499569144677E-003   9.6576395815425788E-003  -2.1538268351539093E-003
   9.8218231565943438E-003   9.6687248547855670E-003  -2.1008073757625085E-003
   9.8803068962480829E-003   9.6793891549641162E-003  -2.0472730419662608E-003
   9.9385817643519569E-003   9.6889360633835436E-003  -1.9933017878098168E-003
   9.9973479544345819E-003   9.6978808140132031E-003  -1.9397618368846574E-003
   1.0055229713460831E-002   9.7053519538817766E-003  -1.8850454403881447E-003
   1.0112925625623593E-002   9.7129066982206691E-003  -1.8301445518660018E-003
   1.0169902017392608E-002   9.7198455451241849E-003  -1.7744171512602070E-003
   1.0227200919173970E-002   9.7257087837453564E-003  -1.7188972603501766E-003
   1.0284239838492849E-002   9.7302143325051112E-003  -1.6629842769168698E-003
   1.0340760320157360E-002   9.7347975376901961E-003  -1.6065535283028543E-003
   1.0397616190542192E-002   9.7388291604482112E-003  -1.5504183698715694E-003
   1.0453938381926568E-002   9.7420254786917525E-003  -1.4936945273423023E-003
   1.0510625403090248E-002   9.7455710994862055E-003  -1.4373561726756577E-003
   1.0567895057550113E-002   9.7501460619685877E-003  -1.3816852071829495E-003
   1.0624477018882722E-002   9.7541754781083102E-003  -1.3252738124550527E-003
   1.0680737481756561E-002   9.7569569345431310E-003  -1.2684669130704385E-003
   1.0736955690949856E-002   9.7589608897490129E-003  -1.2115854827340622E-003
   1.0793314079694126E-002   9.7602131496434229E-003  -1.1548213755543575E-003
   1.0850554296168206E-002   9.7614228880843860E-003  -1.0989456728740100E-003
   1.0907177530673422E-002   9.7634890661158439E-003  -1.0424696583235134E-003
   1.0963499678307816E-002   9.7640065627323559E-003  -9.8565814641934446E-004
   1.1019616677558504E-002   9.7656937587915181E-003  -9.2866660524865228E-004
   1.1076559505074978E-002   9.7676384291189959E-003  -8.7250850114584523E-004
   1.1133798842410055E-002   9.7687128805506417E-003  -8.1662913277553051E-004
   1.1191827494321615E-002   9.7693266786361855E-003  -7.6156281994068991E-004
   1.1249366671732861E-002   9.7706741523553627E-003  -7.0599819650653565E-004
   1.1306999399982184E-002   9.7718865564294499E-003  -6.5052749513535841E-004
   1.1364974151310013E-002   9.7732432358593468E-003  -5.9541771718762872E-004
   1.1423911544647407E-002   9.7740394978348064E-003  -5.4132751813526178E-004
   1.1482406449929622E-002   9.7758178311007880E-003  -4.8678227462066020E-004
   1.1541107631659041E-002   9.7781929157953282E-003  -4.3248190414971573E-004
   1.1599981360345330E-002   9.7812571952907729E-003  -3.7840331079212704E-004
   1.1658644527938699E-002   9.7844802738960100E-003  -3.2410557114494112E-004
   1.1717798930023067E-002   9.7869734948913406E-003  -2.7030463652674388E-004
   1.1777054140004033E-002   9.7880781144099524E-003  -2.1656824378502471E-004
   1.1835817337957459E-002   9.7898894844068701E-003  -1.6231323937833831E-004
   1.1894272273442199E-002   9.7907492192318632E-003  -1.0770297133507640E-004
   1.1953563096682180E-002   9.7927589896904255E-003  -5.4032130992744755E-005
   1.2012500000009743E-002   9.7953991113080806E-003   7.9768629327240813E-015
