   3.5527136787900899E-015   3.5421283062120770E-015   7.1340190668707648E-015
   3.1287339570032751E-005   3.8429048118270972E-005  -6.2803747039152341E-005
   6.2310516595005452E-005   7.6995692213444839E-005  -1.2565417619256458E-004
   9.3406423849422024E-005   1.1489639286706076E-004  -1.8887269752173840E-004
   1.2484111148668785E-004   1.5235359529200990E-004  -2.5218792789911536E-004
   1.5534088270074265E-004   1.8992969228359143E-004  -3.1588879832712040E-004
   1.8610826063325666E-004   2.2793820059865819E-004  -3.7920326548927417E-004
   2.1610604149557974E-004   2.6569629905169470E-004  -4.4303475565675963E-004
   2.4610918199612162E-004   3.0215764299761885E-004  -5.0761325020578726E-004
   2.7645264361661411E-004   3.3853637238184515E-004  -5.7207922873591006E-004
   3.0655166267308423E-004   3.7426685716954915E-004  -6.3702059854535995E-004
   3.3652314399660357E-004   4.1015839763617408E-004  -7.0193213552039672E-004
   3.6616546767320301E-004   4.4538340919781337E-004  -7.6735790416722111E-004
   3.9563723841551021E-004   4.8061447666516733E-004  -8.3285742030971975E-004
   4.2618165491712469E-004   5.1520818665611425E-004  -8.9820505873199877E-004
   4.5651086578628645E-004   5.5022582901358185E-004  -9.6342701593957994E-004
   4.8679151001761542E-004   5.8525247605446383E-004  -1.0286667015381059E-003
   5.1856019420198104E-004   6.1987322091861885E-004  -1.0934135526327318E-003
   5.4998438483939256E-004   6.5490909531948686E-004  -1.1581051884627881E-003
   5.8140892350729706E-004   6.9101503838988080E-004  -1.2222055725169560E-003
   6.1248306370302250E-004   7.2656444750811787E-004  -1.2867860442340368E-003
   6.4345648029029651E-004   7.6158141258255807E-004  -1.3517049139399795E-003
   6.7431530653342384E-004   7.9754415757274551E-004  -1.4161596562190003E-003
   7.0514525226892050E-004   8.3377403669060782E-004  -1.4804784738413983E-003
   7.3549604043924178E-004   8.6940433601287719E-004  -1.5453576802632676E-003
   7.6485259203855436E-004   9.0587320649830930E-004  -1.6102284314883537E-003
   7.9422175626065079E-004   9.4316284706383508E-004  -1.6746251309083017E-003
   8.2346395728558671E-004   9.8147201756649139E-004  -1.7384788789613127E-003
   8.5248710718308866E-004   1.0205006906741016E-003  -1.8019959588560939E-003
   8.8144900414626219E-004   1.0606716893609301E-003  -1.8648250873312562E-003
   9.1236166927038888E-004   1.1014141765452884E-003  -1.9263430268782070E-003
   9.4303809670613463E-004   1.1431787027146568E-003  -1.9872912109885452E-003
   9.7395467546215612E-004   1.1852288665675159E-003  -2.0479208149253533E-003
   1.0055001061319562E-003   1.2266782450280505E-003  -2.1086401266552997E-003
   1.0372718255576058E-003   1.2683165664801915E-003  -2.1691116739842625E-003
   1.0689777253275502E-003   1.3097467898467734E-003  -2.2297604375318323E-003
   1.1011335898040125E-003   1.3511647960791229E-003  -2.2901802118464694E-003
   1.1326090417005255E-003   1.3928900078524296E-003  -2.3507467259510366E-003
   1.1640638642313416E-003   1.4352281101698537E-003  -2.4108971975260263E-003
   1.1965654586178777E-003   1.4782994641465400E-003  -2.4699607635629249E-003
   1.2284950147334083E-003   1.5212273921908622E-003  -2.5294393012457671E-003
   1.2609497766504691E-003   1.5643892882011611E-003  -2.5884625099840690E-003
   1.2933017646504126E-003   1.6074096156213917E-003  -2.6476452801772066E-003
   1.3260258862293657E-003   1.6502082702462546E-003  -2.7067841592169060E-003
   1.3592861995377120E-003   1.6930868089736996E-003  -2.7655649595505591E-003
   1.3926720536342793E-003   1.7354023911648759E-003  -2.8246815921714264E-003
   1.4261360294602391E-003   1.7785223791139974E-003  -2.8831694451639960E-003
   1.4607441679621576E-003   1.8210726902491620E-003  -2.9414081590681861E-003
   1.4950942020709888E-003   1.8640626578166938E-003  -2.9994765484888546E-003
   1.5291187951666859E-003   1.9068065068318886E-003  -3.0579170347498682E-003
   1.5639142641793175E-003   1.9482685740093830E-003  -3.1168252032856068E-003
   1.5991696206602494E-003   1.9889477192359247E-003  -3.1760051574544926E-003
   1.6360648359049993E-003   2.0292595615643595E-003  -3.2344320215956001E-003
   1.6741115511065062E-003   2.0699587408658420E-003  -3.2918430332716463E-003
   1.7132542364819126E-003   2.1103140271055841E-003  -3.3487578913160209E-003
   1.7531653547141108E-003   2.1512272785410473E-003  -3.4047329615568729E-003
   1.7932261302598339E-003   2.1920654726016956E-003  -3.4606559100928652E-003
   1.8336013792155860E-003   2.2338297974458638E-003  -3.5156611867217641E-003
   1.8732269008268204E-003   2.2759132740005541E-003  -3.5709675970156647E-003
   1.9137642577716724E-003   2.3173084261322433E-003  -3.6261324778691160E-003
   1.9541704844894671E-003   2.3597395484538271E-003  -3.6806020720313078E-003
   1.9955565223744283E-003   2.4023274576514043E-003  -3.7342067907163508E-003
   2.0360099861227074E-003   2.4465258537280888E-003  -3.7872164037377684E-003
   2.0765195462053247E-003   2.4905824375144950E-003  -3.8403011750795151E-003
   2.1173225267417757E-003   2.5356997317348717E-003  -3.8922583358120769E-003
   2.1579659864017697E-003   2.5811985625619513E-003  -3.9440073992951493E-003
   2.1992688417575776E-003   2.6267945720391691E-003  -3.9951452332501391E-003
   2.2402477003230048E-003   2.6722644533233165E-003  -4.0466546795224160E-003
   2.2819722528669272E-003   2.7177014022410134E-003  -4.0975913597232211E-003
   2.3246767882485224E-003   2.7625553242952008E-003  -4.1482317420268615E-003
   2.3683732104678844E-003   2.8065553109967614E-003  -4.1987750290675965E-003
   2.4126411309745737E-003   2.8504972083322191E-003  -4.2488695482812665E-003
   2.4571323991983145E-003   2.8945794955663952E-003  -4.2986418198586937E-003
   2.5009214095766648E-003   2.9392095494211313E-003  -4.3485485414239983E-003
   2.5463579176168562E-003   2.9835792701634169E-003  -4.3971988407193099E-003
   2.5918674888542412E-003   3.0280403929043840E-003  -4.4456971654056442E-003
   2.6384742172693692E-003   3.0719843600131142E-003  -4.4936214872734739E-003
   2.6857153793152394E-003   3.1169519452736959E-003  -4.5399484651538593E-003
   2.7340695595223685E-003   3.1622424924034917E-003  -4.5847886211354948E-003
   2.7842506644977292E-003   3.2067352132956347E-003  -4.6284034637189058E-003
   2.8356694701171408E-003   3.2506260875159320E-003  -4.6711784281680139E-003
   2.8868804630778604E-003   3.2952431414725253E-003  -4.7134484258750482E-003
   2.9383293646464649E-003   3.3399891624391895E-003  -4.7552910373884257E-003
   2.9911168672923584E-003   3.3842434800294627E-003  -4.7959731580370689E-003
   3.0441711741001636E-003   3.4294194472674956E-003  -4.8352716632473541E-003
   3.0964937390687841E-003   3.4757366081529678E-003  -4.8742212435573581E-003
   3.1494809520544878E-003   3.5226074385158210E-003  -4.9115773745530633E-003
   3.2034401393773513E-003   3.5691479712190123E-003  -4.9479419853971128E-003
   3.2570118439037539E-003   3.6171080223472633E-003  -4.9830120005976792E-003
   3.3110904343291651E-003   3.6653845534720159E-003  -5.0168481144629833E-003
   3.3657058997006266E-003   3.7130880282333174E-003  -5.0506346419089323E-003
   3.4211057799306450E-003   3.7608424128567955E-003  -5.0830440854652157E-003
   3.4761745786562222E-003   3.8096623631592610E-003  -5.1144134949342532E-003
   3.5320368037654636E-003   3.8582005714704291E-003  -5.1448018829812897E-003
   3.5882945460239935E-003   3.9068304845103537E-003  -5.1743010017386865E-003
   3.6451979710086326E-003   3.9563831948177062E-003  -5.2008816171854712E-003
   3.7031020730526310E-003   4.0052270257595361E-003  -5.2265992209251299E-003
   3.7611771787736284E-003   4.0542765196112775E-003  -5.2515277039305169E-003
   3.8186000559923281E-003   4.1044476081065354E-003  -5.2757242956111847E-003
   3.8765881944579725E-003   4.1539901509488565E-003  -5.2998678709458430E-003
   3.9354356512708941E-003   4.2032884809294693E-003  -5.3223767912065623E-003
   3.9941759769926170E-003   4.2529337028288415E-003  -5.3443978284969922E-003
   4.0530533551724514E-003   4.3035346241749890E-003  -5.3637110647383260E-003
   4.1120764190063627E-003   4.3543113626565684E-003  -5.3820958620185225E-003
   4.1701523178244524E-003   4.4061627955792396E-003  -5.4004974618669247E-003
   4.2288349164160272E-003   4.4580038302429259E-003  -5.4168944054252370E-003
   4.2874444003432174E-003   4.5100029596944965E-003  -5.4330504850473478E-003
   4.3458750335804985E-003   4.5625690545198650E-003  -5.4479725084542237E-003
   4.4049283783670484E-003   4.6146346981432891E-003  -5.4621806477727517E-003
   4.4651545235193692E-003   4.6654678745488200E-003  -5.4759210852015263E-003
   4.5255484005590268E-003   4.7165152511340399E-003  -5.4880349184108761E-003
   4.5861576332201451E-003   4.7675934663534859E-003  -5.4988763596208650E-003
   4.6467331565998634E-003   4.8189087442449974E-003  -5.5087428798795491E-003
   4.7071415245565065E-003   4.8706030731816884E-003  -5.5176043375590404E-003
   4.7670986668886780E-003   4.9230455958469256E-003  -5.5250153361645670E-003
   4.8275004601554383E-003   4.9752133932007090E-003  -5.5305057182295858E-003
   4.8873364816132839E-003   5.0281177598792935E-003  -5.5350640641950739E-003
   4.9480530674363594E-003   5.0801172255797626E-003  -5.5381546593156238E-003
   5.0090344446900416E-003   5.1318240165950275E-003  -5.5409258302215863E-003
   5.0702768036157550E-003   5.1832918921960762E-003  -5.5415825357896182E-003
   5.1321815491026353E-003   5.2339653743004319E-003  -5.5416090181960734E-003
   5.1942168660658776E-003   5.2844724641649783E-003  -5.5424172998031788E-003
   5.2561065808332036E-003   5.3351569637799124E-003  -5.5432802678430275E-003
   5.3187429613625898E-003   5.3849220982103499E-003  -5.5429408160061876E-003
   5.3809285207501627E-003   5.4352257280907892E-003  -5.5413593551557122E-003
   5.4430751762579201E-003   5.4855664782130992E-003  -5.5394614382218233E-003
   5.5048438691107154E-003   5.5362867296464497E-003  -5.5359851354536936E-003
   5.5664724876574798E-003   5.5870882746371980E-003  -5.5313898773349445E-003
   5.6279886443161608E-003   5.6379946246058995E-003  -5.5264597652617473E-003
   5.6890375765854245E-003   5.6892853406983650E-003  -5.5199566648788433E-003
   5.7501904645800676E-003   5.7403673942939739E-003  -5.5128188716168985E-003
   5.8117467725968654E-003   5.7906706961026091E-003  -5.5038523355259569E-003
   5.8730208069598944E-003   5.8412714407324500E-003  -5.4946296810603609E-003
   5.9349615799865439E-003   5.8909438437763986E-003  -5.4848320785303205E-003
   5.9972008572543667E-003   5.9399696535547188E-003  -5.4737531642350774E-003
   6.0590820796491557E-003   5.9892030159296944E-003  -5.4616374577202342E-003
   6.1210739825217596E-003   6.0379119951029497E-003  -5.4480566135681266E-003
   6.1833804798724808E-003   6.0857934274899540E-003  -5.4330476556706635E-003
   6.2450702093424662E-003   6.1339372845881064E-003  -5.4164179742823308E-003
   6.3066686904240440E-003   6.1820166845907663E-003  -5.3992715921672022E-003
   6.3675439566235302E-003   6.2309650070130921E-003  -5.3820012793776659E-003
   6.4278518266059513E-003   6.2803719563494544E-003  -5.3640593126010614E-003
   6.4877861415158274E-003   6.3298110097735390E-003  -5.3449894963540894E-003
   6.5478238335978873E-003   6.3787568640935183E-003  -5.3249950251337838E-003
   6.6082482026124855E-003   6.4269543242263258E-003  -5.3043576690495033E-003
   6.6685469258549309E-003   6.4746900423998865E-003  -5.2823266639611677E-003
   6.7289912540749071E-003   6.5222624875282678E-003  -5.2603415405769625E-003
   6.7893305208877952E-003   6.5696107026073178E-003  -5.2375968838392671E-003
   6.8493473792504396E-003   6.6167051946083846E-003  -5.2135119189054323E-003
   6.9098513016673377E-003   6.6629532780903425E-003  -5.1890090589792395E-003
   6.9697186482375779E-003   6.7092746618827017E-003  -5.1631202540839728E-003
   7.0292716466271903E-003   6.7552453821242949E-003  -5.1359148637127759E-003
   7.0887615172218598E-003   6.8008500802123764E-003  -5.1079655021227461E-003
   7.1485633482664037E-003   6.8458214058469968E-003  -5.0796578906209065E-003
   7.2080449343871920E-003   6.8906257686099093E-003  -5.0504258876835698E-003
   7.2672004313551917E-003   6.9349064184991149E-003  -5.0197688947465052E-003
   7.3261297865755623E-003   6.9794709639825012E-003  -4.9890877541318287E-003
   7.3852241244000590E-003   7.0227269446490022E-003  -4.9568886957046168E-003
   7.4437845177170066E-003   7.0664121358585000E-003  -4.9242959907296264E-003
   7.5023118807085029E-003   7.1096957751574773E-003  -4.8911135505946782E-003
   7.5609364969163569E-003   7.1530723938770194E-003  -4.8582255081873653E-003
   7.6196405293630426E-003   7.1961070093002370E-003  -4.8250312548766836E-003
   7.6774256984798971E-003   7.2400113457200006E-003  -4.7913669790775291E-003
   7.7346253010009232E-003   7.2843538456537921E-003  -4.7572796180986778E-003
   7.7922283557437791E-003   7.3278011786236316E-003  -4.7227221681937310E-003
   7.8492622417594311E-003   7.3717869773606151E-003  -4.6879028439169813E-003
   7.9054705415316298E-003   7.4154039207788881E-003  -4.6513215742420601E-003
   7.9614642632434649E-003   7.4582016721587516E-003  -4.6134658533886781E-003
   8.0172189726565764E-003   7.5001834983845495E-003  -4.5743642082548925E-003
   8.0730805069004260E-003   7.5418863831099277E-003  -4.5351168084236228E-003
   8.1285924193199490E-003   7.5835125158594183E-003  -4.4952960519578497E-003
   8.1841452681581123E-003   7.6251380990089513E-003  -4.4555318491323716E-003
   8.2385311356543839E-003   7.6670041868624871E-003  -4.4144294392250306E-003
   8.2929971365067502E-003   7.7083890399877062E-003  -4.3729475313512662E-003
   8.3478356593074711E-003   7.7489158667153205E-003  -4.3311107923681659E-003
   8.4018907956676329E-003   7.7896175348415612E-003  -4.2884327366062491E-003
   8.4554169881238834E-003   7.8302433525033934E-003  -4.2450220274500572E-003
   8.5083609271163815E-003   7.8700706419113451E-003  -4.2001809040861831E-003
   8.5612356390987743E-003   7.9099693280710783E-003  -4.1553215720165227E-003
   8.6147664065159071E-003   7.9488587869800103E-003  -4.1103541736234100E-003
   8.6683987209156422E-003   7.9860003488090078E-003  -4.0640499703190492E-003
   8.7208053419368364E-003   8.0232788347570135E-003  -4.0164699266584565E-003
   8.7736907627828202E-003   8.0603189982620983E-003  -3.9692347855089178E-003
   8.8264685483803989E-003   8.0972591769126606E-003  -3.9218013738439913E-003
   8.8785643555974909E-003   8.1354352636660628E-003  -3.8745931831012490E-003
   8.9313116614730906E-003   8.1731236927658699E-003  -3.8277177733631140E-003
   8.9842013197219302E-003   8.2099460560809481E-003  -3.7803173767030833E-003
   9.0368972539672434E-003   8.2463452640759924E-003  -3.7323774541911758E-003
   9.0896473360966620E-003   8.2816980309997987E-003  -3.6837193540702261E-003
   9.1426274154796233E-003   8.3160686634611916E-003  -3.6346095708358604E-003
   9.1951335560042907E-003   8.3503106983191938E-003  -3.5849045583731007E-003
   9.2457805718596364E-003   8.3850869389218274E-003  -3.5336649947844689E-003
   9.2965460274758299E-003   8.4193388398018619E-003  -3.4821899931394128E-003
   9.3470029370263507E-003   8.4517228987111594E-003  -3.4292242210006451E-003
   9.3980397993134093E-003   8.4833094237140236E-003  -3.3763325380389681E-003
   9.4484517517088550E-003   8.5139861699288482E-003  -3.3223179817230076E-003
   9.4991487762434643E-003   8.5444906918928105E-003  -3.2684729649287399E-003
   9.5494759700980140E-003   8.5752006405562103E-003  -3.2143982700693751E-003
   9.6000737934544556E-003   8.6057170083788850E-003  -3.1604667249192854E-003
   9.6501009534102015E-003   8.6361836373468111E-003  -3.1059775720025306E-003
   9.6989672134496201E-003   8.6668750764281339E-003  -3.0505688705271304E-003
   9.7478277312054822E-003   8.6966171661220799E-003  -2.9946398270631158E-003
   9.7963851248885608E-003   8.7273851837594858E-003  -2.9390025319495222E-003
   9.8443653799787055E-003   8.7583681095283420E-003  -2.8829850933118060E-003
   9.8914307583492702E-003   8.7882427554395424E-003  -2.8256060405797909E-003
   9.9381699918057176E-003   8.8175687214518718E-003  -2.7676799516984170E-003
   9.9851758513385038E-003   8.8462703190004700E-003  -2.7096569608580801E-003
   1.0032035213353954E-002   8.8736348794458408E-003  -2.6508744718684299E-003
   1.0079406871625115E-002   8.9003843743178657E-003  -2.5922196295475484E-003
   1.0126399318748982E-002   8.9258081435401281E-003  -2.5326768560980165E-003
   1.0172706711211418E-002   8.9507549102034300E-003  -2.4724001256287756E-003
   1.0219603032881169E-002   8.9753297951399389E-003  -2.4124267144795567E-003
   1.0265446862996091E-002   9.0003952695315997E-003  -2.3518456511721366E-003
   1.0310650013990764E-002   9.0241284839384251E-003  -2.2902549889635537E-003
   1.0355422584984290E-002   9.0476525002113860E-003  -2.2282708173297725E-003
   1.0399921457556541E-002   9.0714093709098990E-003  -2.1661784551575687E-003
   1.0444492916141050E-002   9.0956623130693907E-003  -2.1043304165410293E-003
   1.0488519100209232E-002   9.1200708918551567E-003  -2.0421539225830712E-003
   1.0532980020010525E-002   9.1446469131137992E-003  -1.9803538757934172E-003
   1.0577158387419577E-002   9.1701632434182893E-003  -1.9187325423119213E-003
   1.0621208202974889E-002   9.1966301625460590E-003  -1.8574209125464807E-003
   1.0665449388905637E-002   9.2227757143797089E-003  -1.7961091877851142E-003
   1.0709707152332886E-002   9.2489978245749831E-003  -1.7348421386908324E-003
   1.0753604544249775E-002   9.2746195546764328E-003  -1.6730639391911693E-003
   1.0797030299518900E-002   9.2987697776270375E-003  -1.6103664869897200E-003
   1.0841070418630210E-002   9.3227932483207036E-003  -1.5480500303587802E-003
   1.0885479439702072E-002   9.3470359788006916E-003  -1.4860812570600002E-003
   1.0929787506014877E-002   9.3708192126328964E-003  -1.4238626662011796E-003
   1.0974326655600298E-002   9.3943128066884055E-003  -1.3616990499044689E-003
   1.1018561974868125E-002   9.4164588015492965E-003  -1.2988278208607084E-003
   1.1062923935448646E-002   9.4385642318941410E-003  -1.2360315916595595E-003
   1.1107916999741235E-002   9.4592777267466406E-003  -1.1732098176193556E-003
   1.1153306820441323E-002   9.4799382387524174E-003  -1.1106565809151790E-003
   1.1199309809053103E-002   9.5013463318945075E-003  -1.0488066125464610E-003
   1.1244721922084590E-002   9.5212897976077182E-003  -9.8603720781721672E-004
   1.1290132348306042E-002   9.5415742064565330E-003  -9.2337592836978788E-004
   1.1335767321954092E-002   9.5604644366406588E-003  -8.6044256373916201E-004
   1.1381936546186853E-002   9.5783926887078371E-003  -7.9761756464225442E-004
   1.1428936264485334E-002   9.5958531818390001E-003  -7.3527851059804476E-004
   1.1475815161030108E-002   9.6127272534419252E-003  -6.7268749876429554E-004
   1.1521674197113788E-002   9.6291428744037563E-003  -6.0922509888893472E-004
   1.1568012808509656E-002   9.6461515714818952E-003  -5.4626926261553527E-004
   1.1615890837412331E-002   9.6624018524869310E-003  -4.8427230533000125E-004
   1.1664225490490950E-002   9.6779171731678701E-003  -4.2244159990207047E-004
   1.1712935494076954E-002   9.6940285232586781E-003  -3.6105951825383774E-004
   1.1762579225676691E-002   9.7103381361880303E-003  -3.0048314958087182E-004
   1.1813315425329126E-002   9.7275320045307704E-003  -2.4106758819083930E-004
   1.1863475943526514E-002   9.7447339771944939E-003  -1.8116755022069277E-004
   1.1913292495448322E-002   9.7622843752423905E-003  -1.2108182242083342E-004
   1.1962778573755231E-002   9.7791665304618556E-003  -6.0533322111129427E-005
   1.2012500000009627E-002   9.7953991113081309E-003   7.9754213220073768E-015
