   3.5527136787899649E-015   3.5421283062120052E-015   7.1340190668706386E-015
   2.8068865869876185E-005   3.9262429645137248E-005  -6.3801256930510566E-005
   5.6034737417821975E-005   7.9239152216876776E-005  -1.2720292627162874E-004
   8.4540690891293612E-005   1.1902458822762285E-004  -1.9048427972634307E-004
   1.1357791080679423E-004   1.5914135948531146E-004  -2.5331328991696399E-004
   1.4242724489502032E-004   2.0011378794996019E-004  -3.1567494504967605E-004
   1.7077256267207476E-004   2.4182201502189732E-004  -3.7777942762414314E-004
   1.9838545078340689E-004   2.8358949372831821E-004  -4.4017338666758665E-004
   2.2606783671499234E-004   3.2561122655949291E-004  -5.0236550417017572E-004
   2.5448128788656792E-004   3.6792540004381579E-004  -5.6402737664767316E-004
   2.8291941189163529E-004   4.1123800047252536E-004  -6.2498056976526125E-004
   3.1092034860109001E-004   4.5397168536914659E-004  -6.8654175656998238E-004
   3.3932821337899916E-004   4.9535680866038124E-004  -7.4883352797216693E-004
   3.6617930059165297E-004   5.3773703301436722E-004  -8.1114673443504804E-004
   3.9370108253232152E-004   5.8105158910637476E-004  -8.7251774344660534E-004
   4.2164197784766970E-004   6.2478775950098209E-004  -9.3339839536827295E-004
   4.5046326846549833E-004   6.6830315922594794E-004  -9.9402630304189546E-004
   4.7846656106208832E-004   7.1126748161916145E-004  -1.0554256727575279E-003
   5.0651835514666746E-004   7.5372884343588033E-004  -1.1171519200104830E-003
   5.3575547837064362E-004   7.9604448174033034E-004  -1.1784265262666073E-003
   5.6473390246578623E-004   8.3874849758716998E-004  -1.2395544083850091E-003
   5.9332554440039457E-004   8.8198767977161767E-004  -1.3004879062126482E-003
   6.2274445864026568E-004   9.2476516580524716E-004  -1.3613534478613546E-003
   6.5305221915883832E-004   9.6798631880119746E-004  -1.4214647744256678E-003
   6.8334796607572783E-004   1.0108231047157266E-003  -1.4818566405133675E-003
   7.1496373372061757E-004   1.0535504915889357E-003  -1.5416463858549251E-003
   7.4623168958850997E-004   1.0969981152859822E-003  -1.6010990470882829E-003
   7.7719348728715087E-004   1.1397539678150621E-003  -1.6612098128759262E-003
   8.0815161686014620E-004   1.1825892260043502E-003  -1.7212659105019670E-003
   8.3993594172644941E-004   1.2252022192344751E-003  -1.7810479270028692E-003
   8.7133615595918589E-004   1.2683583451583147E-003  -1.8406430220572242E-003
   9.0192745019966028E-004   1.3117153512688055E-003  -1.9005124026330806E-003
   9.3306440012030098E-004   1.3554925318973261E-003  -1.9597918155976756E-003
   9.6349741039705803E-004   1.3990245472806019E-003  -2.0196148505426158E-003
   9.9355583969698764E-004   1.4434892778455667E-003  -2.0789392010975671E-003
   1.0225420637712580E-003   1.4886250127637429E-003  -2.1382903953199488E-003
   1.0518623543737536E-003   1.5341606267715165E-003  -2.1971701745707116E-003
   1.0819484627499318E-003   1.5807873150032248E-003  -2.2547963667731582E-003
   1.1126358808128617E-003   1.6272979156164860E-003  -2.3121988615115185E-003
   1.1427020756512665E-003   1.6746571001607202E-003  -2.3692350918505948E-003
   1.1732292999149098E-003   1.7214836098482190E-003  -2.4264659102447676E-003
   1.2036209866346807E-003   1.7685082868581577E-003  -2.4836063087251429E-003
   1.2340822336016808E-003   1.8160685971278362E-003  -2.5402643117512849E-003
   1.2655596692427683E-003   1.8638804239908522E-003  -2.5961499113486427E-003
   1.2977357682167350E-003   1.9116122890655304E-003  -2.6517049986398730E-003
   1.3301315051096700E-003   1.9590183344014378E-003  -2.7074112200081448E-003
   1.3635652073418427E-003   2.0059266400643343E-003  -2.7629251678178588E-003
   1.3978324290257601E-003   2.0525789188494000E-003  -2.8181458381117287E-003
   1.4329434763522954E-003   2.0994079008014367E-003  -2.8726826221169874E-003
   1.4684450854344324E-003   2.1469771773490304E-003  -2.9263184280651435E-003
   1.5031304520152517E-003   2.1956085218270377E-003  -2.9795341933801806E-003
   1.5384925450523284E-003   2.2441644691644259E-003  -3.0323720807966439E-003
   1.5732266766208080E-003   2.2931840358867885E-003  -3.0851984205879581E-003
   1.6078633709841650E-003   2.3427258888031738E-003  -3.1375997966031498E-003
   1.6429170721011543E-003   2.3917668502875739E-003  -3.1901946836816780E-003
   1.6797116550244142E-003   2.4407536024098971E-003  -3.2416384080226368E-003
   1.7166480673467877E-003   2.4902417909362291E-003  -3.2924972385790213E-003
   1.7538700559669032E-003   2.5401984918622849E-003  -3.3426854006363346E-003
   1.7916513005817503E-003   2.5893362783803850E-003  -3.3932626235029018E-003
   1.8288445459649714E-003   2.6381802978225725E-003  -3.4445551597071895E-003
   1.8669090748548100E-003   2.6871262747521782E-003  -3.4951059556460602E-003
   1.9061484725433023E-003   2.7355343225448693E-003  -3.5452749758168142E-003
   1.9444902552264022E-003   2.7851030944519195E-003  -3.5950026800666709E-003
   1.9840110925168171E-003   2.8344877586446004E-003  -3.6439849048409021E-003
   2.0247132894220363E-003   2.8833021529703477E-003  -3.6925697387247963E-003
   2.0657444272612771E-003   2.9318683728847242E-003  -3.7411265920202692E-003
   2.1074894719456073E-003   2.9808285208710169E-003  -3.7886687328619788E-003
   2.1484026126753412E-003   3.0315195278065223E-003  -3.8351072593254625E-003
   2.1896938940075845E-003   3.0816532123799007E-003  -3.8818153288517612E-003
   2.2310123788494276E-003   3.1316991254907271E-003  -3.9285934153551524E-003
   2.2728721334289979E-003   3.1825740667791370E-003  -3.9739751441109110E-003
   2.3150885114470166E-003   3.2344755638620852E-003  -4.0178387054143156E-003
   2.3569097067332868E-003   3.2866084249799179E-003  -4.0618063347617871E-003
   2.3981741356099220E-003   3.3395381685315736E-003  -4.1053458472926864E-003
   2.4397104061871801E-003   3.3927809531170651E-003  -4.1482404171038541E-003
   2.4814548038384664E-003   3.4455616194360608E-003  -4.1915024851852745E-003
   2.5231638641733541E-003   3.4984150594548459E-003  -4.2347097550526486E-003
   2.5651270345399993E-003   3.5512603207783571E-003  -4.2776803343318398E-003
   2.6071753251633578E-003   3.6040621634551681E-003  -4.3206210685694654E-003
   2.6495936994823761E-003   3.6565895428942287E-003  -4.3635344223405606E-003
   2.6918908054198638E-003   3.7087058836166240E-003  -4.4070642035692999E-003
   2.7344541785018915E-003   3.7609223758597217E-003  -4.4502127518602202E-003
   2.7775148287209356E-003   3.8136656577643169E-003  -4.4922118782776341E-003
   2.8213973269320424E-003   3.8661275261876178E-003  -4.5337098145361047E-003
   2.8662970606373713E-003   3.9177302408018215E-003  -4.5751968457159184E-003
   2.9120053108835173E-003   3.9692935668578927E-003  -4.6158413935569950E-003
   2.9581371626927274E-003   4.0218701651891465E-003  -4.6546686205820751E-003
   3.0045833868951213E-003   4.0746170801697424E-003  -4.6928852559657702E-003
   3.0518197459119623E-003   4.1273860198334320E-003  -4.7300896292281173E-003
   3.0993565767310732E-003   4.1801352150958272E-003  -4.7669375886857440E-003
   3.1466758445917262E-003   4.2336925239032028E-003  -4.8028889664244769E-003
   3.1953756839088695E-003   4.2862745738989089E-003  -4.8384340600475658E-003
   3.2452781201736708E-003   4.3385836781401300E-003  -4.8726905114020750E-003
   3.2949045099606028E-003   4.3918619811447917E-003  -4.9058363083295201E-003
   3.3464819460489203E-003   4.4446298731978806E-003  -4.9367445219409972E-003
   3.3982283190230615E-003   4.4979092193103481E-003  -4.9664703382147121E-003
   3.4499036634195908E-003   4.5515366256358349E-003  -4.9956895111845324E-003
   3.5019104600987347E-003   4.6052676190672728E-003  -5.0241196617400955E-003
   3.5545572103236017E-003   4.6593348536691816E-003  -5.0506725115130168E-003
   3.6080741848704008E-003   4.7130472017228005E-003  -5.0761855882745736E-003
   3.6617664437927641E-003   4.7670691061735670E-003  -5.1006554712915726E-003
   3.7166136027167560E-003   4.8204423047724645E-003  -5.1239597806767142E-003
   3.7715458745914781E-003   4.8743816783928780E-003  -5.1457081019138243E-003
   3.8282567590369608E-003   4.9271936845961583E-003  -5.1655768611209704E-003
   3.8850326746348884E-003   4.9804922173935697E-003  -5.1839006654826126E-003
   3.9414512631042783E-003   5.0342885445721257E-003  -5.2018700301835665E-003
   3.9995561026897834E-003   5.0867524683829556E-003  -5.2183431687373091E-003
   4.0583694094204299E-003   5.1386566357209977E-003  -5.2340578870791145E-003
   4.1176228237253228E-003   5.1901930038976054E-003  -5.2493233922349686E-003
   4.1770090363883071E-003   5.2415185417398905E-003  -5.2647819469800313E-003
   4.2367900964725034E-003   5.2927519162087773E-003  -5.2789723025423330E-003
   4.2975636187668996E-003   5.3429819286303394E-003  -5.2925194366044825E-003
   4.3586527919984384E-003   5.3930375919274210E-003  -5.3052686909178222E-003
   4.4200381389267870E-003   5.4431280051845405E-003  -5.3163497413150317E-003
   4.4807091038156855E-003   5.4941397865953603E-003  -5.3271586347452974E-003
   4.5416456144618525E-003   5.5452261498194193E-003  -5.3359293341831045E-003
   4.6020967461266622E-003   5.5968496970897619E-003  -5.3449109845414627E-003
   4.6622312809018965E-003   5.6490387859948893E-003  -5.3526657722225129E-003
   4.7221479125966227E-003   5.7016494055617479E-003  -5.3591557608303449E-003
   4.7818845197447101E-003   5.7545718701725087E-003  -5.3647010754179492E-003
   4.8421667129835986E-003   5.8068478211107614E-003  -5.3704701425377286E-003
   4.9022052498079909E-003   5.8595149743460575E-003  -5.3751118084653963E-003
   4.9621918044936543E-003   5.9123549847363696E-003  -5.3782015605538299E-003
   5.0226121838430077E-003   5.9647555976944803E-003  -5.3800866385742448E-003
   5.0835267794647927E-003   6.0165919421924481E-003  -5.3816375812644627E-003
   5.1437141593225011E-003   6.0692937192495808E-003  -5.3815928240743029E-003
   5.2039328866759355E-003   6.1219555868363799E-003  -5.3809351148846980E-003
   5.2643987101116041E-003   6.1743338059304046E-003  -5.3802976547896366E-003
   5.3250190138981251E-003   6.2265018642673736E-003  -5.3783812883198374E-003
   5.3862005204379036E-003   6.2779693515856152E-003  -5.3755668594581297E-003
   5.4472176204740375E-003   6.3295551041537244E-003  -5.3715889658784623E-003
   5.5081465767800051E-003   6.3811069708733887E-003  -5.3661055982820840E-003
   5.5695319490756089E-003   6.4319827683537089E-003  -5.3595109566305019E-003
   5.6313411062227968E-003   6.4823417566951189E-003  -5.3529078975922441E-003
   5.6926276688373271E-003   6.5330152091964949E-003  -5.3441810163796745E-003
   5.7541577710364762E-003   6.5833420259710741E-003  -5.3351666923980093E-003
   5.8156489897011523E-003   6.6336423617759507E-003  -5.3257482930226209E-003
   5.8777401301015149E-003   6.6826880058765432E-003  -5.3139493492027814E-003
   5.9400868605377997E-003   6.7312853199073732E-003  -5.3016535664160381E-003
   6.0021803161165281E-003   6.7801308812691823E-003  -5.2890633358655516E-003
   6.0648627154217451E-003   6.8277202808224562E-003  -5.2747048584316841E-003
   6.1276884166701680E-003   6.8745977750435845E-003  -5.2587226247168507E-003
   6.1901510366222457E-003   6.9217354317457824E-003  -5.2420954653620766E-003
   6.2529132070846920E-003   6.9683935575814574E-003  -5.2252452648482396E-003
   6.3160647784478866E-003   7.0146169501546915E-003  -5.2086537907206120E-003
   6.3783134380913965E-003   7.0614126239818328E-003  -5.1903434307285501E-003
   6.4401708915176395E-003   7.1082098476341685E-003  -5.1707557990773329E-003
   6.5018197954631856E-003   7.1548390283327490E-003  -5.1501370660782140E-003
   6.5637381839276088E-003   7.2004874233864676E-003  -5.1281748895164138E-003
   6.6253167991930139E-003   7.2464287951680582E-003  -5.1058709773236753E-003
   6.6866335758016234E-003   7.2923448656787996E-003  -5.0828065593630876E-003
   6.7478391489939546E-003   7.3383656808799517E-003  -5.0596556980330902E-003
   6.8084729810274879E-003   7.3843861468359936E-003  -5.0350456364620568E-003
   6.8690849439807565E-003   7.4299090415478530E-003  -5.0094750283638410E-003
   6.9292046428826347E-003   7.4756189682752263E-003  -4.9830889637010210E-003
   6.9892412050322457E-003   7.5209469614100962E-003  -4.9558679380846595E-003
   7.0494600214673422E-003   7.5656066199726556E-003  -4.9279536217841620E-003
   7.1096740212173186E-003   7.6109445028109098E-003  -4.9011440972856497E-003
   7.1700739873012528E-003   7.6554497978851390E-003  -4.8733749989670989E-003
   7.2312428572205902E-003   7.6987516231511706E-003  -4.8453871218690023E-003
   7.2927677222902349E-003   7.7410223274694571E-003  -4.8166142432321049E-003
   7.3540567835049375E-003   7.7837006904825307E-003  -4.7879400682837563E-003
   7.4153894200271828E-003   7.8261708157243669E-003  -4.7590506904692468E-003
   7.4765288919565404E-003   7.8681643575747393E-003  -4.7290755770845565E-003
   7.5376151399851798E-003   7.9095344294805598E-003  -4.6981403632628061E-003
   7.5983414888076070E-003   7.9509262615816007E-003  -4.6665329783396447E-003
   7.6593539069070267E-003   7.9910580939526500E-003  -4.6338692235704934E-003
   7.7198233171189351E-003   8.0316761880560306E-003  -4.6007992847184659E-003
   7.7801730082415433E-003   8.0722749665222433E-003  -4.5674878155858613E-003
   7.8398919461076938E-003   8.1131350694843354E-003  -4.5333688993954803E-003
   7.8998569815783137E-003   8.1546690739013397E-003  -4.5005189223525695E-003
   7.9599533893937244E-003   8.1955276009803065E-003  -4.4670674269363048E-003
   8.0208362404721179E-003   8.2340841332902252E-003  -4.4323302385573821E-003
   8.0810269055286484E-003   8.2723833989275537E-003  -4.3961328617258214E-003
   8.1407308525271258E-003   8.3097591862726691E-003  -4.3582054411757465E-003
   8.1997396728340465E-003   8.3467939284249063E-003  -4.3188813137427897E-003
   8.2585821917527339E-003   8.3833318982321995E-003  -4.2788496420487201E-003
   8.3174557159039677E-003   8.4192093940015054E-003  -4.2382699247818182E-003
   8.3770907405907417E-003   8.4539490423615644E-003  -4.1978122844556921E-003
   8.4363367934948523E-003   8.4872633469792891E-003  -4.1556214997297255E-003
   8.4951712277917431E-003   8.5202898324004735E-003  -4.1126359136763662E-003
   8.5535472656859835E-003   8.5528095861552161E-003  -4.0686506455555891E-003
   8.6120083975880155E-003   8.5850853972332889E-003  -4.0245987660738926E-003
   8.6699475678701753E-003   8.6170025891706449E-003  -3.9796060400026194E-003
   8.7272290778328664E-003   8.6481737864868066E-003  -3.9332683115629388E-003
   8.7838380898285027E-003   8.6783089980638842E-003  -3.8854427034922421E-003
   8.8403893803753724E-003   8.7078974546070161E-003  -3.8372091594562618E-003
   8.8966428453198347E-003   8.7372220787513433E-003  -3.7884688876111800E-003
   8.9525321709674269E-003   8.7659626850179872E-003  -3.7389677681149611E-003
   9.0086528216470896E-003   8.7940620451919405E-003  -3.6893603238983045E-003
   9.0647684874788186E-003   8.8215084448154350E-003  -3.6393830570285810E-003
   9.1196467824256472E-003   8.8492775898458796E-003  -3.5882240174519727E-003
   9.1743628935062899E-003   8.8767476583127402E-003  -3.5367308866600016E-003
   9.2283104165271149E-003   8.9044367611964322E-003  -3.4845487215793840E-003
   9.2828237350619947E-003   8.9296230648399193E-003  -3.4316909103172598E-003
   9.3365185242911038E-003   8.9533290030001898E-003  -3.3773319358755558E-003
   9.3901315138742222E-003   8.9762606221793651E-003  -3.3225616138006435E-003
   9.4425502076879060E-003   8.9983601020983076E-003  -3.2663131157006902E-003
   9.4949753916531033E-003   9.0198619066304414E-003  -3.2098394715482223E-003
   9.5465912458126776E-003   9.0409112763350733E-003  -3.1524571778159313E-003
   9.5972627370294016E-003   9.0616481054959751E-003  -3.0941272207051233E-003
   9.6478587649817590E-003   9.0830024506855025E-003  -3.0359547710882163E-003
   9.6981775570992839E-003   9.1036506310704333E-003  -2.9772890076084071E-003
   9.7493451487770388E-003   9.1241790197610102E-003  -2.9193195085685715E-003
   9.8007404926060866E-003   9.1451264019210571E-003  -2.8617024467264920E-003
   9.8517755464095063E-003   9.1648997075124798E-003  -2.8033548703499814E-003
   9.9027346680469804E-003   9.1854558179959751E-003  -2.7452118205336254E-003
   9.9533979158360937E-003   9.2060189863678553E-003  -2.6868132638839535E-003
   1.0004259389262601E-002   9.2262793275409531E-003  -2.6284812048823387E-003
   1.0054513148708524E-002   9.2459752861266935E-003  -2.5694335218200528E-003
   1.0104967279656317E-002   9.2643500012453452E-003  -2.5101313252802954E-003
   1.0155162471653361E-002   9.2822298698963471E-003  -2.4504592799154084E-003
   1.0205420875165532E-002   9.2998621749833497E-003  -2.3907667787841846E-003
   1.0256520062230901E-002   9.3154051013906291E-003  -2.3312076441599047E-003
   1.0306130184701371E-002   9.3310327082109148E-003  -2.2704243105762423E-003
   1.0356645467602277E-002   9.3458112302610401E-003  -2.2101764767130071E-003
   1.0407007023362150E-002   9.3612325313968923E-003  -2.1499610536285952E-003
   1.0456685878314453E-002   9.3764493632340525E-003  -2.0891296521793595E-003
   1.0506208645851230E-002   9.3916442967424182E-003  -2.0281656506304260E-003
   1.0555676593661301E-002   9.4059965667429857E-003  -1.9669534420079788E-003
   1.0604661232039495E-002   9.4207093567425324E-003  -1.9054388988786926E-003
   1.0652985201246265E-002   9.4351668233530230E-003  -1.8433440064491886E-003
   1.0701516249271936E-002   9.4502963232281426E-003  -1.7815715562593877E-003
   1.0750061201470913E-002   9.4656917841747738E-003  -1.7198757913952098E-003
   1.0798939711640984E-002   9.4810153391504861E-003  -1.6584259752176426E-003
   1.0848455513359563E-002   9.4956525929332566E-003  -1.5973200329172626E-003
   1.0897184444607627E-002   9.5104887564009810E-003  -1.5356322747248109E-003
   1.0945666537728074E-002   9.5258775572262672E-003  -1.4738854411523769E-003
   1.0993409238833332E-002   9.5411372633483846E-003  -1.4115334094396271E-003
   1.1040711582709729E-002   9.5555968289068038E-003  -1.3486572674758050E-003
   1.1087168756769690E-002   9.5695062593692988E-003  -1.2850313394139196E-003
   1.1133140292875446E-002   9.5838193389814353E-003  -1.2211427362278703E-003
   1.1179509468097480E-002   9.5980998282298047E-003  -1.1575348183420410E-003
   1.1225349637862321E-002   9.6121151383163142E-003  -1.0934860094576832E-003
   1.1271366575796984E-002   9.6253371373145394E-003  -1.0293952911724837E-003
   1.1317375526272176E-002   9.6387265592959813E-003  -9.6533360333090181E-004
   1.1362579885183232E-002   9.6510554097620233E-003  -9.0049098322888448E-004
   1.1408826585243195E-002   9.6624060339306640E-003  -8.3620719005774000E-004
   1.1454652650315015E-002   9.6731559894739604E-003  -7.7152017269327498E-004
   1.1500122353057123E-002   9.6823492125141953E-003  -7.0634356048682482E-004
   1.1545449440983428E-002   9.6919371228563426E-003  -6.4112449061089693E-004
   1.1591683817242708E-002   9.7006947534026260E-003  -5.7642760998786525E-004
   1.1638676981826458E-002   9.7101018715183927E-003  -5.1237178583286120E-004
   1.1685697430874754E-002   9.7199536597955584E-003  -4.4840288997845799E-004
   1.1732629451566588E-002   9.7295675550502728E-003  -3.8433294031081687E-004
   1.1779890537451166E-002   9.7403621685534566E-003  -3.2069438216413162E-004
   1.1827262069454890E-002   9.7513560501048778E-003  -2.5717216146094093E-004
   1.1874028223539248E-002   9.7620272127184275E-003  -1.9314831341307379E-004
   1.1920678829637949E-002   9.7724342054379774E-003  -1.2899680949106948E-004
   1.1967034146932844E-002   9.7840389853467279E-003  -6.4836746815235603E-005
   1.2012500000009533E-002   9.7953991113081621E-003   7.9746553864453653E-015
