  0.82411042381772937       -4.5282055044351885E-002  0.56461628106699324     
  0.84751966130154632      -0.16070371865143274       0.50585051005105475     
  0.82053869111418709       -6.2327710775954698E-002  0.56818264040187416     
  0.79109564341327854       -2.1119072246648593E-002  0.61132779076365507     
  0.80634685927730443        1.1927433895707801E-002  0.59132265207269874     
  0.82402126950147991       0.13307275424146234       0.55070916960566318     
  0.88496477549431418        9.0543735443242818E-002  0.45677037787742114     
  0.89939137303461658       0.10702079152833974       0.42384160755116107     
  0.90163249968545722       0.12608265008402905       0.41371729581773892     
  0.86129713862955237       -2.2601341040412504E-002  0.50759867845742135     
  0.89930110339700875       0.11134944638776259       0.42291704413284315     
  0.89128832983792361        9.4079308798337771E-002  0.44356983300349684     
  0.89352478824578829       0.12906987839071904       0.43006327358020752     
  0.81729870039553598       0.11155854035105869       0.56531188419005363     
  0.78672487652037448       0.16574584086221916       0.59463626268575254     
  0.75076279775003452       0.20269895959120152       0.62870370866981817     
  0.70997087573248874       0.17773143510324851       0.68143443748300703     
  0.72113431587779242       0.19921750323382889       0.66353423790242050     
  0.69958301399685308       0.21114536480584445       0.68264283593112263     
  0.60834312832349990       0.21560992864662556       0.76382654895635482     
  0.66664462416590631       0.36313883372089834       0.65093404620938633     
  0.61444137267617338       0.48603958579307122       0.62147189846840223     
  0.51523857119169802       0.48582718265571501       0.70604614817244638     
  0.47967696477868427       0.51211925002410064       0.71249132150185635     
  0.59015149468156214       0.55480226824644485       0.58644322527736370     
  0.68902621837423572       0.37926087144112025       0.61757919474883705     
  0.64931326070742967       0.48928934698418619       0.58222695265443902     
  0.61071685900732786       0.43452110267082622       0.66197910046915520     
  0.62334044789150289       0.36203547177895529       0.69309234824531851     
  0.67848604465075402       0.19812485267334490       0.70739185036819596     
  0.70276638709204009       0.23173180950473102       0.67262156792453798     
  0.77852776744865426       0.14503436860353730       0.61062226231540717     
  0.71319503066021128       0.18965893864309549       0.67482022438154210     
  0.69129309412530893       0.35032451864284264       0.63197040251290026     
  0.71092849976036010       0.35467578755531848       0.60727732869793394     
  0.71894565826436785       0.31891600431384337       0.61758377784338536     
  0.73476048056819521       0.21708085814969308       0.64265304575656401     
  0.76254864258575672       0.21903537672106405       0.60872249131708822     
  0.70619050285221119       0.30359713387892784       0.63962782458382927     
  0.68530260065984172       0.16152616454798530       0.71011945734170279     
  0.70683833792319350       0.13120577562691221       0.69510043050203740     
  0.72472552893353115       0.16201882997713479       0.66971845311657241     
  0.75209007279328544        8.8834853149582449E-002  0.65304585694396899     
  0.82303974198067809        8.7848568360623380E-002  0.56114901065346978     
  0.82324761054313156        8.5374809010020467E-002  0.56122590257536031     
  0.80723203765163998       -5.8355919402702981E-002  0.58734233974697148     
  0.77442167346323365       -7.8488587607364407E-002  0.62778229768432137     
  0.72611211140872345       -6.5248072475041899E-002  0.68447344046636149     
  0.68047367505580580      -0.10446700194707531       0.72528768296465318     
  0.73201316946054296      -0.20602097393636148       0.64939362333999284     
  0.78816258123374727      -0.23751447682563603       0.56779099926046817     
  0.70424532870278167      -0.27009916480373874       0.65657060410334667     
  0.71668655998305730      -0.27812763883125124       0.63953529320734559     
  0.66554198515040597      -0.29849059213390750       0.68407399629689647     
  0.71152244194563530      -0.35021683848628937       0.60916662798317267     
  0.72370711787738240      -0.37792138484630317       0.57742829373824889     
  0.75601592199356638      -0.36231773120172517       0.54512914740366958     
  0.84791904793000461      -0.29526707868247981       0.44028472651659145     
  0.86603390075412956      -0.18011659629354229       0.46641536690402408     
  0.88514460835241449      -0.25314030935631293       0.39043438127762364     
  0.91327227030303049      -0.20580953527741588       0.35153406020532729     
  0.91569971211807288      -0.20579673276946417       0.34516914985017477     
  0.93281462734506448      -0.23550337963562576       0.27275452185305227     
  0.93412421776656962      -0.22103454667538031       0.28027785313506814     
  0.94427841640156518      -0.18047805041337012       0.27525614550295008     
  0.96891332542830377      -0.11399670617684896       0.21957167118800966     
  0.94776869171055356      -0.16027675462803964       0.27576415455814812     
  0.94234083390836232      -0.11240466668714263       0.31521253727579696     
  0.92944238089548215       -1.1052836434252426E-002  0.36880170200541973     
  0.92978231736504169       0.16582147897939004       0.32864582672594755     
  0.92203483772846651       0.21005174964857656       0.32516152983496099     
  0.94459854186691183       0.24799128512176763       0.21502073668964780     
  0.89056698314348259       0.34238874624975024       0.29943345667483462     
  0.92662770194153643       0.27098203546107685       0.26063353286159918     
  0.91600712155107478       0.32334274762708937       0.23744561656235866     
  0.91600357227837181       0.22647736841884430       0.33112755422546247     
  0.86883565028763288       0.34667593378731798       0.35346910716773761     
  0.77909647512571278       0.40338242540431346       0.47988675885215210     
  0.67383735201754247       0.51155278856241593       0.53315754476515098     
  0.61263399627173809       0.50458088178595795       0.60834013540800147     
  0.66859968469405995       0.43739920672139704       0.60137874553936155     
  0.66455954868141454       0.45269181992626689       0.59450039733224658     
  0.65176488486406292       0.41104172552556062       0.63737526994315152     
  0.61824272701481364       0.35159112828019878       0.70296487039392230     
  0.65956813952548698       0.36523583456294112       0.65694189581271212     
  0.64036331977729499       0.34265168029689486       0.68740428037183210     
  0.60969694065027913       0.38233283573461846       0.69432790760620844     
  0.57176168103281566       0.37809140951931586       0.72810402151768550     
  0.59876524785540974       0.39112322805921085       0.69892975214480091     
  0.65329223660206570       0.36665669767923215       0.66239876180623358     
  0.54420345567201101       0.50653455763970889       0.66877899245669103     
  0.49674158701408361       0.52101608371752828       0.69411096824526508     
  0.51144897858606286       0.55266704859827864       0.65801145559704421     
  0.43747050929401077       0.62682153236483562       0.64475911785862972     
  0.42233292614364831       0.57787470470260738       0.69835214982114757     
  0.51206049313851176       0.51155645492356383       0.69000293100303600     
  0.35500097679471776       0.60646601340821860       0.71145855891649723     
  0.38613457901308601       0.66311117204630698       0.64123604109388654     
  0.39041968795203230       0.69591870545231260       0.60271852689378691     
  0.28506980132049198       0.79361814434474920       0.53749925520124431     
  0.29556889342845188       0.78750415183104183       0.54081072482556414     
  0.40356517723065310       0.76804179399505557       0.49723932909982932     
  0.31079940070392403       0.79510315651060282       0.52078277912096749     
  0.33553327084649942       0.74534636730975423       0.57608698726251717     
  0.27960710698653157       0.73717845591585263       0.61513233523863964     
  0.29640529732397380       0.70922261542853238       0.63964613770662182     
  0.23737265062396307       0.86518113271931962       0.44171917812369188     
  0.28353146087690906       0.77554221479838359       0.56404271448058285     
  0.26961523197674980       0.83955444566867810       0.47165237139664840     
  0.38102145983530933       0.83907081005838768       0.38830763944703750     
  0.42786128441113513       0.84842859909811930       0.31161455924660553     
  0.35772300309303107       0.88920648636928390       0.28521233784129385     
  0.28927439606870142       0.90230076392948222       0.31964614058574414     
  0.25674564549837192       0.89154144963716075       0.37314275699321175     
  0.18175168473912695       0.93914000807296827       0.29151735854181138     
  0.16470406952376004       0.91320395490861028       0.37273463244188365     
  0.21963432957687523       0.90815146059260488       0.35640101836952570     
  0.16929869285249122       0.92391176756790272       0.34311076687855713     
  0.18477985605693242       0.91076769296389959       0.36926767289974843     
  0.16009808660884559       0.92730409048005857       0.33834261694787715     
  0.17869979994144128       0.92350386743540214       0.33942154959982185     
   3.4267301535158709E-002  0.87967219120368212       0.47434437708105270     
  -5.9053774884405386E-002  0.93275739683024006       0.35563505216777458     
 -0.13380791228771000       0.96246892083170865       0.23611230175967204     
 -0.27097977658519440       0.96059415610081711        6.1877523761032512E-002
 -0.26933321954842143       0.95317698768048809       0.13752544129735539     
 -0.25929116081939579       0.95681818102388128       0.13140419469362893     
 -0.18690701387722422       0.97675142699867601       0.10498770413505204     
 -0.13760989977775681       0.96560703645060986       0.22060500139440845     
 -0.12047472521868827       0.97645998202936024       0.17891826088664875     
   1.8479472271736588E-002  0.99246674953053593       0.12111259299036947     
  -2.6919376091263943E-002  0.99711653715845172        7.0950394755732588E-002
  -2.4548459782869746E-003  0.99404851142108164       0.10891065454194433     
   8.3192345681429455E-002  0.95780524332858730       0.27511479326326188     
  0.15727352717458878       0.94457929463991830       0.28815793202273321     
  0.14205223240718873       0.93696413915055199       0.31924812484022369     
  0.19507820138650814       0.92329462301287712       0.33086482807834716     
  0.17849059545231696       0.87655640816022795       0.44697871386489657     
  0.21697255482077782       0.87042042443873258       0.44191763392564581     
  0.20831965932965107       0.91504946986390456       0.34538006201656363     
  0.24576628963924946       0.94479723101287350       0.21669592323660419     
  0.17558355950071927       0.97198011236317527       0.15628523539837805     
  0.12082544136085797       0.96872316870998032       0.21674094012080092     
  0.18559187665810439       0.97623681296705567       0.11188092029675481     
   6.4626681496542743E-002  0.99694859964022908        4.3782207734769603E-002
  0.20759260985901701       0.96265468840281310       0.17378509495352218     
  0.25069969103492451       0.95100678182347109       0.18093027894953936     
  0.33099532499113310       0.89569023355973298       0.29695302716039962     
  0.34485103703146064       0.85720206390452613       0.38246880120625071     
  0.28390740565349259       0.89532072782718453       0.34321622825575088     
  0.30265433796771524       0.86697916165777444       0.39591348166045826     
  0.37820087685891701       0.81622694045129573       0.43673524980777828     
  0.35985333084867271       0.77810463648104711       0.51483857175216807     
  0.31211990824332408       0.74619110070177774       0.58803061494419495     
  0.31765918237003049       0.76428800356781734       0.56120984618796887     
  0.36277291893352082       0.75416161536047588       0.54739023301967171     
  0.26989134527306186       0.71061934993989528       0.64975287705226614     
  0.26148597014055219       0.76787850662139900       0.58479713276361400     
  0.15763409375655477       0.81763813431633403       0.55373222210492090     
  0.23952760613286433       0.78496532786806650       0.57136324693249108     
  0.20624104491898701       0.88495250741721088       0.41752088691072153     
  0.18699817754712483       0.84480440526248723       0.50133541510963597     
  0.14148650606888982       0.81281854935613396       0.56507306998565165     
  0.20527328303403269       0.75170664344434945       0.62673758581567451     
  0.33468189028446005       0.71244454490524733       0.61677451532174710     
  0.22905827167896575       0.80695785840502110       0.54438159679936626     
  0.24951587788727536       0.83574718487330213       0.48915076373086919     
  0.31466538838222491       0.76994591360694664       0.55512969968668679     
  0.24982495260276669       0.84373650025727975       0.47507495323435639     
  0.28636770214935969       0.86086667387256610       0.42059732403009992     
  0.22460549068136706       0.92559663429698946       0.30466907314965164     
  0.20262210798698094       0.93502474852701500       0.29098625568384723     
  0.26696191656294399       0.94220376007227225       0.20244359612176516     
  0.28953876793256594       0.92024661608816394       0.26327450967075483     
  0.29577551923533546       0.92187339697683157       0.25033234343061994     
  0.29965251088269645       0.93932422610103172       0.16696817355829757     
  0.29494852365121166       0.95491069062376466        3.3925526206900258E-002
  0.19400908790500518       0.96770303129755775       0.16096992584885433     
  0.23071273782528634       0.95122975862874704       0.20477690031899681     
  0.22574341318956404       0.94984277876655843       0.21642228865472579     
  0.26254380842033154       0.96303474784174026        6.0289494188829278E-002
  0.18629272989074214       0.97599768752764571       0.11279863798177206     
  0.15076526773665971       0.98579210218651236        7.4052449729837516E-002
   7.0777799971766461E-002  0.98744057846574951       0.14125015762958479     
  -3.9367214686724578E-002  0.98536596065448068       0.16584373968071248     
  -7.5445893298892855E-002  0.99355838886971382        8.4555573979196469E-002
  -9.5306271003062215E-002  0.99135122481153759        9.0218976785128094E-002
 -0.23604805256343644       0.97174088889721510        9.8067642942539952E-004
 -0.22049550255064954       0.97223800650018155        7.8326190201551155E-002
 -0.37701112494486222       0.92594426040299638       -2.2132290766162514E-002
 -0.40015141701655166       0.91642060697576644       -7.2190421673346827E-003
 -0.37582692453211436       0.92644806362719245        2.1168566275450426E-002
 -0.34043773924656029       0.94013854720239121       -1.5545345312016012E-002
 -0.39243011415386919       0.91130913079464104       0.12455630708839632     
 -0.40757773855637908       0.89841900751878789       0.16347377148100367     
 -0.36067910537641074       0.93261475234296320        1.1845111107433571E-002
 -0.39840649151784169       0.86088417827221242       0.31646595253995513     
 -0.38007974936741296       0.85083499912285998       0.36279358923278487     
 -0.35018054366076057       0.81492369149174848       0.46181485888493951     
 -0.32091641082537314       0.85064947112106803       0.41642302355226490     
 -0.30671548530029991       0.83496035549514702       0.45691007411568918     
