  0.58103500050633172       0.21251315618679759      -0.78564399484380509     
  0.56994495784681998       0.21430884580789533      -0.79324300415035132     
  0.55828797529331731       0.21238759865032331      -0.80200127467631721     
  0.54542611972195287       0.21963778831621400      -0.80886932805528977     
  0.54489692775591281       0.21734704522551426      -0.80984418257705970     
  0.54610010973199519       0.20763789635607705      -0.81157943181645853     
  0.54412187592417283       0.19766292787609430      -0.81538993805676130     
  0.54380749863474132       0.18728425442935742      -0.81804523864604550     
  0.52860667647249837       0.17860230877613559      -0.82986516789688991     
  0.53251493696018881       0.17776132720424617      -0.82754380697632623     
  0.55095398026855980       0.17907479054871653      -0.81509627101107807     
  0.55205585733511853       0.18934409005667358      -0.81202410428668770     
  0.55279414955593797       0.20661883489882857      -0.80729628097853767     
  0.55502450234099820       0.20926529856364343      -0.80508126087879850     
  0.55451505446047478       0.21548471820771276      -0.80379063853446286     
  0.54718326092768310       0.21570526655580818      -0.80874082185866869     
  0.54013623565876057       0.22509581201266435      -0.81091597736309484     
  0.54493433651786127       0.21835368853379614      -0.80954816755244674     
  0.54210896911773820       0.22175693046785017      -0.81051941950306183     
  0.54972787527506184       0.22523040264290753      -0.80440694233135512     
  0.54796906582195803       0.23446434782365350      -0.80296723002986825     
  0.55323599086731545       0.23816439396112360      -0.79825287964290537     
  0.57630863878022165       0.25118266520051302      -0.77767321001179912     
  0.58160745060346752       0.26003611585718434      -0.77078790328627000     
  0.58491367249306836       0.25789269510916357      -0.76900413102921905     
  0.60290094698246710       0.24243017113704482      -0.76009082368497827     
  0.60236160554496043       0.23785374491226763      -0.76196200180619844     
  0.59696489421298127       0.23221541884724695      -0.76792507077636352     
  0.58948044026803392       0.23277272728406978      -0.77351772311572908     
  0.58952173858001411       0.24016496567505419      -0.77122299563997565     
  0.59338891095070589       0.25191457403423423      -0.76447933114629474     
  0.58607064243557272       0.25988356145453362      -0.76745145550768490     
  0.59338579938842273       0.25213949231094629      -0.76440759382762657     
  0.59883283581193725       0.25463828660185855      -0.75931454467164261     
  0.59976301964690804       0.25548501951886110      -0.75829527564496257     
  0.61475341542102335       0.25086810136853843      -0.74775894106585783     
  0.62108687474103452       0.25386142308139148      -0.74148868628962017     
  0.61026729494892329       0.25775966101908204      -0.74908863685618188     
  0.60679457347285282       0.24741937937777311      -0.75537010551928541     
  0.61373836611081134       0.25522294561523207      -0.74711877636364887     
  0.62261119448917335       0.26602066843862188      -0.73592683363241618     
  0.62632091344507390       0.25530019665799752      -0.73657580938265699     
  0.64344473389484336       0.26180077992968215      -0.71933248644226067     
  0.65093512413928833       0.25467502729122415      -0.71513921346545206     
  0.65339741182538424       0.26201950043596900      -0.71022362929655847     
  0.65556680669487011       0.25571329303258505      -0.71052295791643727     
  0.66206366545814543       0.25101621004770436      -0.70616043869181189     
  0.66266894293506751       0.25399795391245589      -0.70452459962559622     
  0.66841994250917536       0.26760218083538295      -0.69397683914391484     
  0.67053354421115607       0.27332269163180190      -0.68969520248206206     
  0.67817594543058934       0.28254921082408013      -0.67841236022202323     
  0.67629193410124921       0.28737273539561808      -0.67826700555226216     
  0.67080820228752569       0.28218900081238074      -0.68584672016733295     
  0.67577851243459430       0.27624909944615911      -0.68338118000635140     
  0.68091660990049263       0.26969132091157533      -0.68089585237875405     
  0.68255865881465461       0.26939845587518052      -0.67936599064805137     
  0.68686585647113541       0.26891142443815913      -0.67520511033375208     
  0.69177732696490635       0.26068861588451564      -0.67341337634881038     
  0.69560707579793513       0.26752921023901433      -0.66675251613228625     
  0.70324523967371866       0.27024234869090874      -0.65758285093992119     
  0.70853850727191436       0.28203843313036325      -0.64685972664114522     
  0.70644659665614151       0.28892967147031035      -0.64610591315744337     
  0.71337328746188389       0.30106294221424779      -0.63281881890563674     
  0.71610163346466782       0.31164805817779784      -0.62455899511834922     
  0.71355936570483447       0.31425970128513087      -0.62615802459370773     
  0.71014007918550481       0.32906320317303372      -0.62242949500478140     
  0.71529810646059633       0.33512154117635051      -0.61322277480005072     
  0.70787179335520789       0.36174206538242992      -0.60667965377531508     
  0.71011707638582466       0.36741315041334632      -0.60061744457565369     
  0.69696696396858415       0.38302357396582953      -0.60624251989023092     
  0.70286987702440917       0.38604145701805759      -0.59744952040742938     
  0.69732508401773030       0.38533486443100790      -0.60436311059958114     
  0.69520937450252218       0.40795884756415224      -0.59182218976474710     
  0.71258732503581634       0.41466243547951231      -0.56592788303855379     
  0.71210397116175761       0.42741238990570518      -0.55697987684542782     
  0.70407579978009482       0.44532511696802390      -0.55313904975280470     
  0.71206523887668427       0.44714356309193160      -0.54131851027739830     
  0.71863822775580755       0.44817452417727560      -0.53169417289120702     
  0.72510807724804238       0.44996934118697024      -0.52129249783726139     
  0.73416245368370314       0.45763808559639385      -0.50157040803140684     
  0.74326754953929863       0.45810529139610706      -0.48753757988152446     
  0.73902925498097971       0.46171372688789680      -0.49056721729600666     
  0.74767620429502046       0.46817763648872202      -0.47094585062703920     
  0.74809907928447150       0.47611104077314548      -0.46224024535693442     
  0.74080276215504826       0.48369880345276672      -0.46609734511345619     
  0.74344325569726877       0.48778779974807523      -0.45755348099995591     
  0.74623513179763867       0.49256311617978915      -0.44778868303053060     
  0.76488112016721055       0.48953462370148637      -0.41870362335331940     
  0.77527106376462596       0.48793733777957082      -0.40108843425091578     
  0.77142304817247209       0.49074379445930733      -0.40506420348874550     
  0.77894263592534241       0.47587424710757537      -0.40840184974786520     
  0.78124714748109247       0.47267796857409267      -0.40771121222910361     
  0.78662947475897038       0.48059476683950114      -0.38761158332396611     
  0.79970709346155089       0.47874063634359343      -0.36232025582433208     
  0.80237936067485305       0.47364480247367530      -0.36310874769507739     
  0.80637355043556880       0.48459435618929220      -0.33901328455891155     
  0.81424865610066322       0.48387010304908984      -0.32073174057696280     
  0.81365023594546038       0.49493442320636050      -0.30498067196346057     
  0.81218976661765130       0.50831772291492949      -0.28628809890064660     
  0.82046200746086528       0.50833288510853969      -0.26160996202460574     
  0.81309153117511279       0.52296456052247764      -0.25571513519704686     
  0.81715639470746915       0.52345545495645895      -0.24134998086807258     
  0.82864187247428212       0.51440098545754431      -0.22078105295206671     
  0.82097137062311953       0.52326908805271510      -0.22846327955642490     
  0.81828388930892793       0.52714935928139106      -0.22918339710082400     
  0.81166339600112247       0.54075767452481560      -0.22087025384700110     
  0.81410904468028433       0.54681366273626208      -0.19550263838298632     
  0.82111747198478291       0.54151111386544837      -0.18036576937301790     
  0.82478476489502883       0.54395047292150478      -0.15442789451884645     
  0.82405150791074933       0.54908059215304927      -0.13946187877293803     
  0.82792738336925731       0.54462502313977590      -0.13386497688840804     
  0.83405313321856667       0.53915152588353632      -0.11692306490058917     
  0.83469138618795757       0.53944526104279067      -0.11085621390838354     
  0.83032068919795865       0.54921189992276154       -9.4519003766742410E-002
  0.82016720505399443       0.56336123477990552       -9.9749059650602837E-002
  0.82327694841527377       0.55990224580526549       -9.3405253333293609E-002
  0.81613046407301770       0.57286013924240264       -7.5909989323789284E-002
  0.80916259233167698       0.58494997710167851       -5.5582582342188228E-002
  0.80880507749675801       0.58715267803151938       -3.2955717195629203E-002
  0.80215801111006413       0.59681972547779283       -1.8674594843211854E-002
  0.79998431526074720       0.59996107502921270        8.4737114999786142E-003
  0.78152722958673193       0.62370868518488032        1.4236061233212256E-002
  0.77839235916938265       0.62751971691854325        1.8009443778034324E-002
  0.78395330870718383       0.62017428991531909        2.8303001520839265E-002
  0.77707287351754073       0.62764789344953553        4.7073039965064532E-002
  0.77915187774257699       0.62403860116208065        5.9145377417781815E-002
  0.77826077025310370       0.62393306664740578        7.0835738360020634E-002
  0.76891823334401932       0.63191001183106987        9.7234188322688070E-002
  0.75961004206382798       0.64277373457943432        9.9169098667865205E-002
  0.74959663065917725       0.65085098693634047       0.12040715970573780     
  0.74786450465691323       0.65082899508620984       0.13084457126432900     
  0.74795358417542102       0.64883867316065280       0.13990644063182717     
  0.74244042362479523       0.65451561143768566       0.14279892069686093     
  0.74007599355019826       0.65492087188121373       0.15285998608216506     
  0.73451003863180386       0.65383287127450818       0.18165235916452932     
  0.73700551432236883       0.65376899088904861       0.17149046157246178     
  0.73770801983708290       0.64547473209102646       0.19786168830794751     
  0.71732850081071442       0.66492511082980332       0.20812116401901370     
  0.70708406887443587       0.67179198739439727       0.22074339223781914     
  0.70779373026377523       0.67035495570457793       0.22282789044822515     
  0.70748086190862347       0.66316421151185034       0.24430321038189157     
  0.69346501405650252       0.67231889376972342       0.25902428334013866     
  0.69983745818911314       0.66296553170347661       0.26590268123607225     
  0.70022413413301143       0.65785739270635080       0.27732618491458161     
  0.69668752616995333       0.65297508167360507       0.29706907209021177     
  0.69635510265980083       0.63990317044207268       0.32498231253076609     
  0.69152221435930361       0.64458819924060928       0.32604153178292417     
  0.68963293529623193       0.63666275483549772       0.34506079342628831     
  0.70243007593112394       0.62055023591536251       0.34858197476746255     
  0.69457948503064537       0.62673473966571458       0.35321792858051998     
  0.69131603476827386       0.62948892868558504       0.35471936616788441     
  0.69707481145375350       0.61660789655498771       0.36589808573255406     
  0.69390948996624136       0.61882128826870542       0.36817092894503550     
  0.68808611457763047       0.61318876268718558       0.38799103113295952     
  0.68410000831384965       0.61032817500714487       0.39938289574972957     
  0.68397060217791628       0.60664516019801462       0.40517387004186739     
  0.67717410939038558       0.61832509899960009       0.39888506805654300     
  0.67927879182785356       0.60837910822153685       0.41043292223268119     
  0.65247171551171168       0.63359712019034276       0.41573471077564494     
  0.65029542824416564       0.63234495168216776       0.42101747955021385     
  0.63972142905978846       0.63612950673035373       0.43138815916608009     
  0.63220028940466066       0.64248593923697217       0.43305266649617724     
  0.63412197750175547       0.63407043566523325       0.44254265361043404     
  0.63305902685566873       0.62454847268534586       0.45735705284050820     
  0.63258495134635606       0.61213207114713486       0.47447930071105049     
  0.63063075254075907       0.61901603836384722       0.46810682349032690     
  0.62261662589180566       0.62334560644953685       0.47306320093953891     
  0.63009474859825587       0.61393258269438344       0.47546544742505142     
  0.63160163620731979       0.61951336266548751       0.46613578131177258     
  0.61407610395792911       0.62476445270163905       0.48226540119344313     
  0.60263564073762754       0.63385509037510668       0.48482781368060351     
  0.60123349724649156       0.62024703596247177       0.50379747534949115     
  0.58894763911226489       0.62711301739014946       0.50977440285278308     
  0.57360167141207363       0.63245379721135653       0.52056057951617096     
  0.56104092612719403       0.62926620555568624       0.53782629329169995     
  0.56257971592370615       0.62559115434351309       0.54049955674205019     
  0.55082899334402569       0.62385316535567725       0.55443182463429097     
  0.55118197385427514       0.62696196284486549       0.55056074037640745     
  0.55067473746464823       0.61314816402941086       0.56639797180569318     
  0.54080964251827401       0.60748813375478694       0.58179300262755129     
  0.53231135666040352       0.61378100253070922       0.58302444245739671     
  0.52448429933822316       0.61864595285756030       0.58497299489861498     
  0.52972810762489841       0.61678654492470864       0.58220485225733465     
  0.52332620439333055       0.60936838905047530       0.59565077874648897     
  0.51963102581647502       0.60264310109789065       0.60564419398524361     
  0.51804065099793128       0.60509210464037866       0.60456383353250398     
  0.51642571211557853       0.60290964506571088       0.60811548553926520     
  0.50703691133275386       0.59888806415644391       0.61987632408173809     
  0.50971445834497497       0.59570737855453681       0.62074462550212228     
  0.50298040892653106       0.58830067262706665       0.63317693168863831     
  0.49827010055970128       0.59407662825573282       0.63150603057177968     
  0.49512654519252680       0.59292561471230143       0.63505032844944831     
  0.48685692027212318       0.60113146876109003       0.63372809346617887     
  0.48327510713517335       0.59835632084378820       0.63907345753815492     
  0.48988675913762086       0.59999965358036389       0.63246452779984608     
  0.47853528426958863       0.60933100224974324       0.63223390561274639     
  0.46811424236778371       0.61605530079546789       0.63351789434414663     
  0.44923601108141803       0.61525237090653240       0.64780516086362483     
  0.42814255017683478       0.63061297273142447       0.64731849606736314     
  0.41493217795661785       0.63452500689476787       0.65208074908048941     
  0.40545176413296602       0.63310855588723247       0.65938033290647124     
  0.39402938908985796       0.63590019303833600       0.66360514240569324     
  0.38814838810702801       0.63656863448881817       0.66642419103372752     
  0.37903619423917656       0.63706318463822342       0.67117960505015850     
  0.37023129657941101       0.63168709491471930       0.68110219582037113     
  0.37081796965707725       0.63096725329237990       0.68145018794631840     
  0.35808721760030271       0.63003710702840254       0.68907676521455474     
  0.34896322757551912       0.63059862089867802       0.69323159558747893     
  0.35698808296679235       0.61808798495056394       0.70037614999330633     
  0.35822683366143865       0.62122664080465895       0.69695838928838505     
  0.34492611067006568       0.61240174855947360       0.71132979449712475     
  0.35402868139397375       0.60087379364600346       0.71666894509243628     
  0.35229103294415964       0.60513863636295129       0.71393155056204427     
  0.35032437230581326       0.60277229889440731       0.71689496431073452     
  0.35296557172839488       0.59528707974308726       0.72183696072270687     
  0.35771973434903320       0.58266760498097014       0.72974999401370155     
  0.36137691118380627       0.58563393129052821       0.72556159392876707     
  0.34591401125646859       0.59012465181477358       0.72944937599325699     
  0.32319874791599246       0.59885025038034612       0.73274889762109607     
  0.33801295287864436       0.59375276640048302       0.73020880306802172     
  0.33815050345429276       0.59733160059271129       0.72722018395184751     
  0.34918197694395742       0.59738114734472858       0.72194716688591976     
  0.33793541738468585       0.60768451978043614       0.71869268682536269     
  0.35123218343474649       0.60665162351945867       0.71316881662118792     
  0.36004097159210768       0.60206741743440928       0.71266073530037566     
  0.35554664713439788       0.59963822438564451       0.71695228681350853     
  0.35800598315977739       0.59347038314381717       0.72084992914817703     
  0.34668327564371959       0.58815682339278619       0.73067246936328989     
  0.33978470954207235       0.58829355493737989       0.73379632349893154     
  0.33355336437330463       0.60021499137246570       0.72696913087627113     
  0.32428119039989978       0.59300711326320710       0.73701036164497880     
  0.32511330231732694       0.59178378696406697       0.73762679597665837     
  0.32022633519065730       0.58814007305475102       0.74266166503833564     
  0.31515725891838003       0.58992185045158430       0.74341651347735860     
  0.32335399433099288       0.58089797980843116       0.74699379609517280     
  0.31480777543538996       0.59046886984459490       0.74313025659696330     
  0.33184414928603201       0.58937734209112302       0.73655536737860672     
  0.32782149871549326       0.58915736057752632       0.73853007349548760     
  0.33791382921230145       0.58422093223505756       0.73790253175163967     
  0.33261306397889828       0.57408012355892202       0.74819820997189157     
  0.33488331927069237       0.57363072651584157       0.74752990045291912     
  0.33877100660099424       0.56586269181702653       0.75168718167608661     
  0.33147939557382700       0.56381567156103585       0.75646103588498725     
  0.33394746624208449       0.56686741802284046       0.75308725933626686     
  0.31460182812253046       0.55513007334128395       0.76997161727823615     
  0.30969854330880398       0.55596550873700179       0.77135540794578694     
  0.29915323023576024       0.54620298554669355       0.78241270658098905     
  0.31126674679428012       0.53562269047637534       0.78499767247231655     
  0.30413699059615934       0.53992575069715032       0.78484449076567420     
  0.30460253156002692       0.54881169965554677       0.77847480119038681     
  0.30460253155653277       0.54881169982232658       0.77847480107434219     
