  0.70011093104227362       -6.8898796854974909E-002 -0.71070221614052786     
  0.70448594577452028       -5.2711256348666385E-002 -0.70775778036014891     
  0.70656617468462801       -6.4768823177551324E-002 -0.70467669206220152     
  0.71593636628879298       -6.1359875473522632E-002 -0.69546393515916627     
  0.70964221569771002       -6.9532510785218521E-002 -0.70112278214557278     
  0.69931819165381459       -7.4233319903608458E-002 -0.71094548387209489     
  0.69922243255828287       -6.3572377891626980E-002 -0.71207200659517700     
  0.70733702175665458       -6.1441222921344393E-002 -0.70420118842441304     
  0.70328471847503682       -5.3728262542870012E-002 -0.70887507966045227     
  0.69986356285638207       -6.8763102711064020E-002 -0.71095895035615009     
  0.69735746688401190       -5.9298776748274412E-002 -0.71426620979665001     
  0.69759383233975802       -6.3037857369242431E-002 -0.71371498066092498     
  0.69080823402333014       -5.9845132552761353E-002 -0.72055710663021699     
  0.68808760038745242       -4.9314292493693519E-002 -0.72394996702043179     
  0.67865502755810359       -3.7893509994902361E-002 -0.73347899456656263     
  0.67455594947135056       -3.5535946622982033E-002 -0.73736793226340758     
  0.68303226278516771       -2.4176949796372464E-002 -0.72998794722455285     
  0.67355603039766543       -2.8912961065591849E-002 -0.73857045337419092     
  0.67087962866309081       -3.6219291266623009E-002 -0.74068123155984977     
  0.67626929824006843       -3.4610625614063306E-002 -0.73584097524702208     
  0.68084244843249997       -4.5750548255556571E-002 -0.73099962226170434     
  0.68517746592280948       -2.2222573830458441E-002 -0.72803708518450194     
  0.68472725341657359       -3.5896528707552042E-002 -0.72791484917903804     
  0.69788037612796483       -1.9461068295627795E-002 -0.71594989170771106     
  0.70790987951803208       -2.2860858904465892E-002 -0.70593270473248038     
  0.71978562406879598       -1.4383759627787122E-002 -0.69404737795258897     
  0.72244166578221791        3.6903984573734641E-004 -0.69143177779980980     
  0.72613119243330060        1.2236408059805214E-002 -0.68744727920996729     
  0.73702315914870431        1.3864002688335925E-002 -0.67572527872495691     
  0.74594425814473753        1.8765374340738591E-002 -0.66574396314705586     
  0.75145709521088044        2.5678306122470223E-002 -0.65928207821228157     
  0.76037291690802788        4.0710238331868693E-003 -0.64947398254104527     
  0.76867180568866478        1.2195700843011432E-002 -0.63952710655630107     
  0.76346295719185753        1.6411173098880419E-002 -0.64564307972236479     
  0.77034820615334065        2.8373920065062414E-002 -0.63699180680482081     
  0.77043570255442539        3.3432224868837526E-002 -0.63664049083433738     
  0.76415889058765807        4.2197135502384624E-002 -0.64364632500406027     
  0.78147504068100659        4.1072618751892019E-002 -0.62258316776273404     
  0.79234984721296242        4.9309379519944650E-002 -0.60807097012844835     
  0.78836832277779489        5.0485766516805496E-002 -0.61312851427717652     
  0.79355998658660365        6.2752235824233643E-002 -0.60524763906002066     
  0.79288815902226339        7.2055509814380206E-002 -0.60509203497292541     
  0.79623124479809704        7.4002073323050963E-002 -0.60044941331569535     
  0.79474872217436510        8.6193051782906552E-002 -0.60078717232191559     
  0.79479031757388519        9.3333106526925544E-002 -0.59966430802311077     
  0.80124067055394710        8.6700716285307164E-002 -0.59202734197490769     
  0.79968111761905458        9.2553761524026723E-002 -0.59324860838546611     
  0.80772328286644623        8.2209657812150658E-002 -0.58380191030679185     
  0.80850925674066287        9.2696747202777416E-002 -0.58113689852106654     
  0.81719909237211574       0.10407687311060732      -0.56688062933011540     
  0.82043406723795786        9.9017932915076309E-002 -0.56310158077970940     
  0.82316293279216735       0.10248140935180089      -0.55848039071597355     
  0.82419601010497845       0.11459602624441406      -0.55458875547203679     
  0.83126850153975151       0.11590382375852293      -0.54365336565315991     
  0.83784005712275478       0.12225678188061261      -0.53205010850927847     
  0.84295534566499786       0.12523701857482009      -0.52320356878875951     
  0.85170531718859899       0.12932656684508298      -0.50781166959881141     
  0.84983332831568259       0.14359466153455794      -0.50711328839093239     
  0.85445340812149484       0.15844273337804904      -0.49477800435069313     
  0.85460685542577652       0.17228290687918943      -0.48986296314022604     
  0.84991833541805251       0.18694919991343795      -0.49263457021602958     
  0.85564911457528725       0.19864852843910918      -0.47791563573030710     
  0.85690350081726996       0.22378408190793214      -0.46436739223564211     
  0.85507931703561391       0.23202784479889721      -0.46368355676677753     
  0.85797725772791322       0.24468353327997308      -0.45166911978052954     
  0.86092909557002417       0.25337542337249125      -0.44113715240477269     
  0.86416656490872690       0.26540142865410726      -0.42752570655132610     
  0.86777298166747630       0.28203157286015695      -0.40917996553834818     
  0.87012294055827821       0.29313421085616498      -0.39617976063896676     
  0.87059070964760321       0.29561885039901953      -0.39329545072889593     
  0.86909763079754465       0.29322223312213780      -0.39835917228672535     
  0.86683873950125490       0.30948674845025037      -0.39090734481916128     
  0.86061467790460278       0.31506230633568921      -0.40009763721071057     
  0.85441699050484787       0.31953833374086338      -0.40971558379777445     
  0.85309229367360195       0.33258129255067459      -0.40202390764733803     
  0.84923438080379765       0.34420190140500290      -0.40040731453105521     
  0.84214184463261477       0.36402973141681794      -0.39784352220863967     
  0.84488545568365692       0.36729370920977122      -0.38892659712232103     
  0.84407378906892128       0.36850148802178312      -0.38954600746582790     
  0.84680159845344127       0.36718253669300743      -0.38484287391659816     
  0.85706325033574926       0.37167638304786987      -0.35679020615534757     
  0.85975941072375461       0.36649296516742030      -0.35566369248875557     
  0.85691883760034082       0.38638054048565856      -0.34117471140119981     
  0.86607671673879294       0.37307960936129414      -0.33275024538199616     
  0.86837145795583803       0.37293714062992794      -0.32687750021441631     
  0.86738906931264825       0.38726524381279576      -0.31250893326680296     
  0.87684425699616808       0.37700250452499984      -0.29835090171594220     
  0.87444735846979282       0.38685697163182381      -0.29271744185315685     
  0.86973159625001661       0.39388583558315104      -0.29735651836030363     
  0.86244876682056182       0.41163066746699944      -0.29452048860880026     
  0.86473709290280520       0.41940504748175372      -0.27627733585083314     
  0.86645045118790054       0.42515117195399893      -0.26174433446099166     
  0.86458174919846686       0.43037065563367183      -0.25938291717529405     
  0.86342464641438710       0.42999063789267206      -0.26382936017214886     
  0.85833707231793543       0.44077718531864307      -0.26262700391858129     
  0.85449798953403788       0.44584517431277931      -0.26656193731344535     
  0.84896591403186017       0.45384217013834210      -0.27071047526124581     
  0.84272634303213501       0.46958313266519153      -0.26325651421385660     
  0.83892517602557182       0.47532716504544681      -0.26508231778133057     
  0.84168633485101174       0.47618686269790589      -0.25457844668981078     
  0.84599911141461615       0.47534327232835616      -0.24152489920886366     
  0.84564623805577044       0.48023766288010994      -0.23292536833409494     
  0.84228613413010600       0.48249145454760195      -0.24032491452344248     
  0.83899379855751266       0.48238707217388282      -0.25177791519818615     
  0.84493941590396138       0.48279819975778049      -0.23018097610905791     
  0.85542837364714508       0.47210736899598466      -0.21297166407550519     
  0.85026523305973356       0.48411970028472784      -0.20658448452413369     
  0.84500365393736454       0.49666128512142865      -0.19823317758143755     
  0.85132987460346321       0.49285232522341299      -0.17981665698573837     
  0.84793471826554523       0.49675917614756404      -0.18503252274431839     
  0.83712266876848151       0.51679820791897901      -0.17929096387065077     
  0.83704273597369327       0.52053386134426116      -0.16853473632372590     
  0.83305515279428355       0.52897074181750448      -0.16189214528176391     
  0.83106628705103835       0.53893272675393344      -0.13740575883408682     
  0.82670951974570528       0.54761221606972343      -0.12912099276660025     
  0.82159366986819249       0.55714988840124335      -0.12069732178883308     
  0.81676233772645657       0.56904247163025445       -9.5341224832413390E-002
  0.81599975746045184       0.57199451637407583       -8.3466574522208334E-002
  0.81145465520036864       0.58014602286661521       -7.0511947255055052E-002
  0.81139486401748462       0.58054527250951293       -6.7864285253017118E-002
  0.80829048142474857       0.58606331637192088       -5.6535712972367307E-002
  0.80787712841491421       0.58746735623548707       -4.7081320518436914E-002
  0.78767417103473258       0.61532184677338619       -3.0796512272294650E-002
  0.77933985490033530       0.62639272344618657       -1.6172401726180730E-002
  0.76782059517021750       0.64040848937442540       -1.8124579157022380E-002
  0.76387177070139933       0.64535680881211299       -3.8088377955897684E-003
  0.75389202850710013       0.65699749772566862       -1.0475379032043306E-003
  0.74129598589468926       0.67112942635268569        8.0965659347132304E-003
  0.74299550340036125       0.66878528870359477        2.6151855392900370E-002
  0.74220468756705749       0.66902844444768506        3.9155360723618485E-002
  0.73401000574550179       0.67582438097403097        6.7012816285805535E-002
  0.71487543115484053       0.69609719304808504        6.6346181214581010E-002
  0.70899442634550491       0.70020223872710041        8.3926922334642204E-002
  0.70814661674093582       0.69899049837745719        9.9702820303139941E-002
  0.70970359342749489       0.69823169237699834        9.3772667853984595E-002
  0.68834349409237505       0.71807977012945767       0.10268728193659120     
  0.67647497621260544       0.72803372066940797       0.11112384139514450     
  0.67461181432563078       0.72831994822865787       0.12020379771241005     
  0.67134402873905563       0.72692516507328953       0.14448875201753553     
  0.65553238721147367       0.74195479938838071       0.14064268548834549     
  0.65337053808137557       0.74257843413385838       0.14725559115551506     
  0.63954034056198905       0.75399826001528003       0.14991589871586225     
  0.63054349436857016       0.75826872655124145       0.16566061705737650     
  0.63408673906714830       0.74979449848940027       0.18905612228705584     
  0.63398198330722355       0.74750265865876508       0.19825897240709356     
  0.61632040088865814       0.75902967399901522       0.20981686642734923     
  0.61759897510338224       0.74906768539655455       0.23972715458600066     
  0.60254879648897297       0.75716350188186798       0.25226648463019413     
  0.60215650413734711       0.75237686425408645       0.26708912119417394     
  0.60464347957823783       0.74514987655464648       0.28135018051196614     
  0.60454634653855888       0.73477994914727962       0.30760712153329911     
  0.60350708472875236       0.73791421444821448       0.30209569807840247     
  0.59468691937771934       0.74314073856265006       0.30673980930032096     
  0.58868011117369146       0.73832046006513818       0.32914833275854977     
  0.57539698197920830       0.74906676594488752       0.32835543742427770     
  0.57194238546491238       0.74000235202206688       0.35394692640354208     
  0.56800858241243435       0.74184975326010993       0.35640593975652340     
  0.56780492560795781       0.73386410520410839       0.37288207458701339     
  0.55662604250129188       0.74252901008707017       0.37258303502503465     
  0.55779649683077137       0.73628853569824770       0.38306952413713280     
  0.55890704041730088       0.72441920523075276       0.40353405713126422     
  0.55760385922946620       0.72282663172090711       0.40816613853603034     
  0.53612807339194823       0.73246603198048088       0.41959528228497434     
  0.53562891974386972       0.73454500541607670       0.41658768026948584     
  0.53193550583181226       0.73829920486309986       0.41467927574689417     
  0.51629798150678263       0.73493446279971431       0.43966774919399876     
  0.50969838529479050       0.73798155476434923       0.44225646502394633     
  0.50444362925026442       0.73460129444399158       0.45375936696671504     
  0.49176021427831190       0.74530336637236816       0.45021637434345324     
  0.48200809768854852       0.75762491736150872       0.44008258129086852     
  0.48127167155604411       0.75930794234703969       0.43798290702532611     
  0.48396795492853817       0.75265536399606658       0.44641339770468003     
  0.47288753624301227       0.75826459361036935       0.44878968809779374     
  0.45986137383668330       0.75756017137327736       0.46328188352441363     
  0.46811897175911110       0.74656942021131123       0.47275652199048446     
  0.45734438161851709       0.75719727483681376       0.46635651982327764     
  0.45555043034886272       0.75168272600709563       0.47691391763242508     
  0.45888213666608152       0.74457147662136369       0.48480975737979415     
  0.45440910297776743       0.74710089143170788       0.48513155448072820     
  0.43357383613633160       0.75606856583023641       0.49027956553525137     
  0.43628037240767736       0.75709191461400194       0.48628311658736717     
  0.42558773304090769       0.76657336978793811       0.48087456807057954     
  0.43292596262723465       0.75881627596111434       0.48659322870318306     
  0.43518777256304447       0.76366815913089159       0.47688839925212179     
  0.42191210524771955       0.76263392296869104       0.49028529957854372     
  0.40644512465639543       0.76650760020120112       0.49726095712095081     
  0.38975648075963232       0.76629817320965743       0.51076119218418337     
  0.38179066831572317       0.76477662224123655       0.51899191097773267     
  0.36934836411465927       0.76804555954126674       0.52315179861562877     
  0.35500771836931450       0.76811000724758605       0.53289448924184590     
  0.34074915209575529       0.77552081869431377       0.53146728508697960     
  0.33893954888797906       0.77349657450277354       0.53555861624297352     
  0.33720604121451342       0.76635045363583021       0.54680807234402862     
  0.34636135532640133       0.76107150723244821       0.54845598949723151     
  0.34271338540720492       0.75792873223863733       0.55505997181373457     
  0.34976954316332221       0.74532021180620589       0.56759056418202825     
  0.33017260553730099       0.75057947664725799       0.57237793440054829     
  0.32191958966365142       0.75724351253088973       0.56828693502549188     
  0.32154780832501978       0.75949334998330953       0.56548815928585827     
  0.32471694584055794       0.75660122393876172       0.56755043213651679     
  0.31979718555542042       0.75705145394016116       0.56973928791853490     
  0.30258183536649741       0.76812837402825340       0.56428984920779257     
  0.29910669820330776       0.75625953353318509       0.58189921896328800     
  0.29717185960994902       0.76190442990611051       0.57549155123720841     
  0.28870749072373886       0.76641310792929995       0.57381088591464746     
  0.27933854991775425       0.76576439508738148       0.57928824064217188     
  0.26749084283549374       0.76888436245269187       0.58074562949270214     
  0.24967724059799154       0.77507870432604142       0.58044317346975205     
  0.25559457683994447       0.77325791874965810       0.58029613421162440     
  0.24297767438433901       0.76301410901406608       0.59897522419232752     
  0.25595836947186473       0.75059748488903055       0.60917052520256254     
  0.24231135925946473       0.75801936004039194       0.60555086902570399     
  0.22926404248307963       0.76263262249382135       0.60483839323617139     
  0.21512274430669032       0.77496729324640501       0.59426248348713573     
  0.22630548128560626       0.76773128127294077       0.59947853080414726     
  0.22340030096471872       0.76860710941910459       0.59944592490005411     
  0.21954586790540775       0.77128574007225070       0.59742607831167027     
  0.22020115953818306       0.76606677267897683       0.60386517463359035     
  0.20025435033008132       0.77301123744045719       0.60195666120132663     
  0.20450592098790954       0.77644751562669689       0.59607598824144559     
  0.19249687727358913       0.77997736349251512       0.59546642615615342     
  0.18991671373392013       0.77787135803930685       0.59903905731312102     
  0.19260762989509667       0.78316247958896090       0.59123500528154016     
  0.19179439297741796       0.77853947514831623       0.59757108067426301     
  0.18376291753910098       0.77919000137251515       0.59924463443456610     
  0.18871638614741013       0.77205350748376389       0.60689332438368360     
  0.18288388104185588       0.77020300103411687       0.61101622175937997     
  0.17040612681981848       0.76175241851139119       0.62505600135852957     
  0.16944013689328835       0.75570573825300535       0.63261273871228973     
  0.17191120949664754       0.75654186011149582       0.63094449038598965     
  0.17344210956758047       0.76182347115207172       0.62413366631720468     
  0.16335087424395628       0.76034075231709297       0.62864809889922701     
  0.17029286966063711       0.75788924427417326       0.62976521970990651     
  0.16085417971273211       0.75599025233700490       0.63451136415384579     
  0.15842369001023809       0.75290791168668525       0.63877352086880890     
  0.15705201137990174       0.76425697289399963       0.62549655882700661     
  0.14386015112911993       0.75123116425602987       0.64417078074656320     
  0.14398095648518691       0.74638607816976643       0.64975172680337367     
  0.15352441864175143       0.74954316922479636       0.64390627450674820     
  0.16171936990025293       0.74629738520737754       0.64566791637164067     
  0.14698202744945635       0.74912151803468507       0.64592045549297816     
  0.14777241525634635       0.76666817630494610       0.62480654664508295     
  0.14712277854033143       0.76869051307510494       0.62247070866258791     
  0.15655026672140665       0.76436858357247683       0.62548595702610432     
  0.15302729370890367       0.76584347056478153       0.62455298091788780     
  0.16218378179223900       0.76863403245921336       0.61878764133510011     
  0.16884628809649510       0.76037420863843541       0.62715388369482983     
  0.16981282275240236       0.75829269120692988       0.62940908770926784     
  0.16951382861242717       0.75511610743905400       0.63329671260416920     
  0.17288981665808359       0.75127490603723479       0.63694201216019530     
  0.17288981646422991       0.75127490609758107       0.63694201214185053     
