  0.63250305422546849       -2.7914327902413893E-002 -0.77405469877342037     
  0.64285822922606894       -3.5716451948462583E-002 -0.76515203206718096     
  0.63883764302358492       -4.2002408688481978E-002 -0.76819415743706121     
  0.64072324668450764       -4.0598602426081890E-002 -0.76669777268433004     
  0.64616739883141283       -1.7549284924809443E-002 -0.76299391562847596     
  0.64051219751297950       -1.2907872329606252E-003 -0.76794691138477356     
  0.63886441497024526        4.7377512104491409E-003 -0.76930475950574628     
  0.64147571932953984        2.5163408358106494E-002 -0.76673052918900553     
  0.62342559395370689        2.1431585503867135E-002 -0.78158890469751308     
  0.61863176723201851        1.9683999931143691E-002 -0.78543445093661401     
  0.60506629441942861        1.8672296067291774E-002 -0.79595610728049360     
  0.59623803029350231        7.1188059694266585E-003 -0.80277614179377199     
  0.59612065073293308        1.8681849795885736E-002 -0.80267749330471982     
  0.60863417379663454        4.1441380137529016E-002 -0.79236800446458233     
  0.61801959691917585        3.7926070135734742E-002 -0.78524734385282591     
  0.62939019832669107        3.8601283635739635E-002 -0.77613009164183389     
  0.63252441192695963        6.2534590047751457E-002 -0.77201184794277189     
  0.64082415707188278        7.0230900957513928E-002 -0.76446845602928981     
  0.65167588009600541        6.3253415881990488E-002 -0.75585551045180333     
  0.64681441103966397        6.9596788433569465E-002 -0.75946520967793174     
  0.64780992512097146        7.1507149047464247E-002 -0.75843854632386976     
  0.64991861430697151        8.1643038824294994E-002 -0.75560585558136106     
  0.65170159134261696        8.7682157256013318E-002 -0.75339025421121075     
  0.66092961472726963        7.7918105395408763E-002 -0.74639186305053795     
  0.65063841861339966        8.6075544456491779E-002 -0.75449363739581876     
  0.65673880051850708        9.8449696211378820E-002 -0.74766423293440976     
  0.65866027425317519       0.10244036885717780      -0.74543451352156931     
  0.66421882808396171       0.10271856024441756      -0.74044732817404557     
  0.67499268583878480       0.10183421956700071      -0.73076307089871706     
  0.67593313134680311       0.11293126552817224      -0.72825883531469149     
  0.67839284900254770        9.9158421142802627E-002 -0.72797716306122739     
  0.68159305760019395       0.10049233934396137      -0.72479803639661999     
  0.68054503325526738       0.11752681610206855      -0.72321912668879096     
  0.68232024122411394       0.11816533407169862      -0.72144025548869306     
  0.69661816773203233       0.12232266740068021      -0.70693726272254742     
  0.70099398075837493       0.11748968001628597      -0.70342278469651331     
  0.71036938075966038       0.12353862805034768      -0.69290226602210947     
  0.71422227260531879       0.12915781253826086      -0.68789883324136014     
  0.71242241564998821       0.11642986090777988      -0.69202484721896385     
  0.72356728483260957       0.10428045980212668      -0.68233127586489906     
  0.72775907730529199       0.10549383325718183      -0.67767084675707867     
  0.74279521637844936       0.10946090066322180      -0.66051008906093778     
  0.74633056539396836       0.12379058944908486      -0.65396221383392472     
  0.74708997533429766       0.12112812794036448      -0.65359356283294379     
  0.74707415714175340       0.14164292211584675      -0.64947477729733427     
  0.74687047736843060       0.14219415496163962      -0.64958857158219507     
  0.75300874493116443       0.15801983674455819      -0.63875469567934728     
  0.75926736878691148       0.16813389176019172      -0.62868438594971676     
  0.75685403178272237       0.16922270153338748      -0.63129680171847835     
  0.77503941396835574       0.17056518281801586      -0.60845823620511930     
  0.76991094553881601       0.17757188997458265      -0.61294808901764330     
  0.77470338414455964       0.18099668375022410      -0.60586703744830717     
  0.77681377279693442       0.17774507725176905      -0.60412502837223647     
  0.77955615285514868       0.18531798532011032      -0.59828876712050660     
  0.77390309180217398       0.17407233925606658      -0.60891118006237710     
  0.78318757955904905       0.17630551868112398      -0.59626636607058248     
  0.79077274173560974       0.18759822859331587      -0.58265373555534372     
  0.77598728052129196       0.20668286028722316      -0.59592443793878980     
  0.78385602796814802       0.21923100103665125      -0.58095395308274222     
  0.78723562747145326       0.23621604432106294      -0.56961570136798112     
  0.79105675397054331       0.25224111128532933      -0.55731825178718986     
  0.78890462620731738       0.25554134927774613      -0.55886322974230584     
  0.78944080898940583       0.25703281428892794      -0.55742025571454212     
  0.79190497812569316       0.26532347268209494      -0.54999087307305339     
  0.81003444423457727       0.25454730508745976      -0.52825170953466061     
  0.81623694483765474       0.26798242235935266      -0.51180335206845418     
  0.82156908409141960       0.26091690639808862      -0.50689901165896634     
  0.82044998556943971       0.25196324100780254      -0.51320205217823378     
  0.82627732668635978       0.25567671856435731      -0.50189161677418637     
  0.82626938465480781       0.28047272649070931      -0.48848127259602642     
  0.83072372827000451       0.27747765310309547      -0.48260153265150546     
  0.83282067355130807       0.28307196940694296      -0.47568895913361314     
  0.84460566962726003       0.27833885329505714      -0.45734969725569941     
  0.84630624168934254       0.29065752578189652      -0.44641230716010322     
  0.83766258162563612       0.31359127636177225      -0.44719337062848907     
  0.83732094662844736       0.32767062981220285      -0.43763636811365925     
  0.84769472767770060       0.30560337655137176      -0.43361298978216750     
  0.84963969793713023       0.30979879932443322      -0.42677521908663180     
  0.85135612564176100       0.31217892120307272      -0.42158874331359503     
  0.85505967519216675       0.30933811015814788      -0.41615247862298238     
  0.85452559692780938       0.31761849440287188      -0.41097992190425048     
  0.85531530604437589       0.32605295954179181      -0.40264773042978175     
  0.85684646497750760       0.33621134260420243      -0.39086579354022394     
  0.85960799520108711       0.34642821556173281      -0.37558166362201734     
  0.86457684661649992       0.36077007431264430      -0.34978826420438708     
  0.87164286722361173       0.35537330044910242      -0.33756263025713207     
  0.86922685898644825       0.36265551237044130      -0.33604411460980244     
  0.87362463428310944       0.36364649959704320      -0.32332834967648866     
  0.87396994493109559       0.37515972265568037      -0.30892024513464811     
  0.87847910938286133       0.37660878993386709      -0.29400726814560801     
  0.87955636312160723       0.38468394389573018      -0.27999797749469441     
  0.88099456632914441       0.38815558611160617      -0.27052507290245509     
  0.88173965226694817       0.39175868604800812      -0.26279329809966645     
  0.88012833809143920       0.39557195472144363      -0.26248226059346885     
  0.88438011685842477       0.39795230654078523      -0.24393804669290167     
  0.89043628199361102       0.39288173035273033      -0.22971106561164839     
  0.88478637648465885       0.41493172535488698      -0.21209604258723141     
  0.88980493774102321       0.41198580965661763      -0.19625204562825946     
  0.88340736832079070       0.42557223477864720      -0.19616241888303487     
  0.88283173556409855       0.43029059988886464      -0.18830328283957942     
  0.88340145451038143       0.43336380669071267      -0.17831904334500481     
  0.87523272281219477       0.44729215619403739      -0.18411248715402387     
  0.87167030325622574       0.45731035707087758      -0.17623314029122414     
  0.86175833785517331       0.47560262401741810      -0.17656361789688033     
  0.85635437613462217       0.48886300662070037      -0.16634344962411704     
  0.85954479478249413       0.48403571318501443      -0.16398833532844759     
  0.86416094514800312       0.48498699125778033      -0.13421430323045708     
  0.86031643039013617       0.49346637951342992      -0.12785371285450833     
  0.86533590253390746       0.48791532322948344      -0.11459674141832100     
  0.85588968143589228       0.50459624564521566      -0.11329378664481789     
  0.85117874800178284       0.50894520304830282      -0.12833362476077814     
  0.84654775629317391       0.51991038307275783      -0.11423699001694729     
  0.85253048396865272       0.51348229433599935       -9.7609975451359257E-002
  0.84958443719378718       0.51955993607183160       -9.0905208360977416E-002
  0.85206432769084217       0.51791973337690611       -7.5799282684925459E-002
  0.84913944947767228       0.52434517418650473       -6.3437635896064187E-002
  0.84541990659750910       0.53300789863304687       -3.4172525856953642E-002
  0.83928667102550714       0.54327602001389663       -2.1190797926983321E-002
  0.83845084470691655       0.54497722621221301       -6.2612303313695154E-005
  0.83332307587117249       0.55274975968143680        6.3525107416022401E-003
  0.82758199169303814       0.56078079213762100        2.5158501443581744E-002
  0.82217193132611621       0.56856245501729274        2.7749776290868226E-002
  0.81315338052749431       0.58079439160941926        3.8202806333463769E-002
  0.80987886402870302       0.58518858210987601        4.0626948787844674E-002
  0.80258093244967066       0.59496429597116884        4.3374340199578088E-002
  0.79368299809246157       0.60583972000308217        5.5004838019473395E-002
  0.78720083666547991       0.61283354565773829        6.8919431728170610E-002
  0.77467274272775855       0.62559829491586516        9.2243780673896492E-002
  0.77189614937545725       0.62680494822156019       0.10626331193930820     
  0.75998106376106533       0.64096621860608372       0.10766192145052129     
  0.75445011005253160       0.64583912379820685       0.11703357472661333     
  0.74142166402227350       0.65902287429080053       0.12642296974812817     
  0.73141432969051035       0.66938833232493222       0.13020114773160835     
  0.72358839357074056       0.67684526955760638       0.13527866708098515     
  0.71236904982980020       0.68707366449715246       0.14303886324716802     
  0.70319319312333761       0.69008968493378309       0.17115945750380415     
  0.69660807110266054       0.69451256731086686       0.17997080074806401     
  0.68921676664945797       0.69819678703520194       0.19365302771448692     
  0.68338044525535946       0.70183035695504092       0.20106048119644773     
  0.67376557306905083       0.71084866758936127       0.20182696631858557     
  0.67573877631027757       0.70753284007425488       0.20681969540434914     
  0.67157232395301569       0.71179675346623938       0.20575712734986282     
  0.67307221880000034       0.70677864602879392       0.21780205186671250     
  0.65744987733301719       0.71982040487132326       0.22275152867194017     
  0.64630235610230857       0.72432923797738558       0.24008419254025101     
  0.65398352478420951       0.71295194994171962       0.25299222593811388     
  0.65204814922885490       0.71055080158679318       0.26448207775119792     
  0.64203808441116716       0.71840636793829060       0.26773006680489320     
  0.63220612652705999       0.72221287115466226       0.28057794339575459     
  0.62260091864310785       0.72594551665163098       0.29218350904552348     
  0.61178085943408178       0.72892577235908684       0.30723183171801199     
  0.60670261970608630       0.73579680142834358       0.30085710603140658     
  0.60099814073038060       0.73445270847228983       0.31524665558312420     
  0.59392967219716364       0.73155558897468997       0.33477449831739631     
  0.59556484020407618       0.72999892045373649       0.33526720276381794     
  0.58487554801276920       0.73382008483221139       0.34558454310575154     
  0.57702234994680479       0.72945400955918316       0.36734460061350860     
  0.56524963590369992       0.73504014775289628       0.37444469591935065     
  0.56635118465264789       0.73439087002355674       0.37405398763893172     
  0.56005890221888888       0.73643870780591136       0.37946285152901699     
  0.53976533895791290       0.74588406889670822       0.39026956661484669     
  0.52223482225253059       0.75334034616026013       0.39968626855824302     
  0.51224839187221938       0.74424303243868062       0.42860692212189322     
  0.50333861733084662       0.75050748286300573       0.42823913234326066     
  0.49735129931284766       0.75342233435627959       0.43011216114515688     
  0.49247954016148826       0.75292556900554675       0.43653979206941107     
  0.48778090562966692       0.75036786548253864       0.44611417210651688     
  0.47786594269339572       0.74635942797316457       0.46324048299919135     
  0.47734035704932337       0.75104486792936986       0.45615544487485904     
  0.46130255040366003       0.75499317519360820       0.46603139636955210     
  0.45796018010755679       0.74744054992289632       0.48125367299046506     
  0.44627666279198425       0.74452007155939404       0.49651485707121151     
  0.42786418386593866       0.76228875888420644       0.48564193418969792     
  0.42749304158324258       0.76145178204833985       0.48727906071707588     
  0.41760589563973344       0.75741836797530748       0.50191904903137297     
  0.41636144209693166       0.75915943069494307       0.50032000591810588     
  0.41493375086243545       0.76371491604041952       0.49453969447619184     
  0.40943687323070460       0.76384350515840016       0.49890334381159956     
  0.41953223387137800       0.76123932686156026       0.49447688720733213     
  0.41343227965444895       0.75010922726897200       0.51614910375362610     
  0.40461232784688161       0.75178567438099930       0.52067952134670503     
  0.39554491139925940       0.74752270004979338       0.53362349646208285     
  0.39090424005460067       0.74618988554178867       0.53888266795515660     
  0.39178631592729429       0.74533016444266553       0.53943157918682294     
  0.40045994882749714       0.74420978790805070       0.53458733708060624     
  0.40045882821501561       0.74062853283827645       0.53953878753105433     
  0.38889505616643716       0.74311096770158747       0.54456103879263507     
  0.36928931814877913       0.74853996101926223       0.55073889118028752     
  0.39024589880203425       0.73694518354162286       0.55192384884420254     
  0.39165546568156340       0.72921995714974963       0.56110983799633785     
  0.38409337441366814       0.72601359693734235       0.57041786156608509     
  0.38210127313130804       0.72965590255163737       0.56709865186137620     
  0.35875976418659206       0.73452563269428695       0.57598917222100476     
  0.34012150357811871       0.73771873650204423       0.58317101146883765     
  0.33742289267248210       0.73110101033376640       0.59298996972080520     
  0.32514974329693330       0.74328068035945083       0.58464645268600612     
  0.32428867397345568       0.74645648639136430       0.58106761212168501     
  0.31994083460397821       0.74294170396915737       0.58794173763759716     
  0.31173852438274391       0.73790244868982835       0.59859758488756798     
  0.30581429795889298       0.73908804642544967       0.60018869932290742     
  0.30472928608749805       0.74116830418633994       0.59817188756255613     
  0.32910364105020012       0.73093873784014329       0.59784559459124653     
  0.32693698838445073       0.73230155966826260       0.59736641296070181     
  0.32813176277535877       0.73111998118882582       0.59815810565801675     
  0.31570513761101493       0.73116886605200793       0.60474982877404027     
  0.30799354071292018       0.72716024689649283       0.61349649894074487     
  0.31787273180268627       0.71796136350518069       0.61926440789866222     
  0.31599120601697744       0.70661103624742805       0.63312747624255961     
  0.31934923248942432       0.71324581768352013       0.62393627179815714     
  0.31517460107984252       0.71869262173211612       0.61979503571905181     
  0.30400032441818980       0.71715704063129337       0.62711209669930856     
  0.28284498733624702       0.72775017668396380       0.62480268363317537     
  0.27980473459407779       0.73785018013150450       0.61423645461552134     
  0.28279567105916081       0.72448553755821732       0.62860744053755868     
  0.28090559359392892       0.72566793857076906       0.62809082975163177     
  0.27870854028234437       0.72311800799840598       0.63199833550580053     
  0.27973382285800713       0.72886301691844524       0.62490614568732439     
  0.27186761458939457       0.73210478369246423       0.62458833308995065     
  0.26491280060553130       0.73120878823598601       0.62861348703459774     
  0.26610285104225845       0.72445569698057988       0.63588773834660772     
  0.26273231043741890       0.72429130703748046       0.63747457643591876     
  0.26257801659546620       0.72642526886341463       0.63510559276195033     
  0.26062766764745082       0.72156265918981333       0.64142072598223343     
  0.26538561727513044       0.72350907594163183       0.63726375322435003     
  0.27610087804152439       0.72734811506834285       0.62827782441466895     
  0.27184236530622385       0.72370189879466440       0.63431639589854139     
  0.28307406898707693       0.72497616268515230       0.62791610506930928     
  0.28390576393745759       0.72073443393003045       0.63240761613902741     
  0.26739567667646919       0.71593046520656711       0.64493652484864095     
  0.26715122880016823       0.70631103194384759       0.65555697472071572     
  0.26637539893010947       0.70531420102432074       0.65694446087797209     
  0.26243300582773876       0.70200593934898980       0.66205481538235245     
  0.26214919724558949       0.70311171315728582       0.66099297818094949     
  0.26342053493003192       0.70304487861029785       0.66055849130641631     
  0.26912047273917367       0.70713320727073081       0.65386298131004073     
  0.26324071294995144       0.71627669278692419       0.64626003003112353     
  0.25524588713621738       0.71990642491088652       0.64543340204243527     
  0.24855742142700474       0.71975468633156581       0.64820706549474438     
  0.26139096825338998       0.71712719047464357       0.64606760822494491     
  0.25210732291144294       0.72448802948859758       0.64152863760096901     
  0.24981015734561687       0.73130225931250170       0.63465887751719818     
  0.24341234756335089       0.74099657441809419       0.62583904141108782     
  0.23770444848106020       0.74494973161108402       0.62333497619248768     
  0.22571419333789036       0.74109304990870750       0.63232443753411560     
  0.23904651499130783       0.74548450602916450       0.62218133605964465     
  0.22392876960945704       0.74823543308213025       0.62449951386817903     
  0.22369282625132844       0.74565362529318258       0.62766407462179052     
  0.22097622264956757       0.73576209004067450       0.64017470731239223     
  0.23061725386558535       0.74433424091170330       0.62672339993484738     
  0.22984355695157088       0.73816253917460728       0.63426177962032892     
  0.22234730797575911       0.74906865596380467       0.62406556008865899     
