  0.51509568495165337       0.25451931224503177      -0.81847196350180718     
  0.51964188832323244       0.25379293037645312      -0.81581949988388869     
  0.52443731163209084       0.25312230642185274      -0.81295424481319212     
  0.52057289811092600       0.26124345762401657      -0.81286881696928215     
  0.52535554652831151       0.26307852178711955      -0.80919172085868696     
  0.51992523584544470       0.27838684445315637      -0.80757570169394821     
  0.52293899127448973       0.30102529730360750      -0.79744503370959297     
  0.54240810563701580       0.30063482716119194      -0.78448208879299697     
  0.53656872523629018       0.29023620732535133      -0.79237424684027791     
  0.53644597670888061       0.30066381418057830      -0.78856007058133559     
  0.54289255171051021       0.27701231928173514      -0.79280000773423587     
  0.54430149352741930       0.27702711848663852      -0.79182817565858954     
  0.53591018260824796       0.27645788724768866      -0.79772884663608479     
  0.53155577925757225       0.28752334119315948      -0.79673005579493272     
  0.54260025475542861       0.28312748460625486      -0.79083739858448676     
  0.54506909167292938       0.28433408197689941      -0.78870388304432804     
  0.55109735588410502       0.28747072881074520      -0.78335961372447871     
  0.55745598944759145       0.26707109709014587      -0.78607623607896482     
  0.54828858931886693       0.27142486429343737      -0.79101717166317931     
  0.54085415207323018       0.27773438625726260      -0.79393979423848504     
  0.52812646644554351       0.29773459031827271      -0.79525879383239362     
  0.51951183666742029       0.28960796483212320      -0.80388722982035121     
  0.51552350991155738       0.30382504098480334      -0.80120275536161900     
  0.52629212103777812       0.30644771101470447      -0.79316228084005735     
  0.53505277256475958       0.30303039795807274      -0.78860072817880100     
  0.54280793620352674       0.30308253980805683      -0.78326273909714694     
  0.56290962505148900       0.28373136649785702      -0.77629199769780544     
  0.57054037008361513       0.28126835946579032      -0.77160339298649672     
  0.57027462757802061       0.28963335521537886      -0.76869979100259378     
  0.57621605192888481       0.29626553294510966      -0.76170978429336100     
  0.57600994319451426       0.29231408853343016      -0.76339047609065813     
  0.56636736958433298       0.31258970941530723      -0.76257175153409429     
  0.55897887751769171       0.31497093313288715      -0.76703058985314199     
  0.56461586470831648       0.32915122591110263      -0.75688070116821948     
  0.55621185536788298       0.33144874047929984      -0.76208274116587948     
  0.56095829508362272       0.33374502446090965      -0.75758831156800466     
  0.55847334753277778       0.34167731170057791      -0.75588632396981370     
  0.55612721180419411       0.35106469262399087      -0.75331009941704241     
  0.56003050203277582       0.34292472550722897      -0.75416740146250505     
  0.56858206900466401       0.34504997067769955      -0.74676298016284404     
  0.56667406945545862       0.35143476282961822      -0.74523426282054062     
  0.57601906702114325       0.35255299529340312      -0.73750147114276388     
  0.57440606895207713       0.34008970118641485      -0.74457817796249992     
  0.58291902648841676       0.33392122656798512      -0.74074423589058591     
  0.58607000305779522       0.33010056297866502      -0.73996997901063777     
  0.59207945759513325       0.32849570143352758      -0.73588891147614555     
  0.59311459410544665       0.33294971005855489      -0.73304813541203084     
  0.59457599355121693       0.33055615193664434      -0.73294748673381827     
  0.59065350319351739       0.33068843852360286      -0.73605271264498873     
  0.58646694128821097       0.34787054639785331      -0.73146606874475606     
  0.58142685178995834       0.36370191996711743      -0.72778000070752835     
  0.58833953183302123       0.36417257659362678      -0.72196601702549712     
  0.59413822925513982       0.35542509277263473      -0.72157658496179744     
  0.59468127862714326       0.36898213366255739      -0.71428731046282201     
  0.59464398997225065       0.37109950955361887      -0.71322063851163575     
  0.59995707474975557       0.38221861937857771      -0.70282318932861765     
  0.60052920860006054       0.38258673031389467      -0.70213393551793790     
  0.60295848396219032       0.37530614228022796      -0.70397895294159873     
  0.60325994362494084       0.38413477941723545      -0.69894056375324531     
  0.61770513292935647       0.37829475635221038      -0.68944430236905097     
  0.62271047724731454       0.39035028659834520      -0.67812853890616576     
  0.63650523932031022       0.38062099971215108      -0.67081199668455382     
  0.63403010032089702       0.37760308596232256      -0.67484942124802993     
  0.64538024734064792       0.37372386283262360      -0.66619427398618936     
  0.63887629066363050       0.38527180500691133      -0.66588491610382372     
  0.63443969348248097       0.37462467437988312      -0.67612323483195114     
  0.63388299591253250       0.38120669407336366      -0.67295899123691705     
  0.64476417185074397       0.38056276286292423      -0.66291111487118826     
  0.64386049717331129       0.39302800961423073      -0.65648506749080904     
  0.64902902062320567       0.40485603917991664      -0.64409076839249191     
  0.65006397885801825       0.41060100285434054      -0.63939318095072661     
  0.66569515992897288       0.40386497723260306      -0.62748946940331107     
  0.67051321545486642       0.41666623872401204      -0.61384140737486947     
  0.68372537227196573       0.42090114407118634      -0.59612233830911510     
  0.68949245149914307       0.44635850641440994      -0.57040708540234519     
  0.68971789623079394       0.45208259944715035      -0.56560635330243092     
  0.69144169641234254       0.45838230305768396      -0.55838521175435418     
  0.69174315800870012       0.48044247361002940      -0.53913489304591122     
  0.69203720179895067       0.49687874334749244      -0.52363730361357419     
  0.69243799539336559       0.50527891952168402      -0.51499789904679794     
  0.68784591900612768       0.51056275409191598      -0.51593959514723597     
  0.68751895930928930       0.51238336846077071      -0.51456871680570249     
  0.68786091863599619       0.52266497325609285      -0.50365532097303556     
  0.69041528881661240       0.53013894723948762      -0.49221887975582646     
  0.68747271717426195       0.53410954768085617      -0.49204497174261230     
  0.69130882817355466       0.54150542236977872      -0.47839730521130169     
  0.68698886068179577       0.55748015504002923      -0.46611391529933255     
  0.69152580842212097       0.55556281250654227      -0.46167306359149218     
  0.68967571304154607       0.56706133034428174      -0.45032083947870816     
  0.68116738074221506       0.59072946282775529      -0.43249242902046448     
  0.68907012466238338       0.59007035660653806      -0.42071289206773721     
  0.69299788113280869       0.58994569031436372      -0.41438872960656864     
  0.70408295180109470       0.59591179441933029      -0.38620762583744067     
  0.70441800413846845       0.60048619002641346      -0.37843309981176299     
  0.71351520008509717       0.60172328164547062      -0.35892220824759291     
  0.70609636120744068       0.61888798023128422      -0.34410114300137512     
  0.71286383970110279       0.61881223650775696      -0.32999479086020594     
  0.71856291045417764       0.62495244380233739      -0.30512585387854296     
  0.73000662448833231       0.62009471683755046      -0.28735495533104899     
  0.72847128516868198       0.62361802601078808      -0.28360208800200853     
  0.73982103985902081       0.61593446557541287      -0.27072045193935107     
  0.74809507434733091       0.61343741852915790      -0.25307764280067374     
  0.75525408776968028       0.61280848323666426      -0.23250166833889174     
  0.76330695963227779       0.60851075495229845      -0.21697268603285857     
  0.76743111332838487       0.60236657697594154      -0.21955407816263098     
  0.75927968367936838       0.60710133378836884      -0.23435514174888825     
  0.75440381972021575       0.61270094807289388      -0.23552584788537742     
  0.75611181961548435       0.60823642570947778      -0.24154371587338019     
  0.75837281594166217       0.61260297979715006      -0.22268421853460160     
  0.76318553417456603       0.61151017705538713      -0.20881365804077964     
  0.76214450461457395       0.61502546315630768      -0.20218663100011006     
  0.76178956191062486       0.61980126062996777      -0.18847562358437947     
  0.76349541926648945       0.61921041051644432      -0.18344811873427183     
  0.76854945268745178       0.61909221842848150      -0.16142045674300134     
  0.76030285214120441       0.63369660224316704      -0.14271716551072300     
  0.75550596218489574       0.64036885195483806      -0.13834187561659228     
  0.76124602163727728       0.63947327152213029      -0.10760311124777594     
  0.76357094505022172       0.63723631542318449      -0.10435176175319015     
  0.75267322023050909       0.65218094084885125       -9.0238816156581442E-002
  0.75989157625705062       0.64561071441430484       -7.5839289072511876E-002
  0.75185850585418057       0.65591949472701350       -6.6920875754708814E-002
  0.75298530003458553       0.65754817585648140       -2.5367979021574810E-002
  0.74848326406841192       0.66312902573583843       -5.7182721282370372E-003
  0.75170193449426537       0.65948403809636980        5.0005173417114433E-003
  0.75369384554269359       0.65685714024522290        2.2006464957671674E-002
  0.74372471211835567       0.66728593996257612        4.0037818531101985E-002
  0.74364791215118176       0.66601033364604001        5.8463819836527486E-002
  0.74442045172051396       0.66377966119810117        7.2351589063126762E-002
  0.74943208816154971       0.65706211717783713        8.1369032214941614E-002
  0.73360268420723851       0.67077978967112051       0.10900263984281108     
  0.73277041828738310       0.67069068617769756       0.11498485794843642     
  0.74268238158163002       0.66019617894401716       0.11208873893464145     
  0.74272407454175216       0.65621321452490045       0.13321098370252402     
  0.73691725499803307       0.66143847553369683       0.13947079396713327     
  0.73041434231990809       0.66552946353116793       0.15351033093994171     
  0.72512241050722914       0.66650935837021141       0.17309755915412167     
  0.72066374454468707       0.66845586168775883       0.18387639400995962     
  0.71932265665080930       0.66260343052664927       0.20864230032075831     
  0.71496107208513515       0.66643554663743509       0.21141032988228434     
  0.71567602762790872       0.66402312812717723       0.21652045813487228     
  0.71290679643757915       0.66476560981515842       0.22327244254539852     
  0.72402014621441768       0.64818114848744002       0.23591529543706161     
  0.71323338848322904       0.65598047497096856       0.24695698007870445     
  0.71611754873413935       0.64505403904589531       0.26661009565577853     
  0.72268218751432711       0.63078877413751588       0.28255261151084071     
  0.72253346187957523       0.62513640485230837       0.29521157123772596     
  0.72428203795649682       0.61761215009345216       0.30654650797314004     
  0.71346699382952783       0.61833749953115724       0.32958092388579241     
  0.71222291997719933       0.61321531897419312       0.34162184478532720     
  0.71269769693010943       0.61467667353514788       0.33798606450900182     
  0.70328263823274950       0.61575385067205679       0.35530370972298930     
  0.68013805714548270       0.63394869402091791       0.36813214552866952     
  0.67970655958682535       0.63675806556309156       0.36405790582679648     
  0.67803529098491933       0.62747841814655891       0.38280409995099096     
  0.68230807430481555       0.61589186990628519       0.39386913603606233     
  0.66855390332047038       0.62057158030284787       0.40978847235541915     
  0.65983361188713119       0.61881008746266475       0.42625541671447592     
  0.64986747717912696       0.62658254494370391       0.43019364997255344     
  0.64282123487845955       0.62189936560165282       0.44723823523217887     
  0.64453745958239328       0.61884026603128517       0.44900800475426100     
  0.63121494830396074       0.62691572684024022       0.45666657473259525     
  0.63401777327391440       0.61733924738407131       0.46573996694728220     
  0.61662207560103866       0.62040704328162188       0.48463627240233043     
  0.62053530882999031       0.61111414563881139       0.49140149724580257     
  0.61739719415725347       0.60683932663046780       0.50056641547494252     
  0.60652899532958726       0.61105624201844444       0.50865788789202671     
  0.59661313202049826       0.61256694382327537       0.51847324910327508     
  0.59186255239497298       0.61284579204566003       0.52356351500504272     
  0.58714669561767285       0.62240752071314553       0.51755930673205297     
  0.58491138125065623       0.61423593116623443       0.52971020090970145     
  0.58838322759382455       0.61054558389229496       0.53013136813047568     
  0.58141500645668442       0.61169736215313231       0.53645403102397593     
  0.58727758335027547       0.61413297203987560       0.52720558869167100     
  0.59909509751352219       0.58859778315558164       0.54280541062115439     
  0.59837696394697493       0.58519951108403889       0.54725363520455916     
  0.59670843534788309       0.56923374172861185       0.56560762942372400     
  0.59400810815860494       0.56948605863356683       0.56819010591864416     
  0.60449869186357108       0.56943269606938296       0.55707067431555268     
  0.60849554006311812       0.56185368402228852       0.56040486746090790     
  0.60935369481595347       0.55651750445567350       0.56477990566996528     
  0.61015966468764160       0.55059462425466676       0.56969355212265371     
  0.61374779096141752       0.54838585209702018       0.56796708206533109     
  0.61669466933295214       0.55033308454511265       0.56286870660162114     
  0.61075435531606570       0.55347141637276787       0.56625834097236805     
  0.61361737647032721       0.54937244368314353       0.56715397681342539     
  0.60115228581165281       0.54726694060951708       0.58233566349599730     
  0.58879460575496423       0.54221202448828920       0.59943893161369577     
  0.58337257625287708       0.53084517549486621       0.61471931556597859     
  0.58777057043448155       0.52598999408684655       0.61470341031398468     
  0.58961597957310963       0.52766490453283099       0.61149222820605065     
  0.58152087578753398       0.53114759532918765       0.61621076183341916     
  0.57579158874187775       0.51294046587320852       0.63667583965773533     
  0.56476791026156914       0.50631373214735309       0.65167753695965336     
  0.56174439897591577       0.50236804030532212       0.65731999992315571     
  0.55129163212241161       0.49924933210455819       0.66845167420312424     
  0.54486133611385701       0.50389116732725081       0.67023862608611540     
  0.52502575165802212       0.50223150607722689       0.68710368533382860     
  0.51857217682406653       0.50398973369326006       0.69070778608304850     
  0.52801732369510601       0.49888771529261350       0.68724722873793653     
  0.53640354367014109       0.48982139625205900       0.68727449982652367     
  0.52876303772048461       0.49161829486767683       0.69189674236261822     
  0.52793094804805485       0.49373718498202729       0.69102279720650728     
  0.52006579648656992       0.48582819912673697       0.70249735106835898     
  0.51411435329052235       0.47998844799520468       0.71084282477339711     
  0.50808000474252013       0.47315022428757647       0.71971075720559907     
  0.50885977191439458       0.46835891873233265       0.72228917738749943     
  0.49692597633939617       0.47611615502135296       0.72551911137255409     
  0.49183963924242025       0.47328835669759678       0.73081591436173188     
  0.48196454719917864       0.46555431312773021       0.74227310120417134     
  0.47540615936532316       0.45457360787604495       0.75322760083527796     
  0.47747116463956862       0.44871365040053884       0.75543189427105684     
  0.46482331078575334       0.45306265129003387       0.76070593776847595     
  0.44767187135666248       0.45649636127048188       0.76889594077666545     
  0.44215443509578828       0.44559033358836392       0.77842707438637748     
  0.44396725735826914       0.43753766705550468       0.78195515491708523     
  0.44242097247027029       0.43312955561350985       0.78527859462263672     
  0.44174923624299145       0.43288119203345815       0.78579353895436554     
  0.43767278847386004       0.44744023910845138       0.77989727698978883     
  0.44632607958905113       0.44850497134645101       0.77436188010269935     
  0.44396095291646442       0.43943241282856788       0.78089552876243828     
  0.42780396727808451       0.44224972749912728       0.78828861726405708     
  0.42875809346490296       0.44851133881305205       0.78422195598214806     
  0.41517958496851221       0.44533520917805236       0.79328586505226151     
  0.41029822224743118       0.44409889961890270       0.79651210673653794     
  0.40516890155581325       0.44279207578985358       0.79985832422358905     
  0.41903181371005138       0.43798076432162991       0.79535224220662482     
  0.42158858892529127       0.43487089319993810       0.79570746379273694     
  0.44152893958657263       0.42794307851241925       0.78861709153483983     
  0.44059105310445923       0.43062313343187392       0.78768219535395034     
  0.43446459858600817       0.43181896072872172       0.79042576990547719     
  0.42137837847691334       0.43917233332276229       0.79345316421072409     
  0.42249898273317560       0.42818723709332185       0.79884310072743303     
  0.42919695730601082       0.43302009369597311       0.79264340676926914     
  0.42544485799478560       0.45014968017215262       0.78508721696809280     
  0.42854327074982035       0.46355314632747185       0.77554441886003456     
  0.42659978852968949       0.46713225354979176       0.77446760947112436     
  0.41340730913393453       0.46886797706311328       0.78054930455377647     
  0.40435378049502191       0.46889478200405127       0.78526155108266760     
  0.40503892929968094       0.46822158583477441       0.78531013765908875     
  0.41006186082459045       0.45476172613093840       0.79059537232612453     
  0.39890817835854281       0.47930074872802825       0.78175639268727493     
  0.39164200870807470       0.48070884936982372       0.78456073006023230     
  0.39799573121847759       0.47678848565118254       0.78375515174212551     
  0.40783101519975240       0.47453226091411127       0.78005961079450892     
  0.40024198216028417       0.48228221127277388       0.77923695010327243     
  0.39464966329144158       0.48817208627043002       0.77842125963409281     
  0.40729158566744222       0.49223297549860151       0.76929855197854979     
  0.40947406788918078       0.48247415574646280       0.77430593227937006     
  0.40743929827556413       0.50287117736363518       0.76230820354868734     
  0.42765205233623804       0.49483047347232323       0.75647638737488665     
  0.43026144487579898       0.49155909781400259       0.75712927721094037     
