  0.46252636221923010       0.29945563744966580      -0.83450325670536485     
  0.45669830908231968       0.29920540590552502      -0.83779638311361804     
  0.45010005838564776       0.29875639455757624      -0.84151919416742649     
  0.43976413904559808       0.29116169905616962      -0.84960718394573898     
  0.44749855104132313       0.28369238645775330      -0.84809414376106940     
  0.46763989475954781       0.28463136209942036      -0.83683804678008511     
  0.46791782988817743       0.29029829540047902      -0.83473337309605344     
  0.46593888910747122       0.30034252178776583      -0.83228319772987203     
  0.48107255638349411       0.29691997254201197      -0.82486830791363341     
  0.48702535980047129       0.30386801813959607      -0.81882264652556824     
  0.48143369788685991       0.31175914382188707      -0.81916288415822869     
  0.47036232122635502       0.30711777820186353      -0.82730765564142228     
  0.46581377117972533       0.31238342896610310      -0.82790949015378623     
  0.46306921693171438       0.31012908569931485      -0.83029323165587454     
  0.46380213088762778       0.28915867616429919      -0.83742154461358687     
  0.47295129447896800       0.29521992589714502      -0.83015797798006652     
  0.47538159501033983       0.30774938334704177      -0.82419818986390692     
  0.48858850791746328       0.30656859439799344      -0.81688246820446908     
  0.48842533713433955       0.31474229552426775      -0.81386606849857135     
  0.49901987805839160       0.31442095131831677      -0.80753862240432372     
  0.51596839607807221       0.32150584545267769      -0.79398400839587469     
  0.51321257561071842       0.31553609734355015      -0.79815400989296192     
  0.51204220109179122       0.33628980845219181      -0.79039354060636258     
  0.50123987615139010       0.33647873537898210      -0.79720803256960471     
  0.50589565236239220       0.33285823457072766      -0.79578576551688074     
  0.51415056605856846       0.31856901037256491      -0.79634350694401856     
  0.50639845958717822       0.33367448514433018      -0.79512385078766146     
  0.51347078124829026       0.33154811744950718      -0.79146926827259456     
  0.51512249606190863       0.33370207962938231      -0.78948827483501871     
  0.51875441813757051       0.32639292297457556      -0.79016549753508059     
  0.52723540365546451       0.33806847706410287      -0.77957201973122137     
  0.53128579286220923       0.33754292084074650      -0.77704580488737673     
  0.51736087047068247       0.34674708717446756      -0.78237087576279307     
  0.51476560304157304       0.35269181646552744      -0.78142488859998060     
  0.50587028875740137       0.36214192397884326      -0.78291026168354860     
  0.51481046916031736       0.36292378565818395      -0.77669589071042833     
  0.51941596068587603       0.36619329592375505      -0.77208129740673381     
  0.53441452818601465       0.36285331102768098      -0.76337316349212081     
  0.53615365520253822       0.37537774916332040      -0.75606269809192217     
  0.53256496834383948       0.38200739472155631      -0.75527803150295147     
  0.55531274386672613       0.37100527964726754      -0.74430023443034066     
  0.56637067347994696       0.36425351026337599      -0.73928589901517783     
  0.56017726480386387       0.37800133959375815      -0.73710000628285555     
  0.56078915240101457       0.37754027267986523      -0.73687099892326102     
  0.56573013803064454       0.38265995757464827      -0.73042505966922788     
  0.57130300440477266       0.37390028692614496      -0.73062401588958625     
  0.58055468192967730       0.37810319462406294      -0.72110625812331486     
  0.56886377322207993       0.38082675675057093      -0.72894786429372171     
  0.57388993051445802       0.37390475684250291      -0.72859150452407750     
  0.58680038839472892       0.37240124425699284      -0.71901503284398594     
  0.58852026029969551       0.38847023621383747      -0.70903792479157557     
  0.59350521748317830       0.39476378268355855      -0.70136517785074926     
  0.60127645746385239       0.40082871317067259      -0.69123293063746793     
  0.60092651040871570       0.40478978616329581      -0.68922605733233588     
  0.59274512598707885       0.42474344091124733      -0.68428519275331068     
  0.59313130668998360       0.43316424686604837      -0.67864864861075336     
  0.59310836312628312       0.43747585680565776      -0.67589743622965215     
  0.58155892583726310       0.44051122254450847      -0.68391452579350154     
  0.58677655918151128       0.43610421897659374      -0.68228027949364156     
  0.58834608789219089       0.44084745354060467      -0.67786606609913658     
  0.59516248486267498       0.43649765054099315      -0.67472321561087489     
  0.60654546822107103       0.43528232274722012      -0.66530586536138903     
  0.61218679729492120       0.44838066400328003      -0.65129264187902880     
  0.60933040093644819       0.45395576442446894      -0.65010816518516601     
  0.61641230257140500       0.45078718508800353      -0.64562124113062791     
  0.61697244375139293       0.46267625961234882      -0.63661266280412598     
  0.61635550088211588       0.46479681563857650      -0.63566486193952487     
  0.62741890098095154       0.47239625527534945      -0.61902124413761594     
  0.62116458423609500       0.48946222904783732      -0.61203046135492489     
  0.62584792163896918       0.49538349665914327      -0.60241976247293150     
  0.62814807862601851       0.50224198506255979      -0.59429199873367033     
  0.62447954233073688       0.50132509557446248      -0.59891439267866098     
  0.62610405709100803       0.51059254543125621      -0.58931227905433159     
  0.62536598834834467       0.51561954399164445      -0.58570800444500204     
  0.63556824435329995       0.51118783403317036      -0.57856720016445795     
  0.64461067296246100       0.51110158790133853      -0.56855276549113032     
  0.64207292316129805       0.51908044527774355      -0.56417891902601658     
  0.64866216954583411       0.51493094539760254      -0.56043154021880570     
  0.65282503773273548       0.52395000132715064      -0.54707939663135852     
  0.65443360490758296       0.53013953942366043      -0.53913701923289781     
  0.65964763858815356       0.52103938143992434      -0.54164836923392834     
  0.66008371958711232       0.53431073397577811      -0.52801659319978544     
  0.66433159275149045       0.53764984730170329      -0.51922651759007976     
  0.67268215411245580       0.54175189729378326      -0.50398769956935674     
  0.68775672817159639       0.53408522023920790      -0.49167434382600983     
  0.69539916590445905       0.53719709959594675      -0.47732512635004209     
  0.69752474934083775       0.53905585909964582      -0.47209957088239812     
  0.70667030793924746       0.53368800563337038      -0.46453653087795249     
  0.71731614037650071       0.54218903262121509      -0.43759411291815797     
  0.71677499012016277       0.55878256622598210      -0.41712786675088631     
  0.72074823836144586       0.55569801396347884      -0.41439316376590513     
  0.72160285548814074       0.56305356318507016      -0.40281509894237733     
  0.72727903887951073       0.55872976057835455      -0.39860538663012224     
  0.72980964667566883       0.56507857995950495      -0.38479095375292277     
  0.73566424932259689       0.56283842718130839      -0.37684349159391001     
  0.73817660139919306       0.56953458786325029      -0.36156003426011091     
  0.74010372624782861       0.56875475271199749      -0.35883771493753480     
  0.74170397699245794       0.56665126822772194      -0.35886146453678403     
  0.74803278482098601       0.57669659045560151      -0.32843263447752069     
  0.73965772467569957       0.58669988870918544      -0.32968119587898048     
  0.75176578977492692       0.58797936667446404      -0.29854390244849166     
  0.74734252140210555       0.60187829054216813      -0.28146345957935776     
  0.74672807605286606       0.60286176281667925      -0.28098910186687182     
  0.75024979813228465       0.60044534861331789      -0.27675011062526617     
  0.75361155306894090       0.59817700104646165      -0.27249569262665063     
  0.75823499046142595       0.60503269992776521      -0.24293030123489567     
  0.75933102476404690       0.60790646057921127      -0.23209077968940467     
  0.75911643861208367       0.61413039297765737      -0.21583811769474695     
  0.76259345366040454       0.61119688035024566      -0.21187165427310828     
  0.76862573516111554       0.61156747804081257      -0.18761582835900195     
  0.76642799741988821       0.62165424684766124      -0.16166051511487325     
  0.75815350213257993       0.63503864123866027      -0.14808508141557461     
  0.76289755609980869       0.63731840923066541      -0.10868562072616018     
  0.75155936917700483       0.65112904112501369      -0.10578036871688939     
  0.75215247021916021       0.65131712831368871      -0.10026295381856384     
  0.75200516011798157       0.65359000418397928       -8.5488862354762774E-002
  0.75150561127825610       0.65639044397300172       -6.6263876118268186E-002
  0.75089363199665149       0.65779748726357601       -5.8832127078669777E-002
  0.74717076717453279       0.66248055565692088       -5.3435550491383509E-002
  0.75411694353532832       0.65534285303153816       -4.2817992169390355E-002
  0.75322092283641340       0.65670131847575752       -3.7438211945309392E-002
  0.75849293227308479       0.65086293633693670       -3.2648273991695398E-002
  0.76445975817242096       0.64420079126679852       -2.4629629842772168E-002
  0.75965679052551105       0.65006659713964654       -1.8302455894183639E-002
  0.75848242122591469       0.65154141310392288       -1.4078483647566361E-002
  0.76076952929843511       0.64901764041297683        2.4136536221467122E-003
  0.75308869881751461       0.65712713046524351        3.2269894946444069E-002
  0.75356512780158813       0.65528331426715902        5.2377248919941513E-002
  0.75619518646806450       0.65106235263469281        6.5472535801713763E-002
  0.75663894121697350       0.64694027558866551        9.4687868575213371E-002
  0.76656515150769877       0.63541774102008841        9.2855602366830325E-002
  0.76725537453943571       0.63415499160760458        9.5742555112693334E-002
  0.76560962935435928       0.63229987261390752       0.11848530091246029     
  0.76122551564196339       0.63205441217055103       0.14506182954645902     
  0.76286871828245484       0.62895805348891143       0.14981016526765711     
  0.75279920192791128       0.63251823641240545       0.18224720075336992     
  0.74744954917321293       0.63823517618780290       0.18432317086379163     
  0.73817084701543301       0.64622512332925297       0.19364113869373759     
  0.73967479984743556       0.63983172634022822       0.20855827108781286     
  0.73964912659926130       0.63722311440889201       0.21648526966974058     
  0.73845464592757126       0.63040652243113415       0.23931642731803418     
  0.73672669533515245       0.62706108421360940       0.25303788855702430     
  0.73445340303932383       0.62763156633128270       0.25817981274393953     
  0.74225401537341207       0.60961890229329707       0.27825127246566245     
  0.73699288396588591       0.60796626601087467       0.29532779817761695     
  0.73091132487355237       0.61396794651221243       0.29801341551541544     
  0.72483464672705888       0.60756197741717510       0.32478173978995434     
  0.72799657011392971       0.59598447045727521       0.33885617137085239     
  0.73315216725993249       0.58694604371062153       0.34348543115321667     
  0.73285141647894347       0.57693560660539389       0.36065788109463448     
  0.71857657152335963       0.58083806266229621       0.38245895965507803     
  0.71103733553567927       0.59092190370749509       0.38110000156524781     
  0.69693245991849551       0.60280616937383358       0.38847119388289097     
  0.69241359955805115       0.59296352531340335       0.41104460195331965     
  0.69545086558548330       0.58952664340532612       0.41086059712711664     
  0.69099259286343473       0.58555465386091066       0.42385726836954729     
  0.69730042130717595       0.56920745313935717       0.43563172259999711     
  0.70779400917532653       0.56168429010572374       0.42841381726544103     
  0.70774872227595242       0.55384586811842995       0.43857325555133542     
  0.69701224633605652       0.55555501054804413       0.45335698815891889     
  0.70419634668416520       0.54774703874012765       0.45175290465927437     
  0.70239228428244216       0.53947527151385111       0.46433986519094611     
  0.70488500592586578       0.52438229373483458       0.47766132189898519     
  0.70733801688783449       0.51123864209898118       0.48816798408946521     
  0.69479763066564570       0.51820430041417254       0.49871891427302106     
  0.67981749909843858       0.53028229540711769       0.50660522608565717     
  0.67579148015810575       0.52852919927340436       0.51377306358072961     
  0.67370977093201589       0.53180043925875531       0.51313101383069970     
  0.65670939243124804       0.54128164779128474       0.52511613159084314     
  0.65881370514065296       0.53932140384538796       0.52449683056533625     
  0.66825052818169084       0.52816284036271910       0.52391339517602831     
  0.66077972838914956       0.53642611672018703       0.52499254456654798     
  0.64883817737857630       0.54263947638018850       0.53343361184863380     
  0.63699590546739304       0.53080660129293655       0.55899961399058029     
  0.63458370858663771       0.52184047386824906       0.57007546573185253     
  0.62466986346252662       0.51508779132663818       0.58691748049274473     
  0.60935096904459785       0.51628887569803061       0.60177835899513155     
  0.61360863272704824       0.50523919911897874       0.60680952325787785     
  0.60427432467565090       0.51581730571257645       0.60727674717973867     
  0.57935131749182645       0.52917932641741638       0.61993652208342620     
  0.58405358530649465       0.52312705187911857       0.62066053288644829     
  0.56451242862665174       0.52609548094552216       0.63604187193512618     
  0.56042255127840512       0.52187206983402801       0.64309883124271672     
  0.55485531657567055       0.51668113421179451       0.65205535287836258     
  0.55868557061911184       0.50357135690542010       0.65900403768598437     
  0.55171375926315913       0.51588105828137498       0.65534621502393642     
  0.55777031055482240       0.51040404299549458       0.65450744346984113     
  0.55396001977062115       0.52003351508168905       0.65014878273170185     
  0.54026981217570325       0.54005898424015930       0.64532536258318152     
  0.53577943610248602       0.53015713557067234       0.65717106407175330     
  0.53617581898574063       0.52763436692761878       0.65887591090573328     
  0.53078781232943462       0.51960682123928648       0.66953196309372420     
  0.51999263301190635       0.52771812732345891       0.67165559605170078     
  0.51476690193256547       0.53656264525687214       0.66866700560869330     
  0.51648596574397099       0.52848922913414120       0.67375172124360372     
  0.51551097211193908       0.53297556674558610       0.67095862978608800     
  0.51657127365633226       0.53292672496461424       0.67018148665235744     
  0.51238878214206773       0.52607904361717717       0.67874779985043243     
  0.51475643192456966       0.51426652090809766       0.68597067084924779     
  0.51384337696520699       0.51304634585377651       0.68756703742622749     
  0.50925009822282330       0.50207122361963685       0.69899129026986029     
  0.51398865327505761       0.50144594601145742       0.69596524879706978     
  0.52772238311131958       0.49740772600013139       0.68854530749885146     
  0.53609304952298442       0.49027839766452763       0.68719090145071793     
  0.53549652692589977       0.49069431520034384       0.68735911915123715     
  0.54018459227610727       0.48248668775334208       0.68949778999522782     
  0.53558972512744607       0.47702693767687387       0.69684212492395292     
  0.53125523802052632       0.47082071786960467       0.70434063044843720     
  0.51472133892192518       0.46126850024001420       0.72269863286486702     
  0.51559512190157786       0.45681100366475430       0.72490370201985843     
  0.50854218669920803       0.46450799067865967       0.72499460063014320     
  0.50295616449175085       0.45473238589307297       0.73501942411050547     
  0.50964416916278643       0.43230281861479120       0.74389320057121111     
  0.50441075147659520       0.43370365969717284       0.74663975875926625     
  0.50530333293784624       0.42921768475283478       0.74862588842312894     
  0.50734438272361693       0.42619796608363936       0.74897060758414225     
  0.50410706830106855       0.41815355146028355       0.75566108215922678     
  0.51834004817638335       0.42429056894240513       0.74249653707140917     
  0.49491917388964196       0.43523473250661221       0.75208093908587526     
  0.48155814663459134       0.43241446687225343       0.76231193106853656     
  0.45927850979731349       0.42775631508053041       0.77851640017862500     
  0.45985583584786549       0.41445525491710272       0.78534034144965459     
  0.44530038350993928       0.41868658034735068       0.79146011641960945     
  0.44445631794230928       0.42985437221562456       0.78592862279489173     
  0.44540943403846933       0.42349252046181235       0.78883744915060372     
  0.44958721327903167       0.42583339739611048       0.78519886354864321     
  0.44616659681368842       0.43011107048387548       0.78481834518244176     
  0.46166235507751824       0.43004613531524116       0.77584031308298540     
  0.44826389607302408       0.42384413153244710       0.78702962564501888     
  0.43685690593939497       0.42521215096633308       0.79268573243350471     
  0.44116720519794844       0.42640271779555211       0.78965322725510201     
  0.42177982771341327       0.43529801030843274       0.79537250339420307     
  0.42229712954042753       0.43148900545799329       0.79717148252479886     
  0.43689908479421613       0.43733192103938739       0.78604069903916152     
  0.43466771173843138       0.44145803036747455       0.78497056492338968     
  0.43850457234746143       0.43885107646346172       0.78429807644621286     
  0.42634426681530269       0.44880723035490894       0.78536783492506024     
  0.42483124948496398       0.45176719960683254       0.78449015724892590     
  0.42705314047297593       0.45060030432165910       0.78395470593484995     
  0.42638333615064483       0.46320330413814592       0.77694269395403270     
  0.44002821567768119       0.45647423661315667       0.77330876156678297     
  0.44999689330391912       0.45118852458136949       0.77066965121438846     
  0.44830287339088970       0.44930295779938206       0.77275570901947965     
  0.45051808478303024       0.46612095455075886       0.76142282012829099     
  0.44890846574425103       0.46474421770744756       0.76321294635942483     
  0.44891196164598529       0.46183408799599046       0.76497537598021037     
  0.45312303205480076       0.46702499796143043       0.75932020195737504     
  0.45880773394489965       0.47305881305041014       0.75213750250049549     
  0.47243475940360263       0.46258277259334807       0.75021502024893583     
  0.47165811768319377       0.44810335487116276       0.75943531875779524     
  0.47149448707090341       0.44877169543088186       0.75914222253945662     
