  0.35330105563841724       0.54947868589639515      -0.75713376481989658     
  0.34631784166662399       0.56084813913656106      -0.75200619503460731     
  0.34795837763370341       0.54372662911836578      -0.76373183789999233     
  0.33177010065485740       0.55267044091844109      -0.76451552243658316     
  0.33338261980950545       0.54851272726445266      -0.76680494054085402     
  0.32690384832478553       0.55663217181574121      -0.76373719252772865     
  0.32780537585136604       0.54362683280212609      -0.77266648835087559     
  0.32610860687477211       0.54223471153819824      -0.77436082941047701     
  0.32243932474568809       0.54403350131211436      -0.77463567650065424     
  0.32852392115365331       0.54213038248295886      -0.77341236195105445     
  0.31631375965793918       0.54875548268609287      -0.77383010129679797     
  0.32309286501622636       0.54672239549215451      -0.77246723091852043     
  0.31096519870557987       0.55422315200421723      -0.77209930901180679     
  0.29455555210156553       0.56405924383260397      -0.77141052376353558     
  0.30008852943331316       0.57112420821406029      -0.76404451002177498     
  0.31170836390906237       0.57114272451026527      -0.75936413143374548     
  0.30153791284366493       0.57027827850748325      -0.76410573363928358     
  0.29418192504617496       0.57966845235062281      -0.75989570358409086     
  0.29366289016388214       0.59448114456557655      -0.74856815033542401     
  0.29371644164658794       0.59515439943369430      -0.74801196029287254     
  0.29844433104601642       0.59577589663136099      -0.74564204700351611     
  0.30504732399603252       0.58780680325389467      -0.74928585477859988     
  0.31607144217607624       0.57893474016056012      -0.75162052265485702     
  0.33277968319582074       0.58063116643260104      -0.74305123041362808     
  0.34208296115485848       0.57999649884773807      -0.73931272747862886     
  0.34681006088738503       0.58535935269055217      -0.73285551774206215     
  0.33357357956765549       0.58618499660018064      -0.73831958986286372     
  0.34041031061025706       0.58220878811331478      -0.73834527659750993     
  0.32353570757377759       0.58189541365476138      -0.74613830721407737     
  0.34279204048219464       0.58945358102062417      -0.73146298115763564     
  0.35405528036720785       0.59775005398477743      -0.71926332549720173     
  0.37283635529611181       0.59635462378358595      -0.71088270119721508     
  0.37312600910581539       0.59837906696271481      -0.70902713174433452     
  0.37099650982450477       0.61614889031318809      -0.69478207710321882     
  0.35412211606267441       0.61349827852675332      -0.70584515947904858     
  0.36424073428814235       0.61483600351791623      -0.69950366422439259     
  0.36483990228099206       0.61160958907269991      -0.70201535329216225     
  0.36420311199541300       0.61378777154891151      -0.70044319163646507     
  0.36646346629617116       0.60884072577355608      -0.70357479951297608     
  0.38041345544584770       0.60705507594293961      -0.69768885449580031     
  0.37874038302053481       0.60374065309392566      -0.70146485733155484     
  0.38693644404909405       0.59825564666786657      -0.70169107839323064     
  0.40270356172935584       0.60193026177427944      -0.68957218717900615     
  0.40394975320548715       0.59767025375743377      -0.69254231976013614     
  0.41588015260918654       0.59433762819454594      -0.68833602432085550     
  0.41512790754286372       0.59677353370046937      -0.68668054425164693     
  0.42493689248532790       0.58106018165021922      -0.69411649073158221     
  0.44183785458868269       0.58174979853542841      -0.68289565978739186     
  0.43431126562061179       0.58570252809579226      -0.68434368057082240     
  0.43985891173874231       0.57875548241264174      -0.68670680012747776     
  0.45145394425923630       0.57854637192796976      -0.67931835816630293     
  0.44512994062657157       0.58067808154291756      -0.68166876235707174     
  0.44544495310527832       0.59751482993687621      -0.66674944451311102     
  0.44473030646352729       0.59281421247137589      -0.67140618406803454     
  0.44631421665734011       0.59991049783628370      -0.66401130607495407     
  0.45704880035991041       0.59632331965988594      -0.65992794494503715     
  0.46953370141874118       0.59396826900362754      -0.65325324235617144     
  0.46704689711954922       0.59074094015173295      -0.65794554297422547     
  0.47155153442482550       0.59574565472831953      -0.65017402689888970     
  0.45766962811606821       0.59802444577447700      -0.65795537368139900     
  0.47254611558819481       0.59684108831878990      -0.64844497371554233     
  0.49335522453737596       0.59092965181751322      -0.63828110501918167     
  0.50610570777399599       0.59994057175814630      -0.61961949849653009     
  0.50924985834410974       0.59746113895464792      -0.61943907627426875     
  0.50575908499948419       0.60953789388161694      -0.61046810224846904     
  0.51266949967547359       0.60615468868031985      -0.60806782310311747     
  0.52970833383569249       0.60243736619556421      -0.59705803811385549     
  0.51414295476307759       0.60843044716613737      -0.60454066284138908     
  0.51910128805739519       0.61232957853158809      -0.59631060697633043     
  0.52191715135329664       0.61987977024610197      -0.58596207860483562     
  0.52367677922842137       0.61762156230039245      -0.58677613847068577     
  0.52960613994080097       0.60966747233634877      -0.58976513097334915     
  0.53447100040674000       0.60564510769771807      -0.58952078270917463     
  0.52992486042789888       0.61086921519909265      -0.58823332464466549     
  0.55077413404949460       0.60565276197612949      -0.57431053026452072     
  0.55779997565981942       0.61645843570652870      -0.55573211550185253     
  0.54505357638175245       0.61564142289197898      -0.56912409656682095     
  0.54681663408917847       0.62331673465308235      -0.55898820826990625     
  0.54244690523404182       0.63363545112052544      -0.55159538620740678     
  0.55920884576839358       0.62835463692072324      -0.54079193510499612     
  0.56193696091922007       0.64059621931724531      -0.52331953503507067     
  0.57778233567681236       0.63923719695082937      -0.50748731867337693     
  0.58630667740992348       0.64832743838295714      -0.48571186177025610     
  0.59569408409692615       0.64142981510715036      -0.48344218937069383     
  0.60074743457791491       0.64730517426509682      -0.46914659885550086     
  0.59899200605333969       0.64339768373549144      -0.47670535684844034     
  0.60591572270043548       0.63247828922658456      -0.48253222756767428     
  0.61252769992463563       0.63660557564183684      -0.46855432757233317     
  0.62385273714027645       0.62497938810757658      -0.46926381365204617     
  0.62594195702244959       0.62115114921623293      -0.47155902734043542     
  0.62796983121557293       0.62760905422269631      -0.46017471262638482     
  0.64179073127406694       0.62566076612566823      -0.44345604402436323     
  0.63874595951120372       0.64110161028876556      -0.42543192697923227     
  0.64680535148218898       0.63983130181241021      -0.41504065164154452     
  0.64489808197193932       0.64790339296829735      -0.40537347871941526     
  0.65375653931128119       0.64540901102440973      -0.39503113269238588     
  0.65176403134031891       0.65666067653026805      -0.37947385067989398     
  0.65919902559344690       0.65209629310724049      -0.37446904968561212     
  0.66729158829949176       0.65341013845139828      -0.35745926642579251     
  0.67917346963745151       0.64661663435207017      -0.34728997440154602     
  0.69718253610629066       0.63780009889412881      -0.32733399639976257     
  0.69074596594104309       0.64520538384071890      -0.32646596024566776     
  0.69211556188440149       0.64967657840966753      -0.31447796816843387     
  0.70233713644993023       0.64188059969419531      -0.30775289194340910     
  0.70721657626176349       0.63850483428431204      -0.30357254628202335     
  0.69848428206486424       0.64622334727193087      -0.30743307100732092     
  0.70437896901871544       0.65188661616572763      -0.28088094927945384     
  0.71169910154879068       0.65064699153689032      -0.26484501365635982     
  0.71149462867641744       0.65468242105922392      -0.25527694945027785     
  0.71771139574385667       0.65549305375193867      -0.23498767819262925     
  0.71876350148074974       0.65480841393845535      -0.23367706343271349     
  0.71958824782667308       0.66112887022126365      -0.21237083262466472     
  0.73224565627811511       0.64928729887819747      -0.20552932242695932     
  0.74076453373459750       0.64887587103760258      -0.17386204170593689     
  0.74877292976356080       0.64517131241810732      -0.15196406577211127     
  0.75471626720329255       0.64326701462646751      -0.12888329570692392     
  0.75954419143155083       0.64024742637958187      -0.11478612406084315     
  0.76739305829944549       0.63369527903816225       -9.7663644200734118E-002
  0.75960988364616278       0.64404040751643232       -9.0580230476248358E-002
  0.75668879005528389       0.64972898040861693       -7.2624562111233221E-002
  0.75082152037064176       0.65874285361656926       -4.8217189439214589E-002
  0.75255492211587871       0.65783426830827552       -3.0251688192205615E-002
  0.75085456210366830       0.66043794396862621       -6.2568949648263567E-003
  0.74799233929694908       0.66368119687256577       -5.8931545776131130E-003
  0.75619458238481030       0.65433098546898893        4.5513763899972942E-003
  0.75987606588129553       0.64979424240182981        1.8862848199475514E-002
  0.75702338603932717       0.65259132936299269        3.2251353921864526E-002
  0.76328828346143218       0.64450600951078285        4.4754888392070848E-002
  0.77077272724098134       0.63340543091198798        6.8607310344441980E-002
  0.76433370134622902       0.64048487938196641        7.4653280366246175E-002
  0.76950965055158393       0.63463430224238426        7.1373665488754456E-002
  0.76593564116381063       0.63706134882855203        8.6576159673012715E-002
  0.75784729936857942       0.64514906577788800        9.7211901358154690E-002
  0.75611655881006590       0.64584732791548616       0.10568338808747860     
  0.75650495557009700       0.64119605853089079       0.12871622555969642     
  0.75973613354995995       0.63630340148674625       0.13386182665328331     
  0.76897883769529241       0.62235114985984830       0.14611842267462696     
  0.76130082532340071       0.62960374757692461       0.15498443276342574     
  0.76445854067795882       0.62106835891420464       0.17285032004639816     
  0.77347748377285030       0.60765895390726987       0.18023090143685611     
  0.77688965955658940       0.59632170102704218       0.20209622895606197     
  0.78684203358779781       0.58145198870991455       0.20686517107697117     
  0.78625028548949982       0.57737210739026024       0.22011800965711456     
  0.78739255328972757       0.56916441151598884       0.23678015053534102     
  0.79298087777690629       0.55591833535660651       0.24927120149448967     
  0.79186342535195364       0.55524182011193690       0.25428101932439673     
  0.79093271446829716       0.54811444736301740       0.27202204648841105     
  0.79241190434049569       0.53547329280720390       0.29215017807572657     
  0.79176501155090695       0.52902696388884785       0.30535002531903921     
  0.79418626037501061       0.51894512900776191       0.31617105640882659     
  0.78547699152038364       0.51680637976858379       0.34049531806263872     
  0.78469115464813732       0.50837661923352673       0.35470128958556524     
  0.78591171397642745       0.50090247054971715       0.36254584928229922     
  0.78520951217784840       0.50590622602852131       0.35707830016818837     
  0.78657100330633889       0.49221819290650298       0.37286365782885728     
  0.78539264940753506       0.48206922205837166       0.38828810360433252     
  0.77917778900453050       0.47976710130857736       0.40336770027355534     
  0.77373194451892946       0.47187482511758339       0.42269732368588087     
  0.76803384396502838       0.46987050896142596       0.43513873572991790     
  0.76858560749172411       0.46559573883389255       0.43874454063418195     
  0.76572968486967508       0.46251996093416597       0.44691535602040539     
  0.75727302873186797       0.45404817644939166       0.46944415367351777     
  0.75575991133645870       0.44443993125129105       0.48093669430191660     
  0.74724477319841953       0.44222569911230014       0.49604604622179960     
  0.73670144516162184       0.44915047008222342       0.50550453600506473     
  0.73586805802625654       0.44396843741488468       0.51126336437891851     
  0.74124805525421644       0.43202827946327793       0.51371479083810623     
  0.74303931394062583       0.42841791944690610       0.51415042957818136     
  0.74569864069066805       0.42412363492136412       0.51386056432964300     
  0.74630218566482087       0.42639534352670733       0.51109691712105865     
  0.73906094789350962       0.42431746738875598       0.52320512437048949     
  0.73101331879839637       0.41546351807457221       0.54130360509463993     
  0.73499988108469017       0.40869333040223205       0.54105908779931178     
  0.73150136433598212       0.41520124232179101       0.54084534050783506     
  0.74822251518218419       0.38552227999252153       0.53994040356673789     
  0.74340218268059688       0.38233004908641310       0.54879588951750113     
  0.74230973672005074       0.37782093244519716       0.55337834957364473     
  0.73984839523241197       0.37615450601417588       0.55779220116209571     
  0.73771384902205839       0.37906176144349640       0.55865056875690500     
  0.74220848538776729       0.36541746304358858       0.56177988743028506     
  0.73020997705686652       0.35979653772061215       0.58080964252573419     
  0.73581738711400502       0.35424743624926575       0.57713215707629828     
  0.74020630069937476       0.35132169319155643       0.57329547381604595     
  0.73339893908852782       0.34779262614899725       0.58409441474833990     
  0.72721289772219211       0.34645196484152507       0.59256428971373154     
  0.72237137883918046       0.34501835694361876       0.59928451040044994     
  0.72372280601452244       0.33446412333722725       0.60362161181879870     
  0.72000608402878352       0.33429336435531232       0.60814404996640758     
  0.71920263774544435       0.32749032596993333       0.61277863234295427     
  0.72412267943915110       0.33704050586537759       0.60170594357034135     
  0.72395654850514579       0.31902470147785561       0.61164544936055931     
  0.71745323081751644       0.31287993180727330       0.62238815048310892     
  0.71750929124539198       0.30246338034593773       0.62745224561415469     
  0.72049789313095314       0.29841721011308103       0.62596322152518191     
  0.72082030922762974       0.29280409565325877       0.62823868344257505     
  0.72449905218860067       0.27974409521944049       0.62995584334751176     
  0.71720221941968965       0.28114671069337677       0.63763430234403629     
  0.71154344523342061       0.28656722876698709       0.64154902302330996     
  0.70896781189704716       0.27644967072658883       0.64879906076463645     
  0.70050816976526620       0.27859778420314418       0.65701718297866141     
  0.70711417374241381       0.27538691105826735       0.65126921815050498     
  0.70071267475223387       0.29261064872909959       0.65067715165964302     
  0.68954112992010219       0.29273266963121686       0.66245046175475564     
  0.68259312859450105       0.28731510280777928       0.67194988838017311     
  0.66463085511472630       0.28604329932571687       0.69024999626245997     
  0.65734016755422520       0.28905878492207820       0.69595181081677970     
  0.66043422092682547       0.28288876592936468       0.69555775169265244     
  0.66081067963172313       0.26858355901465919       0.70085099522771477     
  0.66020185663429731       0.27225642918033488       0.70000710372581254     
  0.65783493876640331       0.25424934295437362       0.70895025562127612     
  0.66022931048912759       0.24857952169246592       0.70873512609874001     
  0.65138390125407142       0.23240733396269461       0.72227823192131491     
  0.63775674022026396       0.22953838874171398       0.73524041537274254     
  0.62866323206905550       0.23137447187833632       0.74246103898286175     
  0.62013247707167840       0.23395587542905433       0.74879927833376692     
  0.62382286611856619       0.20734317595399077       0.75356077332417615     
  0.60760266634269178       0.21415440466467570       0.76482474516451848     
  0.60986140146342849       0.20950043788771139       0.76431579699095631     
  0.60318815828043504       0.22009208827959043       0.76663127929075936     
  0.59368763887580711       0.21560583375450518       0.77527357229373872     
  0.59045007788327475       0.21287956208739980       0.77849277297423447     
  0.58415389036633791       0.21551626298737703       0.78250685157244992     
  0.58557266778025796       0.20983458242615721       0.78299048446756470     
  0.59017621477864035       0.20552974046917885       0.78067250578730440     
  0.59122521772012304       0.19712845612004717       0.78204418910923468     
  0.58743459660290109       0.21578264857972324       0.77997336062580225     
  0.59439201309786427       0.21997738534471994       0.77350377161483175     
  0.58631681697598859       0.21014960299613578       0.78234885728280545     
  0.59345180702098088       0.21207283346278119       0.77642775971148770     
  0.59599730083597113       0.20337693891929154       0.77680437570346972     
  0.58823961628243393       0.21667455039946651       0.77911892099029734     
  0.58202158664330939       0.21878302687407275       0.78318890430918642     
  0.58012435932576545       0.21279563935455542       0.78624025818356358     
  0.58190971712817108       0.20718806242698942       0.78641858313468338     
  0.58823218988644321       0.21777213259656206       0.77881845705256980     
  0.57202258543556572       0.23629201675504130       0.78546562278017440     
  0.57743102069198726       0.23833028195273631       0.78087905148424830     
  0.57914349220332617       0.22650167016673259       0.78312821992967185     
  0.57975523999620271       0.23662770518377180       0.77967377205880650     
  0.57106577085308419       0.23330832113599112       0.78705216640873188     
  0.57926814226715284       0.23738538497932474       0.77980548751119949     
  0.58416690753290890       0.23477296893226407       0.77693672664005808     
  0.56864111212065160       0.23239518338674744       0.78907525898663744     
  0.57003900603324820       0.22364330800172738       0.79059420841963646     
  0.56872310727583619       0.21777985759157051       0.79317460932502937     
  0.56428274517733368       0.21857621085538420       0.79612148792959692     
  0.56815718877728305       0.20506052158570343       0.79696147418033569     
  0.57913300910993215       0.19829931974134499       0.79074796082531584     
  0.56989375975708112       0.19691619189358608       0.79777510362261028     
  0.57122879941460825       0.20018609894842021       0.79600451286858831     
  0.57122879931929083       0.20018609880285040       0.79600451297377683     
