  0.23249508498389224       0.68529328829594949      -0.69015878207471748     
  0.23417719465807837       0.67901681766552302      -0.69577094135171991     
  0.22945233057901582       0.68272064383183539      -0.69371763021974753     
  0.24662038990093357       0.67826582740363695      -0.69219495134071241     
  0.25632970119173615       0.68016865689209738      -0.68677920940325188     
  0.25795254007135116       0.67367132480286906      -0.69255139391173359     
  0.25244230946599289       0.65571625348092033      -0.71155398622481303     
  0.23866251378200765       0.64860273113631706      -0.72274110280083237     
  0.23723305869088473       0.65297691504607991      -0.71926464133938339     
  0.24114754016404971       0.66156881140571522      -0.71005251330310637     
  0.24964052758274946       0.65837531882797073      -0.71008559100039081     
  0.24150086871439677       0.66243845737577900      -0.70912101971369457     
  0.23328853629628515       0.66774929150383799      -0.70688566439620149     
  0.23147776195702757       0.66527360863643714      -0.70980917954843215     
  0.23525840981249946       0.66074297295973305      -0.71279183798415413     
  0.24315833768499484       0.66281537659098799      -0.70820180695111035     
  0.23895243754879322       0.66202483123154077      -0.71036952033595879     
  0.25748627899774751       0.66015501057862924      -0.70561758632833416     
  0.25815676687657352       0.66724160073785432      -0.69867283470922237     
  0.25702366628999340       0.66536051538388830      -0.70088103094243925     
  0.24700424171116778       0.66002156104334753      -0.70947899442801954     
  0.24408756865132830       0.66486361209213574      -0.70595866461548673     
  0.24177228037669499       0.66708650549887938      -0.70465719227348156     
  0.24021597405857409       0.66869507411847862      -0.70366411281006314     
  0.23650559579183242       0.66497103559520365      -0.70843392421495144     
  0.23708360569545503       0.67279962247245995      -0.70080812774350543     
  0.24011272104057441       0.68418273455882939      -0.68865075831374345     
  0.25136117435164790       0.68522043652828069      -0.68358650761447393     
  0.24763295795475390       0.68867710150457107      -0.68147029869088382     
  0.24480958050222565       0.68942903204746364      -0.68173006319541296     
  0.24227897345679428       0.69481221547439831      -0.67715351601264084     
  0.24708321593440982       0.69526685781662145      -0.67494731707394284     
  0.24521721510978087       0.69655429334424457      -0.67430010665689755     
  0.25634948915439432       0.69037372206522496      -0.67651242656147026     
  0.25390035213053852       0.70167006987977554      -0.66572796563078207     
  0.27780501337407709       0.70099095925927180      -0.65683791728324781     
  0.28209240545313413       0.70375077208713188      -0.65204196611294141     
  0.28576329038851778       0.70644212899907732      -0.64751745941061578     
  0.28064625344333383       0.70824711018049835      -0.64778369179008632     
  0.28966721360406011       0.69846040698837253      -0.65440504676576106     
  0.29241255423612883       0.70162089229997460      -0.64978690477208845     
  0.30550671886178976       0.69432555818830555      -0.65159624306529207     
  0.30895200013731255       0.69995311072549504      -0.64390550890395193     
  0.31966998380017947       0.70414882501306675      -0.63402329112573719     
  0.31079229977688649       0.71709692070201336      -0.62384305135112661     
  0.31629161817748630       0.71697119513050733      -0.62121809183554788     
  0.30193803746094178       0.71218021777810636      -0.63374502675742128     
  0.31182248963253700       0.71239877885890857      -0.62869286208744468     
  0.32606210446654160       0.71092033641935382      -0.62311778926318828     
  0.32992436260922231       0.72179005379909777      -0.60841518159361707     
  0.34401690684166353       0.71520128485645229      -0.60839090225510073     
  0.34008862777303484       0.72100078270778090      -0.60373636348510773     
  0.33687537614024532       0.72017283730935866      -0.60651963311351820     
  0.33501513053835125       0.71822433695653221      -0.60985134591449508     
  0.34006261458418335       0.72730657551296440      -0.59613971800054921     
  0.33513989193581639       0.72614934661182384      -0.60032356213001592     
  0.32981782617414929       0.72893859453047127      -0.59989059581035264     
  0.33362310190422900       0.73605435456686519      -0.58899882257858183     
  0.36696182282801204       0.73290046322135882      -0.57288387269730368     
  0.38454321701884780       0.72234484211152739      -0.57475598589285570     
  0.39385342462844136       0.73159754958657941      -0.55645710108449575     
  0.39418040486319006       0.73166519894120741      -0.55613653456702061     
  0.40661936056718528       0.73648610747789200      -0.54060050786509273     
  0.40953934813825726       0.73747340208810475      -0.53703864250078615     
  0.41517630649680959       0.73548034823099517      -0.53544121235639019     
  0.43233372844732187       0.72584070022633862      -0.53501665875164650     
  0.43226478683248781       0.72659287464361977      -0.53405051126441583     
  0.42883023799553976       0.73568619972856319      -0.52428088131232975     
  0.42480018882683351       0.73052925822115455      -0.53466980694213140     
  0.42181021885983078       0.73427642542637395      -0.53189686061161245     
  0.41873407904464854       0.74706984129332044      -0.51628327812994579     
  0.41942336116788070       0.74327373136213704      -0.52117962774233906     
  0.42679292824587151       0.74582418525438543      -0.51146268787561400     
  0.44107165012897487       0.73963937830018267      -0.50832016438483141     
  0.43848410329654108       0.74158691283156142      -0.50772092912660438     
  0.45426925402295060       0.73951720734876847      -0.49674313773268330     
  0.45975390184738146       0.73349761672314517      -0.50060722727261464     
  0.47417538904304968       0.72931745008756277      -0.49320762101132209     
  0.48802540351945184       0.72646235555214200      -0.48382192125337764     
  0.49859841279883188       0.72687182425380481      -0.47228907870120462     
  0.51441430073949723       0.71737565597261366      -0.46984049997052918     
  0.52744648231751845       0.70749070835808148      -0.47037974645796143     
  0.52333078871161309       0.70954259544973142      -0.47188366238824153     
  0.52348502922135287       0.71460647983825498      -0.46400539129874030     
  0.53205684556408839       0.71750790490529071      -0.44955302188597368     
  0.54829259036745315       0.71416392041628651      -0.43513805869377814     
  0.55084182143145621       0.70741841477552669      -0.44286846150810583     
  0.56246120107598729       0.70500215274731159      -0.43198305742912457     
  0.57939434916339916       0.68965517483417238      -0.43437072643304120     
  0.58733189590855994       0.69535151359490244      -0.41415880600288424     
  0.60232934742307886       0.69980745971222080      -0.38401676599338275     
  0.61212048905924588       0.68536070623356316      -0.39444798037878231     
  0.62522734715451467       0.68535097837640879      -0.37334273905973703     
  0.63876217333122798       0.67915049814390793      -0.36157639136432540     
  0.63881902254961287       0.68505835040939145      -0.35015041476931102     
  0.63458849778881399       0.69477993596123577      -0.33849413445410564     
  0.63471155974821802       0.69606409435414274      -0.33561289080268042     
  0.62843929981437097       0.70148223458135994      -0.33613497440100176     
  0.63136359409853615       0.70034424728915357      -0.33301343416740237     
  0.63857315522338698       0.70101225974061188      -0.31749982223838991     
  0.64265936615210062       0.70521014649697755      -0.29944546811513362     
  0.64676012330904986       0.70495602184330686      -0.29109852312253598     
  0.64718304080038713       0.70804932558276157      -0.28252480287960563     
  0.65409634013640694       0.70984835565098492      -0.26129158003990305     
  0.66510475370272570       0.70655688285810481      -0.24168789354842488     
  0.66971562725254308       0.70224771867263536      -0.24151422366562872     
  0.68249749517526515       0.69480662612554434      -0.22680591123585706     
  0.70258038140021828       0.68171559724687514      -0.20407021375462886     
  0.70996811976029517       0.67416565389641381      -0.20358275965918937     
  0.70987288991265496       0.68010167943181143      -0.18314525874584797     
  0.72176151649326770       0.67051773654649960      -0.17165744459794721     
  0.71841570657212106       0.67844204610366943      -0.15360749535470727     
  0.72372216669241629       0.67459991713497047      -0.14540005928308497     
  0.73243781782904815       0.66413885043326459      -0.14984802420787194     
  0.73386614819986429       0.66334936982535764      -0.14631503708981999     
  0.74657212313360999       0.65154108372003783      -0.13462645053885908     
  0.75390599251157675       0.64435451560622270      -0.12819131278290394     
  0.76149977830247817       0.63582706703630054      -0.12586512014569887     
  0.76305747517184330       0.63573034670892781      -0.11657708118544491     
  0.75662575649062869       0.64649731110059072       -9.7768560154527534E-002
  0.77315613732394872       0.62867091415163900       -8.3680756557608135E-002
  0.78144818150641771       0.62024828386400488       -6.8050025599322314E-002
  0.78338305950495191       0.61908390180856587       -5.5191526542971013E-002
  0.77861735676687505       0.62693752935347313       -2.6539518261053340E-002
  0.77971923430601608       0.62570216969790038       -2.3123807830460131E-002
  0.78888535225077272       0.61422610533118260       -1.9651781951302752E-002
  0.78748443336688245       0.61633161484559384       -1.8994069238507374E-003
  0.79620972413464786       0.60500491525555489        4.3735237562467838E-003
  0.79911806027535148       0.60055122954571405        2.7359576621196532E-002
  0.80309006813168904       0.59474576526163414        3.6384298421042752E-002
  0.80765040390811005       0.58660310579607811        5.9980174536772034E-002
  0.80818934032592682       0.58501648777976378        6.7717790936908995E-002
  0.81102786886512213       0.58056982330718787        7.1919929012468492E-002
  0.82182677764715950       0.56434803761690777        7.8179536836901681E-002
  0.82816035449830561       0.55537644459669311        7.5547548103018877E-002
  0.82636733919601069       0.55523525936129892        9.3972482525989803E-002
  0.83235670198803235       0.54666576363190023        9.1317378019505818E-002
  0.83799092872442105       0.53818174466484781        9.0175457221369562E-002
  0.84027593301211034       0.53301331988976330        9.9162277206211805E-002
  0.84261644483485310       0.52550682209443389       0.11764398338241527     
  0.83621475612573304       0.53204545842134165       0.13293799987514687     
  0.84542967342458697       0.51400267564661917       0.14508589428787591     
  0.83975297472426935       0.52072924845571888       0.15380504297480962     
  0.83700127748364250       0.52140401550845594       0.16603226825653150     
  0.83239197125773612       0.52070694190323252       0.18970473594363416     
  0.83796541581851702       0.50733723725438595       0.20105444433582417     
  0.84262079067410522       0.49630986555450790       0.20896583566940358     
  0.83746661575921777       0.49509330418997771       0.23137045540659071     
  0.83992005988521978       0.48952799645234302       0.23430030664035356     
  0.83606702865409943       0.48049461838380098       0.26479585589980587     
  0.84048884396943635       0.46311151798491484       0.28125828889586235     
  0.83576778241157035       0.46382152746566441       0.29387379015874293     
  0.84072288928243433       0.45537314223370029       0.29295106207146870     
  0.83276553433685008       0.45995182754787417       0.30813289528388760     
  0.83991784486618648       0.45016222789571009       0.30313690380966729     
  0.84507977337957063       0.43776968498344826       0.30691673061960278     
  0.84870521125664466       0.42389878079800336       0.31624245133090489     
  0.85031920321792775       0.41035833663085486       0.32948943563699623     
  0.85489375887034702       0.38620069907286458       0.34641836134962545     
  0.85166942014718849       0.38217196041792217       0.35861370784797597     
  0.85269136726195804       0.37750751491645002       0.36111702864658446     
  0.85506354243946814       0.36794679906059369       0.36535118920284210     
  0.85423486624568756       0.36021227268045919       0.37487319442791717     
  0.85428002820594595       0.36648926446936669       0.36863430718959189     
  0.85526132152718359       0.36439269840351785       0.36843728536859321     
  0.84333422677798786       0.35981233989020944       0.39915217900884087     
  0.84335076659585673       0.36567760378131992       0.39375039628542902     
  0.83910121903986667       0.36535935874069386       0.40301573565606408     
  0.83510007067319258       0.35967423572625551       0.41622387739816485     
  0.81851396803667487       0.37270206909294151       0.43718194361466661     
  0.82342481972339188       0.35928803922257552       0.43918523556137068     
  0.82208083691516087       0.34471757791866092       0.45315879010647070     
  0.81476102932552608       0.34598064257548683       0.46525461852136679     
  0.80857543925483588       0.34228105557482752       0.47859109689632873     
  0.80289910721257440       0.33822809649663643       0.49087144791433185     
  0.79812226405822806       0.33953656031659923       0.49771053416914957     
  0.79913007348944087       0.32921330306925678       0.50300072239211546     
  0.79308691049341551       0.32118071609482701       0.51754816202245657     
  0.79110181951064895       0.31064233473573660       0.52693382035780467     
  0.79269864907935317       0.29928354952114083       0.53109152575972729     
  0.79052567621681624       0.29662590929644883       0.53580054607661687     
  0.78891565697865873       0.30282391995823171       0.53470530170839115     
  0.78789579381772279       0.30699620099805341       0.53382913994751446     
  0.78955689288374897       0.29769421062835372       0.53663588200764334     
  0.78527902327233134       0.28504575413595445       0.54962330159620987     
  0.78585595399163244       0.26758847798761093       0.55751845352793061     
  0.78427896703731770       0.25261719988249387       0.56664896733904568     
  0.77512446142634472       0.25251460045193019       0.57915321449260937     
  0.76866860080364630       0.26435074418499077       0.58246653653871650     
  0.76665681562918786       0.25413870954409812       0.58961923591464893     
  0.76345836442058734       0.25908242364455891       0.59161442135457032     
  0.75323053158645970       0.25523501481715033       0.60621683702885421     
  0.75338298397741599       0.24731647850992108       0.60930176342329512     
  0.74092941574114390       0.22525582380068088       0.63267955137918275     
  0.74077038347016377       0.23102116464864603       0.63078400459891970     
  0.73113405338488824       0.22666892185374157       0.64347820153183544     
  0.72724277765705203       0.21814978512641592       0.65079076022555360     
  0.72927022179003886       0.19571775659632104       0.65563671599690820     
  0.72355922205084555       0.18968243928544240       0.66368865020572687     
  0.72541690823443539       0.17282354649621412       0.66625995754214751     
  0.71292269022460986       0.18753148520706797       0.67570199039142675     
  0.70124733659696625       0.18925876581063664       0.68733782994935999     
  0.69907493740050175       0.18955595922207777       0.68946556855428465     
  0.69884379809879948       0.18076275975738632       0.69205647930189740     
  0.70165622122997884       0.16075804272291261       0.69414364429069408     
  0.68164824573479843       0.18339365033507760       0.70832368173275673     
  0.68212355415210058       0.19434030211517453       0.70493921996487685     
  0.68381480352536583       0.18433145264427842       0.70598812316186754     
  0.69288195283357024       0.17218024063968851       0.70019180527252467     
  0.69640371467255113       0.16079303555497662       0.69940507998390167     
  0.70690193505565113       0.14377533860620739       0.69254480448794553     
  0.70435564802150341       0.14600281828637862       0.69466992028778929     
  0.69671722818930659       0.13019650822369389       0.70543176366716531     
  0.69955868430393786       0.11884245314021770       0.70462338773741973     
  0.69895268516198472       0.12511686896429294       0.70413841892444962     
  0.69212664870732266       0.12284693807574944       0.71124491699736114     
  0.69800889218045115       0.12822245239050681       0.70451585442769393     
  0.69768769679824372       0.12312299701912789       0.70574259141799700     
  0.69356453121772477       0.11855018611578177       0.71057307464373520     
  0.68990733387046854       0.12601886602247506       0.71284438419486129     
  0.69072136482732227       0.12276042749399704       0.71262463724780922     
  0.67919448338206678       0.11500716433006904       0.72489185806996326     
  0.67933565300062537       0.10520425109280164       0.72624729680337996     
  0.68289254805883326       0.10312135732393336       0.72320381184655258     
  0.69446350547936631        9.0551251936706170E-002  0.71380733418059317     
  0.69666814870917992        9.1647292656310247E-002  0.71151547019224570     
  0.69439117297144870        9.5223262227601316E-002  0.71326953476933896     
  0.68439942041387580        9.2623777696251380E-002  0.72320002014824813     
  0.67979262235314175        9.4060197151180955E-002  0.72734769533292709     
  0.67515206300568864        7.6050209421933357E-002  0.73374795227383305     
  0.68936024589690814        6.7627560656535038E-002  0.72125513129308261     
  0.67883384466622743        8.0891431922755191E-002  0.72982270968856233     
  0.67276775581180948        7.8876955903776524E-002  0.73563712016679517     
  0.67911866450704550        7.5904164114200673E-002  0.73009341689149010     
  0.67916138325972553        6.5479979931433729E-002  0.73106236923870993     
  0.68638450124009887        7.3966645258117011E-002  0.72346751955194277     
  0.68389146918555888        7.0618596727086105E-002  0.72615802148810282     
  0.68556191076906969        7.6893772919946604E-002  0.72394213455827949     
  0.68310531484567094        9.1085030514564902E-002  0.72461758607265236     
  0.68754610976332420        8.8783621315520880E-002  0.72069259433923794     
  0.67898326850499391        8.1036219803345078E-002  0.72966763130226575     
  0.68615068528373913        7.4397682938301499E-002  0.72364509385338016     
  0.68897153221107676        8.0450890573735570E-002  0.72030957373105498     
  0.68725545208649286        6.4215846452372938E-002  0.72357188215255797     
  0.68010387415693119        6.9538700077463267E-002  0.72981031066179780     
  0.67818600024880527        7.9965834812532929E-002  0.73052666914306563     
  0.67126365192391613        8.9073800191988156E-002  0.73584710893304850     
  0.67535916266854279       0.10348777632003626       0.73019194842998558     
  0.67324054621692664        9.8213015872168935E-002  0.73287200140462949     
  0.67781166872292009        8.7779911305007063E-002  0.72997673176227695     
  0.67779441350196590        8.7838857556901032E-002  0.72998566296122180     
