  0.44236828406673195       0.38047828589814447      -0.81212472885134124     
  0.43822782593411075       0.38011070582224149      -0.81453804324683299     
  0.43810520162651923       0.37950418404156561      -0.81488674464782651     
  0.42192135482027943       0.38391457956463620      -0.82133547710075705     
  0.42862697233919872       0.37600790167209702      -0.82152113573752816     
  0.42310811837187567       0.38524525049275521      -0.82010097984369290     
  0.42737319418156494       0.38242760927619407      -0.81920771270682080     
  0.43021940750746190       0.37828407491127269      -0.81964164125088901     
  0.43073173310204615       0.39103513044304294      -0.81336443299316941     
  0.42945378960467184       0.39381977450762840      -0.81269639337267074     
  0.43566975528306823       0.40476123182541357      -0.80396530369336539     
  0.43764131838565634       0.40623770844694101      -0.80214774242494913     
  0.42151201991397141       0.41297505179342492      -0.80732844844230633     
  0.42106069122052181       0.41592151024394791      -0.80605036543958597     
  0.43340034657139476       0.42333368131410326      -0.79558326645100075     
  0.43015588951418277       0.43045271132261159      -0.79352150193380055     
  0.42735540701790353       0.43234141510939555      -0.79400771839684714     
  0.43577723117883832       0.41430259747916753      -0.79903164049249020     
  0.44571589493488462       0.42882441805370941      -0.78577793267773310     
  0.44831033930995895       0.43364784119441308      -0.78164402991081217     
  0.45350138563525150       0.43132911873254626      -0.77993056393522076     
  0.45711364985775177       0.42765833890223975      -0.77984322545054008     
  0.45398931858281327       0.42318465899510288      -0.78409721527621279     
  0.46129488475946856       0.42439472027162306      -0.77916375088957990     
  0.47730111104494832       0.40882484552425707      -0.77784696121880237     
  0.48248278126366800       0.40219199551600338      -0.77810793886640872     
  0.47563526554430030       0.39945137778765055      -0.78371531244078085     
  0.47265870731336612       0.39105600082950881      -0.78972713681124607     
  0.46044583348894602       0.40050144396400938      -0.79220466282736179     
  0.46053151458759628       0.39707279615526858      -0.79387903274056271     
  0.46565881958293254       0.39402909830493027      -0.79240326440117204     
  0.47994850834719827       0.38429864768719085      -0.78864692906337808     
  0.49354227276488277       0.37561777761682802      -0.78442801462738965     
  0.50437046545937203       0.37804888782987106      -0.77633077485237822     
  0.52248180886519435       0.38311170693895569      -0.76173366698031275     
  0.53182128978749588       0.35753470788250424      -0.76768160612856717     
  0.53757592025010792       0.35870733541124195      -0.76311282094420119     
  0.53478012248238616       0.36135373104561430      -0.76382831949145347     
  0.54260903031074315       0.36603081515652786      -0.75604026518505119     
  0.55055680914523464       0.36896842178578992      -0.74883209308143373     
  0.55093256226229814       0.37857444869884121      -0.74374370493569064     
  0.55817282679346325       0.39477891760695438      -0.72978949132093984     
  0.56576646929611696       0.39251729984857969      -0.72514720680685640     
  0.57143583710175072       0.38384930495037362      -0.72534184710723570     
  0.58074542000235163       0.38444978478139080      -0.71758840579250893     
  0.58904631778629091       0.38927165028867844      -0.70816101120009489     
  0.59021637663374216       0.40066898031496412      -0.70079169299207800     
  0.59181005820491484       0.38556848646654646      -0.70788261544650999     
  0.59368493850198700       0.39463046988253148      -0.70128809061339703     
  0.59016507141417474       0.40088481278545263      -0.70071146370005621     
  0.61049972478140901       0.40033571006881291      -0.68338964382372891     
  0.59613623016455575       0.41988899208514358      -0.68433531942382864     
  0.59828043481766957       0.42007183598325903      -0.68234901181729124     
  0.59677081949523714       0.42710614473000869      -0.67929737974826021     
  0.59852335259123945       0.44745013274108086      -0.66449843875883696     
  0.59657238509558475       0.45330707834982636      -0.66227945918570474     
  0.58847030107901921       0.47094910930080480      -0.65719832714086213     
  0.59804041166757926       0.46337924571046535      -0.65393221411494373     
  0.60343181756303965       0.45691071823566121      -0.65353089989222291     
  0.61957152960919371       0.45214871382901017      -0.64163280798326983     
  0.61257427121952934       0.45949610098459587      -0.64312992110445011     
  0.60748280043486869       0.44578274067115753      -0.65745143949612062     
  0.60366991527275282       0.44305292989141981      -0.66278709606420083     
  0.61447278286627249       0.44451654463633378      -0.65178849380849979     
  0.62720026306384402       0.43239415883157911      -0.64780793559586425     
  0.62578844086895025       0.42875531400104255      -0.65158092973219772     
  0.63013343642704023       0.42474402199245959      -0.65001874440535778     
  0.62812708115492721       0.43230853266285379      -0.64696653893897871     
  0.63969854772311008       0.43245419951264780      -0.63542830702197983     
  0.64302754962731090       0.43910054903067897      -0.62746018061806375     
  0.64113840034611402       0.44268214721743165      -0.62687643769453527     
  0.64015666349660139       0.44498317842606766      -0.62625028311269670     
  0.63309230824607177       0.46854609570496242      -0.61616449543875629     
  0.63065533752679492       0.47985811322872746      -0.60992625490097563     
  0.63931915823225793       0.48081339874527473      -0.60007456995294772     
  0.63934791078367237       0.48424202285992302      -0.59728043017755350     
  0.65095951472347269       0.49341037466231330      -0.57688639467972913     
  0.65328284531579983       0.49531542755930269      -0.57261169324232064     
  0.65803420927530165       0.50239030455889389      -0.56088765480143132     
  0.64563239454642485       0.50973795237887298      -0.56861764923087343     
  0.65590809798557492       0.49851051395573936      -0.56680846365640136     
  0.65892915907925287       0.50911971383409049      -0.55372328856623154     
  0.66135946751365393       0.51099223822384987      -0.54908158519935513     
  0.66769154346560411       0.51235544136275157      -0.54007398057164380     
  0.67348044975205690       0.51283250290499605      -0.53237853804033475     
  0.67945835507335250       0.51041763803351170      -0.52707701382749161     
  0.68247752935158168       0.51302320952087233      -0.52060696155839559     
  0.68867027946383930       0.52595946852636544      -0.49909907197936232     
  0.69009587542689210       0.52929542206345392      -0.49357272909011241     
  0.69980071726697557       0.53222881806914446      -0.47645717680537431     
  0.72064251973640714       0.51558401383739350      -0.46351643274352711     
  0.72415135424145716       0.50981072131483218      -0.46443282031173699     
  0.72251370338208121       0.52006939067727531      -0.45552362979946348     
  0.73781738718857937       0.51605491791710612      -0.43510093639957620     
  0.74629868662094367       0.51222593301531738      -0.42504454342391290     
  0.75073648113091729       0.52138551906952491      -0.40564994318225905     
  0.75143686941599142       0.53126596685473670      -0.39127880564144651     
  0.75065853827509355       0.53654361500842096      -0.38552912744486073     
  0.74452504888314786       0.54917985801121694      -0.37958389736700565     
  0.75236250807696536       0.55859789458868003      -0.34916908311194017     
  0.75454871336481699       0.56724973087864583      -0.32997572937657643     
  0.75612254790963962       0.57090061464718855      -0.31992371080946375     
  0.76520794376823487       0.56594257833375661      -0.30686446653682636     
  0.77105705468597197       0.56625832437862245      -0.29124307458016940     
  0.77578728455728818       0.56501850601707648      -0.28090599313197334     
  0.77740070171142661       0.56511710728352904      -0.27620790002112178     
  0.77233898562105108       0.58551564376169030      -0.24630047137628422     
  0.77397918394568277       0.58869930400672399      -0.23321524881699693     
  0.77741978453537675       0.58808921772855960      -0.22309090211028482     
  0.78232088924042009       0.58916864159326632      -0.20212456065808948     
  0.77991659186744167       0.60082172832138458      -0.17533784676098488     
  0.79177603185442025       0.58572615396738836      -0.17325007341827903     
  0.79184000279869005       0.59200846373779048      -0.15005128733400669     
  0.79584274671799826       0.59176379565521908      -0.12825729081842666     
  0.80492661160916457       0.58142091399883433      -0.11850261890839950     
  0.79531334692543054       0.59782934370083618      -0.10038304643961396     
  0.79263060274538621       0.60432517445787159       -8.0794870554687898E-002
  0.78599923109786984       0.61325980088498899       -7.8215249996791456E-002
  0.78813320063879999       0.61194303389893068       -6.6119447316299096E-002
  0.78284858110060984       0.61917700318889679       -6.1383530289315445E-002
  0.76913385380617894       0.63580649928621591       -6.4677742652807069E-002
  0.77145847753616426       0.63425767351896278       -5.0685510946387610E-002
  0.76523130259744421       0.64278749458819462       -3.5288671355721148E-002
  0.76466808968157540       0.64441107254415941        4.1330624502102830E-003
  0.75963920261523676       0.65000906365602706        2.0892558845246573E-002
  0.74884222813877288       0.66236215960201539        2.2620496977586675E-002
  0.75159855126338349       0.65879374782564271        3.3021440983495583E-002
  0.75549389215171281       0.65435571881038290        3.2366219760784569E-002
  0.75065004879058173       0.65783388541918897        6.1474250259687946E-002
  0.74140985134890092       0.66714152573400587        7.2343741706548073E-002
  0.73721222539356279       0.67011234645872420        8.6415148289259988E-002
  0.73513824287252028       0.66890202278506772       0.11019005300093321     
  0.73871763435526372       0.65981807523389313       0.13760946292753337     
  0.73443601236037026       0.65929334708024934       0.16104665859284931     
  0.72248296029595660       0.66777749603332004       0.17914125117755483     
  0.71312810777232916       0.67196248104463974       0.19978670119251907     
  0.71490041057968234       0.66414382340804001       0.21870158843033596     
  0.70903398173990839       0.66775589189919071       0.22665586595534662     
  0.70285184093529618       0.67005995177468591       0.23878641234704065     
  0.71114515478953966       0.65305557336560871       0.26036702347931440     
  0.71424482603699657       0.64421807991385460       0.27356424106868832     
  0.70229320548744034       0.65211531489487273       0.28553435801272159     
  0.69895886157533393       0.64971325327190177       0.29887990623017030     
  0.70425910524298596       0.63842576645910920       0.31053446411541619     
  0.69540768370790773       0.64757511023934033       0.31153592094413302     
  0.69943631157674924       0.63886612485845307       0.32037309586832718     
  0.68999094124590188       0.63863312069534217       0.34067614848932720     
  0.69074064606957875       0.63661133363341760       0.34293347715972805     
  0.69366763781539442       0.62864433107564888       0.35161273192826764     
  0.69647189803644260       0.61536706306040012       0.36912094623027392     
  0.69002713160601303       0.62581452512500635       0.36361894586247895     
  0.68459309062659479       0.62465172841947036       0.37568939091874154     
  0.68635492420954669       0.61204974030018255       0.39282570360375585     
  0.68035163498178886       0.61008304783415379       0.40610383835048136     
  0.68055841700698994       0.60534849617323627       0.41278740196587865     
  0.68515077648026967       0.59748849405540838       0.41662442674414052     
  0.68202666974393111       0.59470029803843716       0.42564207648092817     
  0.68635528852430916       0.58769447920266948       0.42840590218788360     
  0.68608075688485370       0.57760339956063722       0.44234320142656247     
  0.68415811008244531       0.57961138783367094       0.44269438611974887     
  0.68001150398900412       0.56951181709660537       0.46177986598587595     
  0.67064923262945908       0.57366188472924406       0.47025700290629097     
  0.66541394751435889       0.57484160454136157       0.47621571597509210     
  0.65465396984649193       0.56966560778734809       0.49689966297885402     
  0.64279971246409995       0.58865660579142953       0.49019580793207812     
  0.64193388302877608       0.57096205516614440       0.51178435046418747     
  0.63575143341767992       0.57595746489228672       0.51389990615120318     
  0.63209733567584958       0.57926507197652588       0.51468916310674462     
  0.62275790365091854       0.57426282750541957       0.53140831606759109     
  0.62581687805225716       0.57719339184954777       0.52459605750533400     
  0.62412016497210920       0.57727488985813824       0.52652418863188133     
  0.62424056760492641       0.57180178579122720       0.53232173684928763     
  0.61768269647766183       0.56806876106602355       0.54384369921237230     
  0.62328072979666194       0.55720416850726850       0.54867535616451990     
  0.61310894851771525       0.56428917973665960       0.55287895499795259     
  0.61073406828637122       0.56268622256334599       0.55712486281960960     
  0.60021720392131372       0.56532413085039235       0.56581616731508133     
  0.59264186681765740       0.56272312476681574       0.57629706102629996     
  0.58690345006026090       0.56850914543870634       0.57649084282398944     
  0.59472376644664260       0.56193987275372759       0.57491496852407853     
  0.59092166982315963       0.55186913264824133       0.58843184869913900     
  0.58500813224060122       0.55985763414956158       0.58679205405051060     
  0.58957153414337748       0.54035145400815332       0.60035465541552779     
  0.58147090320467398       0.53195418124628313       0.61556180662946947     
  0.57976512551143622       0.52378400437085681       0.62411754983010859     
  0.58391046662471446       0.51973137733045727       0.62364081199380550     
  0.58073102270360000       0.52047526786816245       0.62598480397466094     
  0.57633836744956535       0.51912758653697055       0.63114232555095662     
  0.58123631767548301       0.52737590547102808       0.61970880044070453     
  0.56494292165443605       0.53498850540835829       0.62819327786397061     
  0.55141231698995175       0.53768420138573103       0.63784022784076688     
  0.54606677061244424       0.52358236024345395       0.65396681419991753     
  0.54526825824801783       0.51149026217126592       0.66412366186663030     
  0.54624133453810375       0.50821793180852959       0.66583401702698541     
  0.54478984629631544       0.51266133426571969       0.66361312503696679     
  0.53225546184915107       0.50585135621978872       0.67883615750956194     
  0.52365872400545155       0.49191235086479879       0.69556004761605483     
  0.52537301684304516       0.48994793923274504       0.69565380040277536     
  0.51629881638045749       0.47204341985672066       0.71457017988026206     
  0.52150298324191480       0.46071461562828653       0.71817594043260902     
  0.52943887382981170       0.44385520780335980       0.72297097686121226     
  0.51421868881376498       0.44317341331582161       0.73428636498620636     
  0.50954292594589046       0.43151836325692472       0.74441783212827817     
  0.49645409604010932       0.43553047610745671       0.75089715334831975     
  0.50643320909354028       0.43302975580934872       0.74566120678959424     
  0.50996670285309342       0.43679620145950782       0.74104186141653927     
  0.51709170328757781       0.42364126741272845       0.74373667849319403     
  0.51708956921084315       0.42470262680473747       0.74313259664645337     
  0.52008613838193973       0.42848589408162274       0.73885739303064091     
  0.51271802729537153       0.42966668924876705       0.74330798504815365     
  0.50008819665730475       0.43371985649637618       0.74953244202289726     
  0.50113254921448602       0.42663599123637275       0.75289301969107725     
  0.50294932793715685       0.42072754641196047       0.75500351338105265     
  0.50092179483168442       0.40784035276688829       0.76337644849548780     
  0.51105617982008444       0.40385198948694018       0.75876554458880252     
  0.50072484829849317       0.42649597080091523       0.75324352847338538     
  0.50345558268233737       0.42689896131142574       0.75119222113731565     
  0.51010438459318930       0.43914959150010857       0.73955469919681505     
  0.52119412578552904       0.41914330511417597       0.74342153118175336     
  0.51555797155567118       0.41586359830782743       0.74917117240846109     
  0.51520171162013584       0.41471887723842715       0.75005029778394294     
  0.51374058751633911       0.39894262683210735       0.75954946463983830     
  0.50940797291240991       0.39035673344043925       0.76689317234604415     
  0.50928828560265571       0.39278258366795177       0.76573316769945166     
  0.51176315907487702       0.39941562057396751       0.76063501829406632     
  0.50515334743784768       0.40153558179821802       0.76393014871930820     
  0.50880156097043416       0.39932784437200441       0.76266522423882599     
  0.49857173067738231       0.39674539866988967       0.77072648715587222     
  0.49297702098838642       0.39136546640081432       0.77705001672111762     
  0.49296817095726125       0.38682415441373919       0.77932628339171794     
  0.50170280273229939       0.38541714773829588       0.77443393518093717     
  0.49960291913380045       0.37464220532603032       0.78105066492605579     
  0.49962728795579803       0.36855432056855481       0.78392619928165785     
  0.50136312651512860       0.38013494262009229       0.77725957103801180     
  0.50478907522301331       0.37349283450831861       0.77826158334228279     
  0.49246642851969202       0.36968135405621549       0.78791656490025785     
  0.49179556787468537       0.37097526906701234       0.78772740790166362     
  0.49578625905151136       0.35743020593958719       0.79147939532099776     
  0.48220727616066411       0.35936012356130193       0.79895960123883558     
  0.47816204127082051       0.35579399481185314       0.80297677148442170     
  0.48422850319562855       0.35598454613398062       0.79924824654590609     
  0.48843265848752487       0.35035697918643399       0.79917677972909462     
  0.49228607798161916       0.35237737607516273       0.79591745944906800     
  0.48880731992877013       0.33585973241558209       0.80514945452741071     
  0.49285048906290718       0.32397222175950358       0.80755210046080883     
  0.49577239398371181       0.33549035578224778       0.80103430297382416     
  0.50289571916793552       0.32999100372679829       0.79887535517247321     
  0.50229945779865615       0.32071036164025429       0.80301937624926178     
  0.49324954129680898       0.30931717419642191       0.81303614664886092     
  0.49310138127789876       0.31527744248142897       0.81083362167845396     
  0.49183331177349238       0.31786303141122763       0.81059427995286648     
