  0.33807492826837843       0.57193890663350211      -0.74738961054807584     
  0.33274306258206193       0.56455752133847248      -0.75535214264849360     
  0.31699603814338329       0.57340111569887930      -0.75546321705075692     
  0.31129088889670664       0.56691691500832120      -0.76269469249978816     
  0.31072454356469187       0.56715573730106583      -0.76274807615162055     
  0.30754828160958692       0.56270186966062030      -0.76732044177086323     
  0.29354996073939871       0.57418495399242109      -0.76429055938080193     
  0.29555972001948194       0.58137083019261804      -0.75805831550293745     
  0.30479438597524150       0.57526369008497946      -0.75905999048019168     
  0.29566914896457580       0.57201628473237909      -0.76509942122022889     
  0.30202308660897648       0.56613921869176564      -0.76698659715425543     
  0.29840353589855861       0.56578166031104615      -0.76866536452406486     
  0.29708926738084401       0.56970569618063893      -0.76627239735386965     
  0.29023074702035118       0.55859701292185016      -0.77700417671901600     
  0.30600452494384878       0.54868322600740549      -0.77801539072951253     
  0.29754201506078193       0.55045948660600585      -0.78004044951465312     
  0.29458621436884730       0.55162228199367835      -0.78034083598894066     
  0.31391747057065583       0.55854757564786317      -0.76777628734444303     
  0.32101802187679129       0.56711776952924309      -0.75850172387047876     
  0.31675693741864386       0.56620809233503511      -0.76096875019377885     
  0.31520920234618705       0.57800091957957023      -0.75270053522064950     
  0.31716461930325540       0.56341925655635594      -0.76286653197247123     
  0.31814713241473430       0.55928746267842244      -0.76549326334528522     
  0.31253433792894347       0.57091918200729186      -0.75919271284137224     
  0.32001561534681428       0.56854413956293126      -0.75785722092149177     
  0.32440430884513349       0.57761453502837357      -0.74908163328616484     
  0.32048750283696908       0.58263789006029598      -0.74687405202712132     
  0.31725647486211600       0.57869057096195287      -0.75130922544435286     
  0.33347905676483414       0.58008793951501603      -0.74316196157261771     
  0.34017084620183458       0.58622203954792051      -0.73527376924694177     
  0.31744400489216473       0.59273451528222465      -0.74019936378733175     
  0.31366209578095239       0.58940558475422655      -0.74445761889501061     
  0.31656419224051635       0.59006864151220462      -0.74270189880937509     
  0.31941208144947253       0.59557517911997027      -0.73706589138307910     
  0.30637341691773895       0.60767359567567125      -0.73271285680322962     
  0.30928743984547313       0.59925037903017853      -0.73840386157306992     
  0.31476025597365742       0.60738667695223647      -0.72938837797178990     
  0.32232597202457691       0.61086825366222863      -0.72315001516011368     
  0.34047349004598959       0.60888732866062711      -0.71647332369909678     
  0.35003378160797644       0.60227177011660982      -0.71745736225494683     
  0.35002075299965807       0.60065848808276001      -0.71881489492336381     
  0.33869145747975637       0.59628622214269855      -0.72782610417120042     
  0.35238573531250944       0.58638002611070883      -0.72937148184355749     
  0.34768409036815079       0.58080989091024682      -0.73605410393917370     
  0.35825163338638560       0.59339969756992395      -0.72078607512902970     
  0.35318664600173266       0.60380342132446463      -0.71461921432530617     
  0.36891864849169309       0.60568656814292776      -0.70501263248703971     
  0.37019949344775521       0.61193932657024386      -0.69891529933732555     
  0.35986973064850403       0.62641717980586575      -0.69144435336984333     
  0.36233589367824698       0.63174806260619809      -0.68527883780670007     
  0.35703015675000932       0.64312106463485141      -0.67743985961412045     
  0.37140670473361798       0.63778236724446857      -0.67475233360912346     
  0.37194892757596537       0.63446474699964728      -0.67757544236030565     
  0.38208191495502764       0.62508270005529964      -0.68065044505669425     
  0.38979212385279371       0.63089664598186346      -0.67084388815220242     
  0.39793178210226360       0.63716418044162393      -0.66005462194811582     
  0.39536085605011606       0.64229729590516549      -0.65661554746764228     
  0.40165191442455345       0.64154301721476281      -0.65352757914419390     
  0.40446354021405623       0.65383353894959262      -0.63946145152164180     
  0.39769332480065450       0.66242568188400663      -0.63484819869753906     
  0.41060624376015187       0.65718693830855512      -0.63206632618880065     
  0.41445782935983755       0.65746469784892925      -0.62925740263007524     
  0.41946237658258628       0.65865753141953909      -0.62467717337518314     
  0.43306686889556317       0.64916377290775640      -0.62533149849432668     
  0.43581897902016636       0.65035300133289786      -0.62217585229829642     
  0.44632269246526224       0.65400786067229455      -0.61079437814162008     
  0.45324604552610698       0.65347622217937562      -0.60624817464559611     
  0.46138398553937388       0.65457722944433627      -0.59887683924224389     
  0.46464485541511952       0.65878680464723993      -0.59169680103828703     
  0.47917552235639688       0.66077811765053696      -0.57772233642874449     
  0.49318607313782731       0.65890312213289981      -0.56799134932356687     
  0.51144579471276030       0.64884241354580230      -0.56340635553274598     
  0.50923147740094055       0.65275203680760474      -0.56089043570699226     
  0.51676017733367219       0.65935115018286361      -0.54609063338845798     
  0.52145544439669844       0.65657675534957660      -0.54496897512029441     
  0.53295236478739449       0.66060313654982494      -0.52873932409842261     
  0.52649031087548681       0.66981663528456525      -0.52359681783820700     
  0.53020692569734906       0.66750863127627580      -0.52279330821486170     
  0.54091896777603987       0.67814015455010179      -0.49752648279952771     
  0.53330503713562705       0.68638832028153196      -0.49442573875847645     
  0.54309263107081673       0.68647414905994408      -0.48353245676893686     
  0.55914215071712015       0.68680004495362268      -0.46439827039205839     
  0.56506887107288239       0.68989953354456079      -0.45247740778895845     
  0.57056886506000271       0.69281999992642773      -0.44096668573270525     
  0.57494357383293770       0.69372358346959162      -0.43380580522431700     
  0.58070877713143432       0.69874141321860683      -0.41777715784348302     
  0.60312194767807392       0.69945860081234923      -0.38340785330850735     
  0.62171975393908929       0.69697398272441557      -0.35733991516087993     
  0.63901970543471287       0.68525965807308753      -0.34938949194800933     
  0.64887555657658658       0.68353961688175424      -0.33426651676554509     
  0.64338868044752839       0.69022647286914640      -0.33111693104189982     
  0.64092619933099682       0.68790471877598414      -0.34058876214117417     
  0.65336937881693569       0.68154599666931770      -0.32955046540461441     
  0.64951640016305812       0.68750066836108581      -0.32476341684722204     
  0.65763217277019215       0.68016279522643142      -0.32388037502652844     
  0.66430459707052991       0.68075998090897194      -0.30865069367130515     
  0.66567609984051845       0.68175096933618762      -0.30346490062326092     
  0.66178361319511569       0.68457288331407884      -0.30561808967642290     
  0.65680233860559856       0.69515766660391953      -0.29217547221491919     
  0.65802426242450995       0.69890596422103013      -0.28024011710844077     
  0.66603959856294159       0.69427721069537474      -0.27270938351139601     
  0.67795971770353136       0.68336280504920066      -0.27089831643374312     
  0.66781817229923102       0.69358307226724825      -0.27011369941422864     
  0.66919197984682743       0.69714073956002476      -0.25724867998569817     
  0.68015270798146332       0.69158000672623710      -0.24312422364301739     
  0.67436108442678355       0.70108233023924038      -0.23177725090493315     
  0.69159195194005507       0.68530659997470600      -0.22815660420608430     
  0.69369213855342782       0.68967729517412957      -0.20769315210297182     
  0.69988190136557793       0.68604764538563945      -0.19875601224044354     
  0.71688024844892573       0.67179161313248781      -0.18649058396781520     
  0.71970745570368722       0.67266399430402291      -0.17188463855586994     
  0.72520925706710226       0.67193454226023186      -0.15025147048103549     
  0.73162051105396397       0.66784565540503693      -0.13679769136119321     
  0.73145410201226702       0.66956934539343926      -0.12904180856927261     
  0.73293868753132063       0.67020313502587059      -0.11674175825881317     
  0.73556817252228712       0.66890234260217896      -0.10728056503178596     
  0.73808551103095132       0.66917384326820739       -8.6233090468996410E-002
  0.74767741739122018       0.66043644229999432       -6.9297800869293380E-002
  0.75107697823072417       0.65807513716878807       -5.3108253709610420E-002
  0.75939637559559314       0.64950001476341368       -3.8299811417298213E-002
  0.75464461902611157       0.65478022095142308       -4.2123167327963090E-002
  0.76054979984247439       0.64811353726856125       -3.8895305228338534E-002
  0.76765170564648610       0.64008237006576818       -3.1708332485768098E-002
  0.77524193619063997       0.63136239344117506       -1.9531219102170691E-002
  0.77897706438593406       0.62684946313009871       -1.5952546322688145E-002
  0.77234184549668772       0.63520673828371099        6.8799254311841711E-004
  0.77663795938720293       0.62940518038991988        2.6126594443430233E-002
  0.78795121919301125       0.61387821807318532        4.7816415042700330E-002
  0.78664787240256240       0.61479143927889146        5.6715174635277907E-002
  0.79223465372940216       0.60521479983659610        7.7969862697081935E-002
  0.79132674106197531       0.60438686823389021        9.2295733306914360E-002
  0.78569695601257705       0.60749072262443360       0.11677035256353190     
  0.79348511047474934       0.59503140608475813       0.12774586188080569     
  0.79177502426974511       0.59645201556937544       0.13167119679668965     
  0.79219221192908240       0.59357444610051968       0.14177755920937504     
  0.79487087453963989       0.58473645716870604       0.16206038524691260     
  0.79592046843807296       0.58047587516067067       0.17192546721696439     
  0.79844043979039392       0.57474442183190755       0.17933687206045104     
  0.80389260050558720       0.56195000043218402       0.19485605935313283     
  0.80050510742335368       0.56365396786295563       0.20368057713358462     
  0.80328916602124645       0.55584232968592207       0.21392947501972698     
  0.80830421424167365       0.54627051966720352       0.21961970900097216     
  0.80947513304781615       0.54300670923945982       0.22336902806376502     
  0.81127337928392618       0.53330928908800423       0.23961783372212947     
  0.81625258299821180       0.52945305636872408       0.23110859319930971     
  0.81537626443614419       0.52792977793459883       0.23759565855478762     
  0.82430873847917230       0.51091015094541914       0.24389735818127223     
  0.81537092095346686       0.52557387925149412       0.24278047432202965     
  0.80718563877999461       0.53268676187721087       0.25435439502415191     
  0.80948778855693437       0.52689587205443267       0.25905648069330856     
  0.80969891646280601       0.52138429647985807       0.26934379529359909     
  0.81164420832791329       0.51145306435052662       0.28222232734886621     
  0.80741155493074113       0.51856513461188058       0.28138369201018865     
  0.80777427586102724       0.51375119726141527       0.28906820401015088     
  0.80030680206837190       0.51342161646304418       0.30968898319373667     
  0.79636748048324224       0.50845193457760918       0.32752933647699134     
  0.79860239834192281       0.49505158277876427       0.34228371236558736     
  0.79197849693045963       0.49498556446785102       0.35743440148957634     
  0.80196432359087388       0.47964824899936631       0.35607693118098982     
  0.79880295675789514       0.47349980117759483       0.37109537124521103     
  0.80095220981659720       0.46368292086886476       0.37877923185468571     
  0.80578741720995661       0.45972433775199872       0.37330975281204665     
  0.80979210322238748       0.44317066051729398       0.38449514329224921     
  0.81410809322877975       0.43613653602852670       0.38342265775569079     
  0.81204297231424916       0.43096347671820379       0.39351835135098551     
  0.81470622068897824       0.41674586317026185       0.40320796061233116     
  0.80978912709927597       0.41359273502805866       0.41615215866771804     
  0.80516949549561112       0.40801110557541570       0.43038241280339112     
  0.79877213400283287       0.40187488990392528       0.44772720579083208     
  0.79365838520453214       0.39683984415405038       0.46111224846703180     
  0.79425752828862450       0.38571418977833283       0.46944599536100917     
  0.79291181274172873       0.37201560343517276       0.48259221711025196     
  0.77871496761529757       0.37160404451227813       0.50548336601120836     
  0.77623341318751593       0.35750961723864710       0.51927696062230000     
  0.76871681190917218       0.35692451229057282       0.53073473187114362     
  0.76537581683306455       0.33639032323923684       0.54867240630281466     
  0.76624955440981413       0.33383671353836220       0.54901244891228718     
  0.77648213428044865       0.32034354207596122       0.54263754956094323     
  0.76267725281036347       0.34437308836661257       0.54747656027859015     
  0.75470603856647300       0.33235939284593796       0.56564655867279845     
  0.74453617693984986       0.32613761400365981       0.58249475358992786     
  0.74300734472175045       0.31821063562921376       0.58879714423728691     
  0.73673303074410579       0.31681278942604418       0.59737266247016352     
  0.73107832921394300       0.31676471045297677       0.60430505108379651     
  0.72244667852589939       0.33359013746946320       0.60563059439727773     
  0.72384155683292695       0.31412018479297371       0.61431417866374538     
  0.72078479709371035       0.31435838189318105       0.61777672666755434     
  0.71150559315592576       0.31451644205321899       0.62836231474048276     
  0.70354731630602629       0.31914121211864577       0.63495673903505401     
  0.69806610347216425       0.30993337967507117       0.64548045310944624     
  0.70097662374341585       0.30067755529404239       0.64670300811707881     
  0.70507984296595705       0.29261385488611841       0.64594082311910361     
  0.70021140712144780       0.29751204800623715       0.64899196191334696     
  0.70633099245631958       0.28406162028923104       0.64838686366576448     
  0.69819087446250927       0.28976716350941817       0.65464837414369426     
  0.69852126570812856       0.29098411429937393       0.65375552508481505     
  0.69268395466441657       0.28959146335124170       0.66054956158077183     
  0.67737844798595170       0.30368324496392501       0.67002606287541056     
  0.68528531881060317       0.28729938181123943       0.66921080164140301     
  0.66786387827879268       0.30478125273047280       0.67901857712028191     
  0.67680351878973588       0.30622127084783368       0.66945166385196753     
  0.67202387035103595       0.28672429080265338       0.68276870076339091     
  0.66718115548083778       0.29364799510866985       0.68457297692788954     
  0.67199853539995680       0.30149285619476779       0.67640226646858059     
  0.67144860703802423       0.27968405442230193       0.68624601842823141     
  0.66617106030864037       0.27245170574488203       0.69425224986597278     
  0.65953633753553742       0.27368254144961446       0.70007834274164615     
  0.65686465908077463       0.26687823256172305       0.70519843209938360     
  0.66443656593334299       0.25801152402579652       0.70139439926520120     
  0.67426088534230522       0.23035283395158807       0.70164793906052514     
  0.67987605816782959       0.23131653638737079       0.69588878818667854     
  0.67699682921863491       0.22311155047337816       0.70135335550154665     
  0.67807581153482188       0.22763511094290026       0.69885295311489248     
  0.67863618176345297       0.22660785354951613       0.69864283687103135     
  0.68057757425713794       0.20922596467627902       0.70216711766042572     
  0.67783064190149911       0.20984051843710849       0.70463648622637176     
  0.68027338671432469       0.18477459339681121       0.70928588662348668     
  0.68681493110738046       0.17763351369572070       0.70479187369043661     
  0.68148560659325219       0.17196549871535680       0.71134044961453302     
  0.67368154197772134       0.16918517438860084       0.71939527157579908     
  0.66855309296378396       0.19234345675664813       0.71835976817431912     
  0.66566127273350462       0.17841569935898099       0.72461224679483305     
  0.66447211399954020       0.17020342049874632       0.72767273232374796     
  0.65287338333599110       0.17140764794973362       0.73781824561049936     
  0.65137756316614659       0.16018264975490354       0.74165274146411020     
  0.65431635420538936       0.16120197694681226       0.73883965191901191     
  0.66217944335392265       0.16185615251646754       0.73165632006568160     
  0.65956385902507575       0.16362089058872487       0.73362369102347180     
  0.66467235868193664       0.17602149369546705       0.72610404857803079     
  0.65821255094577547       0.18298399785432812       0.73025549933341982     
  0.64740183644521521       0.17955615581534010       0.74069592214091440     
  0.63595795966049873       0.18632542941738692       0.74889272122039086     
  0.64296633129580660       0.18575768227300149       0.74302650039993445     
  0.62168197495757738       0.18464152401449557       0.76119578928318488     
  0.60972858610446456       0.19466297702064106       0.76833415690343454     
  0.59876267614339085       0.19733742748834973       0.77623527191817643     
  0.59819853907133835       0.19810079917473217       0.77647574412807574     
  0.60819787160461014       0.20863516659703829       0.76587643666236926     
  0.60095228108742016       0.20153728548684327       0.77345916402510939     
  0.59632478295713143       0.19196289477867454       0.77945301350326512     
  0.60179679571595368       0.18886110520875687       0.77599748685503966     
  0.60289342910867638       0.17915254801682523       0.77744702564011436     
  0.60447743259812714       0.17399013665240859       0.77738952001377859     
  0.59414497681599010       0.16304612876861863       0.78765963868786193     
  0.59179837529762780       0.14977470588947858       0.79204938007097025     
  0.58099220575534061       0.14053588655927277       0.80168430285277692     
  0.57073569226867737       0.12271571609066124       0.81191232445070682     
  0.56313433119488421       0.11189763202877594       0.81875432516478541     
  0.56602086452106948       0.11853495786129802       0.81582464089511386     
  0.56180122684477707       0.12461531884234867       0.81783274807598838     
  0.56180122673726729       0.12461531869526363       0.81783274817244589     
