  0.40069044395008313       0.48331214387563320      -0.77836786913992317     
  0.38979969933830971       0.49711450641511218      -0.77519891763819093     
  0.38526377011140239       0.48578907370512808      -0.78458957634438542     
  0.38642322257920253       0.48101514969970760      -0.78695712641215210     
  0.37093931614442310       0.48250308028728406      -0.79347010104451354     
  0.36009207452325093       0.47374158931433435      -0.80368066072257216     
  0.36712325950782415       0.47636658416035071      -0.79893390829514210     
  0.38078913155819272       0.46994691599629546      -0.79633506354594752     
  0.38618940215800340       0.47078734365794594      -0.79323201064527094     
  0.38024709284526464       0.48556641791055305      -0.78717050388098231     
  0.39698748336969558       0.49842783569054178      -0.77069490114872197     
  0.39708406243767058       0.49606591030475422      -0.77216763723398274     
  0.39520615654439084       0.50142771624698124      -0.76966378322534335     
  0.40023057964617881       0.50403530474912617      -0.76535213770037858     
  0.39729204221926478       0.50536982429514155      -0.76600285500848087     
  0.39333252103205762       0.49828429622359788      -0.77265923150863847     
  0.38932326574205889       0.51215780973076053      -0.76558590157063910     
  0.38764015984895578       0.51748095343829714      -0.76285553632445180     
  0.37744782141479727       0.53421109149307477      -0.75640706754696641     
  0.37497006260687538       0.52720324786788220      -0.76253143383479793     
  0.38609458559797422       0.53226825077883988      -0.75340658358204160     
  0.38553714284667595       0.53233400504105677      -0.75364555234046915     
  0.38707259929507265       0.53719532175359441      -0.74939708376868486     
  0.38551319674157081       0.52989878771237597      -0.75537199439683367     
  0.39227885159435510       0.53088091838704132      -0.75118756185412572     
  0.39294383072051431       0.52733058666305599      -0.75333763895632200     
  0.39455500761118267       0.52455188835587674      -0.75443466409704718     
  0.39248002686563827       0.52557988600253724      -0.75480143875134997     
  0.40551731286053150       0.53306141923121719      -0.74256395838848421     
  0.42134971785127151       0.52403421308142262      -0.74017062815731149     
  0.42513705685297215       0.51774777656200943      -0.74242556714830887     
  0.42319657476661521       0.51604044367205848      -0.74471935626821972     
  0.42356102315031213       0.51063117503955890      -0.74823249244174161     
  0.43440909327775223       0.51026217880127456      -0.74224069449375907     
  0.42119743956468031       0.50572907461797723      -0.75288167728415401     
  0.42329024157383033       0.49243849667888284      -0.76047991319758756     
  0.42222130853730944       0.48576913834541441      -0.76534796716800391     
  0.42925025015737672       0.48357683965574461      -0.76282216989832696     
  0.42134795950404824       0.49629119570921304      -0.75905266357697121     
  0.43919650400054944       0.50063001121212536      -0.74597320511359066     
  0.42981200573852879       0.50987325284634122      -0.74517843886878155     
  0.42903389093708505       0.51459684559653684      -0.74237457319703493     
  0.44139278941163101       0.50649023922765379      -0.74070239841824048     
  0.43205175125691442       0.50970868122973478      -0.74399485516694175     
  0.43540968402566793       0.51167041053637319      -0.74068333182150614     
  0.44556924698105027       0.51812759508748563      -0.73007659964800842     
  0.44800080971746581       0.52204652888397740      -0.72578419393969007     
  0.43802437926947840       0.53385008713597948      -0.72328329693868676     
  0.44552958998392156       0.53772367353827366      -0.71579091595609368     
  0.44749976536928732       0.53833435019862352      -0.71410089440544633     
  0.46069056096302213       0.52955887911482469      -0.71227213941739065     
  0.46137832820189634       0.53151770581865787      -0.71036537547018341     
  0.46150225849566395       0.53206429326471760      -0.70987551953572736     
  0.47224901353761084       0.52709440132454854      -0.70650715587676050     
  0.47296123746368068       0.53432708370239401      -0.70057279099242709     
  0.47221746999896275       0.53281382637728103      -0.70222509742174521     
  0.46361771389673018       0.53243389505993532      -0.70821801922323036     
  0.48263878597966742       0.54316010340509213      -0.68704941913740292     
  0.47905418349287288       0.54949358405425996      -0.68451726812490366     
  0.48381664883076192       0.55349826944058256      -0.67790937155378794     
  0.48931872760394085       0.55708551503887616      -0.67098652128782021     
  0.48958295275517349       0.56277854528729199      -0.66602465520117582     
  0.49795223578599579       0.56477639539847246      -0.65808144942433766     
  0.49258425683877144       0.58313334855891663      -0.64600019172834666     
  0.49354112916905768       0.58251961215516368      -0.64582354809431253     
  0.50574544169367364       0.57146344852398101      -0.64625929409730765     
  0.51047643122474751       0.57094688633468293      -0.64298792068652111     
  0.51666364960669831       0.57950909142198737      -0.63026017336838713     
  0.50920890130235819       0.58552500438874644      -0.63076680641105631     
  0.51866900622705214       0.58266735264476410      -0.62568459957184819     
  0.53208236917106033       0.59571318491231684      -0.60167612029973006     
  0.54537535693620709       0.59740525110575371      -0.58793935571449507     
  0.54486017881763982       0.60489215845995536      -0.58071754078249260     
  0.55967179556900171       0.59493436233136099      -0.57690604587050920     
  0.55977039034274112       0.59397842101375953      -0.57779472606241034     
  0.56905878601559345       0.59677128123687562      -0.56571736401612827     
  0.56842814408100628       0.60459290493289075      -0.55799360598615377     
  0.57825204985344003       0.59865056445355547      -0.55429420754661807     
  0.59843418653247149       0.58322163970116681      -0.54929868320750685     
  0.60897674267498658       0.58188597000353270      -0.53903250810504066     
  0.60436953709632846       0.59090169248172075      -0.53438998161661588     
  0.61109782843177085       0.58766614329406319      -0.53029043750746208     
  0.62741893088937339       0.58635034449167200      -0.51238536149672886     
  0.63062500614913630       0.58943589125549112      -0.50485387164925921     
  0.63944235902740498       0.58221921083660366      -0.50212972428872404     
  0.65859804751749773       0.57812661602513549      -0.48168270432875820     
  0.66516012963146265       0.58015876969283553      -0.47008276281645367     
  0.67379656707884839       0.58377874840034727      -0.45299068324733094     
  0.68970428743396284       0.58022159220837055      -0.43318691096383932     
  0.69370536360586565       0.58795631000159310      -0.41602914084684517     
  0.69633755611006232       0.59425918554310597      -0.40245500164404874     
  0.69746049466072191       0.59942730942841393      -0.39272860743652793     
  0.69530092829931134       0.60876978633670487      -0.38204183848065426     
  0.68310914514668508       0.61628662104898768      -0.39185800557470618     
  0.66831024505739722       0.63150096954161428      -0.39315129634699458     
  0.67559591630878957       0.63735740519859718      -0.37060180235044493     
  0.68564881394317434       0.63161231526795703      -0.36187233541702152     
  0.69436707654960717       0.63216086236760516      -0.34384154358453856     
  0.70138804827971424       0.62469366741510679      -0.34323844135212722     
  0.70790776125990207       0.62264486495477611      -0.33343661120735052     
  0.71604093108376698       0.61746923426875933      -0.32560271765488014     
  0.72258388593280309       0.60924073154818359      -0.32664699418926951     
  0.72845666607187487       0.60561673785269943      -0.32027995954805583     
  0.73099872458783499       0.60669097416635720      -0.31235704973000888     
  0.73684004298106176       0.61215547958833472      -0.28693626447286663     
  0.74667944537916253       0.60780575330987796      -0.27026278340104137     
  0.75268740739111106       0.60581289341853539      -0.25778363974990626     
  0.76545218759345690       0.59390677866357722      -0.24770483799442369     
  0.77807560800073949       0.58590513108298059      -0.22652488959254299     
  0.77319841011030965       0.59629685226455220      -0.21585708832993181     
  0.78023827906763299       0.59434281351776885      -0.19489701869798098     
  0.79362695125800531       0.58245048537493438      -0.17580584268853822     
  0.79572863629692914       0.58656181900926740      -0.15086805446339177     
  0.79263076315468439       0.59382564529539550      -0.13823015694966664     
  0.79061703494144653       0.60107981356195939      -0.11673800490292256     
  0.79297661563383859       0.59926678330485450      -0.10985176141216926     
  0.80450441881906221       0.58630943014816628       -9.4941520000132007E-002
  0.80473483797231293       0.58410840344404413      -0.10592078917627568     
  0.80039076056437697       0.59313794249712615       -8.6959827354096048E-002
  0.80675977074030170       0.58369767206233159       -9.1846066568321130E-002
  0.79608892781220653       0.60135999932789175       -6.7886450954302582E-002
  0.79929352437939349       0.59934898213191978       -4.3711091299586495E-002
  0.80279536482937108       0.59427825442880433       -4.8507303795726479E-002
  0.80007943296280204       0.59908896942211809       -3.1069400809574238E-002
  0.79586445081516577       0.60543724597854665       -6.7466369836740609E-003
  0.78975088959594730       0.61342171710026150        2.7072813257194624E-003
  0.79756610538381389       0.60234307274641097        3.2728126394691893E-002
  0.79139452499739182       0.61013872641599587        3.7755004060645643E-002
  0.79343157479606008       0.60622761306044293        5.4354551600414872E-002
  0.79772456844227446       0.60134838075793906        4.4895855748530944E-002
  0.80465960207593845       0.59053904696779635        6.1535020869090219E-002
  0.79281994017726021       0.60362219129201888        8.4123674653139732E-002
  0.79746522441104761       0.59498907584176486       0.10018590461736750     
  0.79796949054604815       0.59285315835787777       0.10848882330806761     
  0.78914009706900556       0.60009540889839896       0.13093283551876875     
  0.78731344310147156       0.60169178982088067       0.13455308385114204     
  0.79267505919629222       0.59430036495288263       0.13591661688338469     
  0.78453516286464309       0.60249199081444216       0.14665598942217956     
  0.78248912681982030       0.59989797684374246       0.16683280189321292     
  0.78171398065254638       0.59557689914451772       0.18496326569822516     
  0.77797397616133290       0.59357467945076448       0.20597473711756084     
  0.78299921382676396       0.58441008914024672       0.21301896361065692     
  0.78513143770102867       0.57901584513936999       0.21979371376601395     
  0.77735561325781066       0.57846571560972260       0.24717537579763804     
  0.78069700788368346       0.57408614309141437       0.24685477956055041     
  0.78366333501791063       0.56653331977412902       0.25477789333910100     
  0.78308803611124833       0.55863863072987108       0.27330570421358563     
  0.77867041654664482       0.56315209452936532       0.27664435801632520     
  0.77305495685215386       0.56532919259388681       0.28773066865987484     
  0.77386337487420132       0.55737837372825827       0.30077371149811882     
  0.77470133530601715       0.55138010298375340       0.30954454139703219     
  0.78130274092487806       0.52916770671994773       0.33097970509991276     
  0.76306242921006318       0.54428524742443185       0.34855315027146483     
  0.75776051122651733       0.54337284599586988       0.36131005778980957     
  0.75574849791216148       0.53598887103863591       0.37624478471633310     
  0.74652474413922176       0.53409489516373265       0.39679144313847081     
  0.74334374163091288       0.54250581394785669       0.39131512060094065     
  0.73754541869668233       0.54431345823313593       0.39968689563934845     
  0.73616437462737361       0.54466383119241846       0.40175032609854100     
  0.73044297753315945       0.54383699882558811       0.41315175817230787     
  0.72629996598217750       0.54196250905837340       0.42280609999081148     
  0.72626056808278872       0.52923616715936528       0.43869655414480951     
  0.71675744781873119       0.52932205790462716       0.45395695832533400     
  0.71723578516290132       0.51086542537227786       0.47390858363291738     
  0.72149017411568306       0.51032333328229951       0.46799788905738038     
  0.71661538356054144       0.50480698896667464       0.48128192978209405     
  0.71529281263642186       0.50631166413119610       0.48166865266007935     
  0.70516182366128488       0.50549702408076802       0.49721178696424512     
  0.70287856490052925       0.49403091727742865       0.51175694990629472     
  0.69080366377824010       0.48678066372504813       0.53463528085411727     
  0.68374666811180840       0.49476702101268594       0.53637308728554989     
  0.68623424397052424       0.48081379717211781       0.54580276185736920     
  0.68318718405962886       0.47171607323055142       0.55743987818653862     
  0.68078442522235427       0.47305861945757616       0.55923886571979187     
  0.67740521755606709       0.47513950474267025       0.56157334539729276     
  0.67760186918886989       0.47135715548363122       0.56451584463691473     
  0.67811760369493490       0.47138614487534136       0.56387198722635834     
  0.68532086077577170       0.46689054597867080       0.55888150431132821     
  0.68849611185453807       0.45999117863863626       0.56069708358062798     
  0.68125004297440983       0.46086085452088815       0.56877557236368748     
  0.66524741506003648       0.45298215289658167       0.59350909505509453     
  0.67131385027594259       0.43999002971082490       0.59644487438719429     
  0.66289489417617553       0.44429239235272822       0.60263971771917457     
  0.65854101064853854       0.43139349372605812       0.61662256759287226     
  0.65153649597142904       0.42333111558918451       0.62951645013556867     
  0.65059112241487349       0.42468690922459906       0.62958098809304286     
  0.65450124074612093       0.41291199548058743       0.63334967423219513     
  0.64283864827038539       0.41711906616006417       0.64247191139820270     
  0.64200101783733188       0.42284767448447053       0.63955807967604117     
  0.63874895640865614       0.42177963725842260       0.64350734904972540     
  0.63263979239006574       0.41595437774441163       0.65326016924339936     
  0.62924662996138159       0.41259596771111756       0.65864500765645373     
  0.60275836540812089       0.41522349406190495       0.68137493563349782     
  0.58752533776786775       0.40919156316381539       0.69812337170181171     
  0.58215795490805577       0.40966991541560482       0.70232661628379200     
  0.58209767597173490       0.40519126049809717       0.70496974264451073     
  0.57294843645352223       0.40308889685636701       0.71361714553153888     
  0.57385943881879631       0.39717136502071310       0.71619847199373410     
  0.57119371042975142       0.39422486744357493       0.71994756687872008     
  0.56542677654126339       0.39534572544200774       0.72387451795521063     
  0.57876884416609220       0.37466229900974807       0.72433057834346259     
  0.57720461084925134       0.37549097844656443       0.72514920004065786     
  0.57800793171872866       0.37517227587152263       0.72467412972150447     
  0.56844870935134717       0.36058197679048404       0.73949084027501899     
  0.57040670780982194       0.35972261495893459       0.73840085859420967     
  0.56187889388815171       0.34417334252913079       0.75222125660961769     
  0.55307807321543456       0.33736555844545485       0.76176710673478720     
  0.55311037875415403       0.32904318181369507       0.76537539378814368     
  0.56068985896593782       0.32219635815675118       0.76276889609060694     
  0.55728638314759182       0.33204482969448412       0.76103752747905651     
  0.55791986236172475       0.32471532712388973       0.76373122465504828     
  0.56889030813170738       0.32616866935837835       0.75496875196447411     
  0.56881723858396060       0.32533373031087859       0.75538395072421693     
  0.55775526899293926       0.33918542055644568       0.75753700265568602     
  0.57495126799307961       0.30958402855289047       0.75735643438087519     
  0.57640936778551677       0.31018856647169862       0.75599953304174294     
  0.56678483283731895       0.31002777262231579       0.76330710298569748     
  0.57253282411086115       0.31578278633632806       0.75662896929030321     
  0.57469909647579454       0.30842476610302610       0.75802052225793914     
  0.58889506472766762       0.29358969191401413       0.75299913382502026     
  0.59413995394086194       0.28869253783912618       0.75076916141191841     
  0.58245905419222077       0.28839637854579225       0.75997959119385339     
  0.58092391018489398       0.30190307798144417       0.75589810297474846     
  0.56831102934729094       0.29217688072124837       0.76919129239365713     
  0.56491033109244448       0.29711308597995800       0.76980525586962001     
  0.54523467318181018       0.29928806941109820       0.78303627161741585     
  0.55145649784834161       0.29478286841458234       0.78038374628775653     
  0.54134678013091631       0.30539490145425990       0.78337578326600910     
  0.54359054353964031       0.29659899953233676       0.78519956345549213     
  0.55751189709316917       0.28844567042583819       0.77844690237174496     
  0.54319751739093958       0.29274575683141324       0.78691573815595028     
  0.55312198677530611       0.27677084266395907       0.78578239252150472     
  0.55501598590796442       0.27828996992330124       0.78390812473573601     
  0.54558443426807002       0.26148029917257765       0.79621961683257292     
  0.54994277943139780       0.25167010703057391       0.79638250644931197     
  0.54760594306397103       0.24355997924080436       0.80050375866278001     
  0.54440238032241828       0.25714660934573752       0.79843701667775624     
  0.54984980935013017       0.24745748075555452       0.79776561869745921     
  0.55046824375822523       0.23404938950569545       0.80137731181120075     
  0.55035908878808459       0.23570429466913193       0.80096713968981026     
  0.54792464753985448       0.22486036999653755       0.80573965685160753     
  0.55095343980612799       0.22767623351194957       0.80287847141370472     
  0.56056643089839775       0.23138768096672691       0.79512578731083294     
  0.55896396060909193       0.22758815352112211       0.79734742936629832     
  0.57069244234288596       0.22863854671425463       0.78869167055897416     
  0.56033335583216470       0.24537819121356591       0.79108537694652381     
  0.55803669175293324       0.25026315303968344       0.79117849116876127     
  0.56222446327243680       0.24282204210371100       0.79053216807831683     
  0.55999566087298536       0.24042042693313306       0.79284480077548480     
  0.56294768615184920       0.25072634526375526       0.78754441299964761     
  0.55742190361296018       0.25672047079053567       0.78954127267034302     
