  0.16427604589442985       0.72109693492659033      -0.67307695784714539     
  0.17876739448976461       0.72003212491731117      -0.67051917031088859     
  0.16213463294986435       0.72133676190304075      -0.67333916916027448     
  0.15617323205757888       0.72702986074921017      -0.66860863228623724     
  0.15778458144421523       0.72784769627136670      -0.66733931166306792     
  0.15766284816437942       0.71405400323677026      -0.68210652157140228     
  0.14081620642636872       0.71387708587926524      -0.68596669180377423     
  0.13835770265532668       0.72214193893648015      -0.67776704415676658     
  0.14791955815937222       0.71370264669366601      -0.68465198197068788     
  0.13825130443526473       0.71099871281198168      -0.68946893128091913     
  0.14556087628394862       0.70697712977332638      -0.69209491348580066     
  0.14909640284108727       0.71267195141746287      -0.68546987703521545     
  0.14409684058572228       0.70592155622660224      -0.69347736587997189     
  0.14134522416834250       0.71738617494142853      -0.68218663399960189     
  0.13504190344453856       0.70773760427857912      -0.69344874922671340     
  0.13205979028246156       0.70491863635174890      -0.69688587868785401     
  0.13262433827659220       0.70571699331701354      -0.69597004981557231     
  0.12986629875361197       0.70966199471619806      -0.69246992548663411     
  0.12769756306782576       0.71313971106941543      -0.68929317774251131     
  0.13121068141808306       0.71901650863461342      -0.68249470136601997     
  0.14807177560118734       0.72015929493835773      -0.67782397359801194     
  0.14958028671928786       0.71694910754939678      -0.68088891532253537     
  0.16314815091097259       0.72250711770487697      -0.67183788648759757     
  0.16130582265213866       0.73711153643603688      -0.65623701086682196     
  0.14723733349283480       0.74143874954233457      -0.65466766248457564     
  0.15797417555052720       0.73328732241546923      -0.66131222780459997     
  0.15924110887758852       0.74742454942766567      -0.64497969902647811     
  0.15762555110135743       0.74836150347704633      -0.64428972190588907     
  0.16366131757020666       0.75057801946580249      -0.64019341595019297     
  0.18125407372158694       0.74466013368716555      -0.64236146059391031     
  0.18684514487241033       0.74921223896609646      -0.63542892035302945     
  0.18844467337561835       0.74651384964783318      -0.63812669381583542     
  0.18465823934162634       0.75203709908046379      -0.63272548253558702     
  0.18541248212914660       0.75913751940343233      -0.62396509365886199     
  0.19520277232099334       0.74347822711387734      -0.63963740000550595     
  0.19108434485891282       0.75487589858940163      -0.62741465625109794     
  0.19034192135790873       0.75120269389857242      -0.63203201315543134     
  0.19110932487318733       0.75167401267369383      -0.63123957782884788     
  0.19736036615997776       0.75462050356541233      -0.62577694226288227     
  0.20717410896822844       0.75874607069262334      -0.61756237642988343     
  0.19367831550574385       0.76866728641831894      -0.60962227066697239     
  0.19404490591482321       0.77813083940785455      -0.59737674147135589     
  0.20904532912584459       0.77215497876064187      -0.60006394588062051     
  0.21588755084379344       0.77075964610731307      -0.59943484493579313     
  0.22312952666831434       0.77032608982652617      -0.59733652965589579     
  0.23664538841428479       0.76279093372143425      -0.60178812847599061     
  0.24639174816062356       0.75791290190975069      -0.60403571049822213     
  0.23956273705372558       0.75709591559894240      -0.60779558208227058     
  0.24586693025359166       0.75946756078553246      -0.60229434392342485     
  0.26052731782068134       0.76161400862765660      -0.59335454707221491     
  0.27702650372521032       0.76251889981641308      -0.58465480726369945     
  0.28305770236439931       0.75798583425692811      -0.58765279902168088     
  0.29150284881001898       0.75738066055517472      -0.58429498042739547     
  0.29876557488648020       0.75899787342433367      -0.57849923025021321     
  0.31095301934074787       0.75592586177083854      -0.57609401252650394     
  0.31805408260134010       0.76000233276766749      -0.56677866467283655     
  0.32601955159014956       0.76896241920688435      -0.54991640258175045     
  0.33732491805849646       0.77274055156508858      -0.53766526726552777     
  0.34698721327915932       0.77427150154816848      -0.52924806632722599     
  0.34336341103329515       0.77811112596106391      -0.52597019270980150     
  0.35316627709204235       0.78090684038309377      -0.51522624871782308     
  0.36446828002282389       0.77919132923069923      -0.50992523501872367     
  0.37123942414399680       0.78545744924211180      -0.49521498906162836     
  0.38475865996404440       0.77909687189515409      -0.49494326723964910     
  0.37678217110435913       0.78002234327043396      -0.49960017968049741     
  0.38328078785768116       0.78159505001718466      -0.49214328751678493     
  0.39828617752327522       0.78238907234009603      -0.47878540106889433     
  0.40331330656122072       0.77614662095718556      -0.48470073192372770     
  0.40917621647688235       0.78203561963101531      -0.47010117368285526     
  0.41715264835873345       0.79071584765207703      -0.44805369794161193     
  0.42435925046835299       0.78642888216065243      -0.44883052463650985     
  0.43147344526631254       0.78456060825622986      -0.44530362451099953     
  0.43688750288983957       0.78877203217833913      -0.43239795451867513     
  0.43302720806303352       0.78483773005016610      -0.44330257676539309     
  0.43996277922068916       0.78198162691229900      -0.44151725682242748     
  0.44257275506570865       0.78754163012662071      -0.42884442084636409     
  0.44300931792399834       0.78571381567409193      -0.43173666058301569     
  0.45619162142775421       0.78028605977332455      -0.42783509610892839     
  0.46252820381186260       0.77906898278196857      -0.42322474023341400     
  0.48658931797319049       0.76699400644094229      -0.41827147848981705     
  0.49641533563330026       0.76001778197372361      -0.41945772806305404     
  0.49977751803738862       0.76574630559455870      -0.40479010355080580     
  0.49509548611404991       0.77720887387970472      -0.38836429546514128     
  0.50234972782501297       0.76939839369393570      -0.39455147032463067     
  0.50615206425624160       0.77497414234843631      -0.37845100943246690     
  0.51605472411554210       0.77040369450717316      -0.37438705801313588     
  0.51794354889593130       0.77056304306879031      -0.37143919665761665     
  0.53146474260872267       0.76790321904835335      -0.35758897289908198     
  0.53683306346961579       0.76230147784575175      -0.36153384190143223     
  0.54925884598102737       0.75871375210849856      -0.35024014971592549     
  0.55703836270556217       0.75241081297861689      -0.35154833378521860     
  0.56118485261434525       0.75504437124636570      -0.33908635868373571     
  0.57532442839883013       0.74684168245670812      -0.33351057469410456     
  0.58835980016641054       0.74106271719819372      -0.32351011533949314     
  0.58926230089288356       0.74736738922168566      -0.30693961340039777     
  0.60414520505353886       0.74365435652834533      -0.28633331840222470     
  0.61170362676776469       0.74067222222566276      -0.27789086387008488     
  0.61431391016325965       0.74003054139544044      -0.27381237660467106     
  0.63370474933052101       0.72961341709909322      -0.25706526849212585     
  0.63655721614859528       0.72842575863119663      -0.25335908259171658     
  0.65564947705053600       0.71907260012364904      -0.23034400142998041     
  0.66679880279287262       0.71324706321309905      -0.21600459118241497     
  0.67381538898099969       0.70927687435413178      -0.20712106865024110     
  0.67848042497978833       0.70435422943809911      -0.20868500758777528     
  0.67854909212960468       0.70133667286152968      -0.21839871993582882     
  0.67958984190051019       0.69958904430573243      -0.22075510384367453     
  0.68738741561260519       0.69539586316766810      -0.20957846823258683     
  0.69167619023746896       0.69209855207440785      -0.20635804339808861     
  0.71014767626515052       0.67662892779173855      -0.19458564173805151     
  0.71957242401349553       0.67068840006600516      -0.17997943387021564     
  0.71911271101993191       0.67157621053857242      -0.17850014646552537     
  0.72479917104531699       0.66817611414410349      -0.16794892717522034     
  0.72398261490049465       0.67385737014044522      -0.14753107479187239     
  0.73456992642121255       0.66403571893701996      -0.13951196068197591     
  0.73475602094339332       0.66730531810346239      -0.12180805440638016     
  0.74005315838463104       0.66238696805619846      -0.11646813862275021     
  0.73738550664283931       0.66867258661348272       -9.5601184640760131E-002
  0.74987498855359713       0.65448990955036701       -9.6594305414419893E-002
  0.76741621049361342       0.63488433144262191       -8.9410545017221038E-002
  0.77988474365864857       0.61987942079018221       -8.6771483157264268E-002
  0.78769195397504987       0.61183467107417078       -7.2109090373740345E-002
  0.79564998450252766       0.60170526159703797       -6.9941978293203172E-002
  0.80320390680783582       0.59375921073695381       -4.8098687650064392E-002
  0.80541822200516888       0.59142278617980470       -3.8994559227529042E-002
  0.81954636014339965       0.57163000554349852       -3.9785680062605092E-002
  0.82638895274906987       0.56207806125451032       -3.3905041375371987E-002
  0.82727034717500492       0.56052803012686581       -3.7843098803352099E-002
  0.82917309167691400       0.55881182431473631       -1.4189046655206178E-002
  0.82842121902918286       0.55992716313122048        1.4137038233835398E-002
  0.82357220122252461       0.56682010636723656        2.1066475531494256E-002
  0.82558848411194119       0.56336413791621709        3.2007858592286234E-002
  0.82886258474964236       0.55725680754987472        4.9514301383163609E-002
  0.83169261524558558       0.55227330716174372        5.7285145915733762E-002
  0.84474092689729208       0.53204875087977288        5.7765847280026553E-002
  0.84637452103150301       0.52799752982869219        6.9776633936384377E-002
  0.84319674088519370       0.53235307026995049        7.4963089148888079E-002
  0.83967602669574160       0.53484663087644491        9.4251003350471527E-002
  0.83266991354553666       0.54825939992479367        7.7925897301045779E-002
  0.83676886396507810       0.54090543835198857        8.5083341846896685E-002
  0.83852406999290807       0.53624786572639171        9.6517410586991870E-002
  0.84185173725891060       0.52918380304432289       0.10606674818104023     
  0.84766981020856458       0.51801476398087642       0.11452771349683184     
  0.84442975100538420       0.51948923923878043       0.13064963043230532     
  0.85928779914176112       0.48718488526464437       0.15580553846311918     
  0.86667093142689178       0.46674403467431924       0.17615760760064111     
  0.86897278263343691       0.45270375548147773       0.19986398578850598     
  0.87516773869541120       0.43596148809636359       0.20980707815411262     
  0.87672885857260652       0.42306953228616423       0.22882019009943416     
  0.87215662428708474       0.42727376868258865       0.23828543662577095     
  0.87045823271535272       0.42292258061497501       0.25187091119070248     
  0.87563306131900787       0.41112071912723563       0.25346892556960154     
  0.86558250818221294       0.41895001467393139       0.27431333677694353     
  0.86822269584459788       0.40986877930967619       0.27963714733120626     
  0.86775943593085414       0.40885675023720802       0.28254153524470471     
  0.87173970737082040       0.39202174642891513       0.29391977293108174     
  0.87521178867210503       0.38423131153273304       0.29388879564762310     
  0.87486416127694133       0.37757711843712455       0.30339449392813911     
  0.86981147329669872       0.37721713494857462       0.31801766306702955     
  0.86501873836647569       0.37863991608933828       0.32920266739309662     
  0.86379619495382454       0.37983100987275525       0.33103555326027767     
  0.86307957047933459       0.37663905764401268       0.33650657538633488     
  0.86049604489721576       0.38078878955729589       0.33844712210881334     
  0.85615228482814432       0.37497003577097565       0.35552881382169516     
  0.85700205101673343       0.35848123852453961       0.37018736631471461     
  0.86315957654626263       0.33355291576461410       0.37907518753065333     
  0.85352726981876370       0.34408101048143369       0.39127925820544401     
  0.86092435825104863       0.32789253178650324       0.38896752688194547     
  0.85771873415018263       0.31798040016677470       0.40398890850812880     
  0.85975663046319240       0.30687728106455098       0.40822159514289086     
  0.86109828490437201       0.28281612472935846       0.42252193236306340     
  0.86195303068464246       0.28007228699788667       0.42260677579676043     
  0.86165798514888825       0.27517177844415158       0.42641061076976161     
  0.86447185260114590       0.24429224692673979       0.43932870854501244     
  0.86178441847551479       0.23977565111088336       0.44702936503900054     
  0.85855619718960186       0.22126255309075502       0.46251933891145763     
  0.85956092888716085       0.22170291533131356       0.46043764709701940     
  0.85543285656691470       0.21699394591236970       0.47026402726888433     
  0.84472795735154504       0.22458094449936311       0.48579633328840760     
  0.83374385433414877       0.23835516287063707       0.49805421561608176     
  0.82550798999224861       0.23983362408966780       0.51089763281402500     
  0.82538789965372539       0.23003823026614867       0.51557465775698408     
  0.81188431959066798       0.22908842879438435       0.53699380200828961     
  0.81504897415881494       0.22370394436208618       0.53446395107575617     
  0.80553704550843319       0.22620062303551383       0.54767083768619085     
  0.80143686695127403       0.21203682468576102       0.55923101958717147     
  0.80210634930813873       0.20341333807688167       0.56146987300476803     
  0.80281467918573535       0.17208821349603209       0.57085395475519740     
  0.79740798607036889       0.16781547474247460       0.57963649832300823     
  0.80121855480740145       0.15741701895653629       0.57729430066057086     
  0.79495269848483385       0.14347863499364533       0.58946084558013001     
  0.80258061509068745       0.15063109921371470       0.57721281017517589     
  0.79400416121998330       0.14206966583649550       0.59107833830589585     
  0.79152287358399420       0.14967534477379599       0.59252749451834097     
  0.78868564074711467       0.13746865216276355       0.59923061483194162     
  0.78594560764215238       0.13689218808496359       0.60295110139158070     
  0.78302598049171879       0.12910784500145922       0.60844184457847850     
  0.78384995544865510       0.12903984641644523       0.60739440677368928     
  0.78477873060200065       0.12792739000683651       0.60642965534409032     
  0.78419787869320134       0.13199921635004389       0.60630841486495768     
  0.78711304332856336       0.13660650629859358       0.60149124636933815     
  0.78372127809448533       0.13660386078256270       0.60590456631489831     
  0.77793663460186890       0.12887289460731119       0.61498485313042606     
  0.78019944447316836       0.12086237289486967       0.61374352433405088     
  0.77093391143453693       0.11175368554924346       0.62703430366002044     
  0.76864291681965757       0.11906745048048233       0.62849901245670003     
  0.76687991276427792       0.10504009827505716       0.63313646013558578     
  0.76492435840974615        9.5041838673389667E-002  0.63706967814597903     
  0.76402566316408893        9.3692501030566477E-002  0.63834669363701679     
  0.76158093269840632        9.0510679183891302E-002  0.64171824027675584     
  0.76218951005776692        8.7973967963056315E-002  0.64134837001331513     
  0.75783863176090094        7.6617173867043295E-002  0.64792778677827445     
  0.75204359524808395        8.9004477019958284E-002  0.65307628491374581     
  0.75167018311013156        9.6465311118205263E-002  0.65244645724691397     
  0.74498231848600382        8.9349494738040269E-002  0.66107337938633959     
  0.74071239785004273        9.2775040105776141E-002  0.66538555409973599     
  0.73779865164393199        8.6385090156438846E-002  0.66947051154704462     
  0.73257715891303787        9.8678292873334517E-002  0.67349335613241701     
  0.74068959041208138       0.10605410695604776       0.66342404015300704     
  0.74150169144583722       0.10653773331707973       0.66243864090391169     
  0.74792831156654460        9.2664308177153182E-002  0.65727967163701928     
  0.75325461933794402        8.7637799599963276E-002  0.65186432217703572     
  0.74955834050042869        9.0853370025434227E-002  0.65567366832995910     
  0.75303773297748200        9.1977215503771151E-002  0.65151697179759460     
  0.75151832601593505        7.9562974188943772E-002  0.65489689173213872     
  0.75706817070123311        8.6733517995788781E-002  0.64755314976236755     
  0.76140184056941951        8.4989641632460394E-002  0.64268499126141665     
  0.75646406134271693       0.10169776248815705       0.64608024966081812     
  0.76138073620585467       0.10457735040550614       0.63981477969549516     
  0.76061017018468813       0.10561827638293901       0.64055987128879488     
  0.75499320315475793       0.11872192878416110       0.64489562474549877     
  0.74743643757216371       0.12348727855709596       0.65275543952080217     
  0.73709178171272749       0.12137683727846647       0.66480325563570619     
  0.74074716976039257       0.10688247489179138       0.66322678402864121     
  0.73838672579602704       0.10069286735278626       0.66681780842483285     
  0.73857631233012078        8.6272727810009095E-002  0.66862698666824671     
  0.74523076117101383        7.5393758478822820E-002  0.66253067384605535     
  0.75161660189182855        7.4311862068602547E-002  0.65540081699405717     
  0.74454624354414090        6.8706564116157387E-002  0.66402582726251036     
  0.74191245444739884        7.0713997677621238E-002  0.66675740750912271     
  0.74180533970153406        8.0388348864196213E-002  0.66577965676128947     
  0.75686197403908295        7.5761598881332479E-002  0.64916880115160114     
  0.75438571820216715        8.2277900042527927E-002  0.65125458565540439     
  0.74604775506135368        8.3993008965471655E-002  0.66057393349483695     
  0.75924047006202877        7.7568184772607698E-002  0.64617109601952405     
  0.75980800663407089        7.6809417890171705E-002  0.64559438223867238     
  0.76124145774556118        8.0404769595739570E-002  0.64346446369296062     
  0.76487420798434624        7.2441425480703842E-002  0.64009349772876389     
  0.77048375908893829        8.4489185126350563E-002  0.63183570220181762     
  0.76295753552759082        9.1182259347572917E-002  0.63998562058997643     
  0.75668538919867601        9.1732548074433706E-002  0.64731164163563515     
  0.75548809598736066        9.5499463216341479E-002  0.64816478564259739     
