  0.14315216698625038       0.77647955078036279      -0.61366681864597061     
  0.14502426591038986       0.77383588077868404      -0.61655980400657873     
  0.14744574439897884       0.77034961486844677      -0.62033960322606096     
  0.15609624902519331       0.76763144330208477      -0.62159144805428546     
  0.15240699349640380       0.77045844343767567      -0.61900395416263776     
  0.15858887628272048       0.76099480372550088      -0.62907589130578712     
  0.16188360982679273       0.75914551685978915      -0.63046949260145035     
  0.16647355887719184       0.75686231792982717      -0.63201739366306331     
  0.18607092336658462       0.76026662459626215      -0.62239237704402584     
  0.20718842273331228       0.75442838549222269      -0.62282482982687870     
  0.20968573707027294       0.75497353580946169      -0.62132668693422188     
  0.21986919278988615       0.75549658765691552      -0.61715674192273151     
  0.22341831422260644       0.76944552671006750      -0.59836263109906573     
  0.21538609816084939       0.77579736043971848      -0.59308286457611603     
  0.20781681144509800       0.78103508893878115      -0.58889418635879176     
  0.18760478157419516       0.77957960065778009      -0.59754505450949447     
  0.17756174763685356       0.78390873927373228      -0.59494446317821459     
  0.17498450833560086       0.78616388983307939      -0.59272823466161106     
  0.17955996731877538       0.78068375222072151      -0.59857422025598095     
  0.18362714002035357       0.77832666316895449      -0.60040709426873584     
  0.17539876215642217       0.77542322145034659      -0.60659220393074775     
  0.17524825290481677       0.76768057573350679      -0.61640456154645784     
  0.19122478051588324       0.76815318005608213      -0.61104318610584352     
  0.18530157709205203       0.77595957849524388      -0.60295112411262775     
  0.19651525364417383       0.76898219968347470      -0.60831581572003379     
  0.20141383619057612       0.77213231490214340      -0.60269739909414988     
  0.20373939215747044       0.75828285086660341      -0.61927165134932549     
  0.20339041847655637       0.75463983973961912      -0.62381972552147869     
  0.20082643267760864       0.75878031017644854      -0.61961373841008349     
  0.20847342716111009       0.76592211338048888      -0.60819581254927058     
  0.19678906551916106       0.77854316830755577      -0.59594009663197611     
  0.20110834625924043       0.77185205156956171      -0.60315822430995114     
  0.19232075533450158       0.77207548709319851      -0.60573275402389126     
  0.18298172430806439       0.77175321036316524      -0.60902764375962137     
  0.18610578325348082       0.77169712170318150      -0.60815145300708939     
  0.16552884859556991       0.78098666730008093      -0.60221260845496916     
  0.16930620292320067       0.78253419846366423      -0.59914575679592275     
  0.19290237816860084       0.77494868071895373      -0.60186644261734157     
  0.19708993952432785       0.78112226816545460      -0.59245553243627769     
  0.20554290224799576       0.78334593539482267      -0.58661849684090328     
  0.21342703617749453       0.77075769390896431      -0.60031781375253690     
  0.20504934424959220       0.76716365278672527      -0.60779494590341965     
  0.20929366663084079       0.77646388046591619      -0.59439044696228915     
  0.21289880407470102       0.77759612947992429      -0.59162349399039726     
  0.21970882631111288       0.78033193221153940      -0.58549987806318005     
  0.21679466802215436       0.78336865189417615      -0.58252349922270774     
  0.20900649929147438       0.77659247965213773      -0.59432348414114233     
  0.21773120081390562       0.77148846975765428      -0.59782829075172350     
  0.21987111995751321       0.76717167805985464      -0.60258136960202957     
  0.22120038653922058       0.76849082148385905      -0.60041006511380424     
  0.22845731351042767       0.77159302477927216      -0.59367622490341609     
  0.24183554147149314       0.77514113804305584      -0.58367095781313827     
  0.25425384993747074       0.76456011299943472      -0.59228609083977846     
  0.27060225049275288       0.76168091759755341      -0.58874154074263174     
  0.27434118094285809       0.75467527555005087      -0.59598837649096315     
  0.28715068290900858       0.75757497176022603      -0.58619505923146753     
  0.30389536529605826       0.74695240453413458      -0.59136258954405585     
  0.29571088789658834       0.75570089536516438      -0.58435539487858046     
  0.30006670063604779       0.75503763698066861      -0.58299068767180651     
  0.29015797808214172       0.75932605301013556      -0.58243651411577302     
  0.29390419836973958       0.76042047939267532      -0.57912089989988824     
  0.30125329324719002       0.76205653617196434      -0.57316340513444375     
  0.30070625932411749       0.77538051769851613      -0.55530243865561935     
  0.31867766207452575       0.76878722771186891      -0.55444634204025101     
  0.33562823810602455       0.76300629053475710      -0.55242654388636814     
  0.35637286428998688       0.75806732664232079      -0.54619805004697319     
  0.36321513662302674       0.75292542819203789      -0.54879692428962579     
  0.36756355079644243       0.74890121744306104      -0.55140185222595384     
  0.36472570397637738       0.75308671262718874      -0.54757242819860019     
  0.36761644175054659       0.75389231264205869      -0.54452229770127558     
  0.38780858679712299       0.74758243773208366      -0.53918920501153844     
  0.39073329223794173       0.74746065914136672      -0.53724301519224305     
  0.39933487692901576       0.73733834678170329      -0.54485210693665509     
  0.40464772524534742       0.73990472631865623      -0.53740228360612707     
  0.42576262707198204       0.73067123286131930      -0.53370941050133713     
  0.43916800426284386       0.72247043453920912      -0.53401117520939412     
  0.45266729946142875       0.72402965349435255      -0.52045497101972804     
  0.46542108444966490       0.72640456019097543      -0.50568728388546058     
  0.46798365196093766       0.73110270603872440      -0.49646765727503323     
  0.47594546078797612       0.73624581639331244      -0.48105926474673294     
  0.47854603352089975       0.74051831764339549      -0.47183293127547854     
  0.48325654671230961       0.74720247879414692      -0.45623630471892168     
  0.49076229676141492       0.74276792600037633      -0.45546479137531692     
  0.50320509937312807       0.74057745032659561      -0.44534219206430553     
  0.50931274834821116       0.73552373719630204      -0.44677215265812797     
  0.51909490657701762       0.73964806642156589      -0.42832372780951133     
  0.54793879381364352       0.72426075993349048      -0.41858025497461315     
  0.56143957912680431       0.72792440348285026      -0.39358818809010759     
  0.57684775830701940       0.71381444289216256      -0.39713424034540074     
  0.57340007893736655       0.70950598176756052      -0.40965059661945019     
  0.56697121585667731       0.72446357716248633      -0.39204102560183263     
  0.56899653012840479       0.73090415325758640      -0.37685815296029757     
  0.57364793992129814       0.72997890515100972      -0.37156269869106268     
  0.58201983324179352       0.72331959088652875      -0.37156652587785804     
  0.59982188849196649       0.71533635554997410      -0.35847956777815732     
  0.61141456043411868       0.70664521653386791      -0.35612465968949214     
  0.60725108889202106       0.70918259999991051      -0.35819848533574411     
  0.61742199873318582       0.71075860112120082      -0.33706421704558270     
  0.62020289806439655       0.70614767470596884      -0.34161941797836481     
  0.62889244615418427       0.70392352647394918      -0.33013021680343896     
  0.65067006906083480       0.68702537399466257      -0.32345725639698303     
  0.66067951812007419       0.67703223971878446      -0.32423744496586604     
  0.68059033877399888       0.66719037070880594      -0.30274378606494939     
  0.69077829311538053       0.66375561900599489      -0.28679928172603802     
  0.68971453988357678       0.67576519474936070      -0.26006778931375979     
  0.71321278499612772       0.65908084948108225      -0.23862094871440734     
  0.71555812547552722       0.66082951973763848      -0.22645289777185926     
  0.72715274874850577       0.64847428812271157      -0.22523316281408420     
  0.73682248519201365       0.64059072561274599      -0.21618544718458674     
  0.74757791441429045       0.63230815615631641      -0.20325761372745729     
  0.75367007535270159       0.62463237721033604      -0.20448914606506480     
  0.73952626756179740       0.64389925412890625      -0.19620053546908445     
  0.74440068832300343       0.64500938869649671      -0.17271509406421628     
  0.74522092342300139       0.64852394991233453      -0.15512079706690637     
  0.74598148199109027       0.64900145886182159      -0.14936108904800105     
  0.75909849753252756       0.63765047692063470      -0.13103946095259664     
  0.77301210219328054       0.62486164107178421      -0.10954551282367614     
  0.77313718121540176       0.62456772012134476      -0.11033613190940209     
  0.78186643542883705       0.61560543848164184       -9.8563792853308366E-002
  0.78160627483414102       0.61665050230008334       -9.3988239439582552E-002
  0.79040596660214635       0.60667461708033044       -8.4878247803318610E-002
  0.79484607331960200       0.60294493496142665       -6.8389510400146403E-002
  0.79734935040316646       0.60077671527527321       -5.7457391123360582E-002
  0.80801557212728592       0.58790773396616403       -3.8410044813636954E-002
  0.81893952240624968       0.57294444757160079       -3.2752383697956695E-002
  0.81921254365907936       0.57314835145107135       -1.9793320604193455E-002
  0.82455442690466962       0.56556110651500691       -1.5831357157017376E-002
  0.83060240969916921       0.55686466529852952        1.1753909522454534E-003
  0.84032857062373734       0.54197148766168768        1.0714474100212574E-002
  0.84823486071243437       0.52899941495706071        2.5636693375803508E-002
  0.85214813296280412       0.52214800554546215        3.4713395006890115E-002
  0.84948543087054817       0.52635901781449812        3.6341258977040707E-002
  0.85338786716006709       0.51977657815913625        3.9515275289082059E-002
  0.85742833759884174       0.51108904300827596        6.0038620898314063E-002
  0.86369781875178464       0.49756802922237869        8.0325177741276260E-002
  0.86719181355210806       0.48632514266949317       0.10708040957945276     
  0.85723684844577230       0.50129523291723876       0.11767784464890439     
  0.85772036183397515       0.49810762474301562       0.12729719191037489     
  0.85870979519673785       0.49600259904392408       0.12883675475130668     
  0.86403257626414376       0.48147491650027463       0.14707009191334613     
  0.86807231208408064       0.47496950204337185       0.14441064061096809     
  0.87293976185345179       0.46315339876364853       0.15318322815804586     
  0.86570883929482956       0.46776854645186466       0.17815945811859155     
  0.86744273614798340       0.46049140411547446       0.18838993136539700     
  0.86727115444460068       0.45698836188385261       0.19749020677249343     
  0.86491741565823210       0.45151362865504224       0.21921064579495872     
  0.86863868221596563       0.42541308193317084       0.25394989560587233     
  0.86188155268365552       0.43701607065850495       0.25724918489630472     
  0.86415710975646798       0.43303083940748965       0.25635284624788773     
  0.86447252495060767       0.42546494726444695       0.26770661600861312     
  0.86423557850921162       0.42147188310841022       0.27469677207404308     
  0.86044314844311198       0.42391306840240811       0.28272831258110692     
  0.86450811935463501       0.41657756425544640       0.28122738936475122     
  0.86016742496533971       0.42235892986657958       0.28587573417563006     
  0.86273443392498905       0.39871031757262443       0.31099739417118266     
  0.86251855689832402       0.39542500660633700       0.31575433988531765     
  0.86281978833391360       0.38118886017069931       0.33201967673796429     
  0.86499262581130898       0.36431242950093268       0.34505682286137285     
  0.86697646485294777       0.34806510555787462       0.35665458315304333     
  0.86489984043644030       0.33171747598411694       0.37671180249595265     
  0.86058646064325706       0.33462908032654098       0.38394572840093838     
  0.85433785303550824       0.34551902029530857       0.38823116758556231     
  0.85557777347068265       0.33409405375184731       0.39543373248953989     
  0.85335262169854265       0.31031521350963837       0.41891976714484674     
  0.84447089246894746       0.30989684214917873       0.43684420449248018     
  0.84624033715211078       0.31034615439476720       0.43308492957970707     
  0.85163021121188254       0.29388555426909441       0.43400145661409179     
  0.85561353116920336       0.27871900260170751       0.43616648526551965     
  0.84747084060741751       0.27483339138651447       0.45415832184288457     
  0.84851613274416482       0.26270281293872760       0.45935564059557210     
  0.85049933561232849       0.25521364483965642       0.45990963852766431     
  0.85799587268871402       0.25321622301163244       0.44690561291267666     
  0.85388329537270635       0.24980150317332350       0.45659886869745470     
  0.85728883506545206       0.23816033900426123       0.45643784483486477     
  0.84173215776986654       0.24937072348432068       0.47885406633440136     
  0.84428453404213655       0.25971471836190491       0.46875568331855877     
  0.84367800796435466       0.25775200203837462       0.47092602850395487     
  0.83835908186006092       0.25712925910033096       0.48066474176630852     
  0.83019510063513724       0.27008523110602750       0.48767823697579410     
  0.84046003993014151       0.26753890169516609       0.47122166478247784     
  0.84102556721345978       0.26386595840393706       0.47228249098272806     
  0.83105922495275319       0.26573214275776408       0.48859696368919026     
  0.82526469252656598       0.25812767318392726       0.50230298785263539     
  0.82102444470793268       0.26136392854750556       0.50755074430666147     
  0.82379911866260047       0.24458377231480541       0.51140374501071362     
  0.82045273004571129       0.22556774370482499       0.52533466548520646     
  0.81464743132788353       0.22584928921146205       0.53417381178185719     
  0.80663544071337245       0.20447324183232363       0.55455383792714208     
  0.80236463443837569       0.20766042865432674       0.55954279530137163     
  0.79964663484968745       0.20640199537583442       0.56388250166009302     
  0.79981885685897791       0.19729215907891332       0.56689117137134726     
  0.79630197152011839       0.19968593584246555       0.57098922685098985     
  0.78593739372858973       0.19266429841719493       0.58752266446029366     
  0.78232935696693562       0.17610777874191047       0.59745027198444844     
  0.76677719743601447       0.17318967739068120       0.61810845742271125     
  0.76157290486481999       0.16634492995201020       0.62636736413627148     
  0.76003541339335268       0.14610710424685264       0.63324472716051428     
  0.76328118337782824       0.12763000768093025       0.63333436369796714     
  0.76126888368783430       0.12516677118404332       0.63624127979882028     
  0.75666307755984286       0.12166519927439304       0.64238506080324642     
  0.75303814604780894       0.11594679568629872       0.64768039276093459     
  0.75938226687921695       0.12021962045528614       0.63944180001542683     
  0.76184631501144373       0.11854919068868425       0.63681730636858525     
  0.75654230318761140       0.12053820067382501       0.64273967176913782     
  0.76171021787811988       0.11452327857085456       0.63771620854848032     
  0.76031221670768312       0.11923926541521215       0.63851964003332662     
  0.76931501165051230       0.11696561580390194       0.62807122014050798     
  0.77070698563587314       0.12072609384534817       0.62564842568083767     
  0.78142604050771025       0.13372316257897468       0.60950099180093231     
  0.77961684540724496       0.13574664039509413       0.61136766677564969     
  0.77463279050357969       0.12937018600283762       0.61903747451202773     
  0.76084937464407287       0.12087346745167377       0.63757182651834043     
  0.76412146940764714       0.13154084080842465       0.63151831896605426     
  0.76603099532405439       0.11103632156589205       0.63314093967769391     
  0.74440158221936314       0.12077726555308840       0.65671846061674499     
  0.74013783521321763       0.12009262610365537       0.66164472796314133     
  0.73133038444946108       0.12576048853449673       0.67032840332524168     
  0.73853892685148359       0.13225140254498846       0.66111256231442328     
  0.73790917005693635       0.13106802907652779       0.66205077486540109     
  0.72910709384644579       0.11958842047280785       0.67387050342896693     
  0.73313136674723833       0.11438096688850417       0.67039942832984045     
  0.71873860470856876       0.12133086581551519       0.68461203546390970     
  0.72422426742017099       0.11082477649842756       0.68060052849949304     
  0.72447699819538836       0.11687442414293352       0.67931837018224150     
  0.72133377559800183       0.11806480564184080       0.68245020759780439     
  0.73866160461669250       0.12281669360533176       0.66279340192623182     
  0.73273256481748106       0.12975964496368675       0.66803100451617770     
  0.73633525105504838       0.13061842611626728       0.66388946731561327     
  0.72982602722219025       0.12753306934260689       0.67163180851797699     
  0.73564796498381524       0.11117322159729096       0.66817855878114696     
  0.74481201040752720        9.3845585607712501E-002  0.66064216881352877     
  0.74021679429376486        9.0675598517921285E-002  0.66622596262745515     
  0.74513890106951430        8.8314053192093539E-002  0.66103603995674964     
  0.73753347200255182        9.3246827267477378E-002  0.66884183995950042     
  0.74073608140204517        9.3890546743874315E-002  0.66520269312539537     
  0.74420576284645312        8.0392171829645587E-002  0.66309492627725741     
  0.75580446675628965        8.6508392682787677E-002  0.64905770623780545     
  0.75453418492994373        8.2274765168503336E-002  0.65108296459711879     
  0.75275890725864025        7.3264764371485436E-002  0.65420662014715858     
  0.75119950868824181        7.3198477426231187E-002  0.65600402517745704     
  0.74664455996267387        5.6288274447791047E-002  0.66283748478630478     
  0.74601032182224258        6.2662549266454634E-002  0.66297964120635122     
  0.75723202748504492        5.5988375033288657E-002  0.65074185235930515     
  0.75425469487038965        6.3914843684707498E-002  0.65346365470677437     
  0.75112511419545303        5.3099895473470174E-002  0.65802086891342138     
  0.75046114823912091        5.2164845347295291E-002  0.65885271031810433     
  0.74277287328541597        5.6932812250568780E-002  0.66711851540829603     
  0.73100106814219046        6.5872337199281136E-002  0.67918942392154535     
  0.74855304668125666        6.4290285756639878E-002  0.65995082806337790     
  0.74666353180408840        6.2863859622189502E-002  0.66222481486821905     
  0.74666353178139500        6.2863859829767471E-002  0.66222481487434259     
