  -8.9434822052178856E-002  0.99597438926719672        6.0356050508716874E-003
 -0.10672608880213955       0.99423306531620681        1.0495418092532139E-002
  -9.5501234570198046E-002  0.99533529895914907        1.3680527821292032E-002
 -0.10825814157339303       0.99405955577228466        1.1214916891575116E-002
  -9.5604262646965019E-002  0.99528182045704139        1.6550614231794967E-002
  -8.6381554058550011E-002  0.99573390520749161        3.2437896643717413E-002
  -8.8217083027980148E-002  0.99580355666367493        2.4352059420302212E-002
  -8.6227101499190717E-002  0.99615643611028770        1.5402654417343663E-002
  -7.6608334723614099E-002  0.99700179622563956        1.0889507506106844E-002
  -7.2225262548807317E-002  0.99733009069445622        1.0779686690439553E-002
  -7.4961970433413794E-002  0.99689682791691181        2.4029512644650253E-002
  -7.8042157824706540E-002  0.99676444020179567        1.9237264651312688E-002
  -7.6965947648601596E-002  0.99686216651295922        1.8494968981913822E-002
  -7.9734167844865797E-002  0.99637373151874797        2.9695952880715370E-002
  -7.0166806200338813E-002  0.99686041476629639        3.6686956532442375E-002
  -6.8623800353655062E-002  0.99715591286626715        3.1158617762431014E-002
  -7.1036447997369689E-002  0.99714497001594538        2.5607261232241451E-002
  -7.5936890380211633E-002  0.99676633269979820        2.6276732589481780E-002
  -7.5169165604545868E-002  0.99676470972185538        2.8455403624294860E-002
  -7.4107541103464222E-002  0.99699332998727552        2.2635642524171055E-002
  -6.7764526301308858E-002  0.99744253964715479        2.2723315721825146E-002
  -6.5459925785197007E-002  0.99758897692147930        2.3048454198757493E-002
  -4.6829842535349893E-002  0.99847602020272919        2.9199365202579458E-002
  -4.9646260531297268E-002  0.99841155996942521        2.6638425904647767E-002
  -5.7258220087976180E-002  0.99769755212155931        3.6346811730955365E-002
  -5.2024020352632476E-002  0.99788436206064923        3.8991040780671352E-002
  -5.7452349248798690E-002  0.99757180666063494        3.9366459348420972E-002
  -5.4703906227923010E-002  0.99689387438311428        5.6657619618465507E-002
  -4.2749175219804994E-002  0.99699354172892285        6.4624962428194002E-002
  -3.4777333515467822E-002  0.99739358016796897        6.3218536152571725E-002
  -2.4483260083658365E-002  0.99704349568456141        7.2834316697454340E-002
  -1.2481208346260975E-002  0.99717831143617497        7.4024554301369547E-002
  -1.9296975231873049E-002  0.99705492681573638        7.4223309407268775E-002
  -2.3066762006256448E-002  0.99663903195636672        7.8603845145276907E-002
  -2.7001845182685565E-002  0.99680258487946283        7.5203105882349255E-002
  -2.5163549791603342E-002  0.99499268830990406        9.6728206701643116E-002
  -2.0520241498230597E-002  0.99625966328584681        8.3938090271492211E-002
  -6.1920103920283355E-003  0.99645427743050929        8.3907878043400205E-002
  -1.8066339512877358E-003  0.99727408008839069        7.3764119039135295E-002
   1.7431061604466103E-002  0.99820175435331215        5.7353427947329609E-002
   3.7503249703891857E-002  0.99782175299736675        5.4270208281416502E-002
   3.8294057811709914E-002  0.99819251135934084        4.6317117812360406E-002
   1.9682919779054626E-002  0.99867222732824412        4.7606354956175372E-002
   2.9412756144866509E-002  0.99858824347006048        4.4231321247972119E-002
   3.0956323380875606E-002  0.99824108953592816        5.0561182787406754E-002
   3.6654537049959475E-002  0.99763353779157726        5.8170174377551953E-002
   3.8092339421218362E-002  0.99774601722182565        5.5243631265543741E-002
   5.5552119433809354E-002  0.99656729043189474        6.1380759751272974E-002
   7.4072413202214499E-002  0.99481422786892137        6.9698849574179211E-002
   9.3380133983803654E-002  0.99247102305635837        7.9255403415997169E-002
  0.10763635488168273       0.99220404113949834        6.2813659774236988E-002
  0.11578427509439732       0.99119901484103401        6.4175654410597985E-002
  0.11943415271744691       0.99031817819470647        7.0748774560292285E-002
  0.11893743068823243       0.99139570286226597        5.4666698524017766E-002
  0.12450131772156386       0.99040285997036337        6.0013305592337307E-002
  0.11861804855848780       0.99118668853765046        5.8980564781485605E-002
  0.13276693174980428       0.98942249855330955        5.8447080254441848E-002
  0.13364083046301631       0.99014890426026136        4.1776498481305803E-002
  0.14300298306323256       0.98906074529797150        3.6179952261412490E-002
  0.14599908953357041       0.98813385884503324        4.7704746717628164E-002
  0.14664965783986342       0.98742612312084055        5.9021430294420620E-002
  0.14941156550042545       0.98733197024805430        5.3401915890797486E-002
  0.15050836274167956       0.98749733657142680        4.6864090828238662E-002
  0.16335237512869757       0.98554985429867337        4.4804979987471835E-002
  0.18088285088338849       0.98248753045013293        4.4717410102757260E-002
  0.18484785562991388       0.98182253263229347        4.3078819442173566E-002
  0.19837710329658303       0.97979706965830471        2.5381630693396218E-002
  0.20029101772222724       0.97932441340380350        2.8411292316464234E-002
  0.21068635161159055       0.97730340187662512        2.2120622165224556E-002
  0.23048208066975290       0.97306145142166356        5.4242278075273638E-003
  0.24315916318412487       0.96997843104799963        3.9325133511901650E-003
  0.24793612429279163       0.96873525484970324        8.9266052870654450E-003
  0.24985775709294164       0.96803884041837140        2.1723366726638046E-002
  0.25887595361962840       0.96586650346887060        9.2270317191905805E-003
  0.27002194602193103       0.96282708040717446        7.2223196500548368E-003
  0.29027445042778321       0.95693638480146059       -3.6740811045641508E-003
  0.30056200087607443       0.95376100170204514        1.5605324999115372E-003
  0.31617480107572354       0.94860606643202261       -1.3417372808911750E-002
  0.32730526543129157       0.94482404346051019       -1.3371242271583017E-002
  0.34436663481496615       0.93883293783562760       -2.0822250459275196E-003
  0.36611921643351281       0.93036047789442966        1.9649440963062956E-002
  0.38333434122906695       0.92355646254859958        9.9117767930697424E-003
  0.40848232881173946       0.91241968596796352        2.5149626372195387E-002
  0.42352413544142026       0.90564471714899175        2.0855526814762815E-002
  0.42594213497870020       0.90468468317053574        1.0905122026649823E-002
  0.43339368991331734       0.90120119104415297       -2.5145186258270658E-003
  0.44176836438374906       0.89712142741574463       -3.7224590319113460E-003
  0.44594485580244148       0.89504554588844254       -5.1629805926981789E-003
  0.44573531948132689       0.89497528060923226       -1.8419339437316464E-002
  0.45217206439784230       0.89139132679825528       -3.1014942963678963E-002
  0.45770631266754958       0.88873495488545518       -2.5595142293489231E-002
  0.45722572485430796       0.88886540135889136       -2.9375751880581818E-002
  0.47404066197104106       0.88027079970922806       -2.0218060671925386E-002
  0.48559904594844222       0.87350056841689194       -3.4501065915877253E-002
  0.49537423686077303       0.86830473492115390       -2.5519654545304696E-002
  0.49843756259732797       0.86660632197707843       -2.3526132308458618E-002
  0.51395487846882060       0.85736092709194922       -2.7975410526629000E-002
  0.53246594793675928       0.84553745366941457       -3.9324658041120890E-002
  0.55239940615629901       0.83266786712452956       -3.8975878905495448E-002
  0.55481993524720519       0.83147674046511511       -2.8657800295808656E-002
  0.55634510254463876       0.83021376402506608       -3.5003326955120921E-002
  0.57551538081417830       0.81683563991014763       -3.9516880176587936E-002
  0.58270322465771152       0.81188344804077317       -3.6086268453929031E-002
  0.59272975433739417       0.80460346675327055       -3.5842706534948178E-002
  0.60184500071375391       0.79724867305506086       -4.6659923144037836E-002
  0.60344044294667787       0.79590133731264390       -4.8996868065843406E-002
  0.60620876789643752       0.79429898436818847       -4.0000664458814957E-002
  0.62015811036499757       0.78388711072015671       -3.0412428303567995E-002
  0.63009959333727872       0.77606745916271203       -2.6340108293792984E-002
  0.65536898594456072       0.75528717338246532       -5.7252061906285000E-003
  0.66422449103094661       0.74753243197396735       -1.0433895558385072E-003
  0.67056564582223122       0.74184606686992649        2.4754217082480112E-003
  0.68472941076233451       0.72879091925034423        3.0708395113883853E-003
  0.70492555376924471       0.70919842531246513        1.0842378772422064E-002
  0.72035822993934040       0.69350663484350050        1.1513817208240570E-002
  0.73459416901781638       0.67789647142726406        2.8771181266823861E-002
  0.74141662876161341       0.67051558370984399        2.6650226978615486E-002
  0.73707792826324159       0.67534639605151492        2.4967438943538662E-002
  0.74790391259485967       0.66318986419259141        2.8617154951401717E-002
  0.75762813825257180       0.65208549411545103        2.8002008716346737E-002
  0.76326832329339289       0.64559165932055096        2.5157028294945857E-002
  0.76308848536839913       0.64619330854103862        1.1409272323370748E-002
  0.77594616360395230       0.63048787607530288        1.9813866618179701E-002
  0.78483092810864230       0.61941157645572120        1.9227928561508349E-002
  0.79223522760705500       0.60992360267256729        1.8882347346527498E-002
  0.80071067010156605       0.59894595993338318        1.1232090855242086E-002
  0.80842546803326898       0.58857494760141360        5.2719722290528416E-003
  0.82332322472977515       0.56756288663611221        3.3522132761095802E-003
  0.83263311188052302       0.55381842339884202       -2.6934929325228216E-003
  0.83438427261002979       0.55113325778915478       -7.4173971004042397E-003
  0.84015714133061881       0.54220334269084902       -1.2309063572572367E-002
  0.84313742614807352       0.53769613720614917       -1.4644664518137654E-003
  0.85192023179281529       0.52366100475505462       -3.3272753121176553E-003
  0.85990161182294089       0.51042615691467341        5.8614265862711361E-003
  0.86756237294422445       0.49694308137598514       -1.9573015197628607E-002
  0.87532928861326531       0.48300397872750139       -2.2489842800654539E-002
  0.87782903251853162       0.47870183243591863       -1.6147609422839972E-002
  0.87746223796816503       0.47926417796050141       -1.9127693633694789E-002
  0.88928919104519166       0.45718239911055686       -1.2206090025246797E-002
  0.89417903683227118       0.44745950525905620       -1.4961324909000831E-002
  0.89358637993065626       0.44873224554661872       -1.1947945811505604E-002
  0.89954644589209554       0.43648261316816794       -1.7295088458546895E-002
  0.90080752650914242       0.43379728147300683       -1.9123775022428645E-002
  0.90604975093710993       0.42313124641558225       -5.8135302181216925E-003
  0.90905759377568196       0.41661274233858953       -6.9364342343710235E-003
  0.90870719644865194       0.41737996078864670       -6.7230539562751169E-003
  0.91441234417256811       0.40472947790715141       -6.6418775834278295E-003
  0.91428183173055477       0.40506083313734137        3.8017924067888552E-003
  0.91642298807103695       0.40020826659984182        1.5000933644006387E-003
  0.92196452692614361       0.38720084558328499       -7.5442872056244500E-003
  0.92643068777583593       0.37608135609269105       -1.6999833724873244E-002
  0.92355418579905579       0.38267080353393224       -2.4712790529162528E-002
  0.93545048964109878       0.35176707283498976       -3.4529811747704781E-002
  0.94385884455726821       0.32833407858142621       -3.6430953777039601E-002
  0.94631672638862063       0.32122187855592116       -3.6071569055556148E-002
  0.95135111670864514       0.30732720082990739       -2.1932723662805364E-002
  0.95850232440208649       0.28474034338948451       -1.4008246222710343E-002
  0.95932804999831767       0.28197732728425629       -1.3359617661156876E-002
  0.96928059674753897       0.24584933651577315       -7.2957866943155940E-003
  0.97230941292383088       0.23339839759080605       -1.1814971085846490E-002
  0.97545925895696672       0.21829659020743672       -2.8737307092562215E-002
  0.97746149511765779       0.20653134604026507       -4.3747327520078552E-002
  0.97898737834601257       0.19931699515979293       -4.3086523179192940E-002
  0.98018231275720213       0.19543573862919356       -3.2365194644918840E-002
  0.98205824032399969       0.18481255822906204       -3.7495745526112269E-002
  0.98233040148665496       0.18347352839621764       -3.6938417574519156E-002
  0.98289465622491101       0.17773681345474809       -4.8246449687678647E-002
  0.98328907154820822       0.17395298540847065       -5.3693208521591762E-002
  0.98400577306117398       0.16539406880294827       -6.6162229308622811E-002
  0.98637096527586421       0.14368493153897194       -8.0168318614028886E-002
  0.98739232881603423       0.13228867463299615       -8.6925804909094004E-002
  0.98845835826122552       0.12561187323890982       -8.4686074917511706E-002
  0.98952286309296789       0.11403266876142748       -8.8549725417089914E-002
  0.98925170061630829       0.11365990608156290       -9.1991839731965772E-002
  0.98989777633392972       0.11145561360158485       -8.7635829463957982E-002
  0.99059775086585355       0.10662041561901049       -8.5721543107562567E-002
  0.99283520257283331        8.9931138488785062E-002  -7.8680689259007244E-002
  0.99391860444692626        8.5187266523467378E-002  -6.9777771220742010E-002
  0.99647314666068298        5.5829358001338307E-002  -6.2644638791485921E-002
  0.99701668210281358        4.9968129667357974E-002  -5.8829598215903445E-002
  0.99690193605485811        4.8765454451034577E-002  -6.1712724314034746E-002
  0.99865261181733667        4.2600166968430199E-002  -2.9634214763911867E-002
  0.99880312667442950        4.2788885377760634E-002  -2.3694417771124108E-002
  0.99879649070548404        2.8942881209495928E-002  -3.9596461732118164E-002
  0.99823950335535305        3.1906510275974298E-002  -4.9998685411393323E-002
  0.99861868919350205        1.7992353541141457E-002  -4.9365866826198861E-002
  0.99877798313910460        6.5637245258625982E-003  -4.8984261931055713E-002
  0.99889305016646357        1.2242690079728894E-002  -4.5417957558109089E-002
  0.99928561621495271        1.0252935057834435E-002  -3.6374916475527160E-002
  0.99951975983934582        4.8236868397079878E-003  -3.0610157398633465E-002
  0.99916103975898662       -1.4196970025948998E-002  -3.8414354996839588E-002
  0.99926337495936246       -8.2914999616665597E-003  -3.7469434119153891E-002
  0.99944564368169342        1.9485329050375646E-003  -3.3235651719258380E-002
  0.99942250688236101        1.1074016246964018E-002  -3.2125050990434043E-002
  0.99913548498874905        3.8887704668206314E-003  -4.1390338251258117E-002
  0.99924282557054411       -7.3971773527057262E-003  -3.8197608734155529E-002
  0.99923321434983536        1.2879015911673971E-003  -3.9132143432038489E-002
  0.99952470733320919        6.6084537627424294E-003  -3.0111256521909512E-002
  0.99923733453565056       -1.4291165828538644E-002  -3.6338847661262601E-002
  0.99824477340272610       -4.2574605658806969E-002  -4.1167649035818175E-002
  0.99752676548547348       -5.6805263916779730E-002  -4.1394614763680566E-002
  0.99771218018482088       -6.0716984811612133E-002  -2.9729669796970212E-002
  0.99706610274604834       -6.3312138717202981E-002  -4.3020458457111894E-002
  0.99651093879297747       -7.5576084966199594E-002  -3.5414746181788574E-002
  0.99379434899330976       -9.1990096487789344E-002  -6.2534902711453857E-002
  0.99257158767026710      -0.11347363573171508       -4.3879121955111414E-002
  0.99269279405633515      -0.11292810696306138       -4.2523632092826565E-002
  0.99256259136055869      -0.11748907042451427       -3.1871940047569998E-002
  0.99146017030403177      -0.12473629568785960       -3.8047171232176442E-002
  0.98916732937594265      -0.14179247781258933       -3.7985362062663112E-002
  0.98915204375128873      -0.13969649771494472       -4.5421612353892644E-002
  0.98866720376289152      -0.14783399329004027       -2.6120310709984790E-002
  0.98757343435977074      -0.15466619693190498       -2.7876141653189274E-002
  0.98698972396426787      -0.16036576543636163       -1.1580417304588780E-002
  0.98316111787746607      -0.18151575007850340       -2.1124600999059294E-002
  0.98051542079052145      -0.19639610093654583        4.2521910715583875E-003
  0.97773875772411201      -0.20970257586803495       -7.1938389209347982E-003
  0.97529084087715434      -0.22034831069585567       -1.5949848733325112E-002
  0.97614992448391424      -0.21601504660434059       -2.1652357159731649E-002
  0.97622486918531404      -0.21614386596035767       -1.6335054080938965E-002
  0.96830926457016420      -0.24938170942943957       -1.3635657286627335E-002
  0.97063871668383195      -0.24047504290438906       -5.6776240185436077E-003
  0.96816458195183930      -0.24982741232372674       -1.5607892415409339E-002
  0.96688471322317426      -0.25484859575975388       -1.3643481030205643E-002
  0.96796656554112048      -0.25088579267171596       -9.8512450995779082E-003
  0.96672072317684199      -0.25560824433817880       -1.0745641292967279E-002
  0.96364456400683796      -0.26664151195433505       -1.7072151673912565E-002
  0.96155440472276876      -0.27446162250659517       -9.1621247147483358E-003
  0.96035448207820828      -0.27878051689454170       -8.3195691495306656E-004
  0.96513737361319685      -0.26173027812268507        2.6667524898903654E-003
  0.96365138470234712      -0.26679617509822950        1.3993202428452964E-002
  0.97002339936349014      -0.24300963270614870        9.6078057937514806E-004
  0.97175696940434741      -0.23589407714582844        6.5097451252820295E-003
  0.97418335191028060      -0.22552486606924513       -1.0263120641354448E-002
  0.96928526150937844      -0.24550742956277843        1.4566531851260448E-002
  0.96809932896283579      -0.25041849727938797        8.6177422820757736E-003
  0.96760487890523783      -0.25195788011566289        1.6063155555539055E-002
  0.96451388440550456      -0.26366377341584313        1.3942072196185764E-002
  0.96490143332035960      -0.26022403014501821        3.5336639786490785E-002
  0.96277929745308333      -0.26835929066494674        3.2238416672560166E-002
  0.96051243883947646      -0.27634456109706557        3.2396579861322709E-002
  0.95937733005826598      -0.28008432771800845        3.3880790088538094E-002
  0.96119503767277981      -0.27541535322247163        1.5826647230673323E-002
  0.95954537597447254      -0.28064967540889818        2.2548417658173996E-002
  0.96207973926308621      -0.27237665332511884        1.4612803388798078E-002
  0.96402333322670553      -0.26545554180586306        1.3869690660832112E-002
  0.96425449320828449      -0.26488009821788583        7.1976312574077179E-003
  0.96565676839038306      -0.25958539650943019        1.1064699764728323E-002
  0.96543520197488120      -0.26038010365727243        1.1707792582231822E-002
  0.96544020224739802      -0.26018401269419750        1.5149106338241635E-002
  0.96576778804470886      -0.25906148729885253        1.3406169254715904E-002
