   7.5414643141830190E-002  0.80214073946863262      -0.59235366605137596     
   8.1403884881109584E-002  0.80250732573874739      -0.59106294052487041     
   8.3594682553016011E-002  0.79679850228187765      -0.59843468800715072     
   7.9929858155186814E-002  0.80045126835165525      -0.59404459830009126     
   8.3268412422157101E-002  0.80823546273146207      -0.58294237131636928     
   9.7727772196950807E-002  0.80880316343340941      -0.57990234122783946     
   9.5794320808984632E-002  0.81276883227304730      -0.57465665695809331     
   7.7583115212139842E-002  0.82269375625316099      -0.56316591130504678     
   7.8965468238193351E-002  0.81315836080530612      -0.57666102268000574     
   6.7802985093293439E-002  0.81856926466823043      -0.57039207055581542     
   7.3841361924102414E-002  0.81252248542715344      -0.57823409095665956     
   8.3801425149725578E-002  0.81693093286076679      -0.57061473173947452     
   9.3418855631781428E-002  0.81354316894217782      -0.57395159175662758     
   9.3737585000629828E-002  0.80874915051218688      -0.58063592440019185     
   8.1956172007930261E-002  0.80384153722033103      -0.58917057709042253     
   8.3311729253042033E-002  0.80361997060302892      -0.58928269838580405     
   7.1096017480384216E-002  0.80668502141977416      -0.58668955378070853     
   7.5174761495852019E-002  0.80820297931233986      -0.58408620893212349     
   8.1682926159236280E-002  0.81097352116958010      -0.57935295592227476     
  0.10329566276625093       0.81904542816945014      -0.56435325165042072     
  0.10833339357780764       0.82686282199256611      -0.55187113481537109     
  0.11982819926092556       0.82493058177740275      -0.55238640272030559     
  0.11557576232850462       0.82741628727823635      -0.54956758520575433     
  0.13240439415770294       0.83111947706497824      -0.54010137127299451     
  0.14521046500450649       0.82975619209320417      -0.53890498470153414     
  0.14431555318389042       0.82229771557015929      -0.55045389278060830     
  0.13311671369632014       0.82780900240237620      -0.54498825315439170     
  0.13238701352369867       0.83177812324202505      -0.53909074592896800     
  0.12798755714848084       0.83460325835513216      -0.53577661983158698     
  0.11807468608155378       0.84051913540709833      -0.52875887843254821     
  0.12708827513967919       0.83310955522631736      -0.53830942710733598     
  0.12169249895573986       0.84335397735041318      -0.52339755882612382     
  0.14618958013826774       0.83343116576354781      -0.53293629881348059     
  0.13937799836495415       0.83653559410489697      -0.52988864242154254     
  0.13063176663115772       0.84282810924257079      -0.52208822991656845     
  0.13703493398628364       0.84275314428597159      -0.52056561993996875     
  0.12895523392012304       0.84967186734043820      -0.51130056277577085     
  0.12389755220741487       0.85458298563614066      -0.50431866633928057     
  0.12387545530679128       0.85014576729758984      -0.51176854721497733     
  0.12659009640599181       0.84854893104534312      -0.51375058064563484     
  0.11713785976826896       0.85222804783853068      -0.50988829785182943     
  0.11260665821828897       0.84655141718374338      -0.52025997211884911     
  0.11977642157228473       0.84113290013700071      -0.52739838181630527     
  0.12490133784570867       0.84313343009813169      -0.52299682107572287     
  0.12958084795920999       0.84823761529242037      -0.51351898878736779     
  0.14462905263346873       0.84336084618314466      -0.51751803858377288     
  0.13923928377624425       0.84722710648794841      -0.51265841638028142     
  0.16152478614366228       0.84342295947647627      -0.51239384743494631     
  0.16600634654673330       0.84466521714076093      -0.50890329519345523     
  0.17055153834984352       0.84195708328790853      -0.51187932432148475     
  0.17766043079597735       0.84701107166332334      -0.50100799974564858     
  0.17141090676501758       0.85431474658699891      -0.49067770970972902     
  0.16912656203462212       0.86161947450506915      -0.47854789433029399     
  0.16912112424777512       0.87120234152028941      -0.46087365455483986     
  0.19172482216556910       0.86732625945405617      -0.45933294267558922     
  0.22566285076190382       0.86268978416784503      -0.45259541986021878     
  0.24087120339473572       0.86143707063545882      -0.44710987096033938     
  0.23755204273325256       0.86876916204356947      -0.43452177169317219     
  0.25969441906180790       0.86843013288268744      -0.42235993300679914     
  0.24945817969363315       0.87395364050262170      -0.41710388494492950     
  0.25235262640957185       0.86883226148189674      -0.42596790178655902     
  0.24505838108191622       0.87157986060490011      -0.42461151238450046     
  0.25167737927525308       0.86351863142295715      -0.43702868320805055     
  0.25652630055258335       0.86244504577127190      -0.43632877529380709     
  0.27245644119978335       0.86552991203235208      -0.42026831789467245     
  0.29117557720461673       0.86512146764368414      -0.40838906628556398     
  0.29180773438940855       0.86507356364379628      -0.40803918394578648     
  0.29739380215053002       0.86421097977559114      -0.40582793013513169     
  0.30053807300854651       0.86630617892869111      -0.39898680557416905     
  0.30804664261215325       0.86499735907622666      -0.39608942773890637     
  0.31266422657530268       0.87127029614038687      -0.37832413679741650     
  0.31851013883699508       0.87357680385949343      -0.36798758024785333     
  0.31762879331202443       0.87740455706037224      -0.35954581475639241     
  0.33394651037944090       0.87154163954803021      -0.35901935705380111     
  0.34050478275851415       0.87018969447955774      -0.35612692756958259     
  0.35311995713574157       0.86597653917799478      -0.35410581676351482     
  0.37422098213465327       0.86288416292046743      -0.33969041480621720     
  0.36448289329270134       0.87283854088556490      -0.32450747609529623     
  0.36855144417160302       0.87355296168474861      -0.31792303491699048     
  0.38245048249087243       0.86901106352356816      -0.31392897272493864     
  0.39663104205157906       0.86738014095181526      -0.30055865910581803     
  0.40523059951846901       0.86575864768072763      -0.29368371623217182     
  0.40911339039558087       0.86220533916161934      -0.29871087512882749     
  0.42034021854524023       0.86292420170256967      -0.28049228650592539     
  0.42307600746289337       0.86360277739877467      -0.27422059510251934     
  0.42609854474104780       0.86470632636480238      -0.26593796140124182     
  0.43552778515380347       0.86155934386412991      -0.26082761617480682     
  0.43551077619050160       0.86593433085225169      -0.24594328304186258     
  0.45766503726932312       0.85516383463478740      -0.24338761183345847     
  0.46000195648342679       0.85347377972998206      -0.24490959014468311     
  0.48052462897855186       0.84676629852158669      -0.22821681934746957     
  0.48154277680860391       0.84885525583131605      -0.21808555374212119     
  0.49732368140605465       0.84367258790504263      -0.20220217686843636     
  0.51804738561670360       0.83466442353117831      -0.18698183427024226     
  0.53246426514351419       0.82637926024747044      -0.18324607656924377     
  0.53277205178349696       0.82370158644937874      -0.19408667475944669     
  0.53501211374331348       0.82383930808522743      -0.18721867588882574     
  0.54730182492000179       0.81640409500394895      -0.18424186847732990     
  0.56366630956808095       0.81093329371143075      -0.15705885714670509     
  0.57317570853292577       0.80468580475061013      -0.15475904749203265     
  0.58859580137746736       0.79318134958869024      -0.15626365305304063     
  0.59258792482913425       0.79625376939065651      -0.12173531154874859     
  0.60076595612132200       0.79238730946359459      -0.10584241950501956     
  0.61927289441112454       0.77594871947597777      -0.12001944422157985     
  0.62314527687056565       0.77531231164618652      -0.10286293464485670     
  0.63507106815575298       0.76647152971505661       -9.5948593151600120E-002
  0.64755790211656195       0.75715896304179220       -8.5901502267870244E-002
  0.65099592011524077       0.75338999375233129       -9.2778388147102139E-002
  0.66269436389318515       0.74416427699773335       -8.3998267271702426E-002
  0.66416789851799884       0.74372309040682882       -7.5874682034930946E-002
  0.66949622901809358       0.74048733463239103       -5.8764841355775907E-002
  0.68921387489089081       0.72265052534221752       -5.2540012185958745E-002
  0.69350787369289690       0.71915138945836277       -4.3221616883967313E-002
  0.70277500628583234       0.71041636959210630       -3.7628079349346574E-002
  0.71230381339861981       0.70106271428139155       -3.3680084058587481E-002
  0.70596508497569055       0.70782374769796352       -2.4471227800748611E-002
  0.71994891720464349       0.69399919425589585       -6.2189217738902952E-003
  0.72560489599823730       0.68811137714016468        5.1725588797772487E-004
  0.73322107680382365       0.67990828310320672        1.0563100789605822E-002
  0.73558109508472969       0.67743364649445204        2.0266107619069090E-003
  0.74645608992229762       0.66540497870848925        6.2865036283551714E-003
  0.75780457089461173       0.65206053781867590        2.3436880143322621E-002
  0.77130370603241438       0.63597482660859883        2.5032238829637263E-002
  0.78389774260928258       0.62012700601697324        3.0770530390223108E-002
  0.79283560087973715       0.60856189397490046        3.2621023579095389E-002
  0.78940609309512177       0.61322267353532067        2.8212990739879876E-002
  0.79795710825038857       0.60236988737982944        2.0370865732423100E-002
  0.80739659275077347       0.58771635855510040        5.1963678672454688E-002
  0.81903714261036875       0.56991475631103694        6.6146273996150376E-002
  0.82689983288448099       0.55944600662493560        5.7068660813356577E-002
  0.82826371919971309       0.55646297929116928        6.5788784270987249E-002
  0.83419485852690167       0.54715206823014584        6.8873450899147370E-002
  0.84470568224076259       0.52918297143360671        8.0235236242353292E-002
  0.84100009907604389       0.53221501223323087        9.7293443292269965E-002
  0.84451833609929639       0.52268062420079597       0.11659221705217646     
  0.84690019150603779       0.51714203367476108       0.12379088267626207     
  0.85667801214614248       0.50334145145481746       0.11291663629727652     
  0.84558677885138966       0.51612115915788659       0.13638896033495801     
  0.84767675199873094       0.50952545705278807       0.14774279250111977     
  0.85526872044852675       0.49599214461826574       0.15002402574025472     
  0.85440765234493343       0.49720640063750554       0.15090844502384484     
  0.85325394515263109       0.49337682887928674       0.16892900818536122     
  0.85814454369747262       0.47889688992876400       0.18505596704460331     
  0.86862872172015404       0.46120529808526811       0.18103540212038818     
  0.87455780397140404       0.45334893372339730       0.17211447296661272     
  0.87740715271640013       0.43981179424053174       0.19163056647890084     
  0.87803647631444992       0.43853629003540329       0.19167125132186158     
  0.88565893359983738       0.41783499885104164       0.20253929759419140     
  0.88610128916759034       0.40942841783514622       0.21723921378181985     
  0.88179690659833398       0.41748011254251111       0.21941871193018447     
  0.88363839105133746       0.40979851040979370       0.22638103879547442     
  0.89186282830465513       0.39265873017725134       0.22449903586432124     
  0.89756888129766865       0.37414468348915930       0.23320775961114212     
  0.90065146047268674       0.36543643361824008       0.23512371154947018     
  0.89736917027588758       0.36757627374238810       0.24416440203278150     
  0.89646416901433768       0.36774148136610540       0.24722094683924925     
  0.89846501000436152       0.35846128631973723       0.25350765670460917     
  0.90137466590847215       0.34858505482088653       0.25692833867425213     
  0.90004598355846499       0.34203431294498970       0.27005509854199194     
  0.89895500687790264       0.33363828931835277       0.28384042613742150     
  0.90322750098000215       0.31875785866924616       0.28735606659685653     
  0.90765329430654129       0.30090119712125230       0.29261573249824030     
  0.90302942119285301       0.29190098135851039       0.31516929029021795     
  0.89688690699196183       0.29537850419916517       0.32915864765103137     
  0.89430073795087672       0.30083282954275703       0.33124884719771908     
  0.89770784748302623       0.29747283755452236       0.32500850986497815     
  0.89290911454762478       0.29939341096811484       0.33626908663547056     
  0.89277827218487871       0.29401134105400034       0.34132724480505672     
  0.89230243952326227       0.28784672689279106       0.34776517686212005     
  0.89175236675701719       0.28708259124177310       0.34980180415367607     
  0.88774904493319240       0.28190114638632657       0.36391396907274509     
  0.88504514843446358       0.27920808911702000       0.37247540617366975     
  0.88659660777491323       0.26432028367710603       0.37958035080713814     
  0.89296190289648814       0.25456699566639163       0.37123400260869044     
  0.89011104636613858       0.24771717146530978       0.38254219126549249     
  0.89559578728322098       0.23293239491309864       0.37901277709411857     
  0.90115054499024561       0.22227496917638512       0.37218481073442578     
  0.89527921317776249       0.22089606988189447       0.38688506919050197     
  0.89283072063858737       0.22521402286988015       0.39004095706315955     
  0.89205965511819885       0.22157587440435886       0.39387016083011739     
  0.89276253576764519       0.21665872737196507       0.39501145626840339     
  0.89578178516597262       0.20029879404780040       0.39680648491154924     
  0.89321830799147328       0.18577993634469564       0.40944702895565133     
  0.89004467566814049       0.17840423905310693       0.41951448461605756     
  0.89463105608544036       0.17779323944282413       0.40990832816115924     
  0.89668669054445727       0.16020163918724400       0.41266016745277223     
  0.89944892828334666       0.14697633746769043       0.41156965587191041     
  0.90043652148533404       0.14630724152352809       0.40964406727446612     
  0.90625268503667444       0.12713465464190024       0.40316603335710638     
  0.90838841181319430       0.12367299557962613       0.39941893226018166     
  0.90967201449688173       0.11804779442262060       0.39819787075415070     
  0.91049412001319097       0.10327338807309105       0.40041861187675709     
  0.91215825088602875        8.3528973177376301E-002  0.40123588570873520     
  0.91112643317378761        7.0707811044527960E-002  0.40601604430034949     
  0.90824890460206020        6.1775952669148981E-002  0.41384496971810220     
  0.91141842538329754        6.0776657554109360E-002  0.40696762987783308     
  0.90507208348550594        5.9666476864994371E-002  0.42105158262821452     
  0.90506134580893760        6.3078425618980805E-002  0.42057707087280077     
  0.90575906462773204        6.3267652566786708E-002  0.41904381749810499     
  0.89823282057242793        5.5573630447731621E-002  0.43599239860960809     
  0.89302563174651584        5.6836080137362244E-002  0.44640215169548125     
  0.89578584843668518        3.6565056635020333E-002  0.44297935660010823     
  0.88862824897059400        2.5379332431163165E-002  0.45792545748932217     
  0.88671162462598718        2.3503396003807686E-002  0.46172511858185872     
  0.89024959010573768        5.7338548575052647E-003  0.45543692233397121     
  0.89034268916673465       -1.3380532362738026E-002  0.45509433879256039     
  0.89008959372114527       -1.1622605147377460E-002  0.45563738893874317     
  0.89153063939463817       -1.8039089484110177E-002  0.45260104979017951     
  0.88218344751607403       -1.8792039494062707E-002  0.47053078983240665     
  0.87930801369866018       -2.4706257608009579E-002  0.47561225581383537     
  0.86893128088101612       -2.8373041910092933E-002  0.49411881121775103     
  0.87055653765331453       -2.1090164055342229E-002  0.49161623216609918     
  0.86371261913125097       -2.9236350382477787E-002  0.50313591341679187     
  0.86647116714816597       -4.0064115224355351E-002  0.49761690402576275     
  0.86903461382061187       -4.8194977863078803E-002  0.49239829822049258     
  0.87096833393970408       -3.6279182436718183E-002  0.48999794101202365     
  0.86879556484636800       -5.5530213107502266E-002  0.49204741838111299     
  0.86853010497144412       -5.3693096695914967E-002  0.49271950248137664     
  0.86906655701023749       -4.2555640923202118E-002  0.49286137697326993     
  0.86422325308259995       -7.1387665613925025E-002  0.49801804187150173     
  0.86330082142218478       -6.9520760938476672E-002  0.49987854077797411     
  0.85721275084631865       -7.4791819240650287E-002  0.50950219191006696     
  0.85860049861031940       -7.4668145849669451E-002  0.50717832345387548     
  0.85863552137643995       -9.5076949574844735E-002  0.50369178580770257     
  0.85549531437623583       -9.4203580463932873E-002  0.50916937506892690     
  0.86075420391786017       -7.8114437294967892E-002  0.50299138672925980     
  0.86123086728010712       -8.9142053130491117E-002  0.50033497539911809     
  0.86110684383881519      -0.10940871549575794       0.49651257432971679     
  0.86682522535436990      -0.12303948393419691       0.48319283322763845     
  0.86671145056563126      -0.13320973392750132       0.48069369482590846     
  0.86214550840541604      -0.13630135160505666       0.48798264711668038     
  0.85927778526058063      -0.12635685577030575       0.49565676910288786     
  0.86105055115538864      -0.13592028608732101       0.49001798353217813     
  0.85943456177548738      -0.13949033843483299       0.49184822812440049     
  0.85785444839692471      -0.14290888777918939       0.49362211777768167     
  0.86310698153502807      -0.13052166267448517       0.48786313039435658     
  0.86377812900072581      -0.13273442257894572       0.48607501162129357     
  0.86278202510861735      -0.13905400953874600       0.48607731852110903     
  0.86104778637288693      -0.12691568696830258       0.49243184095234444     
  0.86287856949400399      -0.14101963548403568       0.48533909456784063     
  0.86816673878505057      -0.12910215152243454       0.47918592230950191     
  0.86130106346385882      -0.12113584913283029       0.49344359772003710     
  0.85050391367910061      -0.11982522130679611       0.51213768574018437     
  0.84535320137060599      -0.14281210414588863       0.51476467229394385     
  0.84139468010870933      -0.14610220711596689       0.52029716255290692     
  0.84652748780693099      -0.14011029207178147       0.51357601038487644     
  0.85198823843016258      -0.13404558426400617       0.50611048489039390     
  0.85283377225375057      -0.12057432861385441       0.50807124321570918     
  0.85728069783670646      -0.10672156289779690       0.50366686721409526     
  0.85823819764402387       -9.4030730710608149E-002  0.50456458237451274     
  0.85823819775072752       -9.4030730700921050E-002  0.50456458219512934     
