  -0.0000000000000000       -0.0000000000000000        0.0000000000000000     
   0.0000000000000000       -0.0000000000000000       -0.0000000000000000     
   0.0000000000000000        0.0000000000000000        0.0000000000000000     
  -0.0000000000000000        0.0000000000000000       -0.0000000000000000     
   0.0000000000000000        0.0000000000000000        0.0000000000000000     
  -0.0000000000000000       -0.0000000000000000       -0.0000000000000000     
   0.0000000000000000        0.0000000000000000       -0.0000000000000000     
   0.0000000000000000        0.0000000000000000        0.0000000000000000     
  -0.0000000000000000        0.0000000000000000       -0.0000000000000000     
   0.0000000000000000       -0.0000000000000000        0.0000000000000000     
  -0.0000000000000000       -0.0000000000000000       -0.0000000000000000     
  -0.0000000000000000       -0.0000000000000000       -0.0000000000000000     
                       NaN                       NaN                       NaN
  -0.0000000000000000       -0.0000000000000000       -0.0000000000000000     
   0.0000000000000000        0.0000000000000000        0.0000000000000000     
   0.0000000000000000        0.0000000000000000       -0.0000000000000000     
   0.0000000000000000       -0.0000000000000000        0.0000000000000000     
   0.0000000000000000        0.0000000000000000       -0.0000000000000000     
   0.0000000000000000       -0.0000000000000000        0.0000000000000000     
   0.0000000000000000       -0.0000000000000000       -0.0000000000000000     
   0.0000000000000000        0.0000000000000000       -0.0000000000000000     
  -0.0000000000000000        0.0000000000000000        0.0000000000000000     
  -0.0000000000000000        0.0000000000000000       -0.0000000000000000     
   0.0000000000000000        0.0000000000000000        0.0000000000000000     
   0.0000000000000000        0.0000000000000000        0.0000000000000000     
  -0.0000000000000000        0.0000000000000000       -0.0000000000000000     
  -0.0000000000000000        0.0000000000000000       -0.0000000000000000     
  -0.0000000000000000       -0.0000000000000000       -0.0000000000000000     
  -0.0000000000000000       -0.0000000000000000        0.0000000000000000     
   0.0000000000000000       -0.0000000000000000       -0.0000000000000000     
   0.0000000000000000        0.0000000000000000       -0.0000000000000000     
  -0.0000000000000000       -0.0000000000000000        0.0000000000000000     
  -0.0000000000000000       -0.0000000000000000        0.0000000000000000     
   0.0000000000000000       -0.0000000000000000        0.0000000000000000     
  -0.0000000000000000       -0.0000000000000000        0.0000000000000000     
  -0.0000000000000000        0.0000000000000000        0.0000000000000000     
                       NaN                       NaN                       NaN
  -0.0000000000000000       -0.0000000000000000        0.0000000000000000     
  -0.0000000000000000        0.0000000000000000       -0.0000000000000000     
   0.0000000000000000        0.0000000000000000        0.0000000000000000     
   0.0000000000000000        0.0000000000000000       -0.0000000000000000     
   0.0000000000000000       -0.0000000000000000        0.0000000000000000     
   0.0000000000000000       -0.0000000000000000        0.0000000000000000     
   0.0000000000000000        0.0000000000000000        0.0000000000000000     
  -0.0000000000000000       -0.0000000000000000        0.0000000000000000     
  -0.0000000000000000       -0.0000000000000000       -0.0000000000000000     
   0.0000000000000000       -0.0000000000000000        0.0000000000000000     
  -0.0000000000000000       -0.0000000000000000       -0.0000000000000000     
  -0.0000000000000000       -0.0000000000000000        0.0000000000000000     
   0.0000000000000000        0.0000000000000000        0.0000000000000000     
   0.0000000000000000       -0.0000000000000000       -0.0000000000000000     
   0.0000000000000000       -0.0000000000000000       -0.0000000000000000     
  -0.0000000000000000        0.0000000000000000        0.0000000000000000     
   0.0000000000000000        0.0000000000000000        0.0000000000000000     
   0.0000000000000000        0.0000000000000000        0.0000000000000000     
  -0.0000000000000000        0.0000000000000000       -0.0000000000000000     
  -0.0000000000000000       -0.0000000000000000        0.0000000000000000     
  -0.0000000000000000        0.0000000000000000        0.0000000000000000     
   0.0000000000000000        0.0000000000000000       -0.0000000000000000     
  -0.0000000000000000       -0.0000000000000000        0.0000000000000000     
   0.0000000000000000       -0.0000000000000000       -0.0000000000000000     
  -0.0000000000000000        0.0000000000000000       -0.0000000000000000     
  -0.0000000000000000        0.0000000000000000        0.0000000000000000     
   0.0000000000000000       -0.0000000000000000       -0.0000000000000000     
  -0.0000000000000000        0.0000000000000000        0.0000000000000000     
  -0.0000000000000000        0.0000000000000000        0.0000000000000000     
   0.0000000000000000       -0.0000000000000000       -0.0000000000000000     
   0.0000000000000000       -0.0000000000000000        0.0000000000000000     
  -0.0000000000000000        0.0000000000000000        0.0000000000000000     
  -0.0000000000000000       -0.0000000000000000       -0.0000000000000000     
  -0.0000000000000000        0.0000000000000000       -0.0000000000000000     
   0.0000000000000000       -0.0000000000000000       -0.0000000000000000     
  -0.0000000000000000       -0.0000000000000000       -0.0000000000000000     
  -0.0000000000000000        0.0000000000000000        0.0000000000000000     
   0.0000000000000000        0.0000000000000000        0.0000000000000000     
  -0.0000000000000000        0.0000000000000000        0.0000000000000000     
   0.0000000000000000        0.0000000000000000       -0.0000000000000000     
  -0.0000000000000000        0.0000000000000000        0.0000000000000000     
  -0.0000000000000000       -0.0000000000000000       -0.0000000000000000     
   0.0000000000000000       -0.0000000000000000        0.0000000000000000     
                       NaN                       NaN                       NaN
  -0.0000000000000000        0.0000000000000000        0.0000000000000000     
  -0.0000000000000000       -0.0000000000000000        0.0000000000000000     
   0.0000000000000000        0.0000000000000000       -0.0000000000000000     
   0.0000000000000000       -0.0000000000000000       -0.0000000000000000     
   0.0000000000000000        0.0000000000000000        0.0000000000000000     
  -0.0000000000000000       -0.0000000000000000        0.0000000000000000     
   0.0000000000000000       -0.0000000000000000       -0.0000000000000000     
  -0.0000000000000000        0.0000000000000000        0.0000000000000000     
   0.0000000000000000       -0.0000000000000000        0.0000000000000000     
   0.0000000000000000       -0.0000000000000000       -0.0000000000000000     
  -0.0000000000000000       -0.0000000000000000       -0.0000000000000000     
   0.0000000000000000       -0.0000000000000000        0.0000000000000000     
   0.0000000000000000       -0.0000000000000000       -0.0000000000000000     
   0.0000000000000000       -0.0000000000000000        0.0000000000000000     
  -0.0000000000000000        0.0000000000000000       -0.0000000000000000     
  -0.0000000000000000       -0.0000000000000000       -0.0000000000000000     
   0.0000000000000000       -0.0000000000000000       -0.0000000000000000     
  -0.0000000000000000        0.0000000000000000       -0.0000000000000000     
  -0.0000000000000000       -0.0000000000000000       -0.0000000000000000     
   0.0000000000000000       -0.0000000000000000        0.0000000000000000     
   0.0000000000000000        0.0000000000000000       -0.0000000000000000     
   0.0000000000000000       -0.0000000000000000       -0.0000000000000000     
  -0.0000000000000000       -0.0000000000000000       -0.0000000000000000     
   0.0000000000000000        0.0000000000000000        0.0000000000000000     
  -0.0000000000000000        0.0000000000000000        0.0000000000000000     
   0.0000000000000000       -0.0000000000000000        0.0000000000000000     
   0.0000000000000000       -0.0000000000000000       -0.0000000000000000     
  -0.0000000000000000        0.0000000000000000       -0.0000000000000000     
  -0.0000000000000000       -0.0000000000000000        0.0000000000000000     
   0.0000000000000000        0.0000000000000000       -0.0000000000000000     
  -0.0000000000000000       -0.0000000000000000        0.0000000000000000     
   0.0000000000000000        0.0000000000000000        0.0000000000000000     
  -0.0000000000000000        0.0000000000000000        0.0000000000000000     
  -0.0000000000000000        0.0000000000000000        0.0000000000000000     
  -0.0000000000000000        0.0000000000000000       -0.0000000000000000     
  -0.0000000000000000       -0.0000000000000000        0.0000000000000000     
  -0.0000000000000000        0.0000000000000000       -0.0000000000000000     
  -0.0000000000000000       -0.0000000000000000        0.0000000000000000     
  -0.0000000000000000       -0.0000000000000000       -0.0000000000000000     
   0.0000000000000000        0.0000000000000000       -0.0000000000000000     
   0.0000000000000000       -0.0000000000000000       -0.0000000000000000     
  -0.0000000000000000        0.0000000000000000        0.0000000000000000     
  -0.0000000000000000       -0.0000000000000000        0.0000000000000000     
   0.0000000000000000        0.0000000000000000       -0.0000000000000000     
  -0.0000000000000000       -0.0000000000000000       -0.0000000000000000     
  -0.0000000000000000       -0.0000000000000000        0.0000000000000000     
  -0.0000000000000000        0.0000000000000000       -0.0000000000000000     
   0.0000000000000000        0.0000000000000000       -0.0000000000000000     
   0.0000000000000000        0.0000000000000000        0.0000000000000000     
   0.0000000000000000        0.0000000000000000        0.0000000000000000     
  -0.0000000000000000       -0.0000000000000000       -0.0000000000000000     
   0.0000000000000000        0.0000000000000000        0.0000000000000000     
   0.0000000000000000       -0.0000000000000000        0.0000000000000000     
  -0.0000000000000000        0.0000000000000000       -0.0000000000000000     
  -0.0000000000000000        0.0000000000000000        0.0000000000000000     
  -0.0000000000000000        0.0000000000000000        0.0000000000000000     
  -0.0000000000000000        0.0000000000000000        0.0000000000000000     
  -0.0000000000000000        0.0000000000000000        0.0000000000000000     
   0.0000000000000000        0.0000000000000000       -0.0000000000000000     
                       NaN                       NaN                       NaN
   0.0000000000000000        0.0000000000000000        0.0000000000000000     
  -0.0000000000000000        0.0000000000000000        0.0000000000000000     
  -0.0000000000000000       -0.0000000000000000       -0.0000000000000000     
   0.0000000000000000        0.0000000000000000        0.0000000000000000     
  0.99010721479657982      -0.11993356348864843        7.2826118643477308E-002
   0.0000000000000000        0.0000000000000000        0.0000000000000000     
   0.0000000000000000       -0.0000000000000000        0.0000000000000000     
  -0.0000000000000000        0.0000000000000000        0.0000000000000000     
  -0.0000000000000000       -0.0000000000000000       -0.0000000000000000     
   0.0000000000000000        0.0000000000000000        0.0000000000000000     
                       NaN                       NaN                       NaN
   0.0000000000000000        0.0000000000000000       -0.0000000000000000     
  -0.0000000000000000        0.0000000000000000       -0.0000000000000000     
   0.0000000000000000       -0.0000000000000000       -0.0000000000000000     
  -0.0000000000000000       -0.0000000000000000        0.0000000000000000     
   0.0000000000000000        0.0000000000000000        0.0000000000000000     
  -0.0000000000000000       -0.0000000000000000        0.0000000000000000     
  -0.0000000000000000       -0.0000000000000000        0.0000000000000000     
  -0.0000000000000000       -0.0000000000000000        0.0000000000000000     
  -0.0000000000000000       -0.0000000000000000       -0.0000000000000000     
   0.0000000000000000       -0.0000000000000000        0.0000000000000000     
  -0.0000000000000000       -0.0000000000000000        0.0000000000000000     
   0.0000000000000000        0.0000000000000000        0.0000000000000000     
  -0.0000000000000000        0.0000000000000000        0.0000000000000000     
   0.0000000000000000       -0.0000000000000000        0.0000000000000000     
  -0.0000000000000000        0.0000000000000000       -0.0000000000000000     
   0.0000000000000000        0.0000000000000000        0.0000000000000000     
   0.0000000000000000        0.0000000000000000        0.0000000000000000     
  -0.0000000000000000        0.0000000000000000       -0.0000000000000000     
   0.0000000000000000       -0.0000000000000000       -0.0000000000000000     
  -0.0000000000000000        0.0000000000000000        0.0000000000000000     
   0.0000000000000000       -0.0000000000000000        0.0000000000000000     
  -0.0000000000000000       -0.0000000000000000        0.0000000000000000     
  -0.0000000000000000       -0.0000000000000000        0.0000000000000000     
   0.0000000000000000        0.0000000000000000        0.0000000000000000     
   0.0000000000000000       -0.0000000000000000        0.0000000000000000     
   0.0000000000000000        0.0000000000000000       -0.0000000000000000     
  0.30423991712227627      -0.65893456127026839       0.68792682517328074     
   0.0000000000000000       -0.0000000000000000       -0.0000000000000000     
   0.0000000000000000        0.0000000000000000        0.0000000000000000     
   0.0000000000000000        0.0000000000000000        0.0000000000000000     
  -0.0000000000000000       -0.0000000000000000        0.0000000000000000     
  -0.0000000000000000        0.0000000000000000        0.0000000000000000     
  -0.0000000000000000        0.0000000000000000        0.0000000000000000     
   0.0000000000000000       -0.0000000000000000        0.0000000000000000     
  -0.0000000000000000        0.0000000000000000        0.0000000000000000     
   0.0000000000000000        0.0000000000000000        0.0000000000000000     
   0.0000000000000000       -0.0000000000000000       -0.0000000000000000     
   0.0000000000000000       -0.0000000000000000       -0.0000000000000000     
  -0.0000000000000000       -0.0000000000000000        0.0000000000000000     
  -0.0000000000000000       -0.0000000000000000       -0.0000000000000000     
  -0.0000000000000000        0.0000000000000000       -0.0000000000000000     
  -0.0000000000000000        0.0000000000000000       -0.0000000000000000     
   0.0000000000000000       -0.0000000000000000        0.0000000000000000     
  -0.0000000000000000        0.0000000000000000        0.0000000000000000     
  -0.0000000000000000        0.0000000000000000        0.0000000000000000     
  -0.0000000000000000        0.0000000000000000        0.0000000000000000     
   0.0000000000000000        0.0000000000000000        0.0000000000000000     
  -0.0000000000000000       -0.0000000000000000        0.0000000000000000     
  -0.0000000000000000        0.0000000000000000        0.0000000000000000     
   0.0000000000000000        0.0000000000000000       -0.0000000000000000     
  -0.0000000000000000       -0.0000000000000000        0.0000000000000000     
  -0.0000000000000000       -0.0000000000000000        0.0000000000000000     
  -0.0000000000000000        0.0000000000000000       -0.0000000000000000     
  -0.0000000000000000       -0.0000000000000000        0.0000000000000000     
  -0.0000000000000000       -0.0000000000000000       -0.0000000000000000     
   0.0000000000000000       -0.0000000000000000        0.0000000000000000     
  -0.0000000000000000        0.0000000000000000       -0.0000000000000000     
  -0.0000000000000000       -0.0000000000000000       -0.0000000000000000     
   0.0000000000000000        0.0000000000000000        0.0000000000000000     
  -0.0000000000000000       -0.0000000000000000       -0.0000000000000000     
   0.0000000000000000       -0.0000000000000000        0.0000000000000000     
   0.0000000000000000        0.0000000000000000       -0.0000000000000000     
   0.0000000000000000       -0.0000000000000000       -0.0000000000000000     
   0.0000000000000000       -0.0000000000000000        0.0000000000000000     
   0.0000000000000000        0.0000000000000000       -0.0000000000000000     
  -0.0000000000000000        0.0000000000000000       -0.0000000000000000     
   0.0000000000000000       -0.0000000000000000        0.0000000000000000     
  -0.0000000000000000        0.0000000000000000       -0.0000000000000000     
  -0.0000000000000000        0.0000000000000000       -0.0000000000000000     
   0.0000000000000000        0.0000000000000000       -0.0000000000000000     
   0.0000000000000000        0.0000000000000000       -0.0000000000000000     
   0.0000000000000000       -0.0000000000000000        0.0000000000000000     
   0.0000000000000000       -0.0000000000000000       -0.0000000000000000     
  -0.0000000000000000        0.0000000000000000        0.0000000000000000     
   0.0000000000000000        0.0000000000000000        0.0000000000000000     
  -0.0000000000000000        0.0000000000000000        0.0000000000000000     
   0.0000000000000000        0.0000000000000000       -0.0000000000000000     
  -0.0000000000000000       -0.0000000000000000        0.0000000000000000     
   0.0000000000000000        0.0000000000000000        0.0000000000000000     
  -0.0000000000000000        0.0000000000000000        0.0000000000000000     
   0.0000000000000000       -0.0000000000000000       -0.0000000000000000     
  -0.0000000000000000       -0.0000000000000000        0.0000000000000000     
   0.0000000000000000        0.0000000000000000       -0.0000000000000000     
   0.0000000000000000       -0.0000000000000000        0.0000000000000000     
  -0.0000000000000000        0.0000000000000000       -0.0000000000000000     
   0.0000000000000000        0.0000000000000000        0.0000000000000000     
   0.0000000000000000        0.0000000000000000        0.0000000000000000     
  -0.0000000000000000       -0.0000000000000000       -0.0000000000000000     
  -0.0000000000000000       -0.0000000000000000        0.0000000000000000     
   0.0000000000000000        0.0000000000000000       -0.0000000000000000     
   0.0000000000000000        0.0000000000000000       -0.0000000000000000     
  -0.0000000000000000       -0.0000000000000000       -0.0000000000000000     
   0.0000000000000000       -0.0000000000000000       -0.0000000000000000     
   0.0000000000000000       -0.0000000000000000        0.0000000000000000     
   0.0000000000000000        0.0000000000000000        0.0000000000000000     
  -0.0000000000000000       -0.0000000000000000       -0.0000000000000000     
   0.0000000000000000       -0.0000000000000000        0.0000000000000000     
   0.0000000000000000        0.0000000000000000       -0.0000000000000000     
   0.0000000000000000       -0.0000000000000000       -0.0000000000000000     
