  -7.0112738294934224E-002  0.85625937828439302      -0.51176565049718903     
  -7.7170108168356066E-002  0.85763092512606254      -0.50844269163072675     
  -6.2435077766495192E-002  0.86087316472179765      -0.50497450958060108     
  -6.0766534692547162E-002  0.86420335208809995      -0.49945970257984867     
  -6.6229793101612353E-002  0.86806279487126736      -0.49201686827384433     
  -4.6790068658558948E-002  0.86971517410324173      -0.49133105479859035     
  -4.2822226451919354E-002  0.86147357379576028      -0.50599361515068708     
  -3.2740771031507146E-002  0.87019581117980849      -0.49161701772556388     
  -3.8901010741305905E-002  0.86300686498532220      -0.50369222979068384     
  -5.3886042606722397E-002  0.86933319159051481      -0.49128005904090549     
  -5.7332913179303398E-002  0.87248629029243241      -0.48526344424253059     
  -4.8485649404450368E-002  0.86974230737292479      -0.49111858096334510     
  -3.9025155206380321E-002  0.87350063881769702      -0.48525629439110973     
  -4.0281414487393211E-002  0.86264686773598920      -0.50420014798905144     
  -3.7935598025135547E-002  0.87260185847155392      -0.48695676090846690     
  -2.4739366733299250E-002  0.86589198725474026      -0.49961888489294715     
  -1.9904696340677170E-002  0.86677381421491084      -0.49830408191677567     
  -2.2531712599824588E-002  0.86310951530198432      -0.50451391112881372     
  -2.4668763555479287E-002  0.85706902725261169      -0.51461066315118842     
  -1.6170891725696843E-002  0.85378089822286196      -0.52038128337840717     
  -3.3387288946545093E-002  0.85535670172061484      -0.51696247616092061     
  -4.2079160446522941E-002  0.85734697760536860      -0.51301608575858093     
  -4.3663637623628092E-002  0.85990675298288122      -0.50858024236487109     
  -5.0060051320797487E-002  0.85526802566362403      -0.51576215016149207     
  -4.5656880493234284E-002  0.85774903223697851      -0.51203715388646631     
  -4.2618267554668826E-002  0.85746222513354065      -0.51277891506932527     
  -1.9993163632407843E-002  0.86698153948426149      -0.49793903602897793     
  -3.4524651394603777E-002  0.86272448348717012      -0.50449431516903764     
  -1.8394235002926362E-002  0.86679228995494584      -0.49832998925743660     
  -2.9801190476210736E-002  0.86472697963231659      -0.50135729748570546     
  -1.6520575047072144E-002  0.86324829069439568      -0.50450912698713224     
  -8.6138144450678793E-003  0.86563676316362848      -0.50059843833186501     
   9.2540908305414737E-003  0.87210977994056615      -0.48922274429437279     
   6.3856006592394503E-003  0.87273595291228379      -0.48815077650097904     
   1.7344175384528468E-002  0.87916870853550599      -0.47619487766274798     
   2.8665082900094438E-002  0.88007063409411557      -0.47397678427061440     
   2.2648693809067671E-002  0.87787703006036522      -0.47835024486367300     
   2.1135905286142738E-002  0.88057165240442248      -0.47344148370150291     
   2.1782392845301216E-002  0.87516382169552243      -0.48333612792467828     
   3.0327259400974631E-002  0.87888499111827334      -0.47606872374086651     
   1.8883248794419525E-002  0.88242545767923153      -0.47007311617935055     
   3.7113267194154496E-002  0.88320053073732707      -0.46752478854439267     
   4.4270927195538649E-002  0.88084942207368622      -0.47132195009112421     
   5.6406108289446671E-002  0.87887874287469236      -0.47369875054789762     
   6.8573228707583825E-002  0.88645905180094509      -0.45769865827287032     
   7.0901327186251140E-002  0.88127722900290850      -0.46725094696980779     
   7.2436950488783777E-002  0.88576324503894721      -0.45844995576611991     
   7.8560526940178746E-002  0.88428465377241450      -0.46029218406299555     
   9.7180484559908478E-002  0.88143306741432859      -0.46220309506673468     
  0.11958175651778996       0.88063824357289477      -0.45845009266545761     
  0.13230122785060178       0.88826592933261772      -0.43986364238941633     
  0.14448958618817662       0.88502318636336641      -0.44255702353753645     
  0.15596968637165767       0.88668489642161175      -0.43527388089675478     
  0.17102307216866400       0.88254441405353456      -0.43802564537809191     
  0.19021473751931872       0.88293825479057120      -0.42922999878600898     
  0.21485774064195390       0.87629134067670600      -0.43121878152656590     
  0.21667047004886275       0.87721796257136109      -0.42841866620276164     
  0.24738397933903436       0.87133794414959009      -0.42375860327732623     
  0.25736180385622637       0.87202252096660615      -0.41634315755505630     
  0.26713711241104338       0.87346523859144898      -0.40705803043923938     
  0.26925964756234477       0.87030421717166240      -0.41239521307578464     
  0.25463843584040990       0.87275849659931926      -0.41647553782478669     
  0.26456500683850098       0.87363569281440945      -0.40836997122368057     
  0.28006165938454458       0.87273931668724825      -0.39986441708540377     
  0.27646834227093664       0.88325425285105663      -0.37871781122952164     
  0.28886833450453064       0.88115638798710083      -0.37432406445498911     
  0.29174777831574061       0.87968670531198279      -0.37554564881672697     
  0.30287471148368839       0.87490521499090212      -0.37789915840789562     
  0.30643174438994891       0.87938112695028747      -0.36440145388537531     
  0.32355560714181536       0.88225262906367830      -0.34196793358050243     
  0.33393432931283329       0.88278495492790920      -0.33042183199558317     
  0.34692961950011686       0.88736310803284901      -0.30368825070421568     
  0.35132286823127717       0.88189610245302952      -0.31437478705504374     
  0.37148259860107613       0.87672010968470238      -0.30555282392907945     
  0.38599250349554887       0.87435780049989043      -0.29412280419959425     
  0.38823846949440033       0.87619324795540654      -0.28558060690809856     
  0.38422491703845035       0.87571762119023311      -0.29238649261502159     
  0.40482695038777883       0.87263328370018711      -0.27317813312627998     
  0.42638361853537565       0.86288947065881605      -0.27132779303054760     
  0.43322854680967154       0.85980871493778166      -0.27026283493336739     
  0.44548485864441462       0.85812832852130416      -0.25526263437447827     
  0.44983901939898108       0.85917608030314652      -0.24384691849823370     
  0.46525424388874553       0.85241874646816085      -0.23858073940106933     
  0.45784708694078746       0.85888245359174442      -0.22955821895994122     
  0.46882625736926320       0.85677294957314643      -0.21480701404018337     
  0.47573917693871093       0.85855542846468424      -0.19119312691490781     
  0.48810519985950818       0.85310350466794527      -0.18430334829671163     
  0.49178079082331161       0.84891418578189615      -0.19363976594557530     
  0.51029741465944989       0.83966632639783700      -0.18589515568040679     
  0.52327625050115356       0.83340966407943873      -0.17779284991374333     
  0.53351894923458298       0.82794880587805997      -0.17279556028070053     
  0.54972587684416241       0.81855342495518890      -0.16664858481861333     
  0.55906982909245495       0.81354648514529349      -0.15994699967886458     
  0.56695530606670841       0.81162096813514906      -0.14082998617541836     
  0.56588744202918828       0.81383478396868303      -0.13207705083135771     
  0.57430844170261008       0.80842318589523998      -0.12892542920661457     
  0.57565616436666767       0.80840116147554641      -0.12291274365029493     
  0.57905187051979135       0.80816509402911563      -0.10755515813033842     
  0.58647736386723692       0.80490296891354995       -9.0418539611573201E-002
  0.60580914213859582       0.79149794171620858       -8.0785466269013978E-002
  0.61717164896802512       0.78204141785409509       -8.6662428253792029E-002
  0.61499992169794915       0.78516142283622903       -7.2777993935695715E-002
  0.62948664926468278       0.77482341914678254       -5.8268581063998820E-002
  0.63792940594432401       0.76875507553131173       -4.5406022468051192E-002
  0.63465468749323128       0.77208451810137690       -3.3150030935641436E-002
  0.64427860915794544       0.76432037127195862       -2.6822450301921454E-002
  0.65603035249934094       0.75445490909889212       -2.0541828939343448E-002
  0.66727446859200479       0.74466742455511847       -1.4670050160269404E-002
  0.67956538045208281       0.73354492229058799       -1.0136107374669124E-002
  0.68727934463684637       0.72639112449960153       -1.7426083184290289E-003
  0.70739212724885836       0.70675102700570869       -9.9681559333187793E-003
  0.71033777204813631       0.70379268582993748       -9.8033144381266171E-003
  0.71329087973403349       0.70078392005037182        1.0863622189800165E-002
  0.71235439411744783       0.70167543562885293        1.4240794100867329E-002
  0.72607749981685776       0.68745908471928641        1.4542045819660419E-002
  0.72476035442271569       0.68871794183758006        1.9749056890572231E-002
  0.73225855800270301       0.68070669501193648        2.0875813702189275E-002
  0.73342102757890149       0.67891508448769466        3.4174615728246704E-002
  0.75489482981753964       0.65544486670377278        2.2930822628527050E-002
  0.77138090351485333       0.63622705730159856        1.3661378040170924E-002
  0.78048228872477454       0.62477490518122902        2.2443592464741327E-002
  0.79582604945759028       0.60514614575314474        2.1425248769585792E-002
  0.79774600130325424       0.60238137882754017        2.7166005346755923E-002
  0.81358936321057629       0.57997128694759603        4.1299568847121174E-002
  0.82159488827612615       0.56758074357367483        5.3234754464488228E-002
  0.81249887900492657       0.58067812779282801        5.1560484081843230E-002
  0.81995323537803788       0.57060976593773893        4.5620026409092518E-002
  0.82708681759384084       0.56113975957453777        3.2397012009178841E-002
  0.83419488706943223       0.54889006767057524        5.3278363336424897E-002
  0.84052636482104293       0.53875253556383795        5.7106352223361516E-002
  0.84974312862549795       0.52513760251305208        4.6552269338821665E-002
  0.85514612555106728       0.51524373813103364        5.6999949752232382E-002
  0.85928980934608234       0.50686754327436889        6.8602602931514087E-002
  0.85839735807504214       0.51033444102844139        5.2083912583217498E-002
  0.86427181226007155       0.49867562755840694        6.6006461895185400E-002
  0.86819510090927510       0.49132700796112455        6.9534437547893291E-002
  0.87292058629306268       0.48026925517853902        8.5738512676778539E-002
  0.88677726691430137       0.45441244982110929        8.4471322539547422E-002
  0.88723855044220823       0.44886521077469549       0.10643203073040232     
  0.89292596787379974       0.43527362376745010       0.11497864301247124     
  0.89556511119746829       0.42592216187479337       0.12866018665371001     
  0.89345141413150264       0.42840129389392145       0.13497000398766848     
  0.89820921815441157       0.41375356852297895       0.14841895080124098     
  0.89936557189678490       0.40809591814467988       0.15684160698111660     
  0.90315877789569787       0.40012400749765187       0.15557956335575879     
  0.90011039226874134       0.40084149792055823       0.17066744058142874     
  0.90287453512073235       0.38993099310279056       0.18102871166859824     
  0.90752069348536113       0.37699785278737818       0.18514537501529857     
  0.90972971877220254       0.36704200409374527       0.19409277681947951     
  0.91684752456629381       0.35438338958017557       0.18385600312832978     
  0.92135981377027243       0.33308943250651957       0.20036846938002370     
  0.92377539965935596       0.32607488638642484       0.20078391233432472     
  0.91916133453867266       0.33059089926804597       0.21413103093720665     
  0.92108696576321059       0.31822186043229383       0.22435161921441860     
  0.92371888772340749       0.30649823406689569       0.22978739951726027     
  0.92417616352608034       0.29480257781218661       0.24287827997888986     
  0.93230211754330439       0.28002573463917696       0.22890685783536338     
  0.92991295243936944       0.28653985869366577       0.23055760725967991     
  0.92608725594596519       0.28527953392075439       0.24693720234187022     
  0.92632386008429579       0.26598148299919377       0.26679197315526482     
  0.92559519037198945       0.25207353355808654       0.28236939855405807     
  0.92920988708527974       0.24530343963426862       0.27639683110802610     
  0.93026169646926204       0.23240699497493175       0.28390168151818634     
  0.92890804165622920       0.23239264805304946       0.28831147614564612     
  0.93042336105330370       0.21766645721239533       0.29484518414055494     
  0.93177125545663952       0.21194188710470471       0.29475916269940433     
  0.93648202675015935       0.19468530770702208       0.29171740526909928     
  0.93047250884818178       0.19862295640588676       0.30784709104741520     
  0.92961209351334384       0.19502510706919826       0.31270843162023332     
  0.93807107181707139       0.18286167527363564       0.29425205510937724     
  0.93537252395711346       0.16969473772805366       0.31029330868310112     
  0.93047057520928633       0.16524415085849870       0.32698452452181032     
  0.93134251648042587       0.16134355079691834       0.32644965249200297     
  0.93053353680205564       0.16364673437166935       0.32760812446602250     
  0.93847454529770358       0.14907050762577961       0.31151807585509506     
  0.93533288252618219       0.14943181698877531       0.32065952494303640     
  0.93320691197457029       0.14411012635034595       0.32917644345574709     
  0.93524546663767050       0.13943527991041149       0.32538242092957498     
  0.93500407437087585       0.12018713180554760       0.33365016747818083     
  0.93618136472359059       0.11634590757893294       0.33170481174367977     
  0.93205073306812558       0.10341300049471903       0.34725665193894895     
  0.92510725672608729        9.7483449854341903E-002  0.36697893748446792     
  0.92639782550142102        9.8967325451601612E-002  0.36330777228019023     
  0.92702053820541430       0.10305903969580968       0.36057142993077218     
  0.92294761298052064       0.10662210957149337       0.36986406887407053     
  0.92242460797297832        9.6563423217775335E-002  0.37390954508057411     
  0.92163635252281639       0.11127053416993082       0.37175973683815805     
  0.91420362411156497       0.10131816323592632       0.39238547814588914     
  0.91268227939748114       0.11256611312724787       0.39286120583386902     
  0.91097635735310378       0.11453312044503525       0.39623760632326804     
  0.91424639383406880       0.11520308567125014       0.38843504014599717     
  0.91459123674722265       0.10559251658207343       0.39034995850781173     
  0.90866210461328689        8.5680919618649126E-002  0.40864649717457957     
  0.90989058119562660        8.6663761055989275E-002  0.40569511060784885     
  0.91362924722394723        7.7374917879691377E-002  0.39911742720672450     
  0.91642677803107808        6.0852830459629005E-002  0.39554885100658338     
  0.91232938226477989        5.4325019122875955E-002  0.40583727102579387     
  0.91295536176533532        4.4973273037540451E-002  0.40557355946389900     
  0.91439406199859741        3.5786349866327484E-002  0.40324042027672430     
  0.91244070242771325        2.4464484164878973E-002  0.40847699270309878     
  0.91288532695258073        2.4859883296183913E-002  0.40745842246440345     
  0.90535355171325904        3.9856103835035898E-002  0.42278414987707164     
  0.90876018129457559        3.0646996918251946E-002  0.41619189621296410     
  0.90832520571620490        3.7669692044440914E-002  0.41656489885957870     
  0.91412137369029101        2.4670134733939260E-002  0.40468938534978111     
  0.91279756208156604        3.2213652362656997E-002  0.40713989151077729     
  0.91145222471172394        4.0152743129343735E-002  0.40944181428774290     
  0.91150930565538013        3.5580685137903474E-002  0.40973747759847906     
  0.91372443018098060        2.9819897897863830E-002  0.40523874368056539     
  0.91058633997363858        2.9210186049126702E-002  0.41228543811828738     
  0.91015072839733202        2.4154916544895523E-002  0.41357247442801975     
  0.91588082079415900        2.9998084899849804E-002  0.40032791184697492     
  0.92132579166285999        1.3579301868858425E-002  0.38855422810407997     
  0.92295286110251651        1.5083375051865959E-003  0.38491004286800473     
  0.92306660193122103        8.8892218457282783E-003  0.38453742358075671     
  0.92699642128259285        7.2859069893037405E-003  0.37499940065099946     
  0.92605650997087985        2.0098137816909382E-002  0.37684931364783608     
  0.92497375212459354        3.9172148888900775E-003  0.38001080683062843     
  0.92778899037201590       -5.5195646666878258E-003  0.37306450347140468     
  0.93015393348655651       -2.2941618758976077E-002  0.36645237364247513     
  0.92753260163015250       -7.4728557020423006E-003  0.37366753851633483     
  0.92354209224371508       -5.5865683041525192E-003  0.38345637836484664     
  0.92162247306972567       -1.9996978622795264E-003  0.38808248909388021     
  0.92775709570900911       -2.6721390632090999E-003  0.37317506754124308     
  0.92444940329802061       -7.8575452782890694E-003  0.38122376594873153     
  0.92516497831159550       -8.5116821976688878E-003  0.37946978031441547     
  0.92357538311705545       -1.5636318868893911E-002  0.38309792120607356     
  0.91958288481519657       -1.9359313290121454E-002  0.39241882592951094     
  0.92185158301525427       -2.3945881936105168E-002  0.38680260292631458     
  0.91634326003916278       -2.8434953359811280E-002  0.39938262757439141     
  0.91595743534853746       -3.4177963369532341E-002  0.39981726257084144     
  0.90999496511208255       -4.3805229272217409E-002  0.41229875740665067     
  0.90933720682905783       -4.8219595967687719E-002  0.41325623388043420     
  0.90044544126886383       -6.3363772760147180E-002  0.43032898995968366     
  0.90046169919286390       -8.6780143558252698E-002  0.42619002213884483     
  0.90190548360737155       -8.4438287651338803E-002  0.42359966267392568     
  0.90015622305303411       -8.5822418900317471E-002  0.42702843759285175     
  0.89817195357929913       -8.7682120124176810E-002  0.43081200959823962     
  0.89942776469209051       -9.9898712380461691E-002  0.42549963967753829     
  0.89918359421002125       -9.5512801121518193E-002  0.42702010342075081     
  0.89569292782832344      -0.10667136280022183       0.43168900773203522     
  0.89204890661938929      -0.10983561328600698       0.43838896684706685     
  0.89892104159165154      -0.10695559020372640       0.42485463715011140     
  0.90268235416569731       -9.0785520711537684E-002  0.42062163128756114     
  0.90309220922845446       -9.2138417946957069E-002  0.41944603177178902     
  0.90767591597848640      -0.10601558271055893       0.40606049767880087     
  0.90450835515459660       -9.9459443430458427E-002  0.41469561676973299     
  0.90274445569188611       -9.7947478394491194E-002  0.41887795262310096     
  0.89761243358144738      -0.10367758501977992       0.42841904421309035     
  0.89275638765839760       -9.3826253306126914E-002  0.44066162356808786     
  0.89299480127775011       -9.4955021785044585E-002  0.43993616437963701     
