  -9.9697195926263901E-002  0.97144148554306087      -0.21531815829216822     
 -0.10361121113220330       0.97228825667282559      -0.20957161750541389     
  -9.7978524956217214E-002  0.97127469009544731      -0.21685406389412409     
 -0.10212402514581714       0.96819902338332564      -0.22838856058829010     
 -0.11870792571862787       0.96589357078909588      -0.23012613558627062     
 -0.11900312819614096       0.96435990668830118      -0.23632229232906479     
 -0.11993289037237724       0.96466651225052502      -0.23459459062249371     
 -0.11405346286928193       0.96729893795679622      -0.22654927109831868     
 -0.12617843487831421       0.96693594546025530      -0.22161651551394168     
 -0.12366005420101164       0.96661001967432769      -0.22443988250798602     
 -0.13084294000350830       0.96282094076914804      -0.23633865758197706     
 -0.13480047456476177       0.96375107992711961      -0.23024484358270800     
 -0.14713035959848042       0.96260334454493968      -0.22748067688337423     
 -0.14679456782904413       0.96036675431465757      -0.23695369181132106     
 -0.13507118988763064       0.96373232265409026      -0.23016468872112536     
 -0.13478251599063187       0.96336544994381390      -0.23186350130580693     
 -0.12968706669893487       0.96598485583966187      -0.22372868170946289     
 -0.12809847630170146       0.96543238907720874      -0.22700458693571920     
 -0.12441776154142972       0.96602010367541591      -0.22655105364566000     
 -0.11407937634762255       0.96871191176182647      -0.22041580683536602     
 -0.12877194796985608       0.96859440166834088      -0.21270324509230623     
 -0.11612144721549687       0.96988174281987849      -0.21411495613630979     
  -9.1051597020740657E-002  0.97162983766248434      -0.21827749596315849     
  -8.0540684339109797E-002  0.97052822438471420      -0.22713027944076900     
  -6.9130871625122575E-002  0.97127412576753691      -0.22770045059871502     
  -7.1570923466352465E-002  0.96920415863372267      -0.23562873721443978     
  -6.4318790731281994E-002  0.96660152109680564      -0.24808182636422149     
  -6.6824770190976768E-002  0.96629083859441567      -0.24862917233788964     
  -6.2486142218418840E-002  0.97143439827587941      -0.22893381549487096     
  -5.6553532965576879E-002  0.96850152569124137      -0.24250050029401868     
  -6.1674838332607944E-002  0.96661727903499528      -0.24869107379966141     
  -5.5801476183778148E-002  0.96712209395489201      -0.24811499479075563     
  -4.0553706622380385E-002  0.96719690655659796      -0.25076989617283468     
  -3.8345269768164179E-002  0.96865413313220472      -0.24543596038947482     
  -3.5881752790059028E-002  0.96983539381479167      -0.24110538924051622     
  -2.6932307539792179E-002  0.97231625427607027      -0.23211150872185460     
  -1.3273609957684273E-002  0.97497087359909596      -0.22193604239083561     
  -7.6220304091144690E-003  0.97424672352863317      -0.22535577726378692     
   5.6385830194962284E-003  0.97113691279489522      -0.23845608188664810     
   1.7201445744561478E-002  0.97109155010358805      -0.23808677321873103     
   3.3376447431041914E-002  0.97579674382249948      -0.21611739287315593     
   4.1852660395774947E-002  0.97664293841826944      -0.21075323403336921     
   5.0027025013439787E-002  0.98038549806889563      -0.19063465567547705     
   6.6073644411166130E-002  0.97973520431663308      -0.18908517376270198     
   5.5740623945577050E-002  0.98253630640614742      -0.17752574302315280     
   6.5823611256485864E-002  0.98411679298797650      -0.16486779540048041     
   8.0042634694792447E-002  0.98310126610984805      -0.16463619651926187     
   9.0876324789583657E-002  0.98474376470308578      -0.14839545636956583     
   9.7826863289067423E-002  0.98445297853853464      -0.14588433043212568     
  0.11915561709241691       0.98088632431460132      -0.15383093865642325     
  0.13279325229963446       0.97816649923600618      -0.15986322878029793     
  0.13472211823012453       0.97877026159949165      -0.15446270057218012     
  0.13620994783730500       0.97943862907990953      -0.14881808349870043     
  0.15874789903885184       0.97715480965682466      -0.14130669663991974     
  0.16550597200228620       0.97686937963135867      -0.13540305893968521     
  0.16675896121897363       0.97643039377229701      -0.13702238857517843     
  0.17928275940976396       0.97551162658478918      -0.12741569203328013     
  0.19833783074513145       0.97182467220098379      -0.12735348992770448     
  0.20479160189811940       0.97160370242488203      -0.11851854380755621     
  0.21770484413998134       0.96901080836920805      -0.11671612614219512     
  0.19960442450825874       0.97199554550380540      -0.12402714717950536     
  0.21911568125019609       0.96653680698357114      -0.13339759734067672     
  0.21003896856459306       0.96914657244065150      -0.12899051442202550     
  0.21768657728241714       0.96840756181694165      -0.12165257205186475     
  0.22627917600111741       0.96688265923665229      -0.11804938701964997     
  0.23293289840572809       0.96362787047369158      -0.13100989308691671     
  0.24246498656868859       0.96220579145193696      -0.12397880941756795     
  0.25326975033881233       0.95703099787809454      -0.14123067182370219     
  0.25598828606196344       0.95567620293172495      -0.14544068395417831     
  0.27456383552278923       0.95034388618619670      -0.14649641023428772     
  0.27897744169166905       0.95043443985365617      -0.13728059792716296     
  0.29153639382766938       0.94792080013436775      -0.12826803088290517     
  0.29988100712044330       0.94655449864205987      -0.11876852558193708     
  0.31200220532192630       0.93950467931307735      -0.14137036967867847     
  0.32529583022420433       0.93601644756797320      -0.13437199381186959     
  0.31708878080179098       0.93929088595155863      -0.13110048305772909     
  0.32056488305675873       0.93648205631066772      -0.14226564574397527     
  0.33872408169885909       0.93192047165211600      -0.12957712372545868     
  0.33837970539882573       0.93454286413333332      -0.11013087701307576     
  0.34964605396335902       0.92977191844260110      -0.11520337071204245     
  0.35607766201831503       0.92597863769011235      -0.12558766322029569     
  0.34997320294104012       0.92776781402011277      -0.12948220144688194     
  0.36752381756610553       0.92025420754766973      -0.13438168406612436     
  0.38927429504381517       0.91073237253158190      -0.13795676439065252     
  0.40745755449016369       0.90453986914102646      -0.12564221592772942     
  0.41716764003361351       0.90034957000081217      -0.12386206807630164     
  0.42654095531931663       0.89601571656727019      -0.12336388896158379     
  0.45016130542758653       0.88478114489509785      -0.12048703139280688     
  0.45232167206853835       0.88538608652872464      -0.10722211879305257     
  0.45692637396029934       0.88363369070324427      -0.10202837562980528     
  0.46810506943494684       0.87910038615639274       -8.9778366152349423E-002
  0.47495093435655827       0.87723706425591508       -6.9833681339997969E-002
  0.48669163785288971       0.87104815764181043       -6.6380394039807875E-002
  0.49240586827849436       0.86835070077394372       -5.9190551191079015E-002
  0.50932788022593378       0.85931532319081871       -4.6500384450192923E-002
  0.52986248312407558       0.84593446819602103       -6.0337587750116772E-002
  0.53297649023128246       0.84370032314032861       -6.4076716470563191E-002
  0.55092581320157363       0.83300277325763505       -5.0863819098391001E-002
  0.56625395072947715       0.82270129009632265       -5.0190144023554685E-002
  0.58836637720930851       0.80715991522176145       -4.8144339530138650E-002
  0.59869469087163985       0.80021699178854833       -3.4891735052826812E-002
  0.60072501574171322       0.79818940973521890       -4.4979124587540935E-002
  0.60833953630099880       0.79256546390102056       -4.1988022154479554E-002
  0.61349586908039988       0.78849989745782678       -4.3482529023525868E-002
  0.61743695662661091       0.78490693925455512       -5.1891244942811998E-002
  0.63193223951197797       0.77353392116398278       -4.8030380740198442E-002
  0.63651226869684085       0.76991094549454286       -4.5708509121368056E-002
  0.64413395432981524       0.76390756418906147       -3.9200538952563702E-002
  0.66780354393349073       0.74335903618981569       -3.8154554443982185E-002
  0.67770076855491723       0.73476099927836569       -2.9119447788928651E-002
  0.67820834904086003       0.73372045771117289       -4.1081933101760025E-002
  0.68753591960524052       0.72382152573007286       -5.8109879903206846E-002
  0.68873262633814303       0.72298475418603159       -5.4225590194366388E-002
  0.70845061186147340       0.70451392112068456       -4.1926906638355729E-002
  0.71444230000251341       0.69837181816722038       -4.3000041359616367E-002
  0.71318201271151138       0.70011546410077696       -3.4781513361419707E-002
  0.72453922784639346       0.68779368503922600       -4.4528127424287779E-002
  0.73409598826872546       0.67780211775610688       -4.1077599407706583E-002
  0.74132531450967420       0.66981642579224054       -4.2222432497899837E-002
  0.74639356632678266       0.66522743338365653       -1.9212132098723984E-002
  0.75960168286212471       0.65033108178204413       -8.6468179826255948E-003
  0.76989063163779481       0.63816974656150482       -2.7910374383127707E-003
  0.79191557249912148       0.61063008784285422       -7.8857746425386403E-004
  0.80600484378855075       0.59188683379752061        5.1154439240584555E-003
  0.81601063898521975       0.57803413793171632       -1.7811368478963558E-003
  0.82161781671942891       0.56992295970764761       -1.1488396201122663E-002
  0.83009926788699273       0.55758390358863019       -5.9494463897259361E-003
  0.83409412372771763       0.55162135902076737       -9.3222045282500025E-004
  0.83826503934838259       0.54525834643485738        2.2493219821427090E-003
  0.84762055310984297       0.53056571438801337       -6.2785875562032965E-003
  0.85212463011563433       0.52327395346125816        8.2452640537951649E-003
  0.85497048628186989       0.51848106117130710        1.4242780403352842E-002
  0.85847432109226574       0.51258629794353183        1.6647137463170376E-002
  0.86896617696948175       0.49366938785071390        3.4471999973084234E-002
  0.86731895131969461       0.49664978110196301        3.3118448228706264E-002
  0.87806123969375194       0.47773389489274409        2.7906719944837077E-002
  0.88429462087697097       0.46643156029492755        2.1555116536268466E-002
  0.88894006329524899       0.45664892683019892        3.5458729439530517E-002
  0.88874345243049047       0.45670913230342775        3.9393454184448104E-002
  0.89458133446485644       0.44374070847286218        5.3088790446551758E-002
  0.89993583674176136       0.43212758289224718        5.8148446682691021E-002
  0.89838745238934448       0.43642764276283891        4.9304137979029647E-002
  0.90423937903142060       0.42577316030895940        3.2685797671015891E-002
  0.90706225832668241       0.41762591373496250        5.3166302263151020E-002
  0.90897282982718230       0.41257378754087365        5.9592486692047607E-002
  0.90632010886774983       0.41760582884378394        6.4724276571044848E-002
  0.91112058477609070       0.40474966659193484        7.7698052684682786E-002
  0.92306917889286766       0.37420229519609688        8.8971530547809194E-002
  0.92537830580451630       0.36860909939509784        8.8330759022543628E-002
  0.93309548753679339       0.35112398101451059        7.7748061679986422E-002
  0.93334266484779127       0.34538302632675233        9.7887870036063362E-002
  0.93393098985820577       0.34562328712699536        9.1200052510961263E-002
  0.94076745583672106       0.32580644553980986        9.3844307676163446E-002
  0.94076147948259259       0.32001021596755874       0.11207720730871303     
  0.94088626479046245       0.31759869689409248       0.11774593181858246     
  0.94388839478290942       0.30864458430335590       0.11752965061783573     
  0.94539156306251315       0.30028465487144995       0.12674351478064730     
  0.94539295035726989       0.29499418166981778       0.13860231670405521     
  0.94781923364160081       0.28973105068898530       0.13302112090079940     
  0.95101806098982367       0.28713884325525957       0.11452481113360635     
  0.95744131268799293       0.26205329004084077       0.12097192210204677     
  0.95953691312242462       0.25432727611482914       0.12085755656763859     
  0.96351190343431081       0.23311304638400707       0.13154132257947770     
  0.96656204394571610       0.21588039619067881       0.13839606115794917     
  0.96909661553512305       0.19481454618193703       0.15132429532066508     
  0.96691787222531045       0.19535032086919765       0.16403682668102257     
  0.96512551053813167       0.19250058608336335       0.17741553840087623     
  0.97172619234995639       0.15929975065621649       0.17427506001124493     
  0.97142086557928453       0.16494402279031162       0.17068969290189401     
  0.97392290172000284       0.15111337503084929       0.16923040327339481     
  0.97674114266556533       0.13237977445880569       0.16867820113636992     
  0.97702155459598983       0.11975549164577221       0.17631648838243702     
  0.97753093027943994       0.11784757625553412       0.17477193458249496     
  0.97850017931589151       0.11155798399137273       0.17347107910700349     
  0.97616110897162678       0.10683503016950101       0.18893323069266027     
  0.97644122295192581        9.9847995641850706E-002  0.19129274917375433     
  0.97636777778921902       0.10294136996670378       0.19002377968117598     
  0.97454531156782997        8.9398556638262711E-002  0.20559507234405405     
  0.97488333577617137        7.6484266834165607E-002  0.20917131388592750     
  0.97731013235968145        6.3731853776444927E-002  0.20199791088355443     
  0.97812560758779388        6.2512533127036016E-002  0.19839979582411540     
  0.97932345650559871        5.1285203599033907E-002  0.19569209342672153     
  0.97862517394715132        4.4358318806205652E-002  0.20081112635906459     
  0.98042158605258334        3.8557200805033380E-002  0.19309804729260530     
  0.97918653081066875        3.6224596607284054E-002  0.19970357152441298     
  0.97684223812199467        1.7790571007629895E-002  0.21321992731457926     
  0.97478794472618269        1.3057421621184357E-002  0.22275090697258954     
  0.97782492634180118        2.3321595534762748E-002  0.20812139872287030     
  0.97528522148512775        2.4896288288539535E-002  0.21954250518330259     
  0.97881587016544169        5.9412189433006154E-003  0.20465628314258241     
  0.97943183765040709       -1.5151157031845219E-002  0.20120566054995312     
  0.98021072367085871       -2.7594402668000798E-002  0.19602419784824412     
  0.97976590769636995       -3.5338583887105389E-002  0.19700241268767052     
  0.97995647864482360       -4.6521289038756533E-002  0.19370356121715848     
  0.98108563725389208       -4.8226441516530924E-002  0.18747048491102813     
  0.98349295901587586       -5.0910990156296479E-002  0.17363660514851609     
  0.98505273418282535       -6.6568578433842548E-002  0.15887018362246727     
  0.98425268546174149       -8.1771874068693171E-002  0.15671634175363436     
  0.98499869746155067       -8.4474595276527245E-002  0.15047128879595356     
  0.98562406014973536       -8.8301732609436051E-002  0.14404171643007579     
  0.98497026153705991       -8.6692078568998021E-002  0.14939232711555811     
  0.98625368699288540       -8.1639948494762568E-002  0.14366135076182263     
  0.98501062236891712       -8.3524873723059320E-002  0.15092272622088834     
  0.98814391637729648       -8.3122535892533295E-002  0.12908231696608483     
  0.98729416469154319       -7.9456526883247669E-002  0.13761138289283906     
  0.98390331059025971       -9.2092208898077815E-002  0.15314470434787911     
  0.98169830083358112       -9.8454076898199600E-002  0.16301914268754558     
  0.97641568021731096      -0.11849542466668064       0.18047507794381992     
  0.97680069079445520      -0.12591598098631185       0.17322117709948179     
  0.97169427330835434      -0.14772703231087514       0.18435553461822304     
  0.96846033162547762      -0.15849045844888743       0.19226377882620077     
  0.97043056439761721      -0.14580729622318209       0.19236619258852572     
  0.96956902796759148      -0.15699305621558499       0.18785388019966137     
  0.97246198254004601      -0.14801287660893075       0.18002744477504279     
  0.96893588916693996      -0.15562764230914833       0.19220634649658644     
  0.96810843704302374      -0.17257867304486363       0.18161127645657485     
  0.96589044168937122      -0.18703714174718764       0.17908869942057110     
  0.96843754473135346      -0.18576964386245193       0.16618772931213147     
  0.96871950231583215      -0.18888166284525557       0.16095416513335656     
  0.96916798573983709      -0.17926697178162976       0.16904664517591086     
  0.97160744839936164      -0.16737310541283776       0.16722801738746781     
  0.97447688659097675      -0.14909608909110877       0.16782477087036718     
  0.97521095490083820      -0.14631614777675286       0.16599752510554339     
  0.97405533406346001      -0.14165171865664911       0.17649644977771398     
  0.97612801359607604      -0.14451030918494209       0.16214460093462754     
  0.97683606550663704      -0.15317062284140778       0.14943246442418917     
  0.97527850438964936      -0.15724736908027895       0.15525818430220409     
  0.97438518915030714      -0.15944785176844417       0.15858715499985249     
  0.97116569447438339      -0.17288420353173331       0.16415920944401882     
  0.97469266994065462      -0.15868524411754384       0.15745854204619572     
  0.97505800780333174      -0.15512540858456775       0.15873874457758863     
  0.97240166287870511      -0.16338158471864914       0.16655768912166924     
  0.96978720022254883      -0.16454221150501744       0.18010732055512962     
  0.97202345595919237      -0.16277209417275096       0.16933885089891562     
  0.97209454030307707      -0.16086672265366528       0.17074572397461796     
  0.97259231065664098      -0.15283765582863612       0.17522798923797406     
  0.97059244962183344      -0.17055348582612406       0.16988762523988163     
  0.96939306720292151      -0.17988843281690006       0.16708450855058499     
  0.96851869211848640      -0.16903618314616256       0.18275205006913714     
  0.97126899871574790      -0.16728431514023659       0.16927046417426050     
  0.96921370012124330      -0.17419943820895314       0.17400965267758295     
  0.96752588550064145      -0.18419229482930616       0.17310938568348558     
  0.96950002552998171      -0.17165907625962282       0.17493673723680148     
  0.96792458109556434      -0.18517270533043356       0.16980304623764794     
  0.96376233510017506      -0.19352106286569914       0.18360762421421450     
  0.96462307565587924      -0.20324646978388364       0.16790829173266184     
  0.96542906452525568      -0.19853055145033294       0.16891519029002811     
  0.96685153489966824      -0.19979018225524575       0.15900312115355308     
  0.96455361297521225      -0.20718394248939512       0.16343543578739447     
  0.96155836230805192      -0.22104937305512565       0.16291927616888366     
  0.96155836228900493      -0.22104937322496626       0.16291927605196602     
