 -0.15609647869802162       0.97416731908467113      -0.16319290353891808     
 -0.15499797174347954       0.97544675222113697      -0.15645850036557121     
 -0.16265256010031895       0.97420160603591466      -0.15644607853780371     
 -0.14917597145523312       0.97594024652866196      -0.15901938481192190     
 -0.14267278663447000       0.97421998035428237      -0.17475670468527596     
 -0.14431843523778282       0.97377646688576047      -0.17587376663392265     
 -0.14962477756548787       0.97315493864306390      -0.17487678900612588     
 -0.14743982667573460       0.97633254206473630      -0.15822852086535844     
 -0.13654822871901443       0.97752458185785041      -0.16062463415470943     
 -0.13780754603127002       0.97724523597733204      -0.16124772561635736     
 -0.14072336233749533       0.98031638844271252      -0.13848001243163693     
 -0.14749346151123222       0.97987127341518676      -0.13452868224707595     
 -0.13737169461993437       0.98226728830980714      -0.12759307126072966     
 -0.12767807218410343       0.98242935827554634      -0.13612812303726832     
 -0.12707214974800732       0.98097586062022080      -0.14676181260408550     
 -0.13904248740585412       0.97855647410125801      -0.15196846281550230     
 -0.13045808558609570       0.98103039759793498      -0.14338775015338173     
 -0.14548403917700090       0.98085417446871870      -0.12945842101629879     
 -0.14287671370944491       0.98064287706309761      -0.13388723742388717     
 -0.13808586527183683       0.98157798098716009      -0.13204908577229230     
 -0.13833080574136103       0.98191069277768883      -0.12929029194717115     
 -0.11664126481761261       0.98261257854511086      -0.14445530736762766     
 -0.10979964450794608       0.98342646825963165      -0.14427896448310207     
  -9.8953474853070336E-002  0.98355488594379004      -0.15108936478323171     
  -9.3286132490161405E-002  0.98324861816823173      -0.15658816160645964     
  -7.3218256000906257E-002  0.98592915994330166      -0.15027567521618693     
  -7.0376811813505052E-002  0.98723270503399185      -0.14289398332411885     
  -4.7600153108162360E-002  0.98901537644784132      -0.13993859572617340     
  -4.8520527681795121E-002  0.98828820373212511      -0.14467959343808293     
  -3.3417077223816767E-002  0.98680819400014019      -0.15840734580188787     
  -2.9237329955539487E-002  0.98625999167874190      -0.16259276537078232     
  -9.4081476493379761E-003  0.98643584572923182      -0.16387742070908570     
  -2.7202871163455846E-002  0.98505815975101407      -0.17006006500177792     
  -1.5426929451801834E-002  0.98489795560608906      -0.17244717130366360     
  -4.4104763940749905E-003  0.98730031823336462      -0.15880374464814695     
   6.7278450158231272E-003  0.98907916667062845      -0.14723158003491763     
   1.3251267294683353E-002  0.98934207327507417      -0.14500574458573168     
   1.8410734672998377E-002  0.98973270500199595      -0.14173996436514069     
   2.4015349936053698E-002  0.99116338065584486      -0.13045465041279855     
   3.0703483347964480E-002  0.99170604346029101      -0.12480552661896195     
   3.9473097863224817E-002  0.99005256766444105      -0.13504735393974840     
   5.0341230568864657E-002  0.99163002111783538      -0.11889348898343265     
   4.7504670096838009E-002  0.99269954123458581      -0.11086445395902945     
   5.7694831097494369E-002  0.99199944353933234      -0.11228717861931983     
   8.3274765287183028E-002  0.98843813011231585      -0.12670981180016433     
   8.4280557490456112E-002  0.98969308914908960      -0.11577727289770544     
   7.8720894323012783E-002  0.99091618304053219      -0.10903274272147329     
   9.9748262200153592E-002  0.98982194812774837      -0.10150268564248865     
  0.10131326077890591       0.98946716487823805      -0.10339416239888288     
  0.11980393989931241       0.98814132767322960       -9.6040265143265413E-002
  0.12213679172358334       0.98681995090540586      -0.10615549256878551     
  0.12227943401729108       0.98761058388743750       -9.8351790069759470E-002
  0.13253693157141849       0.98652942121700749       -9.5883590060390905E-002
  0.14443551195001186       0.98619672049218798       -8.0959319279442929E-002
  0.15894052244836140       0.98466766857311760       -7.1885275200298873E-002
  0.17041789527461204       0.98242806408069261       -7.6110708030032725E-002
  0.18010156912001213       0.97939862417986123       -9.1333234669008140E-002
  0.19014197888621021       0.97783997533819200       -8.7607137242576988E-002
  0.20181506439874153       0.97466392514929845       -9.6441240111752521E-002
  0.22197772777575495       0.96995640690113194       -9.9551278660583192E-002
  0.22190514107547177       0.97011991087119098       -9.8109463842925557E-002
  0.23241336100710208       0.96684855271459003      -0.10577289699674654     
  0.23132580853164800       0.96898347697226661       -8.6944762130424250E-002
  0.23928359537646174       0.96781229324701767       -7.7991833057450555E-002
  0.23530035354322271       0.96871393532277161       -7.8911691997457623E-002
  0.24677908845149998       0.96610856473753270       -7.5725310457140593E-002
  0.26429911179717941       0.96156354022349189       -7.4441504660276048E-002
  0.27010177948991893       0.95921343942002879       -8.3394282492127256E-002
  0.28178853807513043       0.95631271487398284       -7.7853780767745184E-002
  0.28367941303323374       0.95651620077884403       -6.7843557311845909E-002
  0.30635818025325828       0.94901641045309326       -7.4246333799299277E-002
  0.33447290049623957       0.93898752256470974       -8.0189221853184833E-002
  0.35000663160820467       0.93330925835680600       -8.0182205605398890E-002
  0.37162592259384331       0.92451688757435468       -8.4632725621364230E-002
  0.36696743165214790       0.92666582964845456       -8.1396217778016450E-002
  0.37222293528859129       0.92428743080522124       -8.4515274954455627E-002
  0.39190826074853075       0.91457369672470779       -9.9814169416787779E-002
  0.39052507430934519       0.91469580905070624      -0.10402760806994656     
  0.40483734709451996       0.90895616447169025       -9.9525943684965965E-002
  0.40744884840084017       0.90755954850141096      -0.10159282386440029     
  0.42210924482469275       0.90165281030794009       -9.4053150384877438E-002
  0.43012920604224464       0.89729770041987955       -9.9225515522288865E-002
  0.44251197076341592       0.89163758773608270       -9.5736972310891233E-002
  0.44424771033358279       0.89130791702458845       -9.0632052347156961E-002
  0.44443899493366462       0.89026419577777161       -9.9517041246764651E-002
  0.43970059698796710       0.89308757212653100       -9.5173386624428633E-002
  0.44793211447311826       0.88855524964337229       -9.9128145119561209E-002
  0.44570811244820202       0.89106187591965003       -8.5749704258466120E-002
  0.45775777727502481       0.88434691067156557       -9.1587984637101785E-002
  0.47142618937972658       0.87906138926081001       -7.0770204731679928E-002
  0.48105913588289334       0.87297205086055363       -8.0634398366472473E-002
  0.48359967216668576       0.87283473789316834       -6.5504789193147867E-002
  0.49854078771339039       0.86364294854996460       -7.4685610434908498E-002
  0.49837544337279671       0.86424988874860642       -6.8513117291429865E-002
  0.50874591839016670       0.85701424563191764       -8.1879016269745863E-002
  0.52718860645727228       0.84649131933502808       -7.4327784253820375E-002
  0.53752422940831324       0.84055761548641306       -6.7309715842472945E-002
  0.54207544164523291       0.83779170553374738       -6.5263111356876430E-002
  0.55161173198776281       0.83242541699209982       -5.2843374977273233E-002
  0.56455864754800222       0.82337367680864770       -5.7700275713197149E-002
  0.56489169537858186       0.82343185261309859       -5.3454247674725938E-002
  0.57939097223413505       0.81294331162617639       -5.8559998086136926E-002
  0.58262645145559344       0.81059392999952062       -5.9024560245675060E-002
  0.60167953472104929       0.79744631157324508       -4.5399533654970695E-002
  0.61057650841454980       0.78994826137153773       -5.6374388940205203E-002
  0.62219582100421256       0.78107092778873999       -5.2920374981005436E-002
  0.64733659630143658       0.76061311429934220       -4.9224195724525285E-002
  0.65659569854986166       0.75269942432792070       -4.8225151759576784E-002
  0.66332975858579746       0.74678176754269443       -4.8068940495046848E-002
  0.66678059508648801       0.74411178217531848       -4.1246741010407109E-002
  0.69034919330100786       0.72299574800445965       -2.6365501628437621E-002
  0.69741205336445800       0.71625778048090605       -2.4315010231046222E-002
  0.69944853538083229       0.71434502793943888       -2.1975609475286751E-002
  0.70943797375547890       0.70458389360286255       -1.6102741044593721E-002
  0.71783064758918391       0.69586980558100187       -2.2008522493602824E-002
  0.71966149564630355       0.69410337579426762       -1.7545238531502815E-002
  0.72989095693795925       0.68351916938724944       -7.7933343540074152E-003
  0.73117625320424628       0.68177437929919671       -2.3769360138501734E-002
  0.74768089732097831       0.66385167775349374       -1.6559762231639366E-002
  0.75645802653917860       0.65387890913009106       -1.4615959745898787E-002
  0.77147779940023042       0.63620468993987223       -8.0992302775517583E-003
  0.78218615608302100       0.62303056973684712        4.2102737971538746E-003
  0.77658298753855171       0.62976356905467268        1.7796363595345525E-002
  0.78322438962530527       0.62172953494672867        3.4555565387081096E-003
  0.78552069446037132       0.61883520985898788        4.7075819514962557E-004
  0.79876988203733668       0.60163507809316064        1.3814332759641643E-003
  0.79604341959632874       0.60523684734508953       -1.7979803002170019E-003
  0.80237063527327601       0.59678307522071428        7.1641315779751085E-003
  0.80324427881470661       0.59563776492148068       -3.7790939106210884E-003
  0.80050568770340280       0.59932415351459867       -1.0967992119267690E-003
  0.80689950098701291       0.59065060827914861       -6.7122460012349382E-003
  0.80932798986129162       0.58719229685054475        1.3907240792603994E-002
  0.80796901033774071       0.58903510837603679        1.4957253567502498E-002
  0.82063628651099918       0.57105406307774209        2.1291836553933106E-002
  0.83049217932567321       0.55636231250288160        2.7271180857081277E-002
  0.83575401899568902       0.54797482192316405        3.5196793473700833E-002
  0.84060505041779876       0.54069440857019713        3.2135739496931714E-002
  0.84517204857798423       0.53286043264131344        4.1760838447117275E-002
  0.85488725634763607       0.51645222328719265        4.9445727784384330E-002
  0.85706180426817991       0.51318064368358185        4.5724070390484574E-002
  0.86124804561095447       0.50548860765007131        5.2278786015948944E-002
  0.86843936853186754       0.49222120585233903        5.9425143611448003E-002
  0.87333797040210048       0.48257932670583542        6.6317289526062140E-002
  0.88035466159319631       0.46818169004517124        7.6036668243532904E-002
  0.89342365760705078       0.44419484492126027        6.6970947233984418E-002
  0.90169230504296838       0.42634377568181775        7.1985915036700848E-002
  0.90584433647923868       0.41654225788216376        7.7062218154668405E-002
  0.91142690909040947       0.40385242652957037        7.8766788509365623E-002
  0.91270332170069146       0.40049282301851286        8.1105765930576570E-002
  0.91694961453814050       0.38917100086686507        8.8030315702234838E-002
  0.91759655604505330       0.38278435798332178       0.10720399067922941     
  0.91634407666071571       0.38707701656547222       0.10239588085265215     
  0.92118384423869926       0.37209117839071454       0.11387923461905616     
  0.92236058898872075       0.37056960229560737       0.10922048221307490     
  0.91997632305107802       0.37415454867707743       0.11684151115794253     
  0.92300270692185016       0.37060132986323363       0.10354060709953675     
  0.93258706999075691       0.34827471215463385        9.4794945855054782E-002
  0.93889376182675033       0.33226112486631082        8.9894654487278153E-002
  0.94442541989558126       0.31395375042573859        9.7435459914079481E-002
  0.94749840435163835       0.30139379442287179       0.10681083481784048     
  0.94988793883328571       0.29701057316856061        9.7455749369318084E-002
  0.95575197133236234       0.27962429618934503        9.1369701077094537E-002
  0.95776804406068805       0.27448367080423075        8.5668478672138212E-002
  0.96272559359101317       0.25941629660762833        7.6567724918625180E-002
  0.96431142350242272       0.24902363575059774        8.9948359297349775E-002
  0.96570597061285879       0.24640592965489400        8.1829677706708751E-002
  0.97075710347432520       0.22627066589646902        8.0201195807217254E-002
  0.97287662910867856       0.21361068680257095        8.8778032293293896E-002
  0.97604803987296596       0.19940390527514137        8.6996013823412724E-002
  0.97791315944645285       0.18497417469878127        9.7316017571420582E-002
  0.98001987257573919       0.17110967287656031       0.10140280669048168     
  0.98482682403629196       0.14847035616236071        8.9848094023257094E-002
  0.98613135477576963       0.13723260224586481        9.3338973686952265E-002
  0.98780947178861211       0.12509143939294615        9.2653004459128205E-002
  0.98701832495324737       0.13387675600425891        8.8723392677819965E-002
  0.98911682336541351       0.11937603160018642        8.6007399768300394E-002
  0.99364581001107655        8.5480054677792683E-002   7.3219973365969013E-002
  0.99479928957328645        7.0497893914167248E-002   7.3514763266649852E-002
  0.99549851088943297        6.1750279512942416E-002   7.1900054221085058E-002
  0.99557281611894832        6.4678559048378964E-002   6.8201552800595491E-002
  0.99678021592036503        5.0134775148125178E-002   6.2575598044264172E-002
  0.99651964771844848        4.5306002076970997E-002   6.9971121806791742E-002
  0.99602843867372959        4.2820294219373056E-002   7.8062614330669078E-002
  0.99573880828968186        3.9170555912460742E-002   8.3485886324293754E-002
  0.99648321892093605        3.1276871651197677E-002   7.7736424594162704E-002
  0.99563583304727465        1.0475163842881878E-002   9.2733806644200667E-002
  0.99624326698639976       -5.2535580271613255E-003   8.6439303053193528E-002
  0.99536506474298225       -1.2366494942701155E-002   9.5370109007124809E-002
  0.99458367426938332       -3.0289284237570331E-002   9.9427733239720359E-002
  0.99429991515575811       -4.7657053824803411E-002   9.5375489209712935E-002
  0.99187845649795714       -5.1157917855544424E-002  0.11644739145174268     
  0.99096909236762676       -4.3756979176012727E-002  0.12675008775331212     
  0.99067216903313571       -4.9048786453481541E-002  0.12713327672416216     
  0.99060455773225986       -3.2556925508058193E-002  0.13282566318877070     
  0.99181434061417850       -3.7644060686271769E-002  0.12201327160235330     
  0.99165377309482650       -4.9205855419351706E-002  0.11917037425150571     
  0.99033261960528418       -6.0483395947031129E-002  0.12483213272410879     
  0.98999343399964534       -6.8605845867144175E-002  0.12331357812683744     
  0.99059002326457213       -8.0531477638230958E-002  0.11066203919184486     
  0.98894024706541994       -9.2625436673549638E-002  0.11583486614668433     
  0.98856413310810909       -8.6776578737939439E-002  0.12333199144889659     
  0.98715617079807216       -8.9047403545006315E-002  0.13263956565512192     
  0.98725087753000562       -8.5579958529837130E-002  0.13420795622564347     
  0.98633220723999937       -9.3304147622065015E-002  0.13580542329962700     
  0.98473082066255913       -9.3996863741118181E-002  0.14652576716767701     
  0.98470531441751130       -8.8713351392440243E-002  0.14995127556186957     
  0.98460843457976521       -9.1795143654119657E-002  0.14872754336673302     
  0.98237566876962856       -9.8219217079372381E-002  0.15903154028600805     
  0.98249269792522065       -9.1044626925875713E-002  0.16253914738163658     
  0.97986343389431918      -0.12376988241373220       0.15668014272435338     
  0.97873323275998281      -0.13091512274418685       0.15793191484961988     
  0.97731305994250350      -0.13843523759395374       0.16029618790890141     
  0.97589478919980166      -0.15236143057796642       0.15625413557698140     
  0.97500176936271499      -0.16242672139695846       0.15162160108576306     
  0.97068104264484800      -0.16712853643022299       0.17276100763946581     
  0.97128243866845210      -0.17178636520327886       0.16462037864283471     
  0.96777327146031977      -0.18758350462635534       0.16800989208699671     
  0.96584676678121406      -0.19745372373310868       0.16778572669391500     
  0.96289216766171404      -0.20794304379779449       0.17204175072299979     
  0.96315134218577969      -0.21613517804853044       0.16007834599239654     
  0.96515911318809811      -0.20826519681838251       0.15840926116917781     
  0.96168464312618351      -0.22802971176758927       0.15220084666799716     
  0.96474780935277493      -0.22085906060341923       0.14311862107495685     
  0.96587717806685258      -0.21535616341273880       0.14388537024228515     
  0.96309655912836822      -0.23442842493652810       0.13224345494910555     
  0.96199277595516242      -0.24027312678219706       0.12976410735017013     
  0.96198429538291386      -0.24621409071372868       0.11817291132341071     
  0.96144196146950089      -0.24438643456875522       0.12611354140000602     
  0.95765357974911380      -0.25665368161467417       0.13049332897639768     
  0.95978577761472050      -0.25366506201457584       0.12027176477314909     
  0.96396088258516610      -0.24686423290940393        9.9184007560084747E-002
  0.96678281614424844      -0.23902409604436081        9.0545391480584922E-002
  0.96214101956946696      -0.25892929055669439        8.5089840484242937E-002
  0.96106656457918660      -0.26027081853033557        9.2790944975838785E-002
  0.95892301994321782      -0.26808790637065116        9.2712007209313288E-002
  0.95609819724671619      -0.27774567899318914        9.3453598230307425E-002
  0.95638928445796811      -0.27609849530293812        9.5337072880538568E-002
  0.95361697948180879      -0.28720084247108701        9.0168356577512057E-002
  0.95302144758590357      -0.28773518938095877        9.4649782002772631E-002
  0.95453493694126257      -0.28563834129796511        8.5286529646171241E-002
  0.95682248272022996      -0.27788996806937510        8.5251992396060211E-002
  0.96519552903085004      -0.24753448767614211        8.4405379862704813E-002
  0.96063715650206949      -0.26075803165463529        9.5820156935883805E-002
  0.95736062140373457      -0.26938619046857742       0.10436340819598171     
  0.95893716734501688      -0.26727903843733658        9.4875838316865496E-002
  0.95907100318801330      -0.26886985272412728        8.8835877549805833E-002
  0.95637441785385324      -0.28203971872028660        7.6168037514989309E-002
  0.96058628044602323      -0.26594144119162649        8.0926804433357147E-002
  0.95789708150148989      -0.27294755494057954        8.9066343266620870E-002
  0.96076924322705470      -0.26029155261503478        9.5764131626445537E-002
  0.96076924320348434      -0.26029155275798271        9.5764131476438946E-002
