 -0.16088065575767724       0.96286740546765370      -0.21680353800380844     
 -0.16061317113309787       0.96336007948043156      -0.21480401886842487     
 -0.13598831867724531       0.96271607169427487      -0.23384811841210096     
 -0.12871881063018234       0.96285608858338445      -0.23735968585220363     
 -0.12223325587953450       0.96394094034650246      -0.23638294075713018     
 -0.12877887939140406       0.96559458393987962      -0.22592719997526822     
 -0.14079235725649439       0.96410662578419870      -0.22511314101395066     
 -0.13826074568811195       0.96632477564637609      -0.21702625226858685     
 -0.13746199770285181       0.96432604835485458      -0.22622880376258886     
 -0.12804934912128410       0.96599712083853539      -0.22461728945313961     
 -0.12382104710118819       0.96677785987529063      -0.22362673800267729     
 -0.10439263030371958       0.96921985982551617      -0.22296870196975596     
 -0.10673511188672198       0.96969796673189201      -0.21975775118653618     
 -0.11264656379216255       0.96800989445691632      -0.22420436190968293     
 -0.10898709373498441       0.96824470263225626      -0.22499779826428432     
 -0.11056980097174759       0.96838488071223672      -0.22361807154390589     
  -8.3081667163054512E-002  0.97296517801322502      -0.21549060061891578     
  -8.2071002850389804E-002  0.97311786458894167      -0.21518822483813907     
  -7.9525182399975580E-002  0.97360847051427313      -0.21392122734106755     
  -7.6190246706140413E-002  0.97262801850744740      -0.21952171628596123     
  -8.0431741881771379E-002  0.97299447884713830      -0.21636191677568833     
  -7.7294830976939594E-002  0.97337738534885709      -0.21578223929616897     
  -8.2908541663226892E-002  0.97517441027972673      -0.20533154471455167     
  -7.8960990763918132E-002  0.97645743702093557      -0.20073872477448471     
  -6.4500160727678627E-002  0.97717503378543225      -0.20240721976387771     
  -7.0168868888479882E-002  0.97785659425544191      -0.19716189010571950     
  -5.3459390344174268E-002  0.98214690423190976      -0.18035950790492042     
  -5.3032348582843683E-002  0.98345252878677414      -0.17323017527753409     
  -3.6146348259863986E-002  0.98328557235439329      -0.17844585931640347     
  -2.7086123707380023E-002  0.98124019562915554      -0.19087697709300902     
  -1.2570874800565441E-002  0.97998749239305261      -0.19866174231573919     
  -1.0897781138228986E-003  0.97962038479691571      -0.20085495780290180     
   2.0186777760069913E-003  0.97997591043369148      -0.19910585101823280     
   2.7906297064848533E-002  0.97869233919987741      -0.20342699863980865     
   2.8859343460113950E-002  0.98032082040592805      -0.19529011079340275     
   2.5730290734346489E-002  0.98233838256773154      -0.18533551810956120     
   2.9894808735687901E-002  0.98271130887582070      -0.18271503446139448     
   4.2901209118905236E-002  0.98407135809138790      -0.17251970449866802     
   3.8933738811715468E-002  0.98265253637097583      -0.18132334859534679     
   3.6759794626073358E-002  0.98320185578071218      -0.17878150991758951     
   3.7215896296347903E-002  0.98491329567000963      -0.16899934045818110     
   4.7842156698503599E-002  0.98438034086980863      -0.16942984551570608     
   5.1949674928725771E-002  0.98555015558548809      -0.16122072478505989     
   5.7499295388940212E-002  0.98312815570775280      -0.17364579028714955     
   6.3307854280566594E-002  0.98691822240890958      -0.14827183772931743     
   8.0164762899500558E-002  0.98666798444195880      -0.14163297379674572     
   9.9875661265203988E-002  0.98428123294222591      -0.14565475194641150     
  0.10806879602682430       0.98203517614309022      -0.15468693591549115     
  0.10553408970494341       0.98357142641790496      -0.14645751958980319     
   9.4213462460559103E-002  0.98047203710185349      -0.17262215371305933     
  0.10359181085232852       0.98001778034081310      -0.16980543848829271     
  0.10133059175028536       0.97783208805765243      -0.18323896621720095     
   9.5596694188083073E-002  0.97631727526866285      -0.19407691792762005     
   9.7352021503599312E-002  0.97103225027502171      -0.21821767305832535     
  0.11909828984795766       0.97071133147543065      -0.20865068487903110     
  0.14309770323150794       0.97144431000776865      -0.18925908137629377     
  0.15827089868838062       0.96826426475662120      -0.19342863341215391     
  0.17913729415935975       0.96716471142283078      -0.18028380631564056     
  0.18156490691654351       0.96807091132032430      -0.17283777142692003     
  0.18303894754475572       0.96858501162672428      -0.16834434630770062     
  0.17489217605651602       0.97001470139522983      -0.16877264538822515     
  0.18926332949003327       0.96602004990998058      -0.17602458715266414     
  0.21265540949424933       0.96207072202819188      -0.17087305998602056     
  0.22881135739052755       0.95959133405850472      -0.16379815117675839     
  0.25020035540195257       0.95412185133527616      -0.16447271798472340     
  0.24613392174067505       0.95306570738869512      -0.17630612572523516     
  0.24224535978841741       0.95508066531734914      -0.17069888223989790     
  0.23926705072300372       0.95624140852086792      -0.16838541227892131     
  0.25080061177596347       0.95274351146858283      -0.17140260933637272     
  0.25472390822646518       0.95155007044591533      -0.17224457614743280     
  0.27347444098288071       0.94675269332726364      -0.16991488400570634     
  0.27934338019369365       0.94401837779348208      -0.17548953909029619     
  0.28595584298170346       0.94163454778509004      -0.17763342670283883     
  0.30638312754609159       0.93667206951020876      -0.16963140438768470     
  0.31671454163763624       0.93268695210120600      -0.17258895820829726     
  0.32414332887000957       0.92907364317915675      -0.17819446652148965     
  0.34432413686129515       0.92326092994898967      -0.17038234651644965     
  0.37202058790442172       0.91187809706541290      -0.17343303684018821     
  0.37637775690163139       0.90780995149887966      -0.18498885390557759     
  0.39474137842065693       0.89966802864742501      -0.18648507284020180     
  0.40400720879125962       0.89336244766991479      -0.19667666953127427     
  0.41810111104166725       0.88680340314722195      -0.19690399973649370     
  0.44137951808083775       0.87810005594870777      -0.18472794255770927     
  0.46164576096543281       0.86771063982256968      -0.18428629064950452     
  0.47699609088618961       0.86040713597111518      -0.17937193105187066     
  0.48466011610291354       0.85930722985645946      -0.16338805518007762     
  0.48163975179154317       0.86271640117693138      -0.15408945659747475     
  0.48665469735299755       0.86057435110714875      -0.15026307517408430     
  0.48668437597711001       0.85896643134462103      -0.15910684461347768     
  0.49780321504301250       0.85469692279525233      -0.14725871538610730     
  0.51125348157524031       0.84864750834033342      -0.13571029498508530     
  0.51661290331475651       0.84468688282054971      -0.14005419707956518     
  0.52563185257364031       0.84168612621291827      -0.12359458119470390     
  0.52805822471100750       0.84050972163142867      -0.12123497497883139     
  0.55029632331544720       0.82257848270816147      -0.14331293148574467     
  0.57010582816747979       0.81285869590474513      -0.11933182803221200     
  0.59552118487469718       0.79254250810310334      -0.13126648930735779     
  0.60375259158534755       0.78743247969573738      -0.12422921586405829     
  0.61929908241160680       0.77675457626091016      -0.11454682353463798     
  0.62492367584164876       0.77340958708083452      -0.10633912724869587     
  0.64416981399393880       0.75916141884785315       -9.3376607734102654E-002
  0.66199511918756138       0.74413797583195396       -8.9560789950558509E-002
  0.66882220836330031       0.73782868846067029       -9.1025711117489500E-002
  0.67547892063507498       0.73029093460045458      -0.10199695396465433     
  0.67856314966491571       0.72774994420449146       -9.9659774368539455E-002
  0.68571893897609337       0.72048384306627178      -0.10340487710914079     
  0.69347160893696957       0.71199040798862545      -0.11030315739162480     
  0.69596121067527239       0.71111358311521788       -9.9777077249460278E-002
  0.69706535338714226       0.70890453712940071      -0.10749069887486391     
  0.70457211239616113       0.70214893823167679      -0.10278621976577705     
  0.70891792538554399       0.69858202008993575       -9.7049143603224378E-002
  0.71374894825358026       0.69240800263402913      -0.10551586020718141     
  0.72243480533197213       0.68476938647805607       -9.5806259646341874E-002
  0.72521865445071576       0.68286953195406974       -8.8017643489943967E-002
  0.73945291410924141       0.66725616009318134       -8.9323035287953947E-002
  0.74246233665548711       0.66603079202355819       -7.1782050155633020E-002
  0.73818526413086127       0.67124842681469543       -6.7142127750366626E-002
  0.74514495605083242       0.66413434066814958       -6.0700675591650412E-002
  0.75557888786600402       0.65224054260654640       -6.0686232305934756E-002
  0.76545804740882528       0.64144225453771175       -5.1242675092599381E-002
  0.77489953162506586       0.62955561471538501       -5.6484014265867390E-002
  0.78411392594389862       0.61836719980188493       -5.2795429253095182E-002
  0.78945169251477809       0.61255126713448249       -3.9331543543212534E-002
  0.78786927686682107       0.61375406586469272       -5.0674936644351166E-002
  0.79216771183331014       0.60950498030428657       -3.1208897978706542E-002
  0.80158749520277095       0.59688771802677132       -3.4388073562509641E-002
  0.81308133698391061       0.58182214053989867       -1.9538071195140654E-002
  0.81580671327807897       0.57816223514278808       -1.3705342940364231E-002
  0.82581791957551032       0.56393501416881897       -1.4364896062469496E-003
  0.82619008207307032       0.56324507571930005       -1.2842622864969839E-002
  0.83431280880336256       0.55128686537302862       -2.2201652693008447E-003
  0.83742493383893246       0.54655086606252190        1.2771026443357738E-003
  0.83871601225354142       0.54451913846184152       -7.3728310905551786E-003
  0.84270421675535689       0.53837178782933393        2.3283324903988498E-003
  0.84782834872684354       0.52997340639610180        1.7756114665814775E-002
  0.84761711683222152       0.53049585167726321        1.0925868672358174E-002
  0.85243446212678409       0.52260707734721945        1.5405534239915964E-002
  0.84993911519785104       0.52578850631528262        3.3910869694489226E-002
  0.86059827808859202       0.50791334120805698        3.7344900238401729E-002
  0.86833014616365423       0.49546791006062818        2.2678345697164145E-002
  0.86725795691286256       0.49783647189847469        4.7416683779004237E-003
  0.87059303720798098       0.49183791800682342        1.2775992160868581E-002
  0.87262579643629923       0.48758912986495645        2.7947447673226124E-002
  0.87551271062985936       0.48236568187174705        2.8299160375535218E-002
  0.88355789081242875       0.46757844974483276        2.6378910464810640E-002
  0.88629131776037062       0.46302963511043255        9.5528567499022030E-003
  0.89537424390855491       0.44498596162759108        1.7101382971890421E-002
  0.90831631765502063       0.41770909308532972        2.1922149425949944E-002
  0.91089371760960136       0.40934832462452042        5.2024843550550960E-002
  0.91528596723337230       0.39853638286797577        5.8483756002666580E-002
  0.91441705185932676       0.39945771353440507        6.5383410485854193E-002
  0.92172284609622201       0.38085005704846775        7.3350044515721469E-002
  0.92531548223219318       0.37122401257315912        7.7356259155199628E-002
  0.92584179267299471       0.36392210738406522       0.10187087266336795     
  0.93109676236562977       0.34997645651187437       0.10283627278170590     
  0.93155652271870260       0.34963194669155018        9.9799533229951456E-002
  0.93630735459176195       0.33730559417283440        9.7741873713817040E-002
  0.94041396114777864       0.32616035880151639        9.6130130681337120E-002
  0.93977416409089332       0.32653396915983418       0.10099548253256985     
  0.94454788002940049       0.31414084211581333        9.5628623574388449E-002
  0.94603524942353145       0.30346100313131985       0.11370455763376976     
  0.95002835022367382       0.29086146363037463       0.11333906098993687     
  0.95011801337077717       0.29157225616226162       0.11073111624478398     
  0.95234964174131209       0.27619002402105347       0.12941881820834361     
  0.95422655581063975       0.27159766707332800       0.12524530899834890     
  0.95732776462756453       0.25341044144423769       0.13894854889572403     
  0.95722593940732015       0.25094562043883339       0.14403054019320125     
  0.96226245572951885       0.23163821781057381       0.14281002185748984     
  0.96521493154477500       0.22439992701159031       0.13418199834630637     
  0.96931136278354879       0.20103300809987348       0.14149633081114191     
  0.97265395260566812       0.18205941540423329       0.14421739750543164     
  0.96975583957285116       0.18785020831855248       0.15583937515605928     
  0.97273888073521930       0.17793951151777884       0.14871650932834424     
  0.97417859984926469       0.17345412160871088       0.14453277584228971     
  0.97646715266681428       0.17071836496861009       0.13178444379064200     
  0.97745116479497252       0.16914121556955275       0.12641388229385975     
  0.97879727730450861       0.15932622750601447       0.12872856392418239     
  0.97884167318211335       0.16179497425308306       0.12526517931366576     
  0.97801805154973975       0.15015053726643929       0.14469107436691120     
  0.98047463438944560       0.13362417772058655       0.14427082327130603     
  0.98281680403362837       0.11549955198017720       0.14398257950704926     
  0.98401547558545843       0.10216507647995492       0.14586240419028140     
  0.98438943030171255       0.10035101701658719       0.14459295589345264     
  0.98598913495953922        9.4425981925044505E-002  0.13751058024469609     
  0.98744793377877915        8.8757685388252031E-002  0.13064704880149741     
  0.98771400300440237        7.7047523585722755E-002  0.13595855022148631     
  0.98651739959400186        4.9083064427449072E-002  0.15612262195050183     
  0.98522578755430956        4.2917164918712045E-002  0.16579585185803192     
  0.98642139729814837        2.2994152665484022E-002  0.16261640721515586     
  0.98641606722153163        2.7406313458963480E-002  0.16196368824460483     
  0.98341317795866667        1.0486603742852946E-002  0.18107609604576730     
  0.98262416027044519       -5.2355702849251956E-003  0.18553260752922704     
  0.98239000654656616        9.0145505577436669E-004  0.18683967034925936     
  0.98148157870494857       -8.3635321019033121E-003  0.19137388012375683     
  0.98075526021483717       -1.8015063201874695E-002  0.19440827415200068     
  0.98253483781280060       -1.5158742927712545E-002  0.18546025179812894     
  0.98160801278364285       -2.8021245982773477E-002  0.18883992960314325     
  0.98364691224137901       -3.4025911117146264E-002  0.17686432486696896     
  0.98000708205087561       -4.0164041649046252E-002  0.19486654122384139     
  0.97967633739038273       -4.3419509500664845E-002  0.19582905849768026     
  0.97817062702737068       -5.3524181918987203E-002  0.20079189817018128     
  0.97791443105355347       -5.7675411769218310E-002  0.20089029945334733     
  0.97468436333222153       -6.7083130919684084E-002  0.21328442376712431     
  0.97547737355000386       -7.7309744609625530E-002  0.20607546452787806     
  0.97508152865010100       -8.3410147847117005E-002  0.20556935501553986     
  0.97415691215073119       -9.5323431063350603E-002  0.20477244443348411     
  0.97522453394770925      -0.10767957172504689       0.19324134707557555     
  0.97316680766683739      -0.12032348133220373       0.19613419970937088     
  0.97252259875920133      -0.11136551708462454       0.20444440933203231     
  0.97277902143267792      -0.12250622125202902       0.19670587488692423     
  0.96271450237237399      -0.15359919544158926       0.22268379842639816     
  0.96084465360863103      -0.16364992325814703       0.22359842183994050     
  0.95707043767092803      -0.17046413753505088       0.23443155749772568     
  0.96085790134162696      -0.17191521620740152       0.21724928507529392     
  0.95494583358622631      -0.18871863234202157       0.22904962938905554     
  0.95713893315391441      -0.18329284593572134       0.22425163381739316     
  0.95272278936715571      -0.19605315176860735       0.23212593198964332     
  0.95056412637173082      -0.20289306028914486       0.23507923715558907     
  0.94816510371005813      -0.20313742023518427       0.24437292118131448     
  0.94602213900209187      -0.19273834042467064       0.26056485689411518     
  0.94644158712823745      -0.19241081724260806       0.25928054219747076     
  0.94636777710950504      -0.19643564649717418       0.25651718701492787     
  0.94547454996099189      -0.19696799137289081       0.25938674937357226     
  0.93917683117868522      -0.20549482802494803       0.27517041162188965     
  0.94279048101941310      -0.20960741404290795       0.25925053688937261     
  0.93794504378489729      -0.20611725262205899       0.27888128838428961     
  0.93721069355212028      -0.21585751905785677       0.27393730552398438     
  0.93802213851145022      -0.21592570522435994       0.27109141905594913     
  0.94208614358665044      -0.21016718307289051       0.26134929351585906     
  0.93922257965055744      -0.20836509491906122       0.27284598786480740     
  0.93407549657681210      -0.22480783188027159       0.27742459411536152     
  0.93448625550142683      -0.21731602883150813       0.28197372553453331     
  0.93040769672557810      -0.21807033674707188       0.29459607279260003     
  0.92638389647267172      -0.23401755356130838       0.29504010063259251     
  0.92697790301837757      -0.23536836400242672       0.29208509127045945     
  0.92411537500035001      -0.24578910419029285       0.29257219613164881     
  0.91935234761805362      -0.25222009377588195       0.30195411112428755     
  0.91422012963957866      -0.25873609218924765       0.31186084903435518     
  0.91229701384990258      -0.26788311756186023       0.30976247972581977     
  0.91573085120564091      -0.27125787599646001       0.29640541975490409     
  0.91644049850237508      -0.26721323926395535       0.29788235507794314     
  0.91730906130897727      -0.26775399310102621       0.29470643905231964     
  0.92088563343209351      -0.25853483726613863       0.29176940905129689     
  0.92350793459626934      -0.26185763831818609       0.28029211903325857     
  0.92413335126196916      -0.25507792126825124       0.28445175894479785     
  0.92247823486138503      -0.25894884079024344       0.28632045693665020     
  0.91326154894732670      -0.27507821901348684       0.30047515144966280     
  0.91564548458296324      -0.27910233139388413       0.28930128788743542     
  0.91335648127508984      -0.26840860094901781       0.30616459796876760     
  0.91326555624679273      -0.27066071555359922       0.30444835494587491     
  0.91278434360261484      -0.26990769748999188       0.30655273104313152     
