  -5.7270605309191688E-002  0.80975425834102754      -0.58396756662171856     
  -5.1450190789056230E-002  0.81200533590217749      -0.58137785676284714     
  -5.0738936009755584E-002  0.81586378776237389      -0.57601375000136068     
  -4.1124666557067910E-002  0.81609347796916587      -0.57645485253986772     
  -4.6092328993865700E-002  0.81874040673606585      -0.57231079282639996     
  -2.7306303401440343E-002  0.81152355410844412      -0.58368132308799103     
  -2.6947959184871088E-002  0.81880976911680292      -0.57343209667288275     
  -2.4078416896255526E-002  0.82305376468182612      -0.56745284410499075     
  -7.8977335353198844E-003  0.83026882200077601      -0.55730719447935406     
  -4.3460322152738280E-003  0.83696300428444115      -0.54724221462086287     
  -2.4436834486001365E-003  0.83636740392173903      -0.54816383870920737     
  -3.3554243543074472E-003  0.84115830198259733      -0.54077856108869193     
   1.3888325921036374E-002  0.83815731232762525      -0.54525171636120773     
   2.1968677190615633E-002  0.84005696618864412      -0.54205319921611539     
   9.8870996197010508E-003  0.84514926797758771      -0.53443892083011491     
   2.3097894512314428E-002  0.84445535914075232      -0.53512767979946718     
   2.3868622260959007E-002  0.85079475792064641      -0.52495577791478087     
   2.0192056009801462E-002  0.85581337768380783      -0.51689045594935290     
   2.7017381556606525E-002  0.85563127523451044      -0.51688023945048500     
   2.4767245617221163E-002  0.85965587755183281      -0.51027282480563740     
   4.1650793077064055E-002  0.85463535801877255      -0.51755542337045990     
   3.8049470519005139E-002  0.85518461468956153      -0.51692505510130737     
   6.0940504137580002E-002  0.86175907872440605      -0.50364426452757360     
   6.7192858837401559E-002  0.85956841162569630      -0.50658391748705822     
   7.8031415314932337E-002  0.86076413912402250      -0.50298727123261200     
   9.2153832714671813E-002  0.85646388848036337      -0.50791463736054321     
   9.6316853745649897E-002  0.85243351042367010      -0.51388731643359120     
   9.5629714183990785E-002  0.85320044437052167      -0.51274161084412961     
  0.10504421308473010       0.85113593077205019      -0.51432804769544260     
  0.10150651020420721       0.84482614139846313      -0.52532391835509185     
   9.3907849312069511E-002  0.84964624167900704      -0.51892444521174752     
   9.1472450365359143E-002  0.84606842456434805      -0.52516760351278247     
   8.4573908159377084E-002  0.84520452322268180      -0.52770879088998335     
   8.3980188130466982E-002  0.83774989495258956      -0.53955763502011223     
   9.9456565066051758E-002  0.83464024772453171      -0.54174168064087047     
  0.10824405918301150       0.83420138922730414      -0.54073215723019530     
   9.2328536603698982E-002  0.83833218679641741      -0.53728445530254887     
  0.11038380793511776       0.84980063633414260      -0.51541662122192922     
  0.11420340867596106       0.85570367213690590      -0.50470665434310080     
  0.11797650563658314       0.85925025660314458      -0.49776554786888538     
  0.11733422685453312       0.85750490802472445      -0.50091717071982789     
  0.12921870393345619       0.85968233725457577      -0.49421534331328448     
  0.13321464019657717       0.86164189579681727      -0.48972145454836141     
  0.14244391472866669       0.85578462451110604      -0.49733530701847162     
  0.14473997970915742       0.85751043518441195      -0.49368632938702406     
  0.15634619595458038       0.84980780448805382      -0.50337119746934822     
  0.14972427161128915       0.85195596217723757      -0.50175061634354368     
  0.15089596234103325       0.84438973787050176      -0.51403927780682146     
  0.17028364977123245       0.84332931144670353      -0.50970496473491145     
  0.16960743005301637       0.84557772446314738      -0.50619327490844512     
  0.17403489899954985       0.84578342010296326      -0.50434339512791360     
  0.18758513853557798       0.84641517814268941      -0.49839057175097756     
  0.20531513969012496       0.84352396073538849      -0.49629932609193239     
  0.19899738996162702       0.84298535588109647      -0.49977567823822872     
  0.21749543327994580       0.84291227427455240      -0.49213274060935064     
  0.21956285669190681       0.83506954152962098      -0.50443137568037710     
  0.22752055348044956       0.83598228080254788      -0.49936762402875051     
  0.23205388524774856       0.83621268680921779      -0.49688966256175354     
  0.22996146626161820       0.83750924096398338      -0.49567730968316320     
  0.23606577895784542       0.83764470548668712      -0.49256907675487177     
  0.24320832800928521       0.83944830274987647      -0.48597968702125793     
  0.24675146510886314       0.84334950542625153      -0.47736288729218013     
  0.25935020876837234       0.84870075256272492      -0.46091702269634799     
  0.26558304922762899       0.84754693250473145      -0.45948867359791867     
  0.27509680038085199       0.85117121375577420      -0.44702272346463479     
  0.29349965363513819       0.84830811901631720      -0.44071678947715587     
  0.29638716211597793       0.84537254701132292      -0.44440961611156038     
  0.29903343850280928       0.85314131188484577      -0.42746801589427791     
  0.32402521477865165       0.84769806361473854      -0.42001863426694652     
  0.33099261290813892       0.85043842877540898      -0.40889897170603812     
  0.34369323200121815       0.85206587602864481      -0.39478944411432049     
  0.35278937182496367       0.85959154793948767      -0.36965122729181277     
  0.36917803183127251       0.85243926013873506      -0.37020924973224800     
  0.39590862446747438       0.84743325023844518      -0.35371351043263255     
  0.42781027229211521       0.83410241180022615      -0.34821191471629903     
  0.42905724308104159       0.84047658453262042      -0.33092143027020188     
  0.43443589042286324       0.84494847231313264      -0.31197361466668350     
  0.44797252376894287       0.84159233694889390      -0.30173325361481568     
  0.46892337474566198       0.83154990595387823      -0.29771735341634875     
  0.46805083610890597       0.83314937661477939      -0.29460232698360950     
  0.47510646017776159       0.83121003993057041      -0.28872776280776302     
  0.49202937289231985       0.82944537516212902      -0.26443801888787671     
  0.49968285660163608       0.83239645604573076      -0.23965221213444937     
  0.50230436951931989       0.83623145459170645      -0.22001653281796071     
  0.51527859351595673       0.83162077919675059      -0.20711072080509596     
  0.53089184697225233       0.82075923675008688      -0.21096948146071881     
  0.54681030280677057       0.81428924149622717      -0.19476017028095416     
  0.55264426276343692       0.81034271536498259      -0.19475369698561310     
  0.56821951085233902       0.80074390096661974      -0.18956738261496670     
  0.58640450795164012       0.78854738899997923      -0.18526405035869534     
  0.58563851356310059       0.78970827486176265      -0.18272485339017325     
  0.59464886797862859       0.78656818255014160      -0.16644283706877258     
  0.59775054765582347       0.78348007898792815      -0.16986244024572697     
  0.60226939290962500       0.77906588972509672      -0.17414912526657550     
  0.60596526461375189       0.77571632932775691      -0.17626762180234951     
  0.61899403909460315       0.76451774456017141      -0.17988606899361936     
  0.62004952042286643       0.76445521513282400      -0.17648460635307800     
  0.60532973014366642       0.77398732273496407      -0.18579435419236018     
  0.61034731729916381       0.77325019709132548      -0.17193104712046473     
  0.61715242894597544       0.77052014391270152      -0.15944148541340433     
  0.63083090946603426       0.76261200848024557      -0.14309188720532651     
  0.64726452109217880       0.75083293050601774      -0.13152395296316291     
  0.64933039503471202       0.74965020732488363      -0.12804141807174022     
  0.65882010461135854       0.73815556085555123      -0.14519792607990156     
  0.66632313967933543       0.73322354360057251      -0.13563446699748458     
  0.66916168268457432       0.73256146150722556      -0.12480523843631981     
  0.67043809361192030       0.73103170262881723      -0.12690710139951117     
  0.68117952112404112       0.72431558387966222      -0.10658984449883292     
  0.68961465880467154       0.71624747832911140      -0.10686988419992062     
  0.69769620541756416       0.70711750728817224      -0.11491229626324052     
  0.69771347269103967       0.70552631974717894      -0.12421160239450539     
  0.70869622046892033       0.69754690435232225      -0.10572598224447846     
  0.72529089161078453       0.68297097187772471       -8.6624327523092404E-002
  0.74028953388606278       0.66688632390343949       -8.5053142265954826E-002
  0.75364820323719750       0.65416475660962980       -6.3897237555368303E-002
  0.76294370709345605       0.64337668370484313       -6.3113728074425862E-002
  0.76993219593075990       0.63607572125386436       -5.1108614739716188E-002
  0.76879240957347850       0.63811967164043326       -4.1970413956855301E-002
  0.76751902680967976       0.63989738197135859       -3.8024781805070060E-002
  0.77123825404933055       0.63642261445275383       -1.2562296926195878E-002
  0.77467781706459360       0.63214176677834044       -1.6464095553445919E-002
  0.78770733909058044       0.61602609320212509       -5.3852053779362427E-003
  0.78402040414276042       0.62073334549075965       -1.4559133459274396E-003
  0.78335074691914108       0.62147550903607207        1.1392935073021920E-002
  0.79623335088299407       0.60384247962691373        3.7238565220196522E-002
  0.80251991153787872       0.59467490799804168        4.8203167766818433E-002
  0.80250024020795785       0.59387766998115987        5.7468926942466227E-002
  0.80240912255634511       0.59364341918411900        6.1049904977356316E-002
  0.81003932307110915       0.58305207477238508        6.2342386721358362E-002
  0.81251895284455300       0.57900064806601548        6.7610656020511001E-002
  0.81336835107874850       0.57708864937045412        7.3488885086268038E-002
  0.82133089409087789       0.56605094990335925        7.0724002470051242E-002
  0.82475549712383556       0.55819481087865630        9.0536860295435562E-002
  0.83031318164471202       0.54743061491273326       0.10440183065110351     
  0.83392598505647286       0.54017418675858109       0.11304556341271026     
  0.84063894330248001       0.52493024309732650       0.13332069188640219     
  0.85428568964614415       0.50461365214525600       0.12474382764064357     
  0.86098678870308987       0.49432678550628012       0.11976134104864161     
  0.86128166791005434       0.48976850298344399       0.13535398777808658     
  0.86308284569394500       0.48625307419912706       0.13655017136840208     
  0.86390153691890426       0.48283417003840323       0.14333631344666486     
  0.86556008559820075       0.47664331127838677       0.15367788400680671     
  0.86237018323830694       0.48265956897989792       0.15283130416792010     
  0.86111774576550026       0.48371276246753736       0.15651898080989032     
  0.85603135268467989       0.49371081585085314       0.15316642429959024     
  0.85343981483342179       0.49779113109142220       0.15441655437101293     
  0.85431199334783459       0.48974840346729320       0.17406182615176322     
  0.85611033220726573       0.48371739127055191       0.18191367312650530     
  0.85804277134983975       0.48267148359293149       0.17547319299677361     
  0.85752087738247995       0.48084568841787872       0.18288075017102745     
  0.86103307614859470       0.47455350296976623       0.18281415316438715     
  0.85859068933896510       0.47034204935739232       0.20396172382760486     
  0.86406333521764800       0.45927899598391381       0.20605182984036474     
  0.86354314913213748       0.45714938543271877       0.21285598179388168     
  0.85835186809763697       0.46615195420118688       0.21432318149866708     
  0.85628390467053817       0.46648666251991311       0.22173873881937980     
  0.85629569964650887       0.46829279115358680       0.21785209781059892     
  0.86024078883050725       0.45293937420839281       0.23416171447095116     
  0.87352125518647128       0.42503523942982019       0.23728814125507189     
  0.87880360754426534       0.40211164628249535       0.25692497599720870     
  0.88598359843302321       0.38249192842412960       0.26216976942062054     
  0.88880561453837870       0.36770124616436212       0.27353312986588796     
  0.89560222760955366       0.34228720380818101       0.28414102134324093     
  0.89827312933432391       0.34303989536741142       0.27464343302222949     
  0.89875373187444418       0.33955243734913726       0.27739118899492510     
  0.89963267480449527       0.33583130001954220       0.27906699616990444     
  0.89519675591615544       0.33752344448281102       0.29103383415274892     
  0.90013197452875437       0.31829687785861221       0.29740465022663271     
  0.90340976018489538       0.29629583162302969       0.30993480825083985     
  0.89979354626434138       0.29422919409868642       0.32218124625911798     
  0.89343620329222162       0.29504008078748944       0.33870798835529570     
  0.90227521722218051       0.27539882663105036       0.33174526172487784     
  0.91121019787350255       0.25085692936545972       0.32675185734845441     
  0.91036904507497030       0.24970632922990990       0.32996204465333701     
  0.90981430262664054       0.24371078346355188       0.33592110496302457     
  0.91111342129176054       0.24368756235823788       0.33239841379573731     
  0.91142910262094068       0.22615698075530394       0.34372956077595651     
  0.90867445017507720       0.22229518629181874       0.35340570701462465     
  0.91207979009956941       0.20507573149527317       0.35504140722400829     
  0.91202452996960537       0.19853983622052684       0.35887768134456116     
  0.91244640978881186       0.17554619176901090       0.36962830494823373     
  0.90882439369109813       0.17091911375308705       0.38055863935255291     
  0.91057983142969978       0.16196065562062559       0.38028031322222899     
  0.91518534075949776       0.14966041063728200       0.37421591835035906     
  0.90103006348545500       0.15963559558422191       0.40331290745259823     
  0.90368179972111440       0.14013226847393992       0.40462594106798810     
  0.90042715848929855       0.12510640589624655       0.41662851493700093     
  0.89646547248016828       0.12736291493728877       0.42441529726152000     
  0.89518440697251100       0.12064191401628478       0.42905757899815855     
  0.89335938784899593       0.10146962899213818       0.43773612888847202     
  0.88836174868758655       0.10419177699593279       0.44716605089738459     
  0.88827282948473152       0.10204573954030097       0.44783707689388713     
  0.88903052118140724        9.2394120335120650E-002  0.44842843234502172     
  0.88511340157051477        9.7273809350748947E-002  0.45509567386942495     
  0.88284093140543263       0.10125429945844061       0.45862779753997346     
  0.88609111766716986        9.2256748226382107E-002  0.45423696855060025     
  0.88333496878408790        8.1045607125790578E-002  0.46168272925118831     
  0.88992283859552002        5.8366304690416718E-002  0.45236126693482193     
  0.87364989234478707        5.4329187047421498E-002  0.48351236286232430     
  0.87832775319519996        3.6501318680832298E-002  0.47666341552675545     
  0.87346230621962007        3.3917626079457260E-002  0.48570896044301554     
  0.87259521964600306        2.6185633287790028E-002  0.48774162756551714     
  0.87389213393830900        2.9225943021086036E-002  0.48524054086120710     
  0.87439556749564795        3.1217566902645617E-002  0.48420848305315972     
  0.87032710545042058        3.8392731859761789E-002  0.49097528212592945     
  0.87000867046528740        3.1236129197388583E-002  0.49204595064687351     
  0.87459069469277861        1.7867825659534396E-002  0.48453261764612054     
  0.86899461324708704        6.2588650042107695E-003  0.49478196082355563     
  0.86199253028419243       -9.2073831214120171E-003  0.50683735244189398     
  0.85770849096105217       -1.5778237554678137E-002  0.51389414450155146     
  0.85271872957722827       -2.1063882751825667E-002  0.52194547710619588     
  0.85672520024895493       -2.5844543892260517E-002  0.51512521857252158     
  0.84637284658659595       -4.0140209068476235E-002  0.53107604745162540     
  0.85288103289087969       -3.4317905769710493E-002  0.52097622314129399     
  0.85525205551056827       -4.0865650170728948E-002  0.51659841287122765     
  0.86157104228562131       -5.3377813790594530E-002  0.50482288784266094     
  0.86900592841452595       -4.7116436219992196E-002  0.49255328424276612     
  0.87092478059094913       -3.5311892056574805E-002  0.49014599542584425     
  0.86538208441930342       -4.2608523237118570E-002  0.49929786872532589     
  0.86313212554327712       -5.7917481067192522E-002  0.50164579061522652     
  0.85850638175427751       -6.6602533297972166E-002  0.50845933470187288     
  0.85953327172505356       -6.4657132470485879E-002  0.50697338196232478     
  0.86317173772961997       -7.1707962865442010E-002  0.49979247618038031     
  0.86718173978651891       -9.2025163697416354E-002  0.48941516060221202     
  0.86782340632775712       -9.3430913950600533E-002  0.48800942588032409     
  0.87188787199450712      -0.10263752176748098       0.47882886065307273     
  0.87149717614975197      -0.12436208430998616       0.47436983878518624     
  0.87160804067436670      -0.12971510392234525       0.47272974863679268     
  0.87041880374256264      -0.11889763978398490       0.47773890080792447     
  0.86428293800739753      -0.12433504743773049       0.48739696249356984     
  0.86333433905590284      -0.11028932033285456       0.49243282265444560     
  0.85519315610314151      -0.10487516729554659       0.50758828300018799     
  0.85481789332398828      -0.11159027859862848       0.50678790334361679     
  0.85531052611693159      -0.12708691684403986       0.50228758642898341     
  0.85613925211081521      -0.12207415511389896       0.50211899152328598     
  0.85088886417236376      -0.13818323345596101       0.50684665809209029     
  0.84852695036686077      -0.14608662047974974       0.50858697763304983     
  0.84501150866599883      -0.14270407121636497       0.51535531265359757     
  0.84270762727303383      -0.15015352981413282       0.51700848389577836     
  0.84654211115969269      -0.15282722707055321       0.50991204408134527     
  0.85656553347721787      -0.14128500158645732       0.49632049643914977     
  0.85658985357639505      -0.14036402787691810       0.49653978937053739     
  0.85995315224400459      -0.13061130002522678       0.49337740549331999     
  0.85841224448992492      -0.12430858255718444       0.49767036762539235     
  0.85786928208202895      -0.11074514296619956       0.50179259477343863     
  0.85662574347744325      -0.11743125062809702       0.50239649380508100     
  0.85105359175306861      -0.12420932051426826       0.51017627214677985     
  0.85544471264209399      -0.11879137885700124       0.50408625444653576     
  0.85340793750177490      -0.10307877386889115       0.51094976131382297     
  0.85157800726368160       -9.8835523939713857E-002  0.51482660843470218     
  0.85013795075157417       -9.7086802930491350E-002  0.51753223801900894     
