 -0.13298465695588177       0.95250753973239399      -0.27394245338623252     
 -0.11781786569865188       0.95648973385716851      -0.26692009955800944     
 -0.11641665314930461       0.95867054166794829      -0.25961116194724215     
 -0.10262832592536351       0.95847528111391955      -0.26606871708517382     
 -0.10467524292718147       0.95921651111751316      -0.26257718544778658     
 -0.10600803023024953       0.95939673471993869      -0.26138133624155752     
 -0.10601252990932129       0.95788227675972659      -0.26687616486270899     
 -0.10409379620634403       0.95503265944497373      -0.27762763008175717     
  -9.6502688235553760E-002  0.95468365944770583      -0.28154278812792949     
  -8.5934962475717261E-002  0.95683377536370329      -0.27764061040766214     
  -8.0104588554977693E-002  0.95879956030036095      -0.27255578889517734     
  -8.1332299091762789E-002  0.95549324357390342      -0.28358018021199793     
  -8.1988233508708111E-002  0.95661232753955783      -0.27959038675439307     
  -7.9946516014324370E-002  0.95335605941615598      -0.29106834000225856     
  -6.1292645536365327E-002  0.95082828435402600      -0.30359312455247289     
  -5.5988552005762804E-002  0.94719253267787606      -0.31573974739264121     
  -6.5124045989555832E-002  0.94615506621913170      -0.31709533156737152     
  -5.7458508099858120E-002  0.94782745251035416      -0.31356281685600268     
  -5.3403213341138671E-002  0.94580014661044087      -0.32032823708894237     
  -5.2342112472860219E-002  0.95013186079967615      -0.30742438152369050     
  -3.0823973565364898E-002  0.95556655892278630      -0.29315940053511386     
  -2.0574079656225024E-002  0.95350951787847238      -0.30065978540779797     
  -1.3931163416618750E-002  0.95389880831618967      -0.29980491353347366     
  -6.8874730144500261E-003  0.95364816402373764      -0.30084504644356413     
  -2.0709730915649687E-002  0.95304666970516505      -0.30211446904988787     
  -1.5450240181608028E-002  0.95086865066208703      -0.30920882792441873     
  -1.6024687549342883E-002  0.95427411760680725      -0.29850312871843626     
  -1.9660387270872597E-002  0.95694858586617215      -0.28959087206107298     
  -9.4700816937957726E-003  0.95765376637941679      -0.28776653956294257     
   8.5479267806997487E-003  0.95859141417094906      -0.28465669432755669     
   9.2861554495379216E-003  0.96270794044834518      -0.27038341057593168     
   7.0954826967929187E-003  0.96239404330405021      -0.27156465075223274     
   1.1904612034837279E-002  0.96156919665727736      -0.27430450279238727     
   5.3808857096213202E-003  0.96201101513611942      -0.27295760261577845     
   8.4157600345233941E-003  0.96148218649347217      -0.27473838472039935     
   1.5146336009066933E-002  0.96205118126422728      -0.27244836783068760     
   1.2425416800506097E-002  0.96496416570160148      -0.26208732882218128     
   1.7221643896412567E-002  0.96725997022599419      -0.25320261645550685     
   3.1485439258605342E-002  0.96651220406743388      -0.25468181423769731     
   4.9594774695479925E-002  0.96656091437676916      -0.25159562222353715     
   5.6813870476333773E-002  0.96736532906932693      -0.24693421033969989     
   6.4561480312522457E-002  0.97023022805308567      -0.23342047860441348     
   6.1737286453565750E-002  0.96836041972102305      -0.24179868688451261     
   5.9754463598000705E-002  0.96825279781563289      -0.24272602580340405     
   8.0139079863024584E-002  0.96982961243966637      -0.23023520737244910     
   7.4440507972124176E-002  0.97146242831422103      -0.22520959381582559     
   7.5013840520195232E-002  0.97403153260645414      -0.21362466435019301     
   9.1849259863887256E-002  0.97291492874296559      -0.21213263514020744     
  0.10407538188318288       0.96834594607035462      -0.22687979992714188     
  0.10333170103254061       0.97019174016000731      -0.21920434960789187     
  0.10420709659056408       0.96968612220119543      -0.22101969466672833     
   9.4114037079950488E-002  0.97165927280793019      -0.21684281309482634     
  0.11086351234402311       0.97224797504430527      -0.20601736978467422     
  0.12300198219342186       0.97190660740164547      -0.20066902816706211     
  0.13623623876382243       0.96912016328345674      -0.20553782222485034     
  0.14392092019060909       0.96828454940915554      -0.20423466920921474     
  0.15047098556157004       0.96652303807537476      -0.20782612774547593     
  0.17097457976289632       0.96359765351588400      -0.20554137105114698     
  0.17491823203027285       0.96387294170074600      -0.20087947720101867     
  0.18634850684387677       0.96477413962041159      -0.18570162497068365     
  0.19373251735619185       0.96103579697070396      -0.19717481750902380     
  0.20929504617622124       0.96002748437095686      -0.18585696892628401     
  0.20911660406351637       0.96170569968192998      -0.17717898606841695     
  0.21828945189136328       0.96102512909171389      -0.16964791907719626     
  0.23169849740918388       0.95692250741310958      -0.17497177230780286     
  0.25675444486226295       0.95080615564688498      -0.17333438616577634     
  0.26168841136006060       0.95067141931089771      -0.16656238430466186     
  0.26844865000124268       0.94978999513435036      -0.16073048079067628     
  0.28636791933827516       0.94431788888743862      -0.16204054894080985     
  0.29321476045087747       0.94458260857858867      -0.14761029714963581     
  0.30306318908399116       0.94064120613839430      -0.15279667776737876     
  0.30496583636973662       0.94159084184919029      -0.14283740824112384     
  0.29977127749744947       0.94301101437082102      -0.14445555705082028     
  0.29702248303504752       0.94321043692082562      -0.14876732253865527     
  0.30710481000617601       0.94007910473605338      -0.14811452497892352     
  0.31134734471401765       0.93688914092043440      -0.15906466787097187     
  0.32170408736022760       0.93504219958999013      -0.14900525212768981     
  0.34095701455788335       0.92885091418204679      -0.14485956456841845     
  0.34381387689400333       0.92881909604506485      -0.13815608881675767     
  0.34234186411597967       0.92886700282886037      -0.14145012947794047     
  0.34635039923566285       0.92854229196045235      -0.13360618619707321     
  0.34682093384858526       0.92696700714161884      -0.14299443176328630     
  0.34097382614817889       0.93018211509044602      -0.13600765657761871     
  0.34156668484426661       0.92958527906375088      -0.13857636433557688     
  0.35904796424394525       0.92272171609269138      -0.14024690379198845     
  0.37211284931469130       0.91952245278550704      -0.12653254995545105     
  0.39112822318527318       0.91284279085729114      -0.11720389160690589     
  0.39611386719984937       0.91152843422889018      -0.11049759184800312     
  0.40498828538411547       0.90785526296140717      -0.10855095676644083     
  0.41188884340254628       0.90548215845970159      -0.10222348747559382     
  0.43276819668764066       0.89703249181680955       -8.9690560042033185E-002
  0.44620894134644434       0.89045307108058669       -8.9391883667576041E-002
  0.45108676331150871       0.88699984772140195       -9.8752225834950941E-002
  0.46808235905383833       0.87889956962781879       -9.1839270743118762E-002
  0.49574797960450867       0.86329127824371632       -9.4668419371929907E-002
  0.51722487292397046       0.85123552687040560       -8.8749696463965175E-002
  0.52684235878235242       0.84683780582899837       -7.2820736135902897E-002
  0.53320522423748906       0.84226472673381070       -7.9261080902741352E-002
  0.54368363582281320       0.83564466073939347       -7.8141570986460185E-002
  0.54907037378510215       0.83128447799707006       -8.6532313459350418E-002
  0.55255590082945194       0.83026977596528428       -7.3034755952980063E-002
  0.56482088965135802       0.82039704237279121       -8.9028397039510335E-002
  0.57484851318182373       0.81176707041423013      -0.10287570307776608     
  0.59371275889502795       0.79910996555627922       -9.4490332171595373E-002
  0.60230525674098001       0.79342843628338788       -8.7747901394164413E-002
  0.61100697561484163       0.78901439697911002       -6.4239840517375413E-002
  0.61698718558414645       0.78464547789408756       -6.0483773405049047E-002
  0.63176254838160772       0.77322856424742525       -5.4714439540609554E-002
  0.64644095782019795       0.76113683758834316       -5.2771228131657300E-002
  0.65816493359088246       0.75191197324566228       -3.8043457796629820E-002
  0.67118291278886688       0.74042916587252683       -3.5751194463532934E-002
  0.68082816922964262       0.73169108019223461       -3.3183838694975418E-002
  0.69072103374057936       0.72198168106379801       -4.0582086647162431E-002
  0.69514942172205618       0.71635117059607833       -6.0068975895404012E-002
  0.71125250478845126       0.70185831569096635       -3.8920163509354087E-002
  0.71918715029528846       0.69336210448466118       -4.4931446835655212E-002
  0.73356050073471701       0.67890655233703534       -3.1223147754091490E-002
  0.74070629673658628       0.67137312309493169       -2.4744929996474201E-002
  0.73804196501610553       0.67461877727471409       -1.3548550606454096E-002
  0.74779697456062955       0.66392529084872354       -1.7008848895738869E-003
  0.76983726393831697       0.63818104553970800        8.6913845739303771E-003
  0.77091454075762311       0.63677750673578526        1.4324027499993407E-002
  0.78333431731108694       0.62141668747349132        1.5121106184623244E-002
  0.79904851387012854       0.60094269295353664        1.9732011242952031E-002
  0.80429566153241039       0.59414345889920361        1.0101439869295976E-002
  0.80808633610006875       0.58897319727313246        1.0346318293630414E-002
  0.81281887815099751       0.58237679202938764        1.2757093199995528E-002
  0.81701494330927926       0.57657263131245506        7.1121888871979941E-003
  0.82169669416539404       0.56992480600958684        5.0822494785853541E-004
  0.83515107201093053       0.54967580844245967        1.9472866561530026E-002
  0.83281308286418787       0.55286909732093392        2.7534164918943130E-002
  0.84158041340640755       0.53955823636364952        2.4886087335071777E-002
  0.85050294751773359       0.52267237541230671        5.8807518605232270E-002
  0.86286169636292387       0.50279453098774352        5.1646418641713224E-002
  0.86908754042887060       0.49132422606447734        5.7335433664003288E-002
  0.87584135155233700       0.47955698092281268        5.4102023614401688E-002
  0.88185222056078827       0.46992473311507260        3.8825330632653463E-002
  0.88591989038526975       0.46260917147792102        3.3744663048596239E-002
  0.89820567803981233       0.43716617177776512        4.5959745323647418E-002
  0.90906343069616469       0.41450660821603291        4.2284166258309060E-002
  0.91869340278549816       0.39286578491163260        4.0729678665200823E-002
  0.91833354272777801       0.39321415537837279        4.5234194047475050E-002
  0.92780894667842795       0.36979511394927683        4.9215161918956668E-002
  0.93184210948303070       0.35991988945106002        4.6129775327370511E-002
  0.93231860150822077       0.35859281033557172        4.6831844479943409E-002
  0.93253293259291015       0.35926627001046424        3.6194983940272346E-002
  0.93355008123873318       0.35614012119316929        4.0601230223608557E-002
  0.93826416283368053       0.34154241202631513        5.4855642638294733E-002
  0.93808107097643578       0.34070492896462745        6.2642283283038197E-002
  0.94080956596800602       0.33145724168742202        7.0805773183122991E-002
  0.94094676503472818       0.33155573012686629        6.8483451948063323E-002
  0.94205800670274131       0.32476542610076947        8.3988868410307699E-002
  0.94890436315949001       0.30764148118690759        7.0265415604042050E-002
  0.94767236099064700       0.31169171480972557        6.9031667612666131E-002
  0.95127445668289146       0.29711425761760679        8.2462270057330145E-002
  0.94967562740699207       0.29804933590323857        9.6347268133440106E-002
  0.95497550165584844       0.28344208268548587        8.7649169990801412E-002
  0.95627879153248596       0.27820955154128069        9.0168277661099139E-002
  0.96016147683592612       0.26093146315978466       0.10002354689546368     
  0.95873399642592105       0.26533538625583430       0.10210904415207385     
  0.96015412041684867       0.25681095064404985       0.11023702044162757     
  0.96528017268499844       0.23620971057678442       0.11153098605523258     
  0.96607828492081893       0.23360246880046245       0.11010283363646214     
  0.96310299439919311       0.23620801657214080       0.12898990304036864     
  0.96572958863245262       0.22510932499171260       0.12919811702021730     
  0.96469900898487138       0.22271053423680195       0.14055546949004147     
  0.96936143980875000       0.19868169646639830       0.14444370010887481     
  0.97400689302214249       0.17798039604490123       0.14011977365473396     
  0.97466109931602951       0.17488420384578654       0.13946776231551081     
  0.97714875875595242       0.16298146127051644       0.13644539766451927     
  0.97973081806153628       0.14083078616472389       0.14245776148985204     
  0.97842639733515357       0.13244723758197893       0.15855445201776891     
  0.97801377702736236       0.11318831030388722       0.17514981688606915     
  0.97777057052278604       0.10827811109734012       0.17955657068661565     
  0.97772843298708012       0.11413368684439718       0.17612669546645779     
  0.97723314687444796        9.9814145562115708E-002  0.18722316361916855     
  0.97660161661681366       0.11171657294757215       0.18376259072584977     
  0.97893999762340345        9.5936068605013664E-002  0.18020197499946172     
  0.97584208452635535        9.1862755387103340E-002  0.19822578096692584     
  0.97635854100091368        8.0303812269396813E-002  0.20068706273591710     
  0.97711666199513536        6.8430480163581081E-002  0.20139587442663054     
  0.97893534436751828        6.7167481738969873E-002  0.19280591522277851     
  0.97468547593752419        5.0370678703903861E-002  0.21783254514270697     
  0.97310949831205773        4.1500050570718469E-002  0.22657371890288441     
  0.97351994659155028        3.2647938544318071E-002  0.22625875827731531     
  0.97286260888077047        3.2124364809551900E-002  0.22914268355608608     
  0.96983377155006367        2.2002375855280532E-002  0.24277222044068766     
  0.97172278612514884        2.0658425383122615E-002  0.23521916670600734     
  0.97066353493245316        2.2085880605799316E-002  0.23942538677070288     
  0.97243582335219914        1.3442631996975086E-003  0.23316681242788606     
  0.97084747224974099       -1.8244203304722522E-003  0.23969117029366593     
  0.97419895554715241       -3.6594252149494680E-003  0.22566125856676023     
  0.97035439095919485       -7.7722632009521366E-003  0.24156147844999115     
  0.96826544577458340       -2.2229094503947569E-002  0.24893351296376703     
  0.96776894774712308       -3.2294073809302076E-002  0.24976059852031524     
  0.96589510588230743       -3.9046295254534583E-002  0.25597271584975922     
  0.96477439637077256       -5.2074097077066235E-002  0.25787332650163652     
  0.96681651798875756       -6.7333295864226400E-002  0.24643873034114383     
  0.96519047615660114       -5.4614420876740920E-002  0.25578234843102932     
  0.96482713715115209       -6.6614330135294622E-002  0.25430518366194987     
  0.96454932063721166       -6.0345895534433355E-002  0.25691045317471911     
  0.96776014187227288       -7.0233019921527237E-002  0.24188350649860574     
  0.96807220169882158       -7.2723942869298730E-002  0.23989047590836043     
  0.96691450285931446       -7.9000580043337251E-002  0.24255979162495508     
  0.96766336576944367      -0.10116756817319850       0.23106867744822829     
  0.96131032598985544      -0.11345542493011584       0.25101857241886433     
  0.95735209811388555      -0.11975144478325322       0.26293830399784823     
  0.95652638763196352      -0.11262195159789348       0.26902335545827433     
  0.95369684746724404      -0.11358642237941727       0.27849676440146620     
  0.95442395140449887      -0.11694004827004713       0.27459050620154851     
  0.94894091243851131      -0.12315772310546255       0.29041921413681304     
  0.94689774976745889      -0.12791539057407392       0.29499543104869397     
  0.94523463187060974      -0.12566531108335893       0.30123034425959738     
  0.95056646239284182      -0.11895862093320872       0.28683139137763031     
  0.95130105634702677      -0.13044400930870728       0.27930388580988535     
  0.95149549728026950      -0.12361389715306322       0.28173732994760320     
  0.95274754749558155      -0.12293903251657776       0.27777347790068552     
  0.95242801548946388      -0.12139012482148580       0.27954483165786848     
  0.95390819771990909      -0.12570504786521125       0.27250209405426612     
  0.95699799612693415      -0.12072080466763543       0.26378271878466841     
  0.95662765205643685      -0.13067999254107002       0.26035797447063963     
  0.95743620254099049      -0.14736217480684780       0.24819409239561643     
  0.96095862068773297      -0.14126329248846578       0.23791429448700244     
  0.95927002717363918      -0.15160357723044149       0.23836394512849296     
  0.95735259001142625      -0.16353326599853296       0.23818666904398139     
  0.95692109904669198      -0.15960189365988353       0.24254740926146770     
  0.95527743886922101      -0.18151266594955409       0.23344842446961916     
  0.95517947802068492      -0.18677161262639247       0.22967048022126832     
  0.95031302899834724      -0.19851127394601609       0.23978828376781683     
  0.95159558639785513      -0.19552894313287086       0.23713766538756623     
  0.95504337351771584      -0.19195379634647430       0.22593338568719196     
  0.95373953093147190      -0.19073293072100148       0.23238299481070782     
  0.95283010820780667      -0.20594618851818813       0.22293710397224192     
  0.95059451331152844      -0.20468754646622470       0.23339468627981874     
  0.95129743357426477      -0.20563003995675910       0.22967254851722921     
  0.95334005092648955      -0.20100838058285117       0.22525181072510264     
  0.95528104167939365      -0.19257396140306424       0.22439563453299011     
  0.95173725627278294      -0.19366983228215839       0.23809282031626824     
  0.95767197760649714      -0.17757751374820427       0.22656259602650028     
  0.95485264817288185      -0.18167861200896160       0.23505170115472843     
  0.95656966871185423      -0.15712963509033515       0.24552952302497491     
  0.95622513820720634      -0.15118407720401394       0.25055310786453927     
  0.95631690970879535      -0.17515139518222281       0.23405118451043971     
  0.96064314335943068      -0.16909762074820084       0.22038771693043610     
  0.96358506348858364      -0.16869117420074745       0.20747798237035961     
  0.96195390146766013      -0.17198619488846451       0.21228622239545883     
  0.96017997318776727      -0.16918555339320898       0.22233008706014587     
  0.96395824949188968      -0.15373963594995815       0.21713732423170876     
  0.96017781277769221      -0.16850646152162904       0.22285452715820447     
  0.95832608443632972      -0.17215021939580155       0.22798117872076645     
  0.95832608447589718      -0.17215021944605591       0.22798117851717511     
