  0.10437752926339483       0.67243661189079063      -0.73275803262311867     
  0.10562839532868261       0.66926124353346039      -0.73548081552433020     
  0.10189688563555509       0.66956293153036184      -0.73573263174759562     
   9.1631139889505192E-002  0.68656703470087965      -0.72126932630231244     
   8.9307861017472998E-002  0.68774959766793464      -0.72043361725288591     
   9.2195948128100558E-002  0.68909532465153955      -0.71878198411768079     
   9.3563280411714994E-002  0.68736385185973292      -0.72026165225919814     
   8.9035601234279435E-002  0.68958942225953235      -0.71870653984822963     
   8.5178853836282487E-002  0.69279733577898628      -0.71608408332868079     
   7.5397433161600996E-002  0.69200844401878581      -0.71794118176863286     
   7.3514863003360478E-002  0.70088928864296451      -0.70947147228282281     
   7.3385996981849652E-002  0.70871674362260695      -0.70166592674573325     
   8.1186008141795815E-002  0.70925181098460677      -0.70026473615130458     
   8.1534729695961969E-002  0.71250089025179930      -0.69691790710513390     
   9.0560991005955827E-002  0.70617431899447969      -0.70222257020171508     
   8.5916358970003118E-002  0.70579154309812897      -0.70319035612876624     
   9.3436652790839556E-002  0.69525301528895300      -0.71266600637806765     
  0.10447092287682740       0.69575468907340743      -0.71064142780000583     
  0.12560482397691536       0.69327008943518786      -0.70964780792182802     
  0.12866851784928421       0.69537322561670978      -0.70703641321354938     
  0.12826730929303642       0.70050871173682250      -0.70202210944352883     
  0.12151253865451470       0.69162477722697113      -0.71196198667869715     
  0.11907884938511187       0.69827458413260080      -0.70585609920405257     
  0.12828367894126497       0.69601319339653511      -0.70647642022593560     
  0.11510606240767551       0.69682386567220156      -0.70794568621233278     
  0.11712179062469653       0.69898080157192910      -0.70548446134179954     
  0.12493971966051289       0.69368287610023238      -0.70936177924699573     
  0.13232964628733196       0.69113470396095200      -0.71050804759290298     
  0.13573512215799796       0.69578041999083684      -0.70531240154284036     
  0.14620511502559547       0.70468979546802191      -0.69428838136871540     
  0.14566281251585081       0.69593687117947300      -0.70317438547127020     
  0.15063278621704176       0.69044219844822929      -0.70753044762643802     
  0.15479848237823510       0.68683177497575454      -0.71014050915086568     
  0.16739599619781095       0.69151634721254840      -0.70269746121268806     
  0.16981862343641979       0.69149919392978765      -0.70213282214166173     
  0.18466734354403413       0.70162100253883264      -0.68820486849832296     
  0.17209910684135080       0.70670401298151242      -0.68625894198927273     
  0.17172984598884874       0.70183172901200297      -0.69133283167275528     
  0.16695683218910573       0.70601095476666009      -0.68823974597145221     
  0.18522131491334948       0.71456262998977482      -0.67460604231200461     
  0.17655809387658841       0.71139718361229398      -0.68025089976799213     
  0.18354202791963048       0.71814846245830388      -0.67124891795512398     
  0.19649090740632677       0.72764376718909884      -0.65721067503312425     
  0.21550463686305571       0.72383830634082214      -0.65545088127499906     
  0.22060682686726116       0.72199847574172660      -0.65578260800831167     
  0.23316115443182031       0.72132023166813208      -0.65217558943144571     
  0.24113467657498003       0.72159558485556929      -0.64896369672735088     
  0.25940461762381267       0.72450823450172175      -0.63858990165413954     
  0.27334018199985677       0.71910979740802305      -0.63887889633018691     
  0.27652887957900024       0.72179280900743636      -0.63446585378878972     
  0.28720510680115668       0.72356495673685672      -0.62766788989857303     
  0.28777046786480937       0.72141458272446968      -0.62988027247830836     
  0.30658342698068836       0.72594504597307941      -0.61563819937356190     
  0.31833280593017671       0.72482925180571933      -0.61097199640849520     
  0.32500540935077343       0.73199626921990635      -0.59879290722325240     
  0.33365569416970020       0.73062850801980694      -0.59569779336244533     
  0.35572644192224545       0.72177296056211449      -0.59371920292234037     
  0.37095304517569927       0.71921289519405873      -0.58747480768238514     
  0.37635001398236728       0.72099766091678841      -0.58182732827531591     
  0.38935939230493988       0.72956154471288726      -0.56226258643099658     
  0.39529885913759361       0.73009819581319479      -0.55740060677652226     
  0.39270624929675957       0.73283159867970538      -0.55564345558984052     
  0.39698661282203956       0.73736386309555801      -0.54653102623810690     
  0.42266609445283754       0.72533114682343658      -0.54336737116593858     
  0.43384080361256516       0.71497552041759971      -0.54826285878617242     
  0.42975751050772154       0.71110387393070729      -0.55645283954971991     
  0.43586350484507252       0.71228925434041945      -0.55015181840591831     
  0.45307419333234922       0.70646841656251458      -0.54371513840971408     
  0.46076360378924097       0.70991207375919796      -0.53265537541084285     
  0.46701412339393078       0.71937014758972073      -0.51420268310009987     
  0.46856824525855467       0.72390969161322072      -0.50635813208022085     
  0.47761062890004979       0.72440894085746954      -0.49711142972924954     
  0.48116281371984349       0.72607376389912426      -0.49122218605287238     
  0.49599068251207556       0.73585829027112182      -0.46098353495593236     
  0.51916284366862309       0.72722428538426942      -0.44901534550753158     
  0.52467758226707051       0.72613516722013993      -0.44434350855229338     
  0.53793679660335891       0.71999873618848187      -0.43843565405553642     
  0.54289895232159247       0.72041371474535765      -0.43158406733209137     
  0.54969141688906298       0.71376610596306844      -0.43402452946442205     
  0.55059795224288521       0.71903788744844099      -0.42405944323835632     
  0.55030437003280774       0.72687786787949449      -0.41086940201206945     
  0.55681401240292683       0.72350682080937789      -0.40803925771187810     
  0.55709563078593149       0.72620161836520480      -0.40283454127343937     
  0.56258191323990892       0.73184651133378709      -0.38458064790611673     
  0.56946061178129626       0.73214469950182248      -0.37373620458962475     
  0.57285598107121449       0.73763382545562195      -0.35739664868971849     
  0.57453598551549556       0.73869897543941521      -0.35246592038450397     
  0.58418241568472129       0.73764607620300904      -0.33853976349473136     
  0.59969175777072470       0.73253064920155730      -0.32213140741350244     
  0.60966038580000526       0.72891139711322006      -0.31145206556489985     
  0.61126388650303409       0.73331466143952939      -0.29766771470052705     
  0.62211441140716195       0.72975898645649917      -0.28359386595182734     
  0.60814352042125941       0.74329793223694307      -0.27869273851667137     
  0.62039622012710371       0.73614908815972224      -0.27054214099399176     
  0.63158897062870856       0.72848242508401506      -0.26534643114969758     
  0.64453334452203859       0.72218208649671178      -0.25105736743320517     
  0.64112775077676531       0.73030406293263861      -0.23582023417851170     
  0.66377735706682750       0.71703467164370083      -0.21274609257560601     
  0.66808431740876661       0.71430997797503137      -0.20838570055973865     
  0.67293948129398140       0.71461012947763780      -0.19100999283739359     
  0.66384397087338598       0.72601060305963350      -0.17949870913196589     
  0.66565905475587961       0.71918004164608396      -0.19919360059862729     
  0.67087429539019838       0.71851834927166791      -0.18346406063483309     
  0.66670983509852666       0.72351650074296714      -0.17894655329328932     
  0.66452259473693409       0.72913770927565147      -0.16360905230563905     
  0.67850560965342377       0.71645295469260351      -0.16225073614955932     
  0.67707725311503086       0.71701663021884454      -0.16569111413656934     
  0.68691546739579090       0.71309529168648833      -0.14015079602694233     
  0.68762985221506512       0.71522504003712661      -0.12497331093709124     
  0.69916020423258840       0.70665486690129564      -0.10869180236870309     
  0.70904256271387334       0.69875799591412979       -9.4846757489199005E-002
  0.70393339224790741       0.70617508938794993       -7.6121760399210731E-002
  0.70869500129437968       0.70046015021368380       -8.4302865330800933E-002
  0.71108148535321047       0.69979950474114538       -6.8145244528996368E-002
  0.71391532523073753       0.69903763809270825       -4.0881400788847201E-002
  0.72003449413321130       0.69302594324086531       -3.5572029088037846E-002
  0.71698478913297536       0.69616583083751993       -3.5860118882250804E-002
  0.72511703572032205       0.68846723873297799       -1.4769756245863524E-002
  0.73053555446500373       0.68286950002909153        2.6551068769626422E-003
  0.74448065389315665       0.66764156903819682        1.8141860525095596E-003
  0.75196707440241228       0.65917007544753936        6.3506416340733561E-003
  0.75652557050841696       0.65391384541026243        8.1082641593383468E-003
  0.76304585297107830       0.64634434998530677        8.6635503955418899E-005
  0.76425777745006129       0.64483881259441433        9.6413369881675967E-003
  0.76779596695275598       0.64052109830136494        1.4902206611642911E-002
  0.77415457552726497       0.63172906929204564        4.0038434055378845E-002
  0.78037667047738790       0.62259527422470029        5.8201174281082915E-002
  0.78592412953268520       0.61576889685057501        5.6142036743576047E-002
  0.79044505267146026       0.60851152097410832        7.0073872085032560E-002
  0.79561119468262542       0.60045950894429712        8.0319393760533181E-002
  0.79295794823119370       0.59913009815480978       0.11072857725982056     
  0.80008843616891723       0.58763320032292177       0.12060562253484573     
  0.80194198415689366       0.57921667497985807       0.14627746740965414     
  0.80511742193053104       0.56852701415839590       0.16900583148541051     
  0.80124520322488924       0.57053537664791121       0.18026510561484879     
  0.80339281450271682       0.56733383797065129       0.18081012664918522     
  0.81010820336155553       0.55271179087628153       0.19553612216837793     
  0.81568959120438167       0.54084270484418928       0.20527946662452792     
  0.81906085752366331       0.53628040825043732       0.20382010548359866     
  0.82295129132159628       0.53171651426419042       0.20007178854315624     
  0.82395226938618160       0.53130427199428598       0.19702392832847729     
  0.82045151183434029       0.52784122889165475       0.21964278684011929     
  0.81733588332299723       0.52705018400440751       0.23276631494599215     
  0.82273591295447146       0.52132901108772567       0.22654288718312715     
  0.82129582499116505       0.51662897056691826       0.24200759207728956     
  0.82666572317346376       0.50931435698523220       0.23921259979109372     
  0.82893391490085311       0.49871650368671605       0.25327931948274562     
  0.83181827601053182       0.48218424784216507       0.27491218020988328     
  0.82830054236604023       0.47594307594497420       0.29562882128804685     
  0.81924473285535704       0.47064043451399096       0.32762119755784502     
  0.81870360720952684       0.46549012078550117       0.33621920080984069     
  0.82159130432997363       0.45656224830967213       0.34137756526724122     
  0.82259794082436211       0.44651037990462372       0.35208111052561170     
  0.82251144226558870       0.43877319289495370       0.36187430488907119     
  0.82332502627677806       0.42845062505669906       0.37224449357225714     
  0.81551642587560247       0.43353532895437091       0.38337980864347626     
  0.81897716557923295       0.41725505656860556       0.39392209893294294     
  0.83012301396324073       0.39811124638675099       0.39038854643671683     
  0.82586818824143593       0.39480169849409574       0.40258335101812709     
  0.81777652357052477       0.39576732633164186       0.41786335195278052     
  0.82236337097824830       0.38114572782531519       0.42242918960910458     
  0.82682436272306081       0.36635186277418763       0.42678775269387609     
  0.82413140863716883       0.35720667085043317       0.43955752251288494     
  0.82443404557196021       0.35185414447451552       0.44329128743745577     
  0.82335007608758126       0.34747268481820676       0.44872863237351007     
  0.82584088221205754       0.33066620438582411       0.45677860998987557     
  0.81662552491985463       0.34366580553422321       0.46369878817599353     
  0.81689720954986755       0.33451370925564466       0.46987182012722328     
  0.81555943684797572       0.33596373668309093       0.47115939192819628     
  0.82451994100034609       0.31697620657897574       0.46871414674147349     
  0.83233825428926811       0.30016876069126613       0.46595251426702500     
  0.82685194518594485       0.28882126625902010       0.48259521019044005     
  0.83857182657895046       0.28103452912692167       0.46670856549505424     
  0.83938546825312388       0.28434463175272062       0.46322798499107709     
  0.83957636354466469       0.26564339512226887       0.47386191702333480     
  0.84198869411301058       0.26121091481329617       0.47204226184555559     
  0.83157109981724253       0.25977845052617410       0.49092225717618615     
  0.83043962864708742       0.23407200796491440       0.50554952107559115     
  0.82160787710098815       0.23763715043082501       0.51815932011373111     
  0.82102872146794215       0.24396356939817368       0.51613333096324909     
  0.81887464726295767       0.23833105800600585       0.52215191166910868     
  0.82197759658429670       0.23558786329115133       0.51850862035593281     
  0.81938465502100966       0.22165482394289776       0.52865671861704711     
  0.82355497894876550       0.20687694552528713       0.52816581303490728     
  0.82236713718673260       0.20459620078151430       0.53089799990305830     
  0.82844345789940455       0.19708170625684446       0.52425207498165216     
  0.82414387978529635       0.19813414247825323       0.53059374948904714     
  0.81691735983904246       0.18941471908011273       0.54476425303924769     
  0.81796928123634383       0.19942111669777796       0.53959009735975516     
  0.81335925099381812       0.19121042965228283       0.54944089801812546     
  0.81426207622099256       0.18891045085344418       0.54889900053345531     
  0.82270537089113538       0.18868491522651024       0.53624050152225888     
  0.81402603899293480       0.20584466947980221       0.54312943198488473     
  0.81422944451291401       0.19516223468560093       0.54675599113380868     
  0.81194213877125765       0.18021730503769010       0.55522219538893369     
  0.81546878648436372       0.17905973878127790       0.55040736570044091     
  0.80812163735179510       0.19713717905490474       0.55504626102526555     
  0.81074492046748070       0.21316237855766060       0.54521048623794677     
  0.80812685581359467       0.20085238438042313       0.55370507005221814     
  0.81172952163763412       0.19717471338757619       0.54974295457283029     
  0.81526773258316387       0.18608791632876875       0.54837014105905135     
  0.81075741597285556       0.19322300873938031       0.55257332666237047     
  0.80869813029427950       0.19496371011052929       0.55497431093562599     
  0.79827378138821858       0.16964559031770149       0.57790945972004393     
  0.79715503466661330       0.16953174489596623       0.57948497666307064     
  0.80365218814814776       0.15113704462906932       0.57558731242573868     
  0.79981348946072373       0.15195769051989569       0.58069548161538198     
  0.79887153535115607       0.16536996887131986       0.57832261187090495     
  0.79824392372430553       0.15326684622676265       0.58250829357608891     
  0.79780827310029878       0.13128051800378757       0.58844488693961483     
  0.79802911994276671       0.13290345413432797       0.58778073769266859     
  0.79269396906913292       0.13120993380489307       0.59533202893204074     
  0.79571487560548415       0.13327763784860747       0.59082561554966684     
  0.79117470499495102       0.12681321793392206       0.59829841545285400     
  0.79393311731861627       0.11952438948781374       0.59614102823267390     
  0.78870974035921715       0.12592712574061682       0.60173025889114362     
  0.79009445249518062       0.11664023373563304       0.60178551994081564     
  0.78643071752999072       0.12466612315699073       0.60496701088759275     
  0.78159209399251739        9.5381411996379603E-002  0.61645452780717580     
  0.78318176629110681        9.3646060658740898E-002  0.61470052568079181     
  0.78270022966421871       0.10196788596051432       0.61398933273821865     
  0.78550262545534233        9.7134975406171720E-002  0.61118771417266393     
  0.79264375441769153        9.2831360686606010E-002  0.60257631637469578     
  0.78338695561984217        8.7716095138596364E-002  0.61531354967878915     
  0.78826320399359351        7.9986309802618810E-002  0.61011745711290200     
  0.78211103666733017        7.4327787417162602E-002  0.61869031537662122     
  0.77434824300884231        7.5258947471462126E-002  0.62826816676846342     
  0.77088122728180419        8.5890160726376882E-002  0.63116163834226791     
  0.76073757781891416        9.6047669734133548E-002  0.64191368799306170     
  0.74703333398222982       0.10935505680862977       0.65573063789163877     
  0.74266385447403682       0.11843287481754645       0.65910852931836383     
  0.74668680933317422       0.12310975156077768       0.65368401987388935     
  0.74527639503893106       0.11512616002492880       0.65674124453675797     
  0.75450033360889646       0.10288855242460798       0.64818453573348422     
  0.76205930651108511       0.10333055583695022       0.63920920643422396     
  0.76450615347089490        9.9059916911214588E-002  0.63695955457680342     
  0.76669094438795293        9.6403071901307022E-002  0.63473730276508900     
  0.76596212115630047        9.7952888395026430E-002  0.63537961928977049     
  0.76755517867630196        9.6649515361163146E-002  0.63365441596160454     
  0.77440835141325970        7.7618133272884901E-002  0.62790694425896421     
  0.76572063071751140        9.0996967048045246E-002  0.63670359483957162     
  0.78514180720094029        7.9720044332892454E-002  0.61416370547013244     
  0.78449600882782411        7.3716464830176978E-002  0.61573687151749834     
  0.77031554560074100        8.9222677681204010E-002  0.63138995398503828     
  0.77729863699492752        7.8779715815328388E-002  0.62417993022996510     
  0.77379035090292336        8.8694751535133523E-002  0.62720150980338996     
  0.77626428120528801        8.2151120433633082E-002  0.62503196649158388     
  0.78122590904553901        7.6619589519701270E-002  0.61952846386409399     
  0.78822952726232942        7.0178122282827701E-002  0.61136670133779869     
  0.78173185554283575        6.5236205839130937E-002  0.62019315013733467     
  0.78851620584595583        5.7221681686856818E-002  0.61234620294701836     
