  -0.0000000000000000        0.0000000000000000       -0.0000000000000000     
   0.0000000000000000       -0.0000000000000000       -0.0000000000000000     
  -0.0000000000000000        0.0000000000000000       -0.0000000000000000     
  -0.0000000000000000       -0.0000000000000000        0.0000000000000000     
  -0.0000000000000000        0.0000000000000000        0.0000000000000000     
  -0.0000000000000000       -0.0000000000000000       -0.0000000000000000     
  -0.0000000000000000       -0.0000000000000000       -0.0000000000000000     
  -0.0000000000000000       -0.0000000000000000        0.0000000000000000     
   0.0000000000000000        0.0000000000000000        0.0000000000000000     
   0.0000000000000000        0.0000000000000000        0.0000000000000000     
   0.0000000000000000        0.0000000000000000        0.0000000000000000     
  -0.0000000000000000        0.0000000000000000        0.0000000000000000     
  -0.0000000000000000        0.0000000000000000        0.0000000000000000     
   0.0000000000000000        0.0000000000000000       -0.0000000000000000     
  -0.0000000000000000       -0.0000000000000000        0.0000000000000000     
  -0.0000000000000000        0.0000000000000000        0.0000000000000000     
   0.0000000000000000        0.0000000000000000       -0.0000000000000000     
   0.0000000000000000       -0.0000000000000000        0.0000000000000000     
   0.0000000000000000        0.0000000000000000       -0.0000000000000000     
   0.0000000000000000       -0.0000000000000000        0.0000000000000000     
  -0.0000000000000000        0.0000000000000000        0.0000000000000000     
  -0.0000000000000000       -0.0000000000000000       -0.0000000000000000     
  -0.0000000000000000        0.0000000000000000       -0.0000000000000000     
  -0.0000000000000000       -0.0000000000000000       -0.0000000000000000     
  -0.0000000000000000       -0.0000000000000000        0.0000000000000000     
  -0.0000000000000000        0.0000000000000000       -0.0000000000000000     
   0.0000000000000000       -0.0000000000000000        0.0000000000000000     
  -0.0000000000000000       -0.0000000000000000        0.0000000000000000     
   0.0000000000000000        0.0000000000000000        0.0000000000000000     
  -0.0000000000000000        0.0000000000000000       -0.0000000000000000     
  -0.0000000000000000        0.0000000000000000       -0.0000000000000000     
  -0.0000000000000000       -0.0000000000000000        0.0000000000000000     
   0.0000000000000000        0.0000000000000000        0.0000000000000000     
  -0.0000000000000000        0.0000000000000000        0.0000000000000000     
  -0.0000000000000000       -0.0000000000000000       -0.0000000000000000     
   0.0000000000000000       -0.0000000000000000       -0.0000000000000000     
  -0.0000000000000000       -0.0000000000000000       -0.0000000000000000     
   0.0000000000000000        0.0000000000000000        0.0000000000000000     
  -0.0000000000000000        0.0000000000000000       -0.0000000000000000     
  -0.0000000000000000       -0.0000000000000000       -0.0000000000000000     
  -0.0000000000000000       -0.0000000000000000        0.0000000000000000     
  -0.0000000000000000        0.0000000000000000        0.0000000000000000     
  -0.0000000000000000        0.0000000000000000        0.0000000000000000     
   0.0000000000000000        0.0000000000000000       -0.0000000000000000     
   0.0000000000000000        0.0000000000000000        0.0000000000000000     
   0.0000000000000000       -0.0000000000000000        0.0000000000000000     
  0.32709206268863206       0.62978193468876897       0.70454630597695078     
  -0.0000000000000000        0.0000000000000000       -0.0000000000000000     
   0.0000000000000000       -0.0000000000000000        0.0000000000000000     
  -0.0000000000000000       -0.0000000000000000        0.0000000000000000     
   0.0000000000000000        0.0000000000000000        0.0000000000000000     
  -0.0000000000000000       -0.0000000000000000        0.0000000000000000     
   0.0000000000000000       -0.0000000000000000        0.0000000000000000     
  -0.0000000000000000        0.0000000000000000        0.0000000000000000     
  -0.0000000000000000       -0.0000000000000000        0.0000000000000000     
  -0.0000000000000000       -0.0000000000000000        0.0000000000000000     
  -0.0000000000000000       -0.0000000000000000       -0.0000000000000000     
   0.0000000000000000        0.0000000000000000       -0.0000000000000000     
   0.0000000000000000        0.0000000000000000        0.0000000000000000     
   0.0000000000000000       -0.0000000000000000        0.0000000000000000     
  -0.0000000000000000        0.0000000000000000        0.0000000000000000     
  -0.0000000000000000       -0.0000000000000000        0.0000000000000000     
  -0.0000000000000000       -0.0000000000000000       -0.0000000000000000     
   0.0000000000000000        0.0000000000000000        0.0000000000000000     
  -0.0000000000000000        0.0000000000000000       -0.0000000000000000     
  -0.0000000000000000       -0.0000000000000000       -0.0000000000000000     
   0.0000000000000000       -0.0000000000000000        0.0000000000000000     
   0.0000000000000000        0.0000000000000000        0.0000000000000000     
   0.0000000000000000       -0.0000000000000000        0.0000000000000000     
   0.0000000000000000        0.0000000000000000        0.0000000000000000     
  -0.0000000000000000        0.0000000000000000       -0.0000000000000000     
   0.0000000000000000       -0.0000000000000000        0.0000000000000000     
   0.0000000000000000       -0.0000000000000000        0.0000000000000000     
  -0.0000000000000000        0.0000000000000000        0.0000000000000000     
   0.0000000000000000        0.0000000000000000       -0.0000000000000000     
  -0.0000000000000000        0.0000000000000000       -0.0000000000000000     
   0.0000000000000000       -0.0000000000000000       -0.0000000000000000     
  -0.0000000000000000        0.0000000000000000        0.0000000000000000     
  -0.0000000000000000        0.0000000000000000       -0.0000000000000000     
   0.0000000000000000        0.0000000000000000        0.0000000000000000     
  -0.0000000000000000       -0.0000000000000000       -0.0000000000000000     
  -0.0000000000000000        0.0000000000000000       -0.0000000000000000     
  -0.0000000000000000        0.0000000000000000        0.0000000000000000     
  -0.0000000000000000       -0.0000000000000000        0.0000000000000000     
  -0.0000000000000000        0.0000000000000000       -0.0000000000000000     
   0.0000000000000000       -0.0000000000000000        0.0000000000000000     
   0.0000000000000000       -0.0000000000000000        0.0000000000000000     
   0.0000000000000000       -0.0000000000000000       -0.0000000000000000     
   0.0000000000000000        0.0000000000000000       -0.0000000000000000     
   0.0000000000000000       -0.0000000000000000       -0.0000000000000000     
  -0.0000000000000000        0.0000000000000000        0.0000000000000000     
   0.0000000000000000        0.0000000000000000       -0.0000000000000000     
  -0.0000000000000000        0.0000000000000000        0.0000000000000000     
  -0.0000000000000000       -0.0000000000000000       -0.0000000000000000     
   0.0000000000000000        0.0000000000000000       -0.0000000000000000     
  -0.0000000000000000       -0.0000000000000000       -0.0000000000000000     
  -0.0000000000000000        0.0000000000000000       -0.0000000000000000     
   0.0000000000000000       -0.0000000000000000        0.0000000000000000     
  -0.0000000000000000       -0.0000000000000000       -0.0000000000000000     
   0.0000000000000000        0.0000000000000000       -0.0000000000000000     
  -0.0000000000000000       -0.0000000000000000        0.0000000000000000     
   0.0000000000000000        0.0000000000000000       -0.0000000000000000     
   0.0000000000000000        0.0000000000000000       -0.0000000000000000     
  -0.0000000000000000       -0.0000000000000000        0.0000000000000000     
   0.0000000000000000       -0.0000000000000000       -0.0000000000000000     
  -0.0000000000000000       -0.0000000000000000       -0.0000000000000000     
   0.0000000000000000       -0.0000000000000000        0.0000000000000000     
  -0.0000000000000000       -0.0000000000000000        0.0000000000000000     
  -0.0000000000000000       -0.0000000000000000       -0.0000000000000000     
   0.0000000000000000       -0.0000000000000000        0.0000000000000000     
  -0.0000000000000000        0.0000000000000000        0.0000000000000000     
  -0.0000000000000000       -0.0000000000000000        0.0000000000000000     
   0.0000000000000000        0.0000000000000000        0.0000000000000000     
   0.0000000000000000       -0.0000000000000000       -0.0000000000000000     
  -0.0000000000000000       -0.0000000000000000       -0.0000000000000000     
  -0.0000000000000000       -0.0000000000000000       -0.0000000000000000     
  -0.0000000000000000        0.0000000000000000        0.0000000000000000     
  -0.0000000000000000        0.0000000000000000        0.0000000000000000     
  -0.0000000000000000       -0.0000000000000000        0.0000000000000000     
   0.0000000000000000       -0.0000000000000000       -0.0000000000000000     
  -0.0000000000000000       -0.0000000000000000        0.0000000000000000     
   0.0000000000000000       -0.0000000000000000        0.0000000000000000     
   0.0000000000000000       -0.0000000000000000       -0.0000000000000000     
   0.0000000000000000        0.0000000000000000       -0.0000000000000000     
  -0.0000000000000000        0.0000000000000000       -0.0000000000000000     
   0.0000000000000000       -0.0000000000000000       -0.0000000000000000     
   0.0000000000000000        0.0000000000000000       -0.0000000000000000     
   0.0000000000000000        0.0000000000000000        0.0000000000000000     
  -0.0000000000000000        0.0000000000000000        0.0000000000000000     
   0.0000000000000000       -0.0000000000000000        0.0000000000000000     
  -0.0000000000000000        0.0000000000000000        0.0000000000000000     
   0.0000000000000000        0.0000000000000000        0.0000000000000000     
  -0.0000000000000000        0.0000000000000000        0.0000000000000000     
   0.0000000000000000       -0.0000000000000000        0.0000000000000000     
   0.0000000000000000       -0.0000000000000000       -0.0000000000000000     
  -0.0000000000000000        0.0000000000000000       -0.0000000000000000     
  -0.0000000000000000       -0.0000000000000000        0.0000000000000000     
  -0.0000000000000000        0.0000000000000000       -0.0000000000000000     
   0.0000000000000000        0.0000000000000000       -0.0000000000000000     
   0.0000000000000000        0.0000000000000000        0.0000000000000000     
                       NaN                       NaN                       NaN
   0.0000000000000000       -0.0000000000000000        0.0000000000000000     
  -0.0000000000000000        0.0000000000000000        0.0000000000000000     
  -0.0000000000000000        0.0000000000000000       -0.0000000000000000     
  -0.0000000000000000       -0.0000000000000000       -0.0000000000000000     
   0.0000000000000000        0.0000000000000000       -0.0000000000000000     
   0.0000000000000000        0.0000000000000000        0.0000000000000000     
  -0.0000000000000000       -0.0000000000000000       -0.0000000000000000     
   0.0000000000000000        0.0000000000000000       -0.0000000000000000     
  -0.0000000000000000       -0.0000000000000000        0.0000000000000000     
  -0.0000000000000000        0.0000000000000000        0.0000000000000000     
  -0.0000000000000000       -0.0000000000000000       -0.0000000000000000     
  -0.0000000000000000       -0.0000000000000000       -0.0000000000000000     
   0.0000000000000000       -0.0000000000000000       -0.0000000000000000     
  -0.0000000000000000        0.0000000000000000        0.0000000000000000     
  -0.0000000000000000        0.0000000000000000       -0.0000000000000000     
  -0.0000000000000000        0.0000000000000000       -0.0000000000000000     
  -0.0000000000000000       -0.0000000000000000       -0.0000000000000000     
  -0.0000000000000000       -0.0000000000000000       -0.0000000000000000     
   0.0000000000000000        0.0000000000000000       -0.0000000000000000     
  -0.0000000000000000        0.0000000000000000        0.0000000000000000     
   0.0000000000000000        0.0000000000000000       -0.0000000000000000     
  -0.0000000000000000        0.0000000000000000       -0.0000000000000000     
  -0.0000000000000000       -0.0000000000000000       -0.0000000000000000     
   0.0000000000000000        0.0000000000000000        0.0000000000000000     
   0.0000000000000000       -0.0000000000000000       -0.0000000000000000     
   0.0000000000000000       -0.0000000000000000        0.0000000000000000     
   0.0000000000000000       -0.0000000000000000        0.0000000000000000     
   0.0000000000000000        0.0000000000000000       -0.0000000000000000     
  -0.0000000000000000       -0.0000000000000000       -0.0000000000000000     
   0.0000000000000000       -0.0000000000000000       -0.0000000000000000     
   0.0000000000000000        0.0000000000000000        0.0000000000000000     
   0.0000000000000000        0.0000000000000000       -0.0000000000000000     
   0.0000000000000000       -0.0000000000000000       -0.0000000000000000     
   0.0000000000000000       -0.0000000000000000       -0.0000000000000000     
  -0.0000000000000000       -0.0000000000000000       -0.0000000000000000     
   0.0000000000000000       -0.0000000000000000        0.0000000000000000     
  -0.0000000000000000       -0.0000000000000000        0.0000000000000000     
   0.0000000000000000       -0.0000000000000000       -0.0000000000000000     
  -0.0000000000000000       -0.0000000000000000        0.0000000000000000     
  -0.0000000000000000       -0.0000000000000000       -0.0000000000000000     
   0.0000000000000000       -0.0000000000000000        0.0000000000000000     
  -0.0000000000000000        0.0000000000000000        0.0000000000000000     
  -0.0000000000000000       -0.0000000000000000        0.0000000000000000     
   0.0000000000000000        0.0000000000000000        0.0000000000000000     
  -0.0000000000000000        0.0000000000000000        0.0000000000000000     
   0.0000000000000000       -0.0000000000000000        0.0000000000000000     
  -0.0000000000000000       -0.0000000000000000        0.0000000000000000     
   0.0000000000000000        0.0000000000000000       -0.0000000000000000     
  -0.0000000000000000        0.0000000000000000        0.0000000000000000     
  -0.0000000000000000        0.0000000000000000       -0.0000000000000000     
  -0.0000000000000000       -0.0000000000000000        0.0000000000000000     
  -0.0000000000000000       -0.0000000000000000       -0.0000000000000000     
  -0.0000000000000000       -0.0000000000000000       -0.0000000000000000     
  -0.0000000000000000        0.0000000000000000       -0.0000000000000000     
  -0.0000000000000000       -0.0000000000000000        0.0000000000000000     
   0.0000000000000000       -0.0000000000000000        0.0000000000000000     
   0.0000000000000000       -0.0000000000000000       -0.0000000000000000     
  -0.0000000000000000        0.0000000000000000        0.0000000000000000     
   0.0000000000000000        0.0000000000000000        0.0000000000000000     
  -0.0000000000000000        0.0000000000000000       -0.0000000000000000     
  -0.0000000000000000       -0.0000000000000000        0.0000000000000000     
   0.0000000000000000        0.0000000000000000        0.0000000000000000     
   0.0000000000000000        0.0000000000000000        0.0000000000000000     
   0.0000000000000000       -0.0000000000000000       -0.0000000000000000     
  -0.0000000000000000        0.0000000000000000       -0.0000000000000000     
  -0.0000000000000000       -0.0000000000000000       -0.0000000000000000     
   0.0000000000000000        0.0000000000000000       -0.0000000000000000     
  -0.0000000000000000        0.0000000000000000       -0.0000000000000000     
   0.0000000000000000        0.0000000000000000        0.0000000000000000     
  -0.0000000000000000       -0.0000000000000000       -0.0000000000000000     
  -0.0000000000000000        0.0000000000000000       -0.0000000000000000     
   0.0000000000000000        0.0000000000000000       -0.0000000000000000     
  -0.0000000000000000        0.0000000000000000       -0.0000000000000000     
  -0.0000000000000000        0.0000000000000000       -0.0000000000000000     
   0.0000000000000000       -0.0000000000000000        0.0000000000000000     
   0.0000000000000000        0.0000000000000000        0.0000000000000000     
   0.0000000000000000        0.0000000000000000        0.0000000000000000     
   0.0000000000000000       -0.0000000000000000        0.0000000000000000     
  -0.0000000000000000       -0.0000000000000000        0.0000000000000000     
  -0.0000000000000000        0.0000000000000000        0.0000000000000000     
  -0.0000000000000000       -0.0000000000000000       -0.0000000000000000     
   0.0000000000000000        0.0000000000000000        0.0000000000000000     
   0.0000000000000000       -0.0000000000000000       -0.0000000000000000     
   0.0000000000000000        0.0000000000000000        0.0000000000000000     
  -0.0000000000000000        0.0000000000000000        0.0000000000000000     
  -0.0000000000000000        0.0000000000000000        0.0000000000000000     
   0.0000000000000000       -0.0000000000000000        0.0000000000000000     
  -0.0000000000000000       -0.0000000000000000        0.0000000000000000     
   0.0000000000000000       -0.0000000000000000       -0.0000000000000000     
   0.0000000000000000        0.0000000000000000        0.0000000000000000     
  -0.0000000000000000        0.0000000000000000       -0.0000000000000000     
  -0.0000000000000000       -0.0000000000000000        0.0000000000000000     
  -0.0000000000000000       -0.0000000000000000       -0.0000000000000000     
   0.0000000000000000        0.0000000000000000        0.0000000000000000     
  -0.0000000000000000       -0.0000000000000000        0.0000000000000000     
   0.0000000000000000        0.0000000000000000        0.0000000000000000     
  -0.0000000000000000        0.0000000000000000        0.0000000000000000     
  -0.0000000000000000       -0.0000000000000000       -0.0000000000000000     
  -0.0000000000000000        0.0000000000000000        0.0000000000000000     
   0.0000000000000000        0.0000000000000000       -0.0000000000000000     
   0.0000000000000000        0.0000000000000000        0.0000000000000000     
  -0.0000000000000000       -0.0000000000000000       -0.0000000000000000     
  -0.0000000000000000       -0.0000000000000000       -0.0000000000000000     
  -0.0000000000000000        0.0000000000000000       -0.0000000000000000     
   0.0000000000000000       -0.0000000000000000        0.0000000000000000     
   0.0000000000000000        0.0000000000000000       -0.0000000000000000     
   0.0000000000000000       -0.0000000000000000        0.0000000000000000     
  -0.0000000000000000        0.0000000000000000       -0.0000000000000000     
   0.0000000000000000       -0.0000000000000000       -0.0000000000000000     
   0.0000000000000000       -0.0000000000000000       -0.0000000000000000     
