   1.1608542955574746E-002  0.68952204012885354      -0.72417166328640092     
   1.6830314127658761E-002  0.68927061723457306      -0.72430846794955750     
   6.4669248660137639E-003  0.68332380041206586      -0.73008681858611080     
   5.0277428719226651E-003  0.68397716983696755      -0.72948608824529737     
   2.7717303782896696E-003  0.69626232676811384      -0.71778206290918278     
   1.1457758915854165E-002  0.71134173192174621      -0.70275291545976304     
   7.9916667279403917E-003  0.71600811925646313      -0.69804620650909055     
   3.4527401041695924E-003  0.71010729126668459      -0.70408501864168704     
   4.3136779144582506E-003  0.72324660322373058      -0.69057638470207361     
   5.4675807077198286E-003  0.73072102509312298      -0.68265429687951140     
   1.7642802960931445E-002  0.72681130171042330      -0.68661056153374278     
   2.8802289447844475E-002  0.72829323657148859      -0.68466005410480013     
   3.1838768638094997E-002  0.72758321111727176      -0.68528020817173030     
   4.9578421828784129E-002  0.73117055308286449      -0.68039077183150054     
   6.0582404641013513E-002  0.73951063986228216      -0.67041314558889054     
   5.6247318829347928E-002  0.74043606385945748      -0.66976912026520274     
   6.3061336609679511E-002  0.74626522004642681      -0.66265487938598866     
   7.0138819304856076E-002  0.75419353829257207      -0.65289559105897710     
   7.9782555489972748E-002  0.75481698721698776      -0.65106532671319528     
   9.3090883544814734E-002  0.74744000821536249      -0.65777467382065202     
  0.10251365634009016       0.73957532409600091      -0.66522123406584110     
   8.4561698002425564E-002  0.75017978519806261      -0.65580455099910295     
   8.7356960726515082E-002  0.75694474213275520      -0.64761363386683191     
   8.9868547438829591E-002  0.75788724565454535      -0.64616605223069545     
  0.10183946433669319       0.76792399146588297      -0.63239344306746414     
  0.10904987752299046       0.77304634780092518      -0.62490596761742623     
  0.12275494935874379       0.78198706981215205      -0.61108710103759911     
  0.13585354231608276       0.78966116148922061      -0.59831351737669036     
  0.14128744804898702       0.78650551235239730      -0.60120457089338442     
  0.15247503981704172       0.78626273299396954      -0.59878399856513076     
  0.15313399354507923       0.78966131959474828      -0.59412539110596596     
  0.16407135863406264       0.78821889558479741      -0.59312019179847086     
  0.16357753123480079       0.79073801690261236      -0.58989471933562165     
  0.16929229003481844       0.79514946186718549      -0.58230357531711241     
  0.18163627881426603       0.79151320136254044      -0.58353672916734944     
  0.18153211980251122       0.79370094841424332      -0.58059012561904366     
  0.18649227996808856       0.80057804507507857      -0.56946942258216926     
  0.18490249000687514       0.79861302271995571      -0.57273755694153095     
  0.20085630873525628       0.79093863362138972      -0.57799032957859831     
  0.20597229192604763       0.80011407449231697      -0.56337632427892681     
  0.20882752124456283       0.79906144871527318      -0.56381900247145100     
  0.21093433389979574       0.80611356113636401      -0.55289025433109218     
  0.19539759737823575       0.81601596283404187      -0.54400158762529760     
  0.19836001814074547       0.81333118136054217      -0.54694212914152873     
  0.20638247885344355       0.81651537099102367      -0.53917429589855226     
  0.22312475701681481       0.82175986360331732      -0.52433392926344602     
  0.23113259744567122       0.82650604878458589      -0.51328887940467782     
  0.22336594071830421       0.81573042394837880      -0.53356492760677665     
  0.22211072660111961       0.82193071917765914      -0.52449663297376714     
  0.21703357236778148       0.83671390845920213      -0.50279843263101498     
  0.22936722386068470       0.83822976656454540      -0.49473380222458158     
  0.22921770659262453       0.83097118283681692      -0.50689854633762554     
  0.23590198322071498       0.82866871425778132      -0.50760064649573622     
  0.24597548885914020       0.82860988798490454      -0.50289334099205540     
  0.24999720923037821       0.82356649446576680      -0.50915579597053628     
  0.25906361155235907       0.82299312634809862      -0.50553769310826935     
  0.26087137057619025       0.81709737002589611      -0.51409922768903771     
  0.26883900814077188       0.82383838906105988      -0.49901492604045800     
  0.27930534720549971       0.82595780560883969      -0.48967563383963220     
  0.28754530284927099       0.82368468669154626      -0.48873432017730267     
  0.29741064538369327       0.82035130714291526      -0.48843693644253122     
  0.30358044015366342       0.82249853216766367      -0.48097305635362414     
  0.30789871371367489       0.82386196535946299      -0.47586746487599624     
  0.31414057255546851       0.82276605971756822      -0.47367891197661482     
  0.32539519574891629       0.82802179135984377      -0.45661568043241851     
  0.34518436798517033       0.83449371012423923      -0.42949738050628522     
  0.34611884270094528       0.82787107907576396      -0.44139689980479951     
  0.35351896394856097       0.84108949822827050      -0.40938099381731557     
  0.35431393392863814       0.85213028986497097      -0.38514361648436229     
  0.35492735850445578       0.85314654804033363      -0.38231863380158837     
  0.36851467785928516       0.84721332736500088      -0.38265717050303794     
  0.37590049637489725       0.84946331432318345      -0.37028488281886257     
  0.37659509005849268       0.85403586115470154      -0.35888561688312876     
  0.38539140237348984       0.85340108385988145      -0.35097016546050669     
  0.39680546945492606       0.85081679598857884      -0.34446509122752295     
  0.39600699703114606       0.85150725822630013      -0.34367695222447486     
  0.40812801302973983       0.84891599092109060      -0.33581716057828326     
  0.39880884083191559       0.85828328801063880      -0.32295712717937008     
  0.39406149236987703       0.86179606401599873      -0.31941052624758426     
  0.39918454782686175       0.85626629311578317      -0.32781051241535825     
  0.40533483955782101       0.85206362259250301      -0.33119669517550682     
  0.40592334733225999       0.85060808351493589      -0.33420371683992706     
  0.41740966314707817       0.84590625343169923      -0.33198160117179459     
  0.42192889779693610       0.84596826246627022      -0.32605782325173943     
  0.42834200527161265       0.84917668896392773      -0.30890464133799378     
  0.44073258075011312       0.84194410653434926      -0.31126341535333502     
  0.45698328753014961       0.83683878398750855      -0.30144174318173889     
  0.46433044016876202       0.83807564761425746      -0.28640260335518530     
  0.46847906822304897       0.83719561616563010      -0.28218940963458383     
  0.50015202547723048       0.81667658770156593      -0.28790155003255880     
  0.51112648428030005       0.82255052510785531      -0.24931977601476396     
  0.52358272774349190       0.82083288302922286      -0.22824220763613962     
  0.52310086113778032       0.82149181586313702      -0.22697287403299590     
  0.52940489102294652       0.82163810488271405      -0.21128484556570573     
  0.53976155024967998       0.81606270565931016      -0.20663767639050745     
  0.54163235304536661       0.81817776520532715      -0.19292366018235207     
  0.55616125367168179       0.81020566994033694      -0.18507142489015710     
  0.56173247816901184       0.81067992615672146      -0.16508991579327653     
  0.58027438787385111       0.79878484107461001      -0.15882195203130914     
  0.58185467557474979       0.80040990988119198      -0.14418430107257041     
  0.60131761361359781       0.78706046135011720      -0.13766974154617109     
  0.61817064682460665       0.77515189011928831      -0.13040168192528287     
  0.62889547063863593       0.76587459438674732      -0.13389022624203853     
  0.64588120620626510       0.75611117803224459      -0.10551470951593302     
  0.65663192521931824       0.74980756573435148       -8.1382609630668040E-002
  0.66693487818269492       0.73954166129675913       -9.0972520410637581E-002
  0.67151967427118542       0.73686705959705745       -7.8027325646264828E-002
  0.68006335305318699       0.73055220488336869       -6.1703417847838463E-002
  0.69017551708787550       0.72274949227626195       -3.5929472955891335E-002
  0.69449392166672763       0.71926596142054899       -1.8293974684102817E-002
  0.70142117558304617       0.71245109557763009       -2.0537060498817133E-002
  0.70276299680908694       0.71142391854741061        4.2241514933010328E-004
  0.70112293284527283       0.71303888098927226        1.4789306978664719E-003
  0.71513057014497694       0.69897464425545297        4.7659555267692832E-003
  0.71326315382715133       0.70088369371732961        4.2096643212663730E-003
  0.72552420099867121       0.68782103349827184        2.2734547336794402E-002
  0.72799992799337643       0.68515421751736605        2.4079100062196056E-002
  0.72081881135221459       0.69203891378304083        3.8760585789814547E-002
  0.73112025550128223       0.68013024714806480        5.3721680074734005E-002
  0.73694023763904393       0.67381751780401722        5.3749779989703504E-002
  0.74601817719255248       0.66431819292993310        4.6240867645526249E-002
  0.75501141465217259       0.65339889699314779        5.5024041591500358E-002
  0.76516536026124249       0.63879275363559618        8.0410132190763525E-002
  0.76225571358350974       0.64148521999131802        8.6388307322143240E-002
  0.76421299778793772       0.63847702840788112        9.1244606456582555E-002
  0.76883462659101487       0.63282931713834922        9.1762586738094259E-002
  0.78028827832636416       0.61779692181049239        9.7350737583026661E-002
  0.78851883438213477       0.60539012321191210       0.10835518696447123     
  0.79490713792737555       0.59546856506932144       0.11636077554911656     
  0.80331903361455259       0.58032649065939834       0.13378973978421935     
  0.81072471259481027       0.57014750939249093       0.13288061529660003     
  0.81659821001936450       0.55944011419571138       0.14210602387604709     
  0.81690470428160111       0.55847837609997830       0.14411317618913555     
  0.81299194973712963       0.55802578379184875       0.16628684339452499     
  0.81519523642753722       0.54800343612891744       0.18748056031693294     
  0.82033354016309579       0.53946230087835667       0.18982441574916498     
  0.82344808457198637       0.53150120863867167       0.19859435347047960     
  0.82384490477137795       0.52925629668117657       0.20289737629049237     
  0.83123033102104948       0.51447444997156744       0.21064704393152422     
  0.83767646145061880       0.49606800918320321       0.22850530890240764     
  0.84968592933481213       0.47819834972144654       0.22217146489619649     
  0.85713247782784185       0.46802478627728467       0.21512023355046389     
  0.85878451266195432       0.46193961956296264       0.22158733874026920     
  0.86014714191597519       0.45889543687787188       0.22262495876798402     
  0.86022419357999425       0.45211020937541407       0.23581920057147226     
  0.85916831870655563       0.45543534985605988       0.23325617297820772     
  0.86233682261400479       0.45146002604468560       0.22925760455809366     
  0.85883473622606088       0.45269132550515656       0.23973622935196345     
  0.86959992106908712       0.43803057264626916       0.22787100452628778     
  0.86439739626569978       0.44547477979529482       0.23317238664861867     
  0.87672795281295879       0.41565725789775981       0.24202714871128425     
  0.87682658182966267       0.41888408322042620       0.23603234994697914     
  0.87827194049659341       0.41210476873048840       0.24250372806606438     
  0.88670786206931906       0.39102583268942459       0.24667380386656565     
  0.88042608110649723       0.39202535668402638       0.26676962987607439     
  0.87719104344767862       0.39763121426881320       0.26911947297488925     
  0.88296284249716939       0.38560717236413716       0.26773816946907986     
  0.88567560193122374       0.37580667874339246       0.27266842199936986     
  0.88522409050533180       0.37464610055691622       0.27571472381159906     
  0.88311234483324896       0.37621451668936917       0.28031272506845922     
  0.88810577139631086       0.36337869989399568       0.28146768780077358     
  0.88863535826001006       0.35189736629624074       0.29410107725724788     
  0.89352252745372718       0.33454659156697830       0.29949302329707261     
  0.89739972903480791       0.32791583821582354       0.29520320014435358     
  0.89866903786699215       0.31848417525389255       0.30159872428785844     
  0.90348095901911729       0.29971314611352845       0.30642158334005593     
  0.89813022596590597       0.29318138036729546       0.32772972921655730     
  0.89539587674317878       0.29917427308349387       0.32978929369565285     
  0.89862956719526887       0.29059586082336453       0.32866235962575802     
  0.91231339119356902       0.26196647491716424       0.31473455842719977     
  0.91316446891073944       0.25555630253315403       0.31752421790243146     
  0.91842035510634601       0.23605889705347832       0.31745905003359143     
  0.91374076639513846       0.23630600247100106       0.33051064282985038     
  0.91178058594617528       0.24196233298565636       0.33182886026954933     
  0.91481243405560242       0.23905991243437366       0.32552813820641302     
  0.90853580193542693       0.24537789539209420       0.33816029491130073     
  0.90285094492065021       0.25369460708320452       0.34712997219022823     
  0.90783099250866239       0.24053509071675044       0.34349055179818744     
  0.91064316492914521       0.22342371183591839       0.34757858270798486     
  0.90713431974231862       0.21412331558982986       0.36229619328176643     
  0.90699941464533884       0.20122996220462999       0.36994400136255262     
  0.90785287168043416       0.19395780868494059       0.37173045588399811     
  0.90481293500319093       0.18288744662091735       0.38453313838912845     
  0.90598576333764147       0.18311539842434627       0.38165239091273212     
  0.90449226416478956       0.16705675867724343       0.39241022342225784     
  0.90661576930881305       0.15512799072999317       0.39240687217818365     
  0.90686098032466178       0.14823210091764322       0.39450019850709411     
  0.90155164063513615       0.13858871328335587       0.40987535644212397     
  0.89895517110050593       0.12514132373284192       0.41978476561930128     
  0.89219420438974839       0.12586203687013223       0.43376058987446714     
  0.89500408885770588       0.13614770092010525       0.42477227365043241     
  0.89577411146572883       0.11801825457663788       0.42855621896604040     
  0.89662960649005907        9.3855543368546124E-002  0.43271986982859578     
  0.89789314224293704        8.1063330837273795E-002  0.43268538397624723     
  0.89695732960235175        6.7118595064083214E-002  0.43699272656331650     
  0.88656111510933877        6.4631470410217107E-002  0.45807440684751072     
  0.87864871856313531        5.3103591619024101E-002  0.47450652042360947     
  0.86568548879758911        5.0567313448598827E-002  0.49802769129424140     
  0.87192324592967274        5.1930938227321366E-002  0.48688092061847532     
  0.87132175592927841        5.2503047416011916E-002  0.48789530399087860     
  0.87409248720109822        5.1691292695339029E-002  0.48300138103123752     
  0.87680842084021859        3.7940912027491509E-002  0.47934067252654899     
  0.87461394079031618        3.1267492318205921E-002  0.48381070523435560     
  0.86951743772177015        3.5879340282995498E-002  0.49259729844836248     
  0.86474356702895461        3.8114668084896400E-002  0.50076524975163617     
  0.85542095955292419        2.8905675483991870E-002  0.51712613923719686     
  0.85250342187014527        2.4684984156312227E-002  0.52213845602186426     
  0.85102857249222852        3.3502293315266045E-002  0.52404958271566127     
  0.84276539107292370        2.8108161418806014E-002  0.53754667413291324     
  0.83829802906555928        2.1868876688301987E-002  0.54477350036248195     
  0.83947983737884690        2.9062153761999172E-002  0.54261311618233021     
  0.83679207991409821        2.4431793332123281E-002  0.54697541303756436     
  0.83978213093721443       -2.5615319145474540E-003  0.54291749936136913     
  0.83173570740384151       -1.4671846245762305E-002  0.55497788240358958     
  0.82895036170625014       -2.3542796220269259E-002  0.55882647984254330     
  0.82555274363958764       -3.5398802314686721E-002  0.56321362933067842     
  0.83255684935081964       -3.3978484402110827E-002  0.55289651400309259     
  0.82459062710182252       -4.6095182055009537E-002  0.56384885553412289     
  0.83261866296259845       -5.2162320856729567E-002  0.55138485141434090     
  0.83835245684982285       -5.6238341299140959E-002  0.54221988810978539     
  0.83868359602303377       -3.9466115007669327E-002  0.54318712386071388     
  0.83000180345061780       -3.2406580937449969E-002  0.55681848009981394     
  0.83979953094801152       -2.4153492230832966E-002  0.54235906614765450     
  0.84049041634437760       -2.1990107056240070E-002  0.54137999152620142     
  0.84078886050569346       -1.5365174337596290E-002  0.54114508541343409     
  0.84218828042822780        5.3036029016509043E-003  0.53915746503744744     
  0.82848174591510304        1.6552418555200805E-002  0.55977139452229596     
  0.82964288536169017        4.2601059467107065E-003  0.55827818716662414     
  0.82573610689673382        2.9338251096767583E-003  0.56404900003213576     
  0.83102728402532788       -2.9933107802622774E-004  0.55623157372302501     
  0.83210188141385000       -5.4495479539075856E-003  0.55459603440218352     
  0.82930079362816667        1.7881951381780448E-004  0.55880243531258378     
  0.82501346119271679       -7.7604117864806324E-003  0.56505978874780849     
  0.83020198217720331       -5.0906168337010657E-003  0.55743946255113197     
  0.82942424714474361       -9.8127766598749382E-003  0.55853301394152044     
  0.83064780064641464       -2.4449320920469576E-002  0.55626114549535299     
  0.82374610866783271       -2.8904032728981115E-002  0.56622160445059400     
  0.82836740190642100       -1.9655687691587011E-002  0.55984024632048079     
  0.82748317178401631       -2.2104487848303340E-002  0.56105524864422118     
  0.82679972086792497       -2.2022806065698085E-002  0.56206513642612099     
  0.83038046950618649       -1.1717136639065907E-002  0.55707358990681555     
  0.83091288304244681        4.2369018937377899E-003  0.55638640301182074     
  0.82815066499540368        6.4814911910637089E-003  0.56046807789526321     
  0.82525369366829449        1.1613144474807057E-002  0.56464278615974917     
  0.82642011586557995        1.8010907888068986E-002  0.56276584765759285     
  0.82302180027434391        1.5468942239680112E-002  0.56779910892776442     
  0.82582968023031900        8.7679273951883109E-003  0.56385145446285878     
  0.82462659381301384        2.3341074953284628E-002  0.56519569619413401     
  0.82616065814956929        2.5697554350981273E-002  0.56284829450416629     
  0.82449259491847715        1.3378161126802419E-002  0.56571457973916606     
  0.82449259494294191        1.3378161335745160E-002  0.56571457969892958     
