 -0.10261166524099388       0.92603983522423816      -0.36320940204561897     
 -0.11059501728659560       0.92504831501851981      -0.36339284119637660     
 -0.11366529092711672       0.92550485229180823      -0.36127686062460757     
 -0.12054915124029884       0.92811147908106006      -0.35224563096397743     
 -0.10978300309339876       0.93002328053589556      -0.35071981679546693     
 -0.10287445810633181       0.93009109089362896      -0.35262927914401487     
 -0.10860839675460390       0.93203645858623596      -0.34570544690591981     
 -0.10398707832978314       0.92946124081814452      -0.35396114102713372     
 -0.10965485718806972       0.92606885452537779      -0.36107103037092153     
 -0.10708896754544407       0.92288452496494777      -0.36988661318067867     
  -9.1309042366506887E-002  0.92542276964991066      -0.36777079301597565     
  -8.7188125168567748E-002  0.92252697828413355      -0.37595505737725632     
  -8.1658419413842831E-002  0.92034904101919757      -0.38247816308107890     
  -8.3471229091374458E-002  0.92152541096185259      -0.37924065033374649     
  -8.7355268300987665E-002  0.92053780404339824      -0.38076135364164698     
  -8.4265617302816995E-002  0.91684698167640766      -0.39024468981836902     
  -8.2011052912995736E-002  0.91868932289334493      -0.38637302597602269     
  -6.1250156468515851E-002  0.91857008484770575      -0.39048356886744978     
  -5.5676617202546207E-002  0.91241765267854702      -0.40545547397642939     
  -5.8517656305901805E-002  0.90706836919986000      -0.41689645896501726     
  -6.3704142009134476E-002  0.90990531365541538      -0.40989523353232593     
  -4.7200876644674671E-002  0.91382860947241473      -0.40334767850290981     
  -4.4950487236481769E-002  0.91219150453837772      -0.40729118913280221     
  -5.1334487412538064E-002  0.90416465197921503      -0.42408849608707516     
  -4.4891480770352134E-002  0.90997439997627716      -0.41222729936536145     
  -2.4737304660313240E-002  0.90896087132100900      -0.41614684927978779     
  -2.2538908085819293E-002  0.91088249216448913      -0.41204985510312686     
  -1.9189176002516541E-002  0.90918588738685002      -0.41594807091863067     
  -1.7848671977395491E-002  0.90458948251307247      -0.42590995883563770     
  -1.3579091946082101E-002  0.90461343242191061      -0.42601660313157896     
  -8.7840398800010321E-005  0.91318604264142611      -0.40754293492705185     
  -1.2314573245194027E-002  0.91474472856080502      -0.40384456521786627     
   4.5552755281084781E-003  0.91870757704484229      -0.39491218941083189     
  -2.9388999927129747E-004  0.92356086281398941      -0.38345175225437161     
   9.2704975498338980E-003  0.92850294639538933      -0.37120928922948448     
   2.8159674624771404E-002  0.92862015138597331      -0.36996168337399316     
   3.4022087521993274E-002  0.93273916526223966      -0.35894309736578833     
   3.1205624432526245E-002  0.93078646365809459      -0.36422900498811772     
   4.5633881044448522E-002  0.92442770619062875      -0.37861717463415928     
   5.2672462883202341E-002  0.92545978314357069      -0.37516636501380657     
   6.8337681071822656E-002  0.92079869813883664      -0.38400484222409037     
   9.4077290279628384E-002  0.91661138718289292      -0.38855247823208333     
  0.10503612896280473       0.91660657134749679      -0.38574577765037649     
  0.11654694634022016       0.91499600450258622      -0.38626302054826789     
  0.13455390032247833       0.91383174271924861      -0.38315374708686906     
  0.15030325245124881       0.91178546003994343      -0.38217300684679972     
  0.16711031195452644       0.90770150110608105      -0.38490535009041804     
  0.17947049584544333       0.90361955100094793      -0.38892421905794894     
  0.18123923588424656       0.90118290580964355      -0.39372796402158322     
  0.18718629706504120       0.89556388832761613      -0.40364168778088244     
  0.19227087175698726       0.89097025158874521      -0.41134404415002351     
  0.18821013053048952       0.88877080632451366      -0.41792750638235038     
  0.20099468117362382       0.89366303302899286      -0.40120757911252680     
  0.21138868952098744       0.88942232319099390      -0.40526874164205517     
  0.23093141562413230       0.88990449479329803      -0.39337090820816889     
  0.23610483997448228       0.89134880608127509      -0.38697779062642579     
  0.24233919659465256       0.89460228796735575      -0.37544435028034534     
  0.25555582669531623       0.89141117099316425      -0.37426907923400393     
  0.26311503497469896       0.88981552480617121      -0.37282544197543777     
  0.26973564943958755       0.89359369833807190      -0.35879378717013810     
  0.28420878087756096       0.89883465934175599      -0.33364895329984157     
  0.29024447959405508       0.89706289451568189      -0.33322110579662118     
  0.30579146776408267       0.88884792025648940      -0.34123445444210565     
  0.30557481152643379       0.88656436941652728      -0.34731491969343831     
  0.31776214699228145       0.87701278971182772      -0.36038283064088006     
  0.31925471598111937       0.87354688356065724      -0.36741294008959219     
  0.32348556613393398       0.86632509240327793      -0.38057577796736025     
  0.33309461386839512       0.85972283494210056      -0.38720101406244001     
  0.34433350876322405       0.85975889357158553      -0.37715922322988443     
  0.34464590475804946       0.85970691398452270      -0.37699233729707859     
  0.36265305891780569       0.85942073304860067      -0.36038696211678406     
  0.35915140700905757       0.86297480753404165      -0.35536565450954594     
  0.36720032459014412       0.86012657103283030      -0.35404265763350995     
  0.37367419418848402       0.85953129733682021      -0.34867398167352648     
  0.38601382844004928       0.85513819986248285      -0.34602309661207314     
  0.38849243140723227       0.85216583434701243      -0.35055245186841477     
  0.39958647862713792       0.84878322625174596      -0.34626244516557275     
  0.40405946648866686       0.85213370665499200      -0.33257193736591578     
  0.40251403032797728       0.85235749241308334      -0.33386997546411529     
  0.42277789324292225       0.84686413658212023      -0.32261430091689491     
  0.43390681587031332       0.84268050158944663      -0.31877021093923641     
  0.43574811219426085       0.83997786416216247      -0.32335857872756318     
  0.44850255185463023       0.83376752769715301      -0.32198939538075350     
  0.47402791660418581       0.82163277857987427      -0.31657086322498440     
  0.48428274569743418       0.81545382793457200      -0.31702567203084370     
  0.49101942083155553       0.81360284259860371      -0.31136850014366624     
  0.50216675457269200       0.80564004615316531      -0.31428119039525082     
  0.50107440661691771       0.81128364261129016      -0.30123626983625335     
  0.51009858931915142       0.80370705182975188      -0.30635666144828616     
  0.51444360084389362       0.80733359567907947      -0.28906789313006898     
  0.53748233697786496       0.79471677843115618      -0.28202478528813457     
  0.54156422518657277       0.79257935051429229      -0.28022520075184232     
  0.54792159791116035       0.78899823908270217      -0.27796348908962293     
  0.56021074028808115       0.77862504453055292      -0.28267820307847291     
  0.55981378146242533       0.78117573515898142      -0.27635665521851671     
  0.57467352071452749       0.77077867642698894      -0.27504649889615174     
  0.58589487153962982       0.76821749571311304      -0.25800984241659675     
  0.59226562511273972       0.76726102514111405      -0.24603241373693341     
  0.60662197932266637       0.75601653069171182      -0.24586333505327382     
  0.61231918316066447       0.75177672470824541      -0.24473858322790418     
  0.61661421918349590       0.74889875642508574      -0.24277058579179162     
  0.62254447435170590       0.74837319182690498      -0.22885791052303844     
  0.61255929940821952       0.76146819781340724      -0.21198417022814092     
  0.62441878263830064       0.75748112233281339      -0.19058733745431289     
  0.62696055269832474       0.75808194739856982      -0.17953335731446399     
  0.64777221179068212       0.73819389874485863      -0.18831072589651804     
  0.66440227838578347       0.72336123216022996      -0.18793121157331194     
  0.67016463147840888       0.71751349638164386      -0.18987824842671316     
  0.67883455392324910       0.71105690510333741      -0.18325317488296713     
  0.69045960631715930       0.70150696717357142      -0.17650356101589451     
  0.69998918300871793       0.69084020501303001      -0.18098329980510161     
  0.71217614413865638       0.68054672578059450      -0.17222454456060812     
  0.72457472162286529       0.67080990607117086      -0.15813140959952784     
  0.73247275493107378       0.66153316565773534      -0.16080277988436989     
  0.73840989397608980       0.65868851166820408      -0.14450007984269650     
  0.75429977970819040       0.64384542146522905      -0.12843253322440060     
  0.76452170974474898       0.63498151400968128      -0.11092804963099943     
  0.77515171203466460       0.62416752386686636       -9.7748276095449602E-002
  0.78752850454898815       0.61174631877703400       -7.4600911425937874E-002
  0.78476981251604294       0.61651673271339802       -6.3588203685371519E-002
  0.78885086493146872       0.61120676289369369       -6.4347539889925143E-002
  0.80170799515211111       0.59650262896100170       -3.8064473617767450E-002
  0.80682930907092554       0.58987456135926353       -3.2779076944770232E-002
  0.81829127149230896       0.57413241851798313       -2.7773386653295942E-002
  0.82923415414075341       0.55865198196448906       -1.6693730967561170E-002
  0.83230049318075894       0.55401953695415918       -1.8391349166542781E-002
  0.83614160686157379       0.54841339335991401       -1.0486336748823532E-002
  0.83568624912184553       0.54913362101654339       -8.9866177130201470E-003
  0.84140026241083732       0.54039296265115244       -4.5874101717715303E-003
  0.84901141040980699       0.52830056665075875       -8.8394722941674796E-003
  0.85656619930430877       0.51594741653134557       -9.6233873454843119E-003
  0.86690725778442113       0.49846585369881818        1.8971286206189079E-003
  0.87261236935416142       0.48826723653171372        1.1948162193360050E-002
  0.87671085605793619       0.48057126068848838        2.0720479493441590E-002
  0.87658332197629463       0.47912618118901618        4.5163947261439484E-002
  0.88271098977579987       0.46825667147208294        3.9458815883304903E-002
  0.88200345844711170       0.46935025164158095        4.2192897166691494E-002
  0.89049588323670148       0.45344832187666195        3.7439301886189512E-002
  0.89476197882533626       0.44490505269881625        3.8216427510050610E-002
  0.90085994409600423       0.43259513293792035        3.6232748747041639E-002
  0.90374143562104070       0.42307623357829527        6.5252725022201807E-002
  0.90872038211400485       0.41100915460603327        7.2792458130010895E-002
  0.91077828789631832       0.40372756324419462        8.6527249890171673E-002
  0.92010434258209561       0.38073654657792633        9.1911266238065378E-002
  0.92364590423527260       0.37266673812029588        8.9430117344130519E-002
  0.92558425139120659       0.36651437311851809        9.4662600186760787E-002
  0.92812431209062707       0.35616646154960119       0.10830841598664559     
  0.93064469197487254       0.34469959355405944       0.12281143066775288     
  0.93037563567737669       0.34349368427742505       0.12811426696288461     
  0.93575858113197274       0.32296423967591914       0.14159794394140418     
  0.93769937762598321       0.31614074452486673       0.14413502992370233     
  0.93337957168191432       0.31625305864060205       0.16966607812804060     
  0.93629718125959904       0.30905383333614833       0.16683319953043702     
  0.93841109609196316       0.30439584672555836       0.16348633957523567     
  0.93931827447929062       0.29991581113876237       0.16652833229881761     
  0.93847218963755086       0.29006833067444326       0.18743082141590470     
  0.93911879861434677       0.28364253043884341       0.19391440641529223     
  0.94125364243464260       0.26925420961608937       0.20382284270300227     
  0.93681457443885474       0.27090146713503849       0.22133876348943332     
  0.93145944671947001       0.27244039259729935       0.24116287359062766     
  0.93545727456850492       0.25705005815227916       0.24257979112196151     
  0.93778588249456862       0.23951383506314500       0.25137772655354240     
  0.93759457523167178       0.23406379886081230       0.25715860973139754     
  0.93884899803321642       0.23343088888767238       0.25312561902173308     
  0.93937252199272314       0.23481387021835337       0.24988339536293599     
  0.94777589216779046       0.21149069893949976       0.23873110917438525     
  0.94668052686692239       0.20717475763929094       0.24672778491298278     
  0.94552612819246873       0.19574492053990381       0.26012356100166212     
  0.94531491786084165       0.19347910296714418       0.26257483273302989     
  0.94416593395352844       0.17979216774812268       0.27608959701171604     
  0.94283691862569030       0.16939885931001669       0.28698880002689670     
  0.93958880339076434       0.18125939870906954       0.29037546542767556     
  0.93239675782715903       0.18192520116235897       0.31231315562338519     
  0.93143746543705819       0.18192247191741978       0.31516418291367454     
  0.93507349828412589       0.16266946691518874       0.31492252593330677     
  0.92750290193421947       0.16339943957525038       0.33621271547949361     
  0.92779084118688659       0.15576659592158446       0.33902938309935615     
  0.92975957619485883       0.15714264452954352       0.33294642173211308     
  0.92944265169762796       0.14722738119356502       0.33832004881792915     
  0.92477467493935384       0.15118478683637407       0.34919186820436232     
  0.92082397350875445       0.14011253147008765       0.36393912724052097     
  0.91771366124936649       0.14391755236036638       0.37025582247803185     
  0.91756562960232024       0.13353188487409703       0.37448972094634009     
  0.92274388365404059       0.12328701772937749       0.36516302720627963     
  0.92073156375607201       0.12483523593801467       0.36968845176932230     
  0.92550454362881618       0.10313978328569298       0.36442217938292115     
  0.92341300873339660        9.0229518707522119E-002  0.37305100087755372     
  0.92608251077841963        9.1067969819796507E-002  0.36616636670131186     
  0.93142511727729471        8.2825664381049241E-002  0.35438278770958231     
  0.92891899060530103        8.4545504014258130E-002  0.36050182613102605     
  0.92221836423853198        7.9101529532195930E-002  0.37849205630617155     
  0.92326269303690012        6.6369331569660919E-002  0.37839280050398466     
  0.92763110514940827        6.8422395902446809E-002  0.36717694439909759     
  0.93180430921915047        5.5262580998696423E-002  0.35872939168959278     
  0.93270714243648989        5.6197851937742710E-002  0.35622912273639312     
  0.92969245127883493        5.7396171384094544E-002  0.36383736139324502     
  0.92590152566442907        4.1603769503695383E-002  0.37546703069026821     
  0.91896515721276806        2.1433953481196259E-002  0.39375579420127621     
  0.91803457960197843        1.6751333352353015E-002  0.39614631575459164     
  0.92130009954618275        2.1630570405026577E-002  0.38825023502909600     
  0.92075408731682173        3.4807858628421423E-002  0.38858760102076229     
  0.91036500209892157        2.1488402452906979E-002  0.41324788143855423     
  0.90403545069940716        1.1764861716693942E-002  0.42729555568424538     
  0.90446568074353462        2.1106506806440006E-002  0.42602388163994342     
  0.90094911793698707        2.2433367583918003E-002  0.43334447141669136     
  0.90142905704838505        1.7245510955322275E-002  0.43258322605106675     
  0.89619363653234774        2.2192541548754715E-002  0.44310772611017851     
  0.89871576237988282        6.8184981864843125E-003  0.43847860441807995     
  0.90448368023971593        4.4658752190998591E-003  0.42648485100709849     
  0.90489271891413603       -8.5700664017161112E-003  0.42555342933414592     
  0.90439480088093394       -1.9369343729583495E-002  0.42625681538600713     
  0.90633126591808166       -1.4482876038213860E-002  0.42231964519897575     
  0.90225709867228054       -2.2289671301642902E-002  0.43062199020572939     
  0.89945375798300831       -2.4974092903668959E-002  0.43630176705335866     
  0.89583480020250095       -4.2785276776169792E-002  0.44232276771304901     
  0.89257895113256158       -3.6588509600918813E-002  0.44940415770248465     
  0.88538858317008151       -3.9464913174172944E-002  0.46317337727921198     
  0.88741601447650098       -4.1331793498645179E-002  0.45911273135998798     
  0.88377777725684259       -3.7000064533460816E-002  0.46644167443687284     
  0.89229909635392402       -4.1673644325454180E-002  0.44951710758836017     
  0.89233519016039531       -4.1495220522294478E-002  0.44946196176675141     
  0.88794375570717332       -3.8159145783876067E-002  0.45836641052075872     
  0.88412359800295504       -3.0676524435469914E-002  0.46624501531155149     
  0.88828813211791902       -4.3950610402963428E-002  0.45717889078966140     
  0.87302509152961894       -4.9074511759723931E-002  0.48519983703134684     
  0.88014798752216716       -5.0565324899427874E-002  0.47199858895816060     
  0.88240655557550307       -4.6092870015942956E-002  0.46822443124111957     
  0.88037743504623733       -4.5787118656445934E-002  0.47205837735024864     
  0.88428679350887607       -4.4258416357643209E-002  0.46484197251033965     
  0.88363897635931565       -5.2835900438850815E-002  0.46517795206079610     
  0.87627340559287137       -4.0823037258980510E-002  0.48008165792875557     
  0.87548005469891421       -4.3529245011196926E-002  0.48128980734391330     
  0.87301430960079907       -4.5390902759346458E-002  0.48557767780132904     
  0.87150561412264582       -5.8490114035012815E-002  0.48688486432921824     
  0.86625718426443687       -6.3578766226222286E-002  0.49553630663696174     
  0.86659503832118034       -6.1530639496343735E-002  0.49520401852194473     
  0.85853557937295022       -7.2692577115974058E-002  0.50757506654975715     
  0.85652654772544967       -6.9706776600066661E-002  0.51137387334273510     
  0.86121473912197233       -8.7654706443333202E-002  0.50062543438923091     
  0.86149113211602568       -8.0094089955310921E-002  0.50141596109385966     
  0.86380533692223405       -8.8637326133417349E-002  0.49596750329087641     
  0.86051239157796500       -7.5338218862944464E-002  0.50382792371932972     
  0.86294522337969992       -7.7290778254743106E-002  0.49935125617438575     
  0.87075763778318860       -7.6355616068066831E-002  0.48574783183984160     
  0.86805877131591846       -6.7024745405259684E-002  0.49191630695155641     
  0.87040395364492840       -6.4370767901929277E-002  0.48811203808039128     
  0.87244392923769598       -6.4123528839256039E-002  0.48448917777953721     
  0.87155128077145472       -6.8012541771347940E-002  0.48556426881252046     
  0.86606990539173756       -8.3067029499916359E-002  0.49297341468359768     
  0.86924271210213566       -7.5848121198484400E-002  0.48853267031794667     
  0.86924271201077841       -7.5848121119132958E-002  0.48853267049327059     
