  -4.2342008051464604E-002  0.86658106758949793      -0.49723677222186163     
  -5.1745726831534243E-002  0.86461927180685427      -0.49975583495829362     
  -4.7178817582836721E-002  0.86088061830886098      -0.50661496246324866     
  -5.5237146769378909E-002  0.86378321120109047      -0.50082673816791201     
  -4.7194364047190483E-002  0.85829614667910858      -0.51097985928799128     
  -4.6234040833012656E-002  0.85456019857816157      -0.51729032513116313     
  -3.0167053583439032E-002  0.85763349124420984      -0.51337583072673143     
  -1.7690270410451618E-002  0.85594277631750004      -0.51676785697515593     
  -9.3784302162167130E-003  0.85841271891736759      -0.51287391145151073     
  -9.0117599216204235E-004  0.85957200092601116      -0.51101385803702470     
  -1.3492410941697579E-002  0.85442251463919627      -0.51940362082354774     
  -4.4743780402872408E-003  0.85147682668488311      -0.52437314343871078     
   6.3966809517193926E-004  0.84986850613776077      -0.52699441467618924     
  -1.4822586392232455E-002  0.84720283377266137      -0.53106275465355013     
  -2.3582786764564491E-003  0.84424014875938558      -0.53595989564930591     
  -1.6492869266350497E-003  0.84707866487603900      -0.53146497096653622     
   2.0006995876056376E-003  0.85251865808489546      -0.52269296419436295     
  -3.2493528014671657E-003  0.85026894707411660      -0.52633844562965870     
   1.4413994471703787E-002  0.85244165998285859      -0.52262362469471135     
   1.6179525763035600E-002  0.85804528329240681      -0.51331911591692803     
   1.4973028995476216E-002  0.86537951746923192      -0.50089330116045627     
   1.1498088586050486E-002  0.86324875029015202      -0.50464778715591130     
   1.4905806204050680E-002  0.86388941427659294      -0.50346091888274025     
   3.7397810183194803E-002  0.86074309267529170      -0.50766399538009044     
   4.5329162840923511E-002  0.85987017769813812      -0.50849635642894653     
   3.9635233236346566E-002  0.86456715484979907      -0.50095177716145933     
   3.3458875455139120E-002  0.87278532148451071      -0.48695614407712018     
   2.7188035461039515E-002  0.87807368482140513      -0.47775246179578090     
   2.8765045613443077E-002  0.87258809333240495      -0.48760905603298155     
   3.7022302406010815E-002  0.87668618881592020      -0.47963598224484233     
   3.2692162969947022E-002  0.87699862322379130      -0.47937942941256634     
   4.3453203842740540E-002  0.87933921881978383      -0.47420919151911639     
   5.8305898197430490E-002  0.87508818971874058      -0.48043842732463499     
   7.4914951082799927E-002  0.87908077597439149      -0.47074912577350847     
   8.4538525417284224E-002  0.87214289286113866      -0.48189211671501248     
   8.7271582531211048E-002  0.87226255180156598      -0.48118781323628396     
   9.7381899954185266E-002  0.86948881301880288      -0.48425816420218226     
  0.11782435561539105       0.86805337436458885      -0.48228701048034667     
  0.11386134202202114       0.86714856837333953      -0.48485972730369337     
  0.11834997737148285       0.86765152486506336      -0.48288105601224518     
  0.10604329601972988       0.86570321554818619      -0.48919603632777192     
  0.11153598872322307       0.86727303320990656      -0.48517750265899795     
  0.10346125151164193       0.86583334558687564      -0.48951852580416466     
  0.10332219991981570       0.86281616013073659      -0.49484623553279750     
  0.10885752656828004       0.85987057845829051      -0.49877111705795607     
  0.11227486259896656       0.86413917496226356      -0.49056889579744317     
  0.12706444531213629       0.85931673345452242      -0.49540829458394109     
  0.12844580344927453       0.85652514183857908      -0.49986633910943862     
  0.13804613473494765       0.86149372129563040      -0.48864284795026741     
  0.15724649909442900       0.86102770975188392      -0.48363707628962077     
  0.17371612027248320       0.85846681695096994      -0.48255303724207016     
  0.19388495290648103       0.85583700489772929      -0.47953273723921735     
  0.20822039112313298       0.85663619191744922      -0.47203676066351125     
  0.19365872844119764       0.86062601329853405      -0.47097681697978533     
  0.20223877778909646       0.85952375256843083      -0.46938086404225782     
  0.22113918263536878       0.86061462928633958      -0.45873731237135934     
  0.22696684637224346       0.87150200775003139      -0.43470714410451389     
  0.23052139971174576       0.87121094268516874      -0.43341824790905881     
  0.23560878060600166       0.86405922769653742      -0.44484846131443145     
  0.22838552409262686       0.87172876231035601      -0.43350780540353839     
  0.24863999939739845       0.87197795043008053      -0.42170203303211523     
  0.26670219762457265       0.87074055187139143      -0.41313536414706215     
  0.28648023925519261       0.86251467891635958      -0.41713007703844296     
  0.30756040812544122       0.85926992917654621      -0.40873192212824028     
  0.31168817416398165       0.85910334164765967      -0.40594572353474706     
  0.32597787426959562       0.85006276200146813      -0.41368070555092534     
  0.32206957283662052       0.85212036433163707      -0.41250706047794466     
  0.33096103165309892       0.85322061739762434      -0.40308730267118675     
  0.33055649728907349       0.85528910483859877      -0.39901497370946759     
  0.34197443433655283       0.85336669083410155      -0.39347017324703265     
  0.35991785284777028       0.85243960398391094      -0.37921743203761615     
  0.37184292404881458       0.84755212284914361      -0.37866639524618184     
  0.37444189312069581       0.85013545364627596      -0.37022017655691120     
  0.37852315508624762       0.84893453786271522      -0.36882295412212540     
  0.38863961355446608       0.84907348724793130      -0.35781764074577493     
  0.38987970758010093       0.85198217769181284      -0.34945698234943245     
  0.39137736944897067       0.85241957739703456      -0.34670537745103541     
  0.40033930569229359       0.84963536521758187      -0.34329023651918666     
  0.41248902920907804       0.84783164661512123      -0.33321809641741473     
  0.41580254893855551       0.84574550392922376      -0.33439913707978436     
  0.41749183379161664       0.84374652372066783      -0.33733125029650246     
  0.42787495292262595       0.84354866516195004      -0.32457460492921147     
  0.44672681405468012       0.83979693994599536      -0.30850648820065130     
  0.45894584316364873       0.83698681308425016      -0.29802984375038299     
  0.45953696794836063       0.83402554571827359      -0.30533123682021579     
  0.45740585843835635       0.83801849159084973      -0.29749771161820221     
  0.47337962022983815       0.83003426206805098      -0.29488109289033815     
  0.47636509393336074       0.82865886883552287      -0.29394008978377267     
  0.48872182394393182       0.82306442776334976      -0.28933704662816273     
  0.48662444209544004       0.82458679003271018      -0.28853644147464796     
  0.50541100104365344       0.82147755629102492      -0.26407261223795675     
  0.50236264802220276       0.82722581430815478      -0.25165297934721642     
  0.50070010261938125       0.82985384068999368      -0.24625598536687038     
  0.51027651633740634       0.82189243957495750      -0.25320089779478699     
  0.51987702446450546       0.81593352691259402      -0.25294339108564845     
  0.53695559916020197       0.80853058670462030      -0.24074254898873002     
  0.53658248173783352       0.81167941093924356      -0.23077212602346367     
  0.55772263472912020       0.80264838518116777      -0.21142618682857922     
  0.56840180644560567       0.79828148632311136      -0.19916338775773337     
  0.57234901174950770       0.79480328202912165      -0.20175319483244791     
  0.58631849735393726       0.78639212142845449      -0.19446863761510869     
  0.60201388024026714       0.77758046691195393      -0.18151557915243932     
  0.61086057081770784       0.77279206497958619      -0.17216790445623814     
  0.61719997855129383       0.77017476838162402      -0.16091927362685940     
  0.63362401725257966       0.76020634577818735      -0.14355109403720095     
  0.65309100979939361       0.74532326802330873      -0.13403491732479056     
  0.65808456122167114       0.74357654106975068      -0.11840032876823622     
  0.67265366203403598       0.73362699368000017       -9.6584083037766430E-002
  0.67358820319744939       0.73202480724255459      -0.10207161258024448     
  0.68754351266603209       0.71934935498632591       -9.9098050796216711E-002
  0.69842562338372838       0.70957246358258907       -9.3319705991742483E-002
  0.71791392213389860       0.69165903745995116       -7.8786904408634714E-002
  0.72001947213767625       0.69109822949318678       -6.2890356446474449E-002
  0.73033694501992519       0.68097500964338842       -5.3674789055478178E-002
  0.73939057064738223       0.67224382961749385       -3.7280257227438440E-002
  0.74584219764392867       0.66568886589637577       -2.4036431417152934E-002
  0.75302122865174603       0.65779755848768418       -1.6167907949275997E-002
  0.76767668739912709       0.64054019477332358       -1.9513136694403507E-002
  0.76339555465802944       0.64591620724247567       -4.4136549314423082E-003
  0.77019782410329252       0.63776774059124253        6.9007831219253298E-003
  0.77449185596700232       0.63255677538016331        5.8558484813459200E-003
  0.78387151487855433       0.62002675338345803        3.3350760872403906E-002
  0.79150758179639702       0.60831494397818553        5.8895474288238200E-002
  0.80038083721903019       0.59580764450458690        6.6360878252629291E-002
  0.80887899732682145       0.58295319586931615        7.6683369183322123E-002
  0.81657209166335409       0.57284260000139198        7.1143339394345834E-002
  0.82582942548614380       0.55931494088775346        7.1920490132888967E-002
  0.82527421670316004       0.55811120085460053        8.6222704235144873E-002
  0.83443798445694817       0.54010904957361316       0.10952380866329199     
  0.83991160613843130       0.53381026056096270        9.7954579238515749E-002
  0.84555954536766809       0.52041458845037780       0.11915414959474349     
  0.84790404921034812       0.51578385960862283       0.12257949869341078     
  0.84825597941294295       0.50939831110784539       0.14482801535153184     
  0.85417218892079805       0.49838091158193737       0.14834533577098899     
  0.86018385222547777       0.48639638392047996       0.15330459249355963     
  0.86908895299971578       0.46852631350406920       0.15864263401791673     
  0.87089726722527405       0.46510633663239537       0.15878931186934803     
  0.86791107166083115       0.46610005693710510       0.17170063660852702     
  0.86837166087522732       0.45736662879415091       0.19169357176043306     
  0.86754377473446675       0.45420156820737212       0.20265422363581731     
  0.86778726602911949       0.45318927790501834       0.20387432234009545     
  0.87566260164287968       0.43310228776929466       0.21362915628028356     
  0.87623549411691548       0.43003061292872896       0.21745121474442261     
  0.88120632985301028       0.42061681420532016       0.21577047952570955     
  0.88875746472660133       0.40569205451454671       0.21336383432182018     
  0.90000957800056636       0.38513834606795061       0.20408629031683032     
  0.89698451876525231       0.39067086676979595       0.20686963758078147     
  0.89780560482283767       0.37924310748098217       0.22387443216424824     
  0.90021293685159820       0.37199084567149410       0.22636139039515046     
  0.90166811513766598       0.35872521260763163       0.24147635905756384     
  0.90240515969610269       0.35592459245635660       0.24286336125201546     
  0.90318749637625073       0.34415410833015597       0.25653517518865671     
  0.90319698781507118       0.33614443820054507       0.26691219130759247     
  0.90397800956769725       0.34012369212223714       0.25911316499776665     
  0.90313492729953415       0.33742841999422862       0.26549833233348563     
  0.90774910013921151       0.33165859691297650       0.25689325855336415     
  0.90590721018205511       0.35030256547943861       0.23795007703022025     
  0.90702590911697334       0.34137937184827055       0.24650380254066609     
  0.90923714027987579       0.33583042671630647       0.24597916014820159     
  0.91032384247879794       0.31934524020641286       0.26330423348693710     
  0.91952151935579163       0.30035533310441159       0.25350907146955154     
  0.92353373718463883       0.27834416752816421       0.26383699642928643     
  0.92186730552730933       0.27761377073505028       0.27035396297832454     
  0.92309188676920539       0.27834589031689105       0.26537696570080255     
  0.92047426050565040       0.27874918762807765       0.27390879165018039     
  0.91689203108758144       0.27775634778705977       0.28663638044059059     
  0.91603823007064522       0.26885340192957818       0.29764376244082597     
  0.91236669428447381       0.27159742022730798       0.30630353652266462     
  0.91720911807115002       0.24944089097701136       0.31065523597025790     
  0.91547478587521847       0.24379304151829831       0.32011071418179537     
  0.91732445363637427       0.22942989570209338       0.32538864411477625     
  0.91874385933807812       0.21481165087013315       0.33130903334956274     
  0.92066974008093283       0.20580511990693487       0.33167978883163551     
  0.91815066199826068       0.19691768643267646       0.34383540632424359     
  0.91133437943522677       0.19777826627204204       0.36104488121261902     
  0.91318485452339071       0.19207076991319164       0.35944713215443314     
  0.91414529017994750       0.19452628773752553       0.35566544929312005     
  0.91536093144449204       0.17825424011438662       0.36102602546951451     
  0.92155984882971276       0.16339535090507987       0.35217808609787465     
  0.91740738365502883       0.15282117468483769       0.36743622709686752     
  0.91806855552678024       0.14502360936466810       0.36894210938820049     
  0.91715730020330466       0.14665805058912473       0.37055890608806302     
  0.92156268243202077       0.13150862948920161       0.36527756941614842     
  0.92248454785796297       0.12120700509586205       0.36651210195432832     
  0.91472835259760032       0.12070368407306234       0.38561984078269523     
  0.91662812746622557       0.11425036695822957       0.38306622089094527     
  0.92019734510541007       0.10975039415887922       0.37575483635333967     
  0.92095106724187814       0.11129426002870538       0.37344707714843439     
  0.92137853511721368       0.10409872347716913       0.37446635469115458     
  0.91477434118736833       0.10234643321352763       0.39078525089066990     
  0.91576507434067989        9.2251897785677467E-002  0.39097815280748049     
  0.91521531688141788        8.3282511660992070E-002  0.39426507199735761     
  0.91818771744355621        5.9178450823462680E-002  0.39170042952992368     
  0.91497113481433134        4.9703655336928408E-002  0.40044646221776248     
  0.91227824265296220        5.5027401314988823E-002  0.40585760198195331     
  0.91461745781727721        4.3181654067447624E-002  0.40200777431271090     
  0.91072644358015198        3.9928395441310070E-002  0.41107550182579583     
  0.91785193693625544        2.8863748577703744E-002  0.39587208272421265     
  0.91838920019134862        2.1247180646751698E-002  0.39510737057976858     
  0.91545601162886381        4.1252021544358579E-002  0.40029809079119577     
  0.91658921387355197        3.5734362791766033E-002  0.39823017003553340     
  0.91164828960523925        2.7286485862482668E-002  0.41006443853267477     
  0.91534691011582958        1.0668337842335548E-002  0.40252480756977338     
  0.91023960307437835        1.9343800252546558E-002  0.41362988575148657     
  0.91283148711661155        2.5475269632469801E-002  0.40754102464123476     
  0.91773647713208373        1.9275518548286033E-002  0.39672183318527698     
  0.91583477660396373        1.7515284712071009E-002  0.40117312567546537     
  0.91322094578204216       -8.0704839801121735E-003  0.40738479533885263     
  0.90906394613620722       -1.2011101480053391E-002  0.41648346338900732     
  0.90763400801713301       -3.2171038994659104E-003  0.41975011344043001     
  0.90679119836889399       -8.9206190733094517E-003  0.42148564046246406     
  0.90064873251823852       -1.7169880123344018E-002  0.43420853956346805     
  0.89842687298559509       -2.1596948320190233E-002  0.43859175290990338     
  0.89586173449871120       -2.5774613020925017E-002  0.44358474047760266     
  0.88689017285171012       -2.8358341356501959E-002  0.46110912566828643     
  0.88895535032092976       -2.3407638411421697E-002  0.45739530780255427     
  0.88837363806926017       -3.3553162322182500E-002  0.45789350779604776     
  0.89564942181845786       -3.5182473137656448E-002  0.44336701138016532     
  0.89836630682682050       -4.4985749964296114E-002  0.43693736514343640     
  0.89386050961475705       -6.7673525069826809E-002  0.44320839720821048     
  0.89147595659641288       -5.8996104025699395E-002  0.44921050579911831     
  0.89286412649303637       -4.1921017936904462E-002  0.44837069471249075     
  0.89271431380277599       -4.2660383474759984E-002  0.44859920375924106     
  0.88565337571703862       -6.6283750132420424E-002  0.45959173463999187     
  0.88686830480754042       -4.9486446230597073E-002  0.45936445396576520     
  0.88146981122445389       -5.0206803584556065E-002  0.46956389211027283     
  0.87779087729991712       -4.0330546604379909E-002  0.47734329652738783     
  0.87278070808920472       -3.8752833742801182E-002  0.48657173516780539     
  0.87028458305010659       -4.5092426429371633E-002  0.49048080246225223     
  0.86140561884466826       -3.9859499848028286E-002  0.50635124182201852     
  0.85267596452615202       -3.5328444476875095E-002  0.52124428105279130     
  0.85397526705311988       -2.7792211463451483E-002  0.51957081927637561     
  0.85475114492144821       -2.3479366043959074E-002  0.51850670162076806     
  0.84868790661952831       -2.6705321451544861E-002  0.52821933225122708     
  0.84958395488473082       -3.0560434604022291E-002  0.52656733989038196     
  0.84438073292436677       -3.6982247552389255E-002  0.53446561276856996     
  0.84500464326939895       -4.7253419137410088E-002  0.53266712610501876     
  0.85603349285093133       -5.4583092230255134E-002  0.51403049049644833     
  0.84989022292713479       -5.8445458782161286E-002  0.52370863781362986     
  0.84872641474406607       -6.2147305090301884E-002  0.52516776879935934     
  0.85212013223211025       -6.0681973277042826E-002  0.51981629289965037     
  0.86107856959807538       -5.8178843097382103E-002  0.50513257585982607     
  0.86201005267169239       -5.0941560890027299E-002  0.50432492152087194     
  0.86355963683088854       -6.8835478814571124E-002  0.49952620601212872     
  0.86183186121366750       -6.5419033245971162E-002  0.50295744659578112     
  0.86993333504178660       -5.9178890923824778E-002  0.48960581231445843     
  0.87143574063043339       -3.4207191295607411E-002  0.48931545859042025     
  0.87163146606176245       -1.9208369346254299E-002  0.48978528552630141     
  0.87236402735682872       -2.9957233347997901E-002  0.48793807798111855     
  0.87221073458506104       -2.1233177392926229E-002  0.48866919961502514     
  0.86783043081356059       -1.8398320520245495E-002  0.49651973289733248     
