   2.2857196697837145E-002  0.78392339039103687      -0.62043667409086856     
   2.6623621454686313E-002  0.78290152859977902      -0.62157572289847929     
   2.3515079848612151E-002  0.77053421545968392      -0.63696472730100429     
   3.6010959436152706E-002  0.77012150436794802      -0.63687995675051390     
   3.4240243198362538E-002  0.77064043080432565      -0.63634969329405711     
   2.2755474682059271E-002  0.78036554910604139      -0.62490943195027948     
   3.3644176245894192E-002  0.77546750155912669      -0.63049046260064978     
   6.1009637194900032E-002  0.76928825010733715      -0.63598224221760924     
   7.1114362344044404E-002  0.77664985842757672      -0.62590553989625697     
   7.4907383566223215E-002  0.77061621774786482      -0.63288192329315118     
   6.6930855307380743E-002  0.77511079095559932      -0.62827026218977478     
   7.0957126337993712E-002  0.77194634885374236      -0.63171506291462642     
   7.1822040175449131E-002  0.77206579590644753      -0.63147129890152542     
   7.2050888182492015E-002  0.77424457296983373      -0.62877182724647629     
   7.1234650220960871E-002  0.77590742912524258      -0.62681200214749677     
   7.4419872542013904E-002  0.77285615012359377      -0.63020239113079168     
   6.7329115548898630E-002  0.77418931604719698      -0.62936292639285341     
   6.4879068314513996E-002  0.75984714617885707      -0.64685625987423767     
   6.1388503483845371E-002  0.75449904043631810      -0.65342379021634123     
   6.4157119741183571E-002  0.75452014947704582      -0.65313337689912321     
   6.8245849972250514E-002  0.75405073472332973      -0.65326104539056273     
   7.6280302290367225E-002  0.75128823990810700      -0.65555113916327423     
   8.8741390484508062E-002  0.74395780258939126      -0.66230789938006962     
   9.9317543017109752E-002  0.73861566793048661      -0.66677051579733637     
  0.12147154272490507       0.74535542243162534      -0.65550740541949948     
  0.13821450051509648       0.75434698456353455      -0.64176115395625488     
  0.14724837549743192       0.74668488450756798      -0.64867526479840998     
  0.14439348120103804       0.74766855883359418      -0.64818380781869278     
  0.16573854579867170       0.75015226517070244      -0.64015803790611481     
  0.17207332835685513       0.75183247975774581      -0.63650506050581523     
  0.18800977231575489       0.74689490223921029      -0.63780900787215167     
  0.20276593818438396       0.74084380263720651      -0.64034087360268510     
  0.19824126276978107       0.73857751384389347      -0.64436298604095454     
  0.21639359794191182       0.74227836576006345      -0.63418974959732988     
  0.22833776668571548       0.73592255521570638      -0.63740086054990974     
  0.22617139175740905       0.73540516403503109      -0.63876893025657244     
  0.24152582931443356       0.73912031395776789      -0.62878170716787407     
  0.26527150158366236       0.72767818533116402      -0.63254682754772651     
  0.27510045400039862       0.72838405508096160      -0.62751606235425417     
  0.28768509671310238       0.72191940056349246      -0.62934065832363129     
  0.30191833372729521       0.71317737052025354      -0.63263208734394039     
  0.31965265769398687       0.71604099119194320      -0.62057028398242664     
  0.31053674579691759       0.71862119505347322      -0.62221419746722073     
  0.31536327525000701       0.72028114636821672      -0.61785198454814017     
  0.31232932707283273       0.72911932733900542      -0.60896255874310423     
  0.29392159301109733       0.73694985821035741      -0.60869943621261280     
  0.31455479774467410       0.73070076865829781      -0.60591390964226843     
  0.33915372296765151       0.72501246569936706      -0.59944280525977267     
  0.33230314856375054       0.73759404835578668      -0.58781769051700017     
  0.33597473812043388       0.74550080225144599      -0.57562968059973740     
  0.35619699865327009       0.73580791141785062      -0.57594306632279457     
  0.35622258043978494       0.73930738083104031      -0.57142809681846118     
  0.35248066046841386       0.74214042314870399      -0.57007453576213363     
  0.35549860716264481       0.74133341468497482      -0.56924995263674416     
  0.35221241755476235       0.73158745202860531      -0.58371757978882488     
  0.35444764111710075       0.72599243481679110      -0.58932321716975522     
  0.36223121537892072       0.72564930944965156      -0.58499711648892139     
  0.36405496989294794       0.73028592927100233      -0.57805401166762427     
  0.35723777686538544       0.73306025614545578      -0.57879515516306490     
  0.37494376551109515       0.72920164671091792      -0.57243526370974629     
  0.38164240262905830       0.73418386714977768      -0.56153639751356887     
  0.38158435103069710       0.73428785711118039      -0.56143986850557015     
  0.39215251892151398       0.73533256550150616      -0.55272273339938227     
  0.38708991679735416       0.73883200950316519      -0.55162365617088271     
  0.40300807759041829       0.72598453484500758      -0.55725303459268150     
  0.40040455352965715       0.73240016185437196      -0.55069610170075189     
  0.39845104936269321       0.73782668550196184      -0.54483808918150778     
  0.40534731511868799       0.74202812574129517      -0.53393615230187563     
  0.40730437176269430       0.75208757469910004      -0.51813842622046680     
  0.40330893919461908       0.75921615712999335      -0.51081574595785117     
  0.40750349338983294       0.76702431792990100      -0.49559519628347126     
  0.41759846318329852       0.76027052771500325      -0.49759446162000037     
  0.42900754687921322       0.75433474416922208      -0.49692214527009587     
  0.43346180190781414       0.76430175916399867      -0.47744495727324165     
  0.43644609869678563       0.76745542977620185      -0.46960298789443577     
  0.44702512149425555       0.76364557719867088      -0.46584758578096691     
  0.45122593123121646       0.76190747990369645      -0.46464196006314412     
  0.45946950668871589       0.76362618273130833      -0.45361087450637588     
  0.47204273508337791       0.76608915091826757      -0.43621447603252733     
  0.46939247455829192       0.76402303180798226      -0.44265055257503411     
  0.45808078185230117       0.77725163543089715      -0.43132573829714926     
  0.46390076143985315       0.77289858799227062      -0.43292476969454985     
  0.48249215227090475       0.76900882604573162      -0.41931700235115210     
  0.48872705957072049       0.77134943194404626      -0.40763453617542666     
  0.50304532419118986       0.76746251352843542      -0.39742507738943184     
  0.51041985554525893       0.76587526588034149      -0.39103279680593739     
  0.51262187026770767       0.77106180454499351      -0.37773338705369258     
  0.53674258535754160       0.75955483919414402      -0.36740147430360076     
  0.55676661383102799       0.75208544175952596      -0.35267325673561906     
  0.56837644726808867       0.74867001815829437      -0.34123513608912642     
  0.58487626329432174       0.74440203371240432      -0.32215736657681310     
  0.57885914715079068       0.75347424017847475      -0.31176699175398287     
  0.57909871329356977       0.75645009824691034      -0.30401961963657848     
  0.58916705507762823       0.75473286377494542      -0.28854893094451894     
  0.60621889931930573       0.74317824898873541      -0.28316909495586751     
  0.61076195133698119       0.74407039530361785      -0.27079343720216026     
  0.61727164970351411       0.74323098895832851      -0.25803760874013326     
  0.62147529663357781       0.73935328582189552      -0.25908526476542665     
  0.64141306633574946       0.72263010652996496      -0.25767228696595168     
  0.65160645297546027       0.71699843655612872      -0.24763334270006074     
  0.66404896387440138       0.70729756075161654      -0.24242346035841059     
  0.68576125830368406       0.68954832789712350      -0.23292616878321895     
  0.69181844780470381       0.68734785895365313      -0.22122422125282415     
  0.68674802092457732       0.69556822569666465      -0.21109713204439970     
  0.68025769881986753       0.70388190709776821      -0.20444980816011477     
  0.68359650225623969       0.70489448163587520      -0.18926064530780334     
  0.68612250867204572       0.70496120214234526      -0.17962629698236884     
  0.69141889591780648       0.69773798198963921      -0.18735426031138264     
  0.69734521561550300       0.69472642883722946      -0.17625220376845352     
  0.70209375729204127       0.69002930026259979      -0.17585198534748184     
  0.70520843953274959       0.68942120546004337      -0.16546739338553634     
  0.70871041937117141       0.68687088122005557      -0.16105258149661281     
  0.71753421171575549       0.68264869574799625      -0.13833081077984252     
  0.73761347503087382       0.66131229058002583      -0.13635400903779046     
  0.73907959401857726       0.66112044093342792      -0.12915539588156172     
  0.75135439060068754       0.64662019637816237      -0.13171522828031734     
  0.76216086658669024       0.63302594866454798      -0.13560590607040088     
  0.76470659455602508       0.63431024357303778      -0.11346514504832855     
  0.77048237790999408       0.63033275962408453       -9.5065858618364391E-002
  0.77419626512608142       0.62772395984360474       -8.1134291782749099E-002
  0.77575048232479316       0.62573610326860452       -8.1642625135853172E-002
  0.77840518295431982       0.62475677908663951       -6.1354202261457519E-002
  0.78522250699110319       0.61626851403523630       -6.0321912464755899E-002
  0.78643093609524506       0.61421789047999686       -6.5289859600549283E-002
  0.79289681938312384       0.60587379650263995       -6.5050568972174788E-002
  0.79562194897705762       0.60395313274152007       -4.7183977764199171E-002
  0.79129768046578908       0.61132963029180643       -1.1138402791494969E-002
  0.79550142980746852       0.60592780499286147        5.3824075285547300E-003
  0.80929847244320541       0.58695744676970829        2.2736274599845452E-002
  0.81541359177618511       0.57789389647678968        3.3753796253682938E-002
  0.82174226294202657       0.56842726365681695        4.0374487322305877E-002
  0.82400195283787292       0.56472590729093264        4.5884979609929544E-002
  0.82674211963510136       0.56023921975346613        5.1278497162913231E-002
  0.83814190905034458       0.54111851423876456        6.8621380352452910E-002
  0.84566739729193652       0.52652935265681433        8.7255337649201986E-002
  0.84253984971651041       0.52447236436523836       0.12270020642531598     
  0.84534167744054134       0.52165215595766690       0.11522359379366712     
  0.84530219507509308       0.52159621875281892       0.11576520886686588     
  0.85103912117224845       0.51161992706193493       0.11822632730278430     
  0.85257327523584792       0.50332638020885279       0.14064624182491328     
  0.85700920329512209       0.49377807808156993       0.14737175805943867     
  0.85639682892029878       0.49121066772515715       0.15904889602968320     
  0.86520700254499849       0.47200618752502732       0.16919515857489928     
  0.86685162566479834       0.46504730254986265       0.17971996403680313     
  0.86188743067948359       0.46636839191830975       0.19912453353679402     
  0.85587722658799437       0.47174782605028565       0.21196264205012641     
  0.86140759338366657       0.45485588135015698       0.22601567481511484     
  0.85656959368592944       0.45476412150593137       0.24388137477810856     
  0.85858066189150162       0.44678671368018846       0.25143762547560067     
  0.85826687169874905       0.44229628769948665       0.26029208753186489     
  0.85494809829707319       0.43371708600034098       0.28452282602559165     
  0.85459215343554884       0.43229717075804380       0.28773496040797703     
  0.85190638206784297       0.42693578201140486       0.30328427956355858     
  0.85036281607329045       0.42383180762185996       0.31184880934178316     
  0.84196249128188283       0.42794970775923019       0.32856994826550268     
  0.84399266894237313       0.41847061608502167       0.33549771719782095     
  0.84247363837624112       0.40710441113117968       0.35285148019900919     
  0.84312854449369579       0.39581109452133195       0.36396130963848977     
  0.85164722385718161       0.37110700878294189       0.37010349110556900     
  0.85231222426424469       0.37009707183394847       0.36958358971912131     
  0.84851192494328964       0.36874859328857718       0.37954181347610205     
  0.85178406827661868       0.34497254892174561       0.39428142426516344     
  0.85564079616826783       0.33516464293675186       0.39439002276631191     
  0.85364192957244611       0.33143571029151858       0.40180321803015351     
  0.85125796312072122       0.32818888991116324       0.40945321193322781     
  0.84630971773401198       0.33114872015280838       0.41725338442022747     
  0.85210358663957453       0.31097300092251245       0.42096944109189216     
  0.84649516548516257       0.31375982102539968       0.43011708815200034     
  0.84276976998978226       0.31001113430236032       0.44003660234113806     
  0.84570018123378454       0.29179046349001081       0.44682158506212327     
  0.84870314972509653       0.27438277125183858       0.45212504740045190     
  0.84661366155759421       0.26450560089908365       0.46182474506792931     
  0.84428966601725730       0.27243910489429701       0.46146711039992977     
  0.83879237231440462       0.26949762000164063       0.47307334416623364     
  0.84172149268994845       0.25542615868190544       0.47567048069520679     
  0.83909676366394192       0.25301305204030700       0.48156102075017143     
  0.83728282184489711       0.24977835481497099       0.48638282217752365     
  0.83585326989401787       0.24310528713106871       0.49218810487088960     
  0.83759839334204822       0.23819593407634929       0.49162142799141123     
  0.84748238754192706       0.23002297498253035       0.47839631456191295     
  0.85082810575236456       0.22334521567362550       0.47561376041652226     
  0.85524427882835685       0.21000701250904838       0.47376605854407355     
  0.85427911297815651       0.20408016405035517       0.47807790554514623     
  0.84873257372978317       0.19605026357972588       0.49113879142289069     
  0.83608126372999181       0.19082781642415922       0.51434702771421503     
  0.84107845297290773       0.18200962399852333       0.50937170388294717     
  0.83386649257647372       0.17569378459338286       0.52325745729369533     
  0.83780813090819006       0.16658320787818662       0.51993035171755242     
  0.83615021646314358       0.16691892864104171       0.52248529813762690     
  0.82387381919396563       0.15416029366054471       0.54540492655021333     
  0.81966050856725903       0.14794869627094276       0.55341470342500720     
  0.82208641550105932       0.15913527710527051       0.54667164644715760     
  0.81940025858919008       0.16777132629596109       0.54812042317073095     
  0.81603704650762576       0.15904479488434359       0.55568722492721168     
  0.81389945065203928       0.16678139290033939       0.55655336780090470     
  0.81279880302342633       0.17781273477614551       0.55474384823548395     
  0.80270183049526389       0.17820644242312045       0.56913288008904017     
  0.80855650585370042       0.17181730675677961       0.56277454627985668     
  0.81001495699969517       0.16605418321844162       0.56240712804198878     
  0.80236358257507379       0.15191164573057009       0.57717894387158863     
  0.78526341460234106       0.14739112043905941       0.60136280838009026     
  0.78577072652396918       0.13767584704467470       0.60300060238653352     
  0.78540803399555670       0.13178977655998086       0.60478564378588195     
  0.78177579910539696       0.13937776526967266       0.60778321668301161     
  0.77999048278165395       0.13798112882220545       0.61039008417485907     
  0.78260139347143831       0.12612958498609120       0.60961166879235251     
  0.77777035818905038       0.12709016898590036       0.61556588507617160     
  0.77832052830872123       0.12403081255235628       0.61549452698690477     
  0.76617068817066580       0.11408789481449406       0.63242899114832274     
  0.75862664339456776       0.11921643756829761       0.64052560990596963     
  0.75712774491865797       0.10916370955397267       0.64408140975408035     
  0.76047379633328527       0.10364634205766717       0.64104371213553457     
  0.74553185324179616       0.10823806171256019       0.65762206304119653     
  0.74009309473506180        8.6489633651809242E-002  0.66691960114863480     
  0.74609338503422662        8.2382384495122030E-002  0.66072521030536369     
  0.74655550885524791        6.6360414644063906E-002  0.66200541354746434     
  0.74472620450582838        8.6012317180600498E-002  0.66180417165168026     
  0.74768734213020471        8.4716108134067783E-002  0.65862494596005638     
  0.74961163022099697        9.0515861719459731E-002  0.65565942578033809     
  0.75445976582842378        9.3432121478682947E-002  0.64966214328842697     
  0.75941361266262308        8.4589546354359488E-002  0.64508571023567574     
  0.76344003664200588        8.5474432095053163E-002  0.64019796306305210     
  0.75874067097256770        7.9804889239166066E-002  0.64648571048834602     
  0.76498349685047085        7.7715655189093832E-002  0.63934382493690767     
  0.76110798776068234        6.6499665035567673E-002  0.64520727329831162     
  0.75996863651168600        8.8966453915748964E-002  0.64384209368153700     
  0.77419361820351329        9.2619520872590677E-002  0.62613566092843154     
  0.76030574070462043       0.10675792268655195       0.64073233615547276     
  0.75564221312470214       0.10773075223863551       0.64606418471085381     
  0.74937758437268209       0.12141697357621871       0.65091562784077894     
  0.74986009479296312       0.11125169809258760       0.65217551158304310     
  0.74580786232154461       0.10014684164833382       0.65859034506074499     
  0.75838090373928890        8.4586144032214997E-002  0.64629992192583507     
  0.74927302064887724        8.7613086977004206E-002  0.65644031527479052     
  0.74504069133597606        7.7023680737482919E-002  0.66255695669071435     
  0.74275053499241739        7.5123146727474041E-002  0.66534063125157139     
  0.75455569995152483        6.4014246198532632E-002  0.65310632515257261     
  0.75417448571425594        4.3797446476424105E-002  0.65521189609147190     
  0.75655024272039839        3.6355575066658770E-002  0.65292419345685071     
  0.75117781198448053        4.8991457059140472E-002  0.65827937224056321     
  0.74964573360525466        4.8717547674652036E-002  0.66004384296500185     
  0.75271442930541044        4.2239104969549086E-002  0.65699075025969866     
  0.75914119578141359        6.1528336336719752E-002  0.64801150352073289     
  0.76211936362835397        5.8450152264100358E-002  0.64479272272802246     
  0.76379728060209140        4.3524833909150365E-002  0.64398703634314791     
  0.76729389534259262        5.8537272331380848E-002  0.63861840399255043     
  0.77881087489696588        5.0837239753624572E-002  0.62519532643523101     
  0.77269624368046441        6.3725882075546331E-002  0.63156909911409875     
  0.77389674043697443        6.6343379508525244E-002  0.62982727087385937     
  0.78037806084143990        6.5849448756871126E-002  0.62183111232534094     
  0.78044062823350768        6.5766960695976234E-002  0.62176131488196706     
