  0.25329504298494748       0.52813968782248000      -0.81049990212585887     
  0.25330323173401614       0.52290085006843379      -0.81388707680538375     
  0.25112470487153926       0.53220148475223561      -0.80851590103763471     
  0.25327371583537495       0.52391347708832126      -0.81324479303108177     
  0.24280321556477602       0.52656373567578296      -0.81472524864678708     
  0.25843120995729046       0.53294566562907586      -0.80571845405649767     
  0.26958093800789018       0.53128798200550131      -0.80315577445431374     
  0.27700246336099699       0.53067945837001196      -0.80102992937595674     
  0.26711694545908549       0.54730226343371557      -0.79316377242593472     
  0.27255541139855771       0.54391984577741848      -0.79364018867924824     
  0.26595292488514549       0.55220273360946448      -0.79015263255859070     
  0.27722970793750318       0.52894097056300393      -0.80210045424295484     
  0.28305726186729369       0.52726403570876301      -0.80116866086505067     
  0.27414160909458579       0.52375555283706676      -0.80655222957683881     
  0.27216899213256301       0.53192416577630264      -0.80186078691050211     
  0.28084214208885760       0.53638271375905311      -0.79587767628412331     
  0.28925783186386217       0.53696824736209647      -0.79246136059135164     
  0.28592744862030439       0.53212737438760427      -0.79692280150139871     
  0.29676329979510813       0.53615700658787591      -0.79023237606507069     
  0.29577841496408203       0.54520917410739855      -0.78438643901489236     
  0.29460115658888220       0.54468790893578989      -0.78519121263272551     
  0.29502721329674109       0.53634088469140384      -0.79075748420283820     
  0.30822512850981498       0.53103428782212936      -0.78930339877156985     
  0.32057014890210744       0.53391331216459592      -0.78241380018907614     
  0.33663691151355718       0.54783461426573654      -0.76586736790316745     
  0.34569919112000308       0.55034410771974085      -0.76000883702568800     
  0.33977130526232519       0.55869212364611498      -0.75658348587325763     
  0.34343830097398992       0.57404177475112050      -0.74332104387315923     
  0.35084593852600970       0.57811509130367089      -0.73667500882461845     
  0.35671207768262575       0.58078779572074246      -0.73173904499977682     
  0.36263765461216974       0.57199447113873136      -0.73574197681259690     
  0.34708954581518325       0.58004084448445792      -0.73694061220397389     
  0.34242435162588530       0.59127338127472007      -0.73016529088251836     
  0.34549735199184850       0.59847059329086227      -0.72281707833497155     
  0.34344787130267662       0.60184866423410199      -0.72098664693410741     
  0.32438183749990196       0.60593972791020601      -0.72637006383818747     
  0.33109917697303448       0.61055080016906782      -0.71944496344104747     
  0.34789821138909616       0.61668988043478901      -0.70615892395521951     
  0.36010891081765334       0.60749577697316515      -0.70800455740729140     
  0.36236537233561750       0.61351409592862383      -0.70163508394959317     
  0.36907097495192576       0.61618291569050998      -0.69577670977058215     
  0.36749437882366426       0.62024185695870970      -0.69299922107418066     
  0.36731642503168027       0.61536960995973922      -0.69742303305808973     
  0.37684193046520670       0.61287909428664322      -0.69452816734070633     
  0.39435205026535325       0.60678063836078888      -0.69014760548884435     
  0.39258105383149877       0.60777227223627217      -0.69028471029953198     
  0.39643513519964746       0.60113627838216055      -0.69388353373753053     
  0.40701132689902542       0.60264279768759621      -0.68641346007429227     
  0.40511838724196164       0.59976279561613588      -0.69004614433615230     
  0.40727683181394847       0.60501035967227934      -0.68416960394101967     
  0.41372407926329746       0.59853207472132230      -0.68599689632499461     
  0.42092041248471407       0.58848934538488451      -0.69029435512842441     
  0.41592853923659734       0.59317100247850707      -0.68931241978304181     
  0.41561765344707757       0.60673034723654184      -0.67759888716361560     
  0.42293673884640481       0.60994349671262327      -0.67014434695216685     
  0.44065667114576845       0.60432610949507637      -0.66378584766268922     
  0.44443725077284002       0.60748364430297819      -0.65836095876794842     
  0.44767477198007150       0.61093955522874610      -0.65294728607253816     
  0.45484561328255785       0.61025961794418049      -0.64861287898424969     
  0.46639771594854040       0.61833545321264549      -0.63256180556392816     
  0.47443743756054957       0.63480839064727590      -0.60985852868086998     
  0.48595487953856009       0.62509939589856611      -0.61081797640533786     
  0.47291261102459364       0.63499661284426878      -0.61084610501353609     
  0.47495039850215887       0.64450454241723409      -0.59919613964560281     
  0.47759080167857848       0.64164871147797464      -0.60016160924426665     
  0.47518276311211549       0.64092988230087256      -0.60283515791211539     
  0.49173729081560602       0.63179476773252741      -0.59919096145313355     
  0.48816423403436854       0.63466490934083297      -0.59907940497152090     
  0.48577138542492115       0.63763940275397313      -0.59786466123856963     
  0.48969979635523658       0.64465945815367953      -0.58703346792380107     
  0.49614443714028195       0.65943435927566230      -0.56478936188764173     
  0.49489559973275399       0.66281693383375395      -0.56191819474758109     
  0.50893757284939201       0.65854253609319813      -0.55435031802832835     
  0.51330483789382253       0.66274210689687207      -0.54524402164598895     
  0.52568657142925068       0.65781503872781566      -0.53938205702681852     
  0.52478643684075410       0.66701811164361391      -0.52885350944034815     
  0.53134408603500671       0.65609683576780187      -0.53592014734576021     
  0.53399317156124004       0.65807148246285785      -0.53084198844392960     
  0.53705816927572758       0.66165109635239161      -0.52324597419366903     
  0.54302288434579060       0.66270097886135670      -0.51570685441729192     
  0.54871057334677209       0.66015749636741239      -0.51294130920346692     
  0.53907401938905442       0.67463556124788915      -0.50424801548392295     
  0.54282707485182347       0.67980425660323895      -0.49315812830361971     
  0.54515966347787237       0.68922674786328886      -0.47724986259451851     
  0.54225604721131149       0.69839896947960234      -0.46711589428384270     
  0.53149196833155810       0.71871959179401990      -0.44828387877603160     
  0.53327033234564580       0.72869480714076873      -0.42968201112688531     
  0.54689938335622401       0.72770820251840140      -0.41393457994231186     
  0.55867392706747498       0.72538686455517909      -0.40211607770121877     
  0.56538334198144591       0.72696189772714648      -0.38970254792961961     
  0.58182662848475752       0.72303064229922420      -0.37243048301989334     
  0.57749462109034655       0.72969279041911095      -0.36612619985749201     
  0.58680474980320008       0.73529448130728936      -0.33911975962401242     
  0.59797385962010707       0.72787308865527600      -0.33560099824413658     
  0.60277003083635639       0.72523234765561873      -0.33272561043517185     
  0.61073194379949181       0.72414833393359368      -0.32033682786107315     
  0.61177507756130622       0.72982966033861085      -0.30509002173929728     
  0.60956413756854066       0.73372990500403690      -0.30011995717227330     
  0.62149056210279241       0.72164789761571335      -0.30491604268056638     
  0.63476046657224405       0.71275056509668810      -0.29843890837378850     
  0.64390933600314915       0.71278831851598723      -0.27805319634043885     
  0.65949738968761251       0.70011208095684074      -0.27369009315922643     
  0.67143561978334865       0.69088934409445124      -0.26804127052170429     
  0.67818603224891760       0.68691199349942822      -0.26118119926424960     
  0.68154112621351959       0.68591943225090468      -0.25498279498861104     
  0.68342940487722925       0.68691518801243612      -0.24712703823538953     
  0.70386802745903398       0.67191681360930178      -0.23042915507819653     
  0.70625698569758699       0.67244116330203074      -0.22141353176888345     
  0.71931574671429921       0.66846938192206062      -0.18903317688064375     
  0.72102942475236365       0.66805221826388517      -0.18390976677158266     
  0.72655554951643553       0.66732581215360320      -0.16368657214446442     
  0.72873264155455664       0.66763542310429858      -0.15235379532280388     
  0.73984447978991097       0.66071577151986938      -0.12682592396391251     
  0.75297134995072146       0.64621079561706707      -0.12428094697637766     
  0.75796125420094496       0.64655264756704589       -8.6396823171768763E-002
  0.75511352991460634       0.65129538926800878       -7.4952470660652359E-002
  0.75754896235486113       0.65036346680887269       -5.6097510420850365E-002
  0.74880426652196541       0.66069635291488504       -5.2654531461883966E-002
  0.75043622815560729       0.65971101637611085       -4.0334133727963593E-002
  0.76748767914955063       0.64047671930222838       -2.7426891648365696E-002
  0.76966385395694559       0.63800954501117835       -2.3693298351447990E-002
  0.76569615854213169       0.64295330982372290       -1.7900675421410064E-002
  0.76640668034124171       0.64235156098703683        2.2961763509780166E-003
  0.78461815896844822       0.61977542746880543        1.5898557256008434E-002
  0.78225093817897473       0.62260271458381589        2.1197393966650279E-002
  0.78063189775160691       0.62438003554765709        2.7629900872630446E-002
  0.77561637299175423       0.62976266564808503        4.2640671933426015E-002
  0.78137979125933710       0.62123102541509678        5.9309652445639086E-002
  0.78029442170839514       0.62082210713492469        7.5634163863419174E-002
  0.78207850765439457       0.61794491755853032        8.0605748732061958E-002
  0.77728788618943845       0.61885643016596381       0.11331487468728367     
  0.77809250635386007       0.61829622266067996       0.11082342983098667     
  0.77843556940124714       0.61617469350184884       0.11986163430747718     
  0.77936908017899931       0.61445227337900943       0.12260603818861712     
  0.78126633113693522       0.60880896438553511       0.13774819314838724     
  0.78004420382531103       0.60935208871832935       0.14220081593699052     
  0.77670525821265157       0.61041799597357005       0.15530232469743938     
  0.77281932470517112       0.60754759702089645       0.18340176857483637     
  0.77581579194161798       0.60290325054385108       0.18605786051026879     
  0.77173327015781423       0.60595531526406188       0.19299200925105284     
  0.76537240527187755       0.60704878074097446       0.21376823676411094     
  0.75832666697444528       0.61413159604889045       0.21859334136672867     
  0.76340175099212582       0.60144479180372545       0.23554602309173184     
  0.75953136708709401       0.59793766077694199       0.25609110924709799     
  0.76106652406337072       0.58614879824286847       0.27786207418167130     
  0.76045929498551690       0.58737090082245580       0.27694238667482324     
  0.75847078777821286       0.57763090131486960       0.30176912687229668     
  0.74877651798513312       0.57591493590689569       0.32810929994959986     
  0.75237700291265330       0.56851348796287071       0.33274804205654673     
  0.74645803865544080       0.57133795269876386       0.34113536951283413     
  0.74196125774387012       0.57054961835601459       0.35208894472979507     
  0.73938498937631025       0.55050633328497989       0.38762432134493341     
  0.73836844863542794       0.54447009548218961       0.39795018430116069     
  0.73496033135683803       0.54134085498349926       0.40839122181748810     
  0.73500137586197500       0.53521383394581046       0.41631614121245675     
  0.74116026556138115       0.52197901667194135       0.42216035686357117     
  0.74301476163084468       0.50798350191394570       0.43575431814487314     
  0.75526934799530421       0.48836254372011217       0.43711581745570527     
  0.76028144374423245       0.47805533644177850       0.43981271195558164     
  0.75853703651660609       0.47921505901561146       0.44155915962107434     
  0.75981841956664298       0.46773370819135351       0.45155414681831324     
  0.75663147259241836       0.46481893751714753       0.45983928715156480     
  0.75807382111106458       0.45550182634374897       0.46673565103126480     
  0.76004423416331535       0.45263627811511514       0.46631873418209979     
  0.75761257513494251       0.44712310012863699       0.47550406867739597     
  0.75595579821428804       0.43473377862249057       0.48942555396179521     
  0.76118502245505271       0.42140008965874787       0.49296990377273547     
  0.75673642062626079       0.41377777309286329       0.50610072534236294     
  0.75283612577837877       0.40550312319184800       0.51846406317570171     
  0.74729660705298318       0.40906621892012268       0.52365313865715868     
  0.73559260734451681       0.40142577627367626       0.54567468528709728     
  0.73144153597752337       0.40732807970317542       0.54687943363429259     
  0.73268054387138715       0.39529368174973900       0.55400552867373509     
  0.73051812223290524       0.38387897656536835       0.56478332521457963     
  0.72621722085398921       0.38401369828437565       0.57021226544600434     
  0.72955744176718185       0.37720658734562668       0.57049200662690369     
  0.73006094046833092       0.36010701759387970       0.58080457908158500     
  0.73100863661525473       0.35924646287730350       0.58014511297092941     
  0.73556064310867664       0.33841726860152377       0.58687672693831860     
  0.73779934080834808       0.32911139218107532       0.58935373438996819     
  0.74350261788738858       0.32050699219785683       0.58692344061801005     
  0.74166466729593195       0.31453137267150560       0.59245551469303848     
  0.74515211651676305       0.30770292396184107       0.59166479854383913     
  0.73796602275260992       0.30810842312651121       0.60039599337536442     
  0.73848409779637791       0.31021815407498338       0.59867013804279545     
  0.74224980196792245       0.30296526392096390       0.59772676059875551     
  0.72503807444490775       0.31112933858416630       0.61442519909049953     
  0.72095178311639729       0.28944520825920500       0.62964275413687787     
  0.72723598039028048       0.28953728867093576       0.62233109137730702     
  0.72547485427919889       0.28466640602703902       0.62661892174448686     
  0.72158966999462626       0.26002263474381276       0.64163586057664534     
  0.72886503982140571       0.24897365343781749       0.63778356330338737     
  0.72714538351118629       0.25681432216432398       0.63663647018502745     
  0.71929347477402406       0.26723863586660296       0.64124910030944082     
  0.70801051572363471       0.26913023050457846       0.65290889766743498     
  0.71017605884574020       0.25052408776053459       0.65794197836441848     
  0.69217107634014818       0.25634278661096460       0.67467590503192454     
  0.68632028998431294       0.26124223712706096       0.67876133736144462     
  0.68739694945417773       0.25653650779149051       0.67946630089448679     
  0.69235463133270403       0.25536538885446303       0.67485819447300510     
  0.70048708921519043       0.24250054560605674       0.67120140287665853     
  0.69882531131214554       0.24667833536702458       0.67141118782012921     
  0.70130896516177177       0.24241483088607499       0.67037361609046098     
  0.69257338479130848       0.23612351052647768       0.68160677406798320     
  0.68551240055205620       0.22988308276816102       0.69081583431936788     
  0.68585011444520816       0.23418149290241769       0.68903457743243168     
  0.68206170585029791       0.23929110510811394       0.69103661004951056     
  0.68788146139840678       0.23431019516524795       0.68696275554502662     
  0.69048879128308693       0.21794612450335651       0.68972800140808344     
  0.69560097889076300       0.20788025721926584       0.68769548262633262     
  0.68353632664858577       0.22276926027807292       0.69509132265258411     
  0.68761115337903955       0.22020749910535814       0.69188117410904515     
  0.70466657467791682       0.21352655369356588       0.67664719714149457     
  0.71163929926497083       0.20057635718283123       0.67330426456463655     
  0.70489736333918562       0.19596748149414825       0.68170114665761328     
  0.69615438183016543       0.21536448821202125       0.68482641149114154     
  0.69769992449361695       0.21491642138931841       0.68339282054965356     
  0.69606486932006795       0.22221942267768044       0.68272412135740135     
  0.69869384927412448       0.21756619349402526       0.68153639406493016     
  0.68519966801381971       0.21801349405689607       0.69496153228999302     
  0.68465056447176609       0.20879389168050860       0.69832565137291103     
  0.69178500953811828       0.19919768398410298       0.69408485307901369     
  0.69404759368878011       0.20347085620575076       0.69057769176951622     
  0.69317596983718466       0.21128667236622814       0.68910450362821196     
  0.69386570741198361       0.20506226278023698       0.69028968445219951     
  0.69300526160977860       0.20694331909359678       0.69059262236407426     
  0.69743214379137430       0.20188968827422082       0.68762559476440821     
  0.70754484865925882       0.21203352940640258       0.67410835148602810     
  0.69673481302615026       0.21378800185713379       0.68473008593120110     
  0.69246722767091073       0.21234003881049368       0.68949318090879042     
  0.67861652315999199       0.20526476628654039       0.70522761589119309     
  0.67039353881786945       0.18791400405588182       0.71781671072143494     
  0.66261262376828733       0.19021464486007045       0.72440520408378017     
  0.65668943042056971       0.20404710315338184       0.72603289985276898     
  0.65318033806808640       0.20116387251815110       0.72999215225560066     
  0.65832691950923472       0.18832780748932026       0.72879235998722380     
  0.66688697354170567       0.18736346233874995       0.72121889707690012     
  0.66117120490027137       0.18888207763419754       0.72606900399294894     
  0.65600076007469199       0.19350382715969705       0.72953359871631440     
  0.66146877357820966       0.18822111469079297       0.72596960925750498     
  0.65027372659678540       0.18809149901350014       0.73604732762016345     
  0.64749784174178837       0.17738757096636248       0.74113439712806528     
  0.65386605465493997       0.17841417864402431       0.73527380167442491     
  0.65935864808516720       0.17656022695171078       0.73080275003181339     
  0.65837846372399100       0.17491745450081583       0.73208037988693064     
  0.65806081139508510       0.18519656778279206       0.72983436462495799     
  0.66213185812379272       0.17461786720694597       0.72875922149200367     
  0.66480049363277838       0.16606608223320093       0.72832846985225697     
  0.65600772769745008       0.15503184971500664       0.73866026478698021     
  0.64647153635955956       0.15852547181355992       0.74628696053408272     
  0.64863294387419823       0.15583638527543972       0.74497672792231173     
