  0.40795563277221081       0.27284810262680509      -0.87127843688592355     
  0.40469582769738388       0.28028479795724576      -0.87043765950146934     
  0.40614036704654161       0.28054655282778673      -0.86968019061707169     
  0.40484309035975657       0.28862674762888607      -0.86763856111927928     
  0.43117710928823283       0.29556641895220187      -0.85248272264815705     
  0.42553117860141848       0.29713167034445598      -0.85477247646166132     
  0.42551158502284947       0.29620815301434367      -0.85510269622962443     
  0.41609780340743940       0.29920643258437668      -0.85868395157917943     
  0.40491453958788565       0.29442258436475716      -0.86565556513333175     
  0.41080699252168457       0.30169874488849702      -0.86035776408886688     
  0.41386567494113524       0.30219415666603983      -0.85871642279766580     
  0.41454904730012893       0.31626558834299284      -0.85330250498437898     
  0.41390700683113835       0.30193727495706191      -0.85878686045350705     
  0.42257358482214114       0.29879431124608702      -0.85565970162065053     
  0.42664188990918922       0.31948065923478081      -0.84611394395177331     
  0.43225046125329197       0.33223902271740779      -0.83831782190890947     
  0.43293547078001315       0.34258339080507944      -0.83378864137440845     
  0.44541648686670476       0.36394310620969639      -0.81801562862194765     
  0.44939449612710908       0.35733920884315917      -0.81875104682315170     
  0.45281265846189339       0.34409966766728650      -0.82253031254047715     
  0.45004726959183300       0.35115236630233004      -0.82106605749672179     
  0.45125369386531800       0.34607188991915244      -0.82255963357114215     
  0.45483589925087753       0.34922936286737233      -0.81924548022182853     
  0.45651762589508660       0.34839739662288827      -0.81866410161525205     
  0.44841477072561864       0.35716285239884776      -0.81936493106637742     
  0.43960521354471621       0.34894088243172400      -0.82763972644628070     
  0.44961803248348031       0.34383343085706319      -0.82439201639192583     
  0.45297885094681434       0.34574336766402725      -0.82174916143020227     
  0.46130813735197573       0.33499653242823957      -0.82156687230797310     
  0.46117098455397887       0.34671388330720798      -0.81676851440757003     
  0.46073447034884207       0.35865820005399579      -0.81184237593660957     
  0.45676533966556226       0.37664075919264117      -0.80592007233657725     
  0.45601488983801397       0.40435170073118326      -0.79281153016452954     
  0.46080430296499236       0.41447562374215241      -0.78477343972161862     
  0.47595196601506007       0.41439398680320327      -0.77572375865880583     
  0.48466119494053567       0.42879208552366854      -0.76239154868812309     
  0.48751373944283344       0.42057364394686375      -0.76514584483725800     
  0.50407795320501869       0.41933358761497358      -0.75502633026311972     
  0.50704228483038782       0.42131151303693559      -0.75193399336411670     
  0.51006599183031398       0.42726778126812148      -0.74650849095531036     
  0.51971820670755986       0.44418590501429883      -0.72978891975920390     
  0.50376809225132058       0.45934671352278494      -0.73158615760912271     
  0.50855323479563064       0.46667566006986555      -0.72359341876308914     
  0.50767408480627263       0.46789345581294450      -0.72342431368010651     
  0.51644562705765074       0.46957452996974525      -0.71608915303663390     
  0.50834146795909652       0.46975547560411762      -0.72174700906421507     
  0.50417350854588405       0.46248943928634273      -0.72932337946149584     
  0.51103260470051159       0.46636983689340633      -0.72204214016151980     
  0.51837381943530358       0.46860006991435410      -0.71533387854925279     
  0.52112606558575647       0.48718799455632733      -0.70076778017207220     
  0.52762135561295986       0.48641258942224441      -0.69643269448862732     
  0.52935234495920436       0.48908635549679430      -0.69323923125646603     
  0.52968438384873995       0.50077876372261954      -0.68458387602340309     
  0.52331508684117778       0.50415701184031203      -0.68699856426098749     
  0.52759189707442300       0.50383914099720106      -0.68395388012688052     
  0.54035329655258535       0.51241759419031885      -0.66741780323044952     
  0.52912838624336744       0.52393706463124623      -0.66746767949997621     
  0.53569477181428526       0.51998507189648968      -0.66531694436234101     
  0.55835629965297273       0.51741316488267441      -0.64847656815334043     
  0.55721058477639940       0.52302427953778285      -0.64495113553441108     
  0.56191590363768018       0.53700476977566414      -0.62918709020229813     
  0.56583544621056936       0.54396464705748737      -0.61962303908369210     
  0.56785585206265898       0.54221264380861545      -0.61931024549272784     
  0.57055486039817582       0.54856527489885765      -0.61118188000885509     
  0.58155123468305536       0.53962937143777201      -0.60876785634615171     
  0.58828253777454120       0.52679329834750277      -0.61352463403330804     
  0.60274188045525046       0.52244955183876318      -0.60311581916638857     
  0.59510546531948039       0.53555267911118654      -0.59919346879260549     
  0.60782617995991883       0.52727417581137337      -0.59374176076621876     
  0.60789739191710679       0.52570487616974504      -0.59505894167866413     
  0.62055967731008244       0.52597504635695458      -0.58159774544491316     
  0.62463928987100770       0.51106051715722667      -0.59045991002982701     
  0.61989493296446452       0.51740841468340260      -0.58993118624106455     
  0.62194249619643605       0.51818596905769010      -0.58708673370864772     
  0.62193981496540585       0.52286587968463938      -0.58292549989034204     
  0.62746073515399969       0.52640756275142098      -0.57374916445962032     
  0.63680625609847263       0.53266388076623072      -0.55744684259658861     
  0.62572204301776058       0.54169123075071191      -0.56128650029148075     
  0.64659459586348011       0.54081414679849837      -0.53799208843881308     
  0.65224232318022068       0.55264980277735209      -0.51880453674059424     
  0.66138924482775963       0.54647142629800960      -0.51374434017902892     
  0.66713150935419585       0.54780011580980659      -0.50482727971609787     
  0.66826050617117416       0.55436739996861484      -0.49608938886442999     
  0.67714031365574423       0.57470176482120439      -0.45956379005921877     
  0.68691444664405377       0.57830298744347408      -0.44012975098900831     
  0.69207029941262821       0.58331883379645322      -0.42517977234254811     
  0.69457523382117059       0.58513916039580094      -0.41854200211396192     
  0.70132920566042600       0.58891339842478041      -0.40164456232282353     
  0.68944074475068096       0.60271997973937841      -0.40174629494320169     
  0.70467469747792755       0.60204169678633623      -0.37547219080115846     
  0.70783325787923956       0.60869109881287209      -0.35842324878004411     
  0.71479533700185582       0.60623178015057066      -0.34864115496578107     
  0.72973968082034912       0.59474802762845980      -0.33727552811947725     
  0.73875178541612518       0.58586083002993983      -0.33318596516227622     
  0.73384249373688537       0.58438741343924649      -0.34636187059175017     
  0.73059376316356339       0.58788376549042598      -0.34731172093567619     
  0.73761032731802945       0.58701786827761826      -0.33367802947840430     
  0.74202165081122284       0.58605801491291698      -0.32548405933888452     
  0.74363948305618266       0.58917167664810832      -0.31603331260421058     
  0.75197036269370698       0.58177924518876623      -0.30995722849755358     
  0.75564713212721124       0.58751989834330132      -0.28951300619937193     
  0.75838984573049883       0.59273770713532736      -0.27112147172960099     
  0.76332443510540582       0.59091774419139242      -0.26105943072559190     
  0.76685392972353061       0.59430928932425930      -0.24234586666677888     
  0.76816558832955473       0.59788433441843780      -0.22903264300821971     
  0.77371860407866888       0.59608361550105482      -0.21457829581238419     
  0.77843958556450144       0.59406647517757627      -0.20277286479274881     
  0.78556586617590518       0.58869476077641880      -0.19059052582354538     
  0.78908912650890983       0.58678880390164689      -0.18170649421823293     
  0.79451262053835525       0.58191322022856151      -0.17357044658726117     
  0.79468123387742007       0.58647815893775701      -0.15660493482659119     
  0.79883781496568362       0.58341634027740941      -0.14657257341728622     
  0.80698008002440957       0.57467896633765181      -0.13611479013276293     
  0.80613201196898643       0.57763826181827727      -0.12839477311165634     
  0.80708969123302787       0.57988292045357392      -0.11109468426351408     
  0.80478117124479809       0.58356428962981310      -0.10853564519872040     
  0.81077358473826777       0.57651915806532772      -0.10135015872855747     
  0.80215267599366991       0.59089916388454855       -8.5960819660677618E-002
  0.80558091968285683       0.58893884235614447       -6.4733467442485274E-002
  0.80944890059537322       0.58405437705482099       -6.0604966529539235E-002
  0.80435502991924224       0.59243094058497203       -4.5150487054074942E-002
  0.80041553481323890       0.59857383953716670       -3.2316098950385827E-002
  0.79897725427026056       0.60134080893200625       -4.9576881462992696E-003
  0.81220401297344225       0.58330320926528401        9.0557921054217408E-003
  0.81128425502790702       0.58439188111798424        1.7435218014049514E-002
  0.80959018907299618       0.58614898571213225        3.1513367090629414E-002
  0.81752753306542758       0.57485959370110318        3.4426446371331215E-002
  0.81230863989144564       0.58119753917292127        4.8621949951120763E-002
  0.80759949145293020       0.58712544667887556        5.5378436842320355E-002
  0.81021472572764874       0.58353613433850404        5.5115135265600829E-002
  0.81264178629882966       0.57833168793611922        7.1734133367638148E-002
  0.80973965978011697       0.58017108136033235        8.7881737194724488E-002
  0.81634727651435568       0.56893583353737121        9.9444162446725701E-002
  0.81255662942955231       0.56942709316131590       0.12451710542708118     
  0.80883849329030522       0.57373537606323843       0.12887206844558508     
  0.80663475231435600       0.57357327088122068       0.14266772336227551     
  0.79646448393563396       0.58335139727295726       0.15920261658915141     
  0.78922579430232842       0.58968481545932361       0.17144813800260988     
  0.79218366435329013       0.58327536678775760       0.17954077094186988     
  0.78921943978378506       0.58762200682346177       0.17841819684139945     
  0.78677756752170014       0.58229761499646737       0.20472065556279781     
  0.78099812717189010       0.58699290476324872       0.21326334685454895     
  0.77789610808906318       0.58597269842536637       0.22696616866833577     
  0.76393920462385456       0.59928909456123503       0.23926862054738299     
  0.76984202474544217       0.58814357553281382       0.24785155132722897     
  0.75586491570701564       0.60425313678500325       0.25208406512255033     
  0.75086282302534779       0.59592064342886319       0.28475183534743842     
  0.75498754230330356       0.59339934103845238       0.27905381742944796     
  0.75321526846990638       0.58652470643454080       0.29775078183891041     
  0.75154296945718013       0.58381516284676449       0.30715308998883600     
  0.75373662664980023       0.57335713929168441       0.32115835419592764     
  0.75286026365304137       0.57269458897813408       0.32437991794721011     
  0.74697369128527158       0.58077514622870008       0.32362097282266489     
  0.74149699322265883       0.57329475111000394       0.34859050100580080     
  0.73545245502134948       0.57729691449387965       0.35473646403903281     
  0.72351277424757887       0.57479928709899719       0.38227613717188352     
  0.70986565745571439       0.58476369045230336       0.39260944295007677     
  0.71921589389475415       0.56682278782192486       0.40179649721588129     
  0.71123654910273038       0.57333753238555896       0.40672674509857087     
  0.72716386194835869       0.54539381354164496       0.41686725228404525     
  0.72056155922408915       0.54539749468833121       0.42817357713460186     
  0.71589662949430377       0.54112155830512620       0.44122497097980240     
  0.70955249526275299       0.53633806647716797       0.45703034353742150     
  0.70355011199349915       0.53518948075412187       0.46753551694397349     
  0.69516226552832594       0.54101937881213158       0.47333651489744655     
  0.68760107738776099       0.53012860000299233       0.49615363128174100     
  0.68310792986089008       0.53334678509432609       0.49890356081182302     
  0.66624369419103591       0.54549373716360938       0.50848394533747110     
  0.65806703333258820       0.55080220422738180       0.51338553880987325     
  0.65315179497308118       0.54772019106360748       0.52287218803899760     
  0.65020112422779652       0.53178363726881372       0.54262755291826126     
  0.64729438892902091       0.52948930664823224       0.54831655839139093     
  0.65020544705516037       0.52606834361970356       0.54816509781362499     
  0.63027297750129863       0.52574454831453177       0.57126932680583897     
  0.62310493676098244       0.51192732286095655       0.59132956453445318     
  0.61626827128834583       0.51551331760035313       0.59536496133040229     
  0.60162830614321339       0.51070616504749333       0.61418449526972774     
  0.59821122405257499       0.51258627561870707       0.61595344098792348     
  0.60380857193145498       0.49933528776752023       0.62135294225763948     
  0.60747381050078031       0.49640276672335865       0.62012890816753330     
  0.59444743588617666       0.49506606432007483       0.63367328957987645     
  0.58734002816977393       0.49711111649949474       0.63868006792302146     
  0.57094336008070390       0.49201901875844306       0.65722215784294336     
  0.56446792808289192       0.49512739926366695       0.66047317633966407     
  0.56733315983951838       0.49189677912261326       0.66043216490061030     
  0.57301667254620425       0.48769147368243138       0.65864172315571889     
  0.56464817816567159       0.48239261936099698       0.66967887504402024     
  0.55287007014182066       0.47954812489785076       0.68144572890901156     
  0.54924528521807359       0.47941363064496162       0.68446489129650290     
  0.54905359154026567       0.47791329954824457       0.68566685185419685     
  0.55076194292331349       0.46669137433641389       0.69199743015948156     
  0.56277012468250576       0.45368243501622002       0.69098627694230663     
  0.56066074267013133       0.45569848855309919       0.69137429743880296     
  0.56747449330534117       0.46493590597372525       0.67956405348152293     
  0.55429896212944074       0.45943398547127073       0.69402670955533763     
  0.54194166336134497       0.45594485860973516       0.70598407873017055     
  0.53962997506967847       0.44125331117901417       0.71700418783983033     
  0.54301008862784972       0.44563881360790925       0.71172051498780831     
  0.52643987962388894       0.44488652302555587       0.72452538587120385     
  0.52104108435003982       0.44460266753771382       0.72859087040511594     
  0.52706518992924023       0.43643387285747592       0.72919665398812583     
  0.52379536282349382       0.44540295833917432       0.72612300789006579     
  0.53340935027869907       0.44743925982394112       0.71782489076616796     
  0.53719549552412549       0.43972633947381434       0.71976506303206300     
  0.53357844218330230       0.45388265451270982       0.71364177426054409     
  0.52171071429036975       0.45261925325620406       0.72315540665643130     
  0.53171111307589414       0.45493410901156539       0.71436562675526838     
  0.52196580973707263       0.46345192839477556       0.71607541748944747     
  0.51247434736350317       0.46362715073703981       0.72278621209442429     
  0.51522142078703526       0.45337018039943955       0.72732548909464756     
  0.51532982419860973       0.46326436153762879       0.72098634080027035     
  0.51088816971168716       0.46552544316255906       0.72268896478149258     
  0.50725574900726866       0.45830367381677722       0.72982830012621447     
  0.51344609454986101       0.44722163696653089       0.73237006726140286     
  0.51322834083310687       0.43596340254626048       0.73927841968096353     
  0.50836358804008630       0.43002438348004624       0.74608678581490473     
  0.50631183720728501       0.44057094604889463       0.74131340538355694     
  0.49545301365996941       0.44916857143647149       0.74348766344101058     
  0.48501280295154142       0.45588285817374408       0.74627970667600718     
  0.47289263061201503       0.46042722209132403       0.75125184397119205     
  0.46479749856965785       0.46312243681371629       0.75463957876798160     
  0.46132438967263956       0.45081334314029659       0.76416433909194936     
  0.47059271603492620       0.43587744254919575       0.76717230834516204     
  0.47757805198404657       0.43639010143362206       0.76255024990742493     
  0.48622654925773690       0.43174012420502100       0.75972640335080255     
  0.47611309543510666       0.43639562613988081       0.76346262373555840     
  0.46376944538035514       0.43965683608525208       0.76916823128305511     
  0.45891390384829372       0.43043021484959842       0.77725662364449988     
  0.45943428571028766       0.43481969565346024       0.77450110999643573     
  0.45739970542106795       0.43543948556420808       0.77535666882557908     
  0.45653471224974795       0.44325403923935963       0.77142848872013570     
  0.44748968102684561       0.44587451022836894       0.77520894377135818     
  0.44629136317882190       0.44947841930259180       0.77381727153975655     
  0.44394040399414014       0.44098959792804776       0.78002890473416409     
  0.44212760829511644       0.42687739269697572       0.78885922038566170     
  0.43710345221599800       0.42271566302087221       0.79388414790678474     
  0.45382309755305383       0.42512022797450083       0.78314582798752108     
  0.45429239076634692       0.42897451249152241       0.78076839800574560     
  0.46261460704785884       0.41997760830730779       0.78077303607798221     
  0.47066583868299500       0.41579162168422074       0.77819727295464114     
  0.47756996256001899       0.40609977839744527       0.77910840121639580     
  0.46852762309022800       0.40074286035547996       0.78732904574614127     
  0.47767776671647688       0.40318094203646926       0.78055690321932647     
  0.48685694786209022       0.38835688657764539       0.78239966830650409     
  0.48669126316042521       0.39656440962650963       0.77837541288306877     
  0.50104246905170780       0.39173618021425505       0.77168595252065642     
  0.51014049108005366       0.39195321689215634       0.76559085360817358     
  0.51064993214769994       0.39755593949426626       0.76235550878207792     
  0.51434733083705786       0.38808796489244846       0.76474476445833328     
  0.51880147817983502       0.38774973551734426       0.76190233550281783     
  0.51880147831555190       0.38774973535298096       0.76190233549434849     
