  0.37067302599096180       0.35824823485651330      -0.85688955532489475     
  0.38178960949137247       0.35603775030635071      -0.85292075507705745     
  0.38045685051837819       0.36229447038673435      -0.85087913455486208     
  0.39329083600303766       0.35993713915678743      -0.84603048063982811     
  0.40444542871301187       0.35445613109199664      -0.84308050998966932     
  0.41880558493702713       0.33942397858900075      -0.84225485738247141     
  0.41260144145309197       0.33443895924528483      -0.84729607165958309     
  0.40904704276214382       0.35180316708489751      -0.84197093087385189     
  0.40285367256032756       0.33846675081947408      -0.85038178313882307     
  0.41384112452981786       0.31945323051092483      -0.85245830230224739     
  0.40899296451258010       0.31273037081832022      -0.85727735893761203     
  0.42229279160142646       0.31326171590876634      -0.85060913203854638     
  0.41773519185101965       0.32109812924684983      -0.84993723349631223     
  0.42361313591563193       0.32575295712469360      -0.84524370568744356     
  0.43391185966196122       0.32214404253949708      -0.84139391125739016     
  0.44694861442727690       0.34754303848930729      -0.82428803974045173     
  0.45344690340701771       0.34384940617200149      -0.82228552928149501     
  0.44884411662493989       0.34783696238333078      -0.82313328603034530     
  0.44898008550201601       0.34328225842151627      -0.82496919571316429     
  0.45228495914455896       0.35956941870598741      -0.81617899315226372     
  0.46442289326566633       0.35104536638529138      -0.81306735695769017     
  0.47904326254128665       0.34208547259321331      -0.80839042674593697     
  0.46956887607047820       0.33831383511852364      -0.81550525417884590     
  0.47790230138354162       0.32747297328895592      -0.81508946876867783     
  0.48663679080286465       0.31571495226694901      -0.81456043529757027     
  0.48948810625150047       0.30891422598248347      -0.81545900867178023     
  0.48108507083776786       0.30860312972412579      -0.82056155341418091     
  0.48648514847859081       0.32846181669301411      -0.80959559984259333     
  0.49078458555993615       0.32840910251580985      -0.80701793781893194     
  0.50560888318149300       0.31660325075993417      -0.80257213934711524     
  0.50828746308538986       0.32204988180687366      -0.79870378019538590     
  0.51703622823758422       0.32542858109061601      -0.79168792923676812     
  0.52762653391267178       0.33628473136881681      -0.78007872689844759     
  0.53371596808923516       0.34203624944604016      -0.77340705289740974     
  0.52546449964759834       0.32993700054937175      -0.78423761404218717     
  0.53487987909310464       0.33452991090213396      -0.77588224213030943     
  0.53468146413876283       0.34038433537598251      -0.77346896262040143     
  0.53503127479820944       0.33973504566055374      -0.77351252978721963     
  0.54279885247397786       0.35642016656171410      -0.76048278785325152     
  0.55174800460483564       0.34894733036648501      -0.75750240926658796     
  0.55778464987706833       0.35465077276997536      -0.75039930286160050     
  0.57078290473272275       0.34138734339587673      -0.74676740517645901     
  0.57507830783042502       0.35347790477154728      -0.73779286436045965     
  0.57234266611268736       0.35282614310852745      -0.74022806302259436     
  0.58182369677107848       0.35971861626143770      -0.72944067818472602     
  0.58258528442284019       0.37481243898698835      -0.72118653755778317     
  0.58925706927184052       0.37704978306580800      -0.71456949795187064     
  0.57414988348939988       0.38800100839638230      -0.72097651055530232     
  0.58743695313325928       0.38026133016953989      -0.71436625541188958     
  0.59465608808303649       0.39139175697457207      -0.70227959494644132     
  0.58522060737635695       0.39891289944340524      -0.70596412044784818     
  0.58564039201982210       0.40186330531043496      -0.70393978086185771     
  0.59087958013076480       0.40918715774871539      -0.69528928635354292     
  0.59392202855796483       0.40200314324745196      -0.69688599986853050     
  0.58528350673889595       0.42248708290253162      -0.69206060538072200     
  0.58289837087155916       0.42345006108381683      -0.69348362273625130     
  0.58659525742355301       0.43050246047145629      -0.68598369914759549     
  0.58654687326736188       0.43652250404257203      -0.68221028204263057     
  0.57800566011959531       0.44689756366687516      -0.68278256015976546     
  0.56875863217333544       0.44892857371298989      -0.68918557300072458     
  0.57460395801310715       0.45569152365271309      -0.67983492607157359     
  0.59263515628166086       0.45889584762587715      -0.66196538623310275     
  0.59685927006053596       0.45222696722670863      -0.66275921861241549     
  0.59011817843482439       0.45438553306553642      -0.66730377102299832     
  0.59275700577529189       0.46437185853406493      -0.65802576629333509     
  0.61715205592614641       0.45471574640633655      -0.64215023930250159     
  0.62271271746914991       0.46854915743436121      -0.62665026814782387     
  0.61463438205335119       0.47800952448792516      -0.62748025538396512     
  0.62407323840105910       0.47733300156476483      -0.61861603497548401     
  0.63249739740112287       0.47757235999815223      -0.60981282640380829     
  0.63399159170860964       0.47113340824757644      -0.61326011877163988     
  0.63600006245487128       0.47436540698092883      -0.60867181733444875     
  0.64159321713237938       0.47817237418314240      -0.59975772133235861     
  0.65409988268841901       0.47186266510005082      -0.59118437796653400     
  0.65421929892558173       0.47918739440904684      -0.58512951553719506     
  0.65615017498884642       0.48467757758754698      -0.57840694467301856     
  0.66810308817523467       0.47784785778754468      -0.57035049607988586     
  0.66880858326876058       0.48588008540387134      -0.56268607727041053     
  0.67561215040123679       0.48427391284748045      -0.55590196938453984     
  0.68359588139275684       0.47979403650476571      -0.54999486677361220     
  0.69004186729268668       0.48870539645893946      -0.53386258237034490     
  0.67795798623212766       0.51124735191643567      -0.52820366721796830     
  0.68627433767331325       0.51719326302667890      -0.51140850807439142     
  0.69675418335625894       0.51631421649706766      -0.49794903134615398     
  0.70993754515419971       0.52507746533952548      -0.46934245213175541     
  0.71130898425263345       0.53686742479299987      -0.45366606344052401     
  0.71068575886899688       0.54289156111797066      -0.44743100586313295     
  0.71585975462586826       0.54872726522563631      -0.43179069015552679     
  0.71877183783688503       0.55468566929646412      -0.41915492769347268     
  0.72891185232214728       0.55973672891250237      -0.39418562359709297     
  0.74095395187164081       0.55926936393612470      -0.37175935733789112     
  0.74896944408245070       0.55956487671880739      -0.35486887800072220     
  0.75272208584331091       0.56012864833806419      -0.34592681132671549     
  0.74439328706876740       0.58181049165040455      -0.32768153132648625     
  0.74220883787242453       0.58585263966447509      -0.32542698963398059     
  0.75010953393919677       0.57879565034707159      -0.31989261046925233     
  0.74552610506598271       0.58812775723339916      -0.31352283463371339     
  0.75531315855220060       0.58611908291138171      -0.29320036351447515     
  0.75827259905774291       0.58966485359751541      -0.27806119101744009     
  0.76906376059737713       0.58132503952012826      -0.26571061432080967     
  0.77150160923603028       0.58413834224449401      -0.25212628594827424     
  0.77608415789481688       0.57587548252769305      -0.25702297268569235     
  0.77916022578920086       0.57760030902814841      -0.24348968265351562     
  0.77139200712276002       0.59016084412941439      -0.23804316710122447     
  0.77210322100037176       0.59416127774473215      -0.22545286014952196     
  0.76706597648590968       0.60512176522202987      -0.21316058963207335     
  0.76358156093982887       0.61183147416127437      -0.20641086942875977     
  0.77788936463609792       0.60097558922918370      -0.18362047145317517     
  0.78667588273314504       0.59647539640629432      -0.15924244725569020     
  0.78575260642383127       0.60145287279221105      -0.14438588334097241     
  0.78955165605784206       0.59970884914114742      -0.13022088418575573     
  0.78791306109814063       0.60451619895819630      -0.11727392441669519     
  0.77739131133372796       0.61938594863071439      -0.10965306973203560     
  0.78616871001838573       0.60989013502282030       -9.9863820224713740E-002
  0.78571597255907488       0.61339365784770683       -7.9991443153363678E-002
  0.79519731552160644       0.60242879275888817       -6.8853315405283180E-002
  0.78945297823951333       0.61128258751888520       -5.5656027031929033E-002
  0.79672253130126702       0.60168894000369055       -5.6600597118202395E-002
  0.78711644501214373       0.61566566237621634       -3.7463237477563090E-002
  0.78364065821999884       0.62046566913085666       -3.0490526635773858E-002
  0.77097870028473792       0.63680654609545295       -8.3226532569866379E-003
  0.77697576893751197       0.62952957897371675       -1.0787405329492649E-003
  0.77345126428361533       0.63350949813145263        2.0948927306965473E-002
  0.77818553481055552       0.62718219672001974        3.2707270278341916E-002
  0.78463572566246043       0.61951287236464114        2.3464419631785444E-002
  0.79415769496977873       0.60720371646516580        2.4843555123587290E-002
  0.79299596068354539       0.60875950221576258        2.3859480329603555E-002
  0.79299861601258448       0.60888753334962786        2.0227870217423116E-002
  0.78901579574291458       0.61410997225895358        1.7972647002716651E-002
  0.79701958034190123       0.60244780522418317        4.2619602675127828E-002
  0.79269739024346431       0.60512295693349438        7.3871878907122560E-002
  0.79760705850876223       0.59592747800334500        9.3238517671479226E-002
  0.78400058433300068       0.61171837119700945       0.10556381058674219     
  0.78305883345912175       0.60860020221331745       0.12815871881206495     
  0.77822358649826218       0.61255821791337683       0.13834912028838681     
  0.77083246716459131       0.61835725385194851       0.15313919868416609     
  0.76795874544749099       0.62017334387908019       0.16007619695807043     
  0.76659259598538476       0.61931049736643407       0.16967704509488010     
  0.76851260925734333       0.61278833002524424       0.18406203301425961     
  0.78217162252220307       0.58988851428751576       0.20059684352614199     
  0.77312169108923467       0.59396279770946447       0.22246583042002729     
  0.77786067230996092       0.58265783828548379       0.23546256169077601     
  0.78132436814678741       0.57065611320987630       0.25275251175056640     
  0.78908598427410837       0.55642946323298104       0.26024903817001660     
  0.77126432458570549       0.57328709266001820       0.27657413293867761     
  0.76800430538369169       0.56959786395027934       0.29279286243928954     
  0.76985143992902350       0.56382390193596688       0.29905077837201988     
  0.76532495561993374       0.56378084809342111       0.31052997863074666     
  0.77236430862861971       0.54877012671541836       0.31985109470092687     
  0.76839516087345672       0.54803310188859178       0.33049749769192832     
  0.76565502851025746       0.54723905299408115       0.33808548651946230     
  0.75641045643245197       0.54850091025308312       0.35635652491737752     
  0.75031008578773950       0.55182557856858960       0.36403750631306747     
  0.74418471293543842       0.54954609091196638       0.37972122273659681     
  0.74155500790233553       0.53945722828018217       0.39885093595381110     
  0.74092416692531882       0.53823549476686328       0.40166395287490619     
  0.72602503424453069       0.54729115360751124       0.41636527572936460     
  0.72209018531217484       0.54901171082893985       0.42091793220117230     
  0.71979634099125522       0.54092088876969535       0.43508369262499780     
  0.72115546199190783       0.53190052881355654       0.44386555068747652     
  0.71990702530427686       0.51444563034435731       0.46591798456074246     
  0.71233217915502645       0.52063182539816311       0.47066481589643849     
  0.70744774826246637       0.51837941448509695       0.48041697109537457     
  0.69210119291209571       0.52871796690329187       0.49137892734966115     
  0.68734098604616534       0.53556909943380315       0.49064050855259644     
  0.67473196056668383       0.53442825027562002       0.50904147836613345     
  0.66416110830836339       0.53512076640568385       0.52204960259730104     
  0.65327958033462341       0.52677221397598883       0.54381690347087652     
  0.63652883712767250       0.53131127343163598       0.55905220706956049     
  0.63686453091840511       0.52614317382522802       0.56353964358791586     
  0.63591236276189589       0.51831523125221790       0.57180834895841015     
  0.64376014155844552       0.50031448933140887       0.57901493236850266     
  0.62970965812718360       0.50395380814399460       0.59118212567576134     
  0.63431093599674415       0.49493411655282737       0.59387697105293336     
  0.64377993777130127       0.47876821398737807       0.59693248278052002     
  0.61350297652941510       0.50057918308913329       0.61076556815799887     
  0.61444683457458849       0.49861984909950102       0.61141911449124575     
  0.60116596161061153       0.50416596817450476       0.62001303464963753     
  0.59201726401701016       0.51012624014430974       0.62392850409485567     
  0.57706005420797879       0.50972664340413365       0.63810692116716561     
  0.57711819871863645       0.49299741968952981       0.65106691582910425     
  0.57249224891788308       0.49334668805605197       0.65487530898108304     
  0.55625438516000780       0.49788721197053515       0.66534906864477461     
  0.55529322357551125       0.49107541795501042       0.67118877354394813     
  0.55239367163691289       0.47746618700111554       0.68329149841491954     
  0.54042845040828247       0.48144505515360575       0.69003459975384118     
  0.52713095962427881       0.49070506076886306       0.69378778797368068     
  0.52358708116563979       0.49140315831645753       0.69597378142646771     
  0.51875483371237940       0.50294014413886401       0.69133539900226459     
  0.50261878789682402       0.50255429358681725       0.70342983733317888     
  0.48832916507638963       0.50776401074617816       0.70972553563103014     
  0.49326801259813474       0.50849069565208682       0.70577891735496256     
  0.49286510075433448       0.51217463120345730       0.70339259280292543     
  0.49528321304234663       0.50366244510975744       0.70782673039700128     
  0.49766683254983479       0.51457984407241641       0.69823728621022707     
  0.51707410165823420       0.50719877147915504       0.68948080437700809     
  0.52228049273882937       0.50235868644828907       0.68910001963026757     
  0.52866337277033437       0.50054054301643713       0.68554664545011423     
  0.52526132396815184       0.50218537959359577       0.68695733933459158     
  0.52052953063778640       0.50580520623447756       0.68790268285572476     
  0.50931261233297442       0.50654653445287334       0.69570918590481812     
  0.50340153663605292       0.49842015367466314       0.70580751152377630     
  0.49563029116531054       0.49698285464607295       0.71229113195885652     
  0.49701935563754163       0.49349907595140668       0.71374394719447554     
  0.48559092917272512       0.48170973360509872       0.72949104316315871     
  0.47809676852783312       0.49093976155894742       0.72828677761146232     
  0.46699449414471267       0.50702342153664703       0.72446075977363700     
  0.45872781355856640       0.51898487759259937       0.72126520080894718     
  0.48102950369206399       0.50079246963381530       0.71959538557152358     
  0.47484953520559042       0.50892020039047714       0.71799592516221888     
  0.47937954089341450       0.50541740667989399       0.71745975552485830     
  0.48082715009076848       0.51546145940677346       0.70929876328795949     
  0.46638803453826483       0.52401416489058150       0.71266496773277699     
  0.46578290957872426       0.52091071063207151       0.71533091132228321     
  0.47629598642503723       0.51178389724726603       0.71499606700582619     
  0.47067977727240079       0.52161728996470647       0.71160097672549494     
  0.45783068100590180       0.52795319492977766       0.71530167865950967     
  0.45537163397018254       0.53332525776310635       0.71288206907401042     
  0.45633065161170483       0.53275081939367996       0.71269832386150489     
  0.45778275919612571       0.53172448272144979       0.71253352191836428     
  0.45527010012365177       0.51300119950344147       0.72770798074600629     
  0.45706065250759043       0.50238253150331413       0.73396686026663172     
  0.46249910276362449       0.49769646840621962       0.73375255044110010     
  0.46752285738326232       0.49064687875372914       0.73531491090104573     
  0.45893254677039796       0.48576706360555916       0.74391617634708607     
  0.45874614686565385       0.49254822459280562       0.73955947643606790     
  0.47039958126035142       0.48649364846251603       0.73623920294678391     
  0.45804017069792285       0.48932668584066547       0.74213111816660016     
  0.45540242916451046       0.48615586234037650       0.74582913929609107     
  0.43272416907787886       0.50309585274984925       0.74809381526768448     
  0.43794387187778072       0.50031960045975765       0.74691730632010744     
  0.43082106657400332       0.50658018854190834       0.74683982296934492     
  0.42781174084624879       0.49776539259301056       0.75445790361744358     
  0.43396736109985612       0.49395059057084628       0.75344883275159391     
  0.42218186707418132       0.50332720708648993       0.75393911804619329     
  0.41777261947420602       0.48883864226246365       0.76583472123471363     
  0.41459853815414738       0.48934366762086801       0.76723583539860862     
  0.41494300055128908       0.48440183142175919       0.77017996079405848     
  0.42452860198167924       0.47963575903904532       0.76793554726325808     
  0.44906532872429938       0.46965714184971202       0.76010690014450955     
  0.46538005199794030       0.47068386590177480       0.74958528906466226     
  0.45883414707718756       0.48548490045303927       0.74416102888289659     
  0.45868298049900652       0.48654606758541646       0.74356092387760320     
  0.46147230079440948       0.47935853212796525       0.74649763112526790     
  0.46748295937669443       0.47796771068021687       0.74364410186561702     
  0.47324637895374999       0.47636473018079289       0.74102261007808912     
  0.46060317769819359       0.48022831726107185       0.74647536864582831     
  0.45706869692084312       0.48327871659568916       0.74667924062525382     
  0.45483234179060084       0.47885948261491090       0.75088024129754372     
  0.44380000538145231       0.48918414151845130       0.75082649854029404     
  0.44380000544695508       0.48918414133313526       0.75082649862260775     
