  0.48652217655407276       0.25827836781840308      -0.83461874915325851     
  0.48190652982738996       0.25316576315811556      -0.83885230694937740     
  0.48233207921057036       0.24735082123433474      -0.84034120248807798     
  0.48955474175753672       0.24842702668345332      -0.83583501197062249     
  0.47953289827884860       0.24429895083198183      -0.84283226213208084     
  0.48075851385482671       0.24358261090965763      -0.84234123905845470     
  0.47152923007632247       0.26212960775099658      -0.84199064954662006     
  0.47939321301790672       0.25703220918774533      -0.83911655373519756     
  0.47845662032161684       0.25688719867073723      -0.83969531952340737     
  0.48359841149316440       0.26259146058064387      -0.83497203619726823     
  0.47322788836021018       0.26853147557244261      -0.83901502507703840     
  0.45636925667972877       0.27267672744849974      -0.84697963603947890     
  0.45807188304099783       0.26891127865563241      -0.84726434728428612     
  0.46068522478232238       0.27818900631958848      -0.84284043592496261     
  0.44961523723531355       0.30331272927221203      -0.84014732440642470     
  0.43806531952983446       0.31143446050263568      -0.84327181420740982     
  0.43930615808563817       0.30441243845529375      -0.84518824340009502     
  0.43937787035773723       0.30445139920033537      -0.84513693125129585     
  0.43760269725886669       0.30874223261070816      -0.84450110311018556     
  0.44592552150976650       0.29605002231449151      -0.84469214128807424     
  0.45507265979176886       0.28678402270488113      -0.84300877731566448     
  0.45940339489415560       0.27195997694491769      -0.84556862033772562     
  0.47024231210687312       0.26143115837155023      -0.84292699407296923     
  0.47551281763202891       0.26267200634782389      -0.83957785663323536     
  0.46337685150702435       0.26612521479818269      -0.84525692161381216     
  0.45734951470092461       0.28100229852469272      -0.84372337269194364     
  0.45274193105591720       0.28419285413529671      -0.84513854812225508     
  0.45724009335795424       0.30386609227454747      -0.83582109030091212     
  0.47027576033208524       0.32318063353339038      -0.82121555474371999     
  0.47200584388502009       0.31475729016328319      -0.82349154921435408     
  0.47444163912879905       0.31818307229219267      -0.82077077407000765     
  0.47999877365765048       0.32362504273674048      -0.81539438862478819     
  0.48666538082499899       0.32129475255213852      -0.81235859636549601     
  0.48651142340150222       0.32797384752765496      -0.80977761776783552     
  0.48756598952262004       0.32265592054353831      -0.81127835099861456     
  0.49991595285870244       0.30934816693517869      -0.80894236611220971     
  0.50446489818768292       0.33066294569538401      -0.79760716072546767     
  0.51263344186042858       0.35063198625506653      -0.78375006507250633     
  0.51733919750290580       0.36414488816600843      -0.77444086614125363     
  0.52999697004109547       0.36215459451682047      -0.76677719150846924     
  0.54067247939679186       0.36476660555922147      -0.75803601068269111     
  0.53881622027340936       0.35956965457964968      -0.76183117833004732     
  0.55700745144516361       0.36136104617692705      -0.74777061545669288     
  0.56242941113174461       0.36782040089210577      -0.74052772411407364     
  0.55942042898020827       0.38094628636155464      -0.73615807442895043     
  0.56556404224100187       0.38370850542299589      -0.73000349108074025     
  0.56425678553077341       0.38498235825104016      -0.73034434605735521     
  0.56270322203299727       0.39582976481072413      -0.72572989548699918     
  0.57138796196344699       0.39321174704773110      -0.72034735989446808     
  0.58184545780940988       0.40040999530671445      -0.70790373560607478     
  0.57726548365104091       0.39660885115044620      -0.71376885654548738     
  0.59162390712417356       0.39944218183685637      -0.70030500204449397     
  0.59298129657685184       0.40121568786670964      -0.69813978093192719     
  0.59722545880316458       0.41679240148671476      -0.68527793297339368     
  0.60645432186179338       0.41939724982793464      -0.67551395420962090     
  0.61497187014168697       0.41845799837892711      -0.66835806460843905     
  0.61047590072880831       0.43797203649166094      -0.65992398795671703     
  0.61361529639330814       0.44593567318315519      -0.65162692041906844     
  0.62429501749073923       0.45503900448942541      -0.63497656297654892     
  0.63053709501446720       0.45824230293443363      -0.62644789377254950     
  0.63223392785416377       0.44768579656423257      -0.63234301452988706     
  0.63718629359499879       0.44927816603738213      -0.62621302827133407     
  0.65046954880904229       0.44565195244400974      -0.61504772445315525     
  0.65501031954767952       0.46229489767789100      -0.59769968116691841     
  0.65383268871627964       0.46017204717675053      -0.60062009803468974     
  0.66232018732373010       0.47349231344734244      -0.58063499599123647     
  0.66800757255230447       0.48248650278453659      -0.56654448867103613     
  0.66077307101549088       0.48961636939991482      -0.56890663507855510     
  0.65583369845488226       0.50111950179766385      -0.56458958978097751     
  0.66664155290996896       0.50511051936075102      -0.54813538762325698     
  0.66131788244442768       0.50682316131263605      -0.55298186364137147     
  0.66816453735560788       0.52513744889176484      -0.52705484609461239     
  0.67331427582304526       0.52579822201484694      -0.51979237749212293     
  0.68079353047636881       0.52175113765499637      -0.51409718849380892     
  0.69160384056289670       0.52242698602766757      -0.49875261602191034     
  0.70381141562927019       0.51531677968934009      -0.48897659228283197     
  0.70028523638376838       0.52984535752935236      -0.47839783110662482     
  0.70487316600769645       0.53242132852726543      -0.46870176954172948     
  0.70356126152508303       0.54237778263549630      -0.45915998539140584     
  0.70510644180179916       0.54496680979840428      -0.45369161546997533     
  0.70269693536567601       0.55676640840882452      -0.44297650445054637     
  0.70282881504096462       0.55802892984108499      -0.44117498819462447     
  0.69679331794090071       0.56504267469549496      -0.44182105862653587     
  0.69278833695281217       0.57812772868043361      -0.43105991406411331     
  0.69617662831215510       0.56982243818536638      -0.43662396994714481     
  0.70519495172057833       0.57079949444959377      -0.42058057159585921     
  0.71089974404311251       0.57657161934064471      -0.40272412603461627     
  0.70706402842205762       0.58689190628673082      -0.39448491738810504     
  0.69883748738076046       0.59382853755528353      -0.39874030924437454     
  0.70655127918318150       0.59419484309095016      -0.38434070605223591     
  0.71368364024684339       0.59595464096739204      -0.36809472633201523     
  0.71820605912504798       0.59660868960579316      -0.35810351593209511     
  0.72038382365936693       0.60155873306805829      -0.34521621815822190     
  0.72140506292139428       0.59946984345896459      -0.34671406371052255     
  0.72845367653431670       0.59403908002267991      -0.34128113418330885     
  0.72954808184047004       0.59027758989262347      -0.34544458767427144     
  0.73208037528603298       0.58816438708550423      -0.34368732575612532     
  0.74132503889468992       0.58602616558540399      -0.32712462450426549     
  0.74868576807982923       0.58455068079404271      -0.31268214253126175     
  0.75657845361464915       0.58172150536765932      -0.29864549840714355     
  0.74940998118923607       0.58935479082785291      -0.30173765197967417     
  0.74412232656115962       0.59956931634112864      -0.29461601792068193     
  0.73740691654233437       0.60769616167830975      -0.29484981688476380     
  0.74598840666342014       0.61077839328134276      -0.26542616944159070     
  0.74273512079297777       0.62146949665059636      -0.24923925267400196     
  0.74209590148491122       0.62157218002823944      -0.25088184074228809     
  0.74408753592002275       0.62511911022588929      -0.23571134236362529     
  0.74561236422628208       0.62358105066152958      -0.23496569019488825     
  0.74997010722820612       0.62473930977676839      -0.21736060609908314     
  0.74755531171505940       0.63033668037717172      -0.20937221711031484     
  0.74574368485677622       0.63816495422014463      -0.19134222665538062     
  0.74793973435036698       0.63743959715576204      -0.18508623330167925     
  0.75305113681487545       0.63992444860940423      -0.15300550778901503     
  0.74642475687651089       0.65005758675963821      -0.14239106790131750     
  0.75342094019057371       0.64360904836625676      -0.13462644518605640     
  0.76459569298184826       0.63547110697366305      -0.10756346254781662     
  0.76356817652833175       0.63950584381680076       -8.9419883232761496E-002
  0.76489633107285659       0.63979363364436237       -7.4817839179083814E-002
  0.75898388182333854       0.64736104207182366       -6.9764950656179006E-002
  0.75960148730012500       0.64757140553446735       -6.0471937504540926E-002
  0.75366836690062367       0.65536609167300086       -4.9792355021666158E-002
  0.75465485959087375       0.65547185900447202       -2.9200769666261985E-002
  0.75333815013643579       0.65723847672214863       -2.2786317494602075E-002
  0.74939597899661803       0.66210678942920531       -4.5017835854492313E-003
  0.73909215831387032       0.67356702586566042        7.0882427607492499E-003
  0.74550405644275142       0.66644087015452025        8.9592642047733855E-003
  0.74648339173050993       0.66488371625458542        2.6309498855123164E-002
  0.74580834477812563       0.66533190507736062        3.3216997839130728E-002
  0.73877980414941391       0.67305610055129783        3.4639377760540213E-002
  0.73973805077605104       0.67119499082883560        4.7800633053631789E-002
  0.72964525599006325       0.68058094396397817        6.6538553668512926E-002
  0.73743626686540253       0.67005558300599322        8.4930960162460864E-002
  0.73304120182455301       0.67342650383576963        9.5641729172720791E-002
  0.74048867213926339       0.66081041418962116       0.12249948135389110     
  0.72458694495754139       0.67627916450963033       0.13274129292444564     
  0.72208538773175557       0.67570538755331089       0.14837426345465238     
  0.72263375118136819       0.67279171058625598       0.15859311403703485     
  0.72890908140975341       0.66125511101588186       0.17729418826843432     
  0.71904007891073130       0.66975790865614537       0.18548775892925382     
  0.71349407193000558       0.67498815834856518       0.18792869767535095     
  0.70778417071668709       0.67461085379793462       0.20962290814916790     
  0.70059666557947176       0.67601981131090483       0.22838898155142182     
  0.71268326865475606       0.66386912482375082       0.22662820584676041     
  0.70228641206564557       0.67203904186953278       0.23485595932622491     
  0.70054245972876128       0.66705267908644394       0.25353695083907651     
  0.69212389705236821       0.66933643454239600       0.27009859037602685     
  0.69172909027809748       0.67036083654340639       0.26856510289287622     
  0.68162311280192922       0.67613188295656379       0.27970629049740836     
  0.67620081871308146       0.67922790428715873       0.28531019401597463     
  0.67795053239362724       0.67001503746279056       0.30242838028355196     
  0.66998543279415679       0.67596615304677121       0.30690272038347183     
  0.65282823544348445       0.68144489592772928       0.33082948602232159     
  0.65640931198156982       0.67729137675836204       0.33226977911426747     
  0.66094421960654637       0.66188780131129799       0.35363438328871477     
  0.64819666449353874       0.66655807159902847       0.36815950527676822     
  0.64081972835143752       0.65963551870845916       0.39272262248794726     
  0.63029840010320903       0.66102954088672594       0.40714109704428048     
  0.64321507663608168       0.65243834021589786       0.40074752326666224     
  0.63882122343903680       0.64903303066688134       0.41311447516059668     
  0.63023369783178806       0.64267185548751093       0.43563559574661909     
  0.61861263226168994       0.65482759489601028       0.43418801476891294     
  0.61845015116877122       0.65613761550674043       0.43243824996923302     
  0.62544670194496921       0.64455850447493990       0.43972804929318621     
  0.62677833176101061       0.63876329567276002       0.44624026592874633     
  0.61977093320167187       0.63558737354038342       0.46033974513870357     
  0.62616838811551834       0.62425679302187798       0.46713660324454731     
  0.62038818871188528       0.62247945887466760       0.47711405196859102     
  0.63395042273722813       0.59979557209498768       0.48821320466220203     
  0.63609139893210886       0.58661017482344302       0.50127461036661558     
  0.62079758952648645       0.58971694741700365       0.51656971917377825     
  0.61432736345222760       0.58304484600088835       0.53165834712307103     
  0.60367610566434871       0.59329979493023577       0.53251339211860915     
  0.60112644240178970       0.58337427837585654       0.54618811006357249     
  0.59914338973266545       0.59015374074287685       0.54105984957936226     
  0.60026629216101723       0.58860405021141171       0.54150313994471688     
  0.61584658367703315       0.57810690761026295       0.53528066352767378     
  0.61225914032748097       0.56512222707453974       0.55296981251399902     
  0.59991868799175863       0.56460138298893003       0.56685346089199895     
  0.59053413823023182       0.56855810925717132       0.57272254013840762     
  0.59800955020704183       0.55190800064536882       0.58119027580027938     
  0.58345945408705202       0.54954097247315770       0.59797975300982831     
  0.58665291465321467       0.53571190909813704       0.60733113552601392     
  0.58834021156305139       0.52167267079789825       0.61782960434130496     
  0.58332062673700913       0.52033091849180035       0.62369285845248001     
  0.56984815346150341       0.50990920915165105       0.64441111134030593     
  0.56624937775604589       0.49784473669602192       0.65689592808523134     
  0.56016723039566729       0.49715768635142965       0.66260614915086691     
  0.55402199071983249       0.48524798875874675       0.67645696330544536     
  0.55679581868732630       0.48236736187369250       0.67623970934227484     
  0.54824815138822647       0.48779968852519134       0.67931982774987398     
  0.53898632421884030       0.48470830132069642       0.68887706082861444     
  0.53676713527746567       0.47722201175071699       0.69580183528546469     
  0.53745264314557639       0.47235019874024675       0.69859140141135645     
  0.54798284245198248       0.46369683011951951       0.69620403195856018     
  0.53398472220736826       0.47087749641349097       0.70223550168051418     
  0.53663167800973965       0.46129490369177195       0.70656454339603669     
  0.53917131070940316       0.45953378092492231       0.70577829514426804     
  0.52910690850948117       0.45208315298974955       0.71809936788050921     
  0.52568878952909126       0.45838651159763577       0.71661224002160950     
  0.52220897065627425       0.44068676596555262       0.73013215602994630     
  0.52312099700340631       0.43080469671376842       0.73535823636070219     
  0.51107166882904675       0.41594749220365279       0.75219241756999045     
  0.50822119395477017       0.41713120712775531       0.75346716853180096     
  0.51016595362008088       0.40536439909854038       0.75855810832815806     
  0.49190123284197784       0.41769606998086894       0.76391306458986552     
  0.48630220803435092       0.42890302668735864       0.76128336127839968     
  0.48298659073870620       0.42200879146559905       0.76722391326935757     
  0.49113632890358339       0.42495874062201688       0.76039146181428208     
  0.49082419583630477       0.42997617907365504       0.75776783661677327     
  0.48959815123620359       0.42685190781112675       0.76032302286863096     
  0.49354665713951268       0.42601066735249549       0.75823914995751451     
  0.48720928260762691       0.43036328712767657       0.75987798759644498     
  0.49029852712803135       0.43549914275436075       0.75494890618922073     
  0.50042345175845793       0.43233208370192966       0.75011021745614082     
  0.51415509400166837       0.43741868049246196       0.73777329666257863     
  0.51705518913644433       0.44895688878069567       0.72876034703010173     
  0.50127543822384879       0.42867795358780547       0.75163697829554676     
  0.50331972583909923       0.42621685790659736       0.75167043550846091     
  0.50746844972811334       0.42985427092133538       0.74679386600402198     
  0.51005314735932406       0.41641235870479354       0.75262642418849257     
  0.50918534703485840       0.41749954035829751       0.75261173002126536     
  0.50281958565038420       0.41190032574760194       0.75994117268075168     
  0.50298549006789950       0.41807087713216873       0.75645379136804802     
  0.50307081973056600       0.40480602444325325       0.76357830830247164     
  0.51593932625636674       0.39508486481355126       0.76007536548514987     
  0.51806248295900725       0.39701495972069412       0.75762153184048553     
  0.51197490503322762       0.40128327174756490       0.75950867831235946     
  0.50158641773295931       0.41623101553758801       0.75839488872906136     
  0.50657378493812244       0.41239541302849797       0.75717436811247141     
  0.50186816745384066       0.40458740728905479       0.76448503736806095     
  0.50089851867370971       0.39919302914318966       0.76794895629460214     
  0.50188000648188291       0.39950659219527285       0.76714466815996640     
  0.49564096482765635       0.38788386563004462       0.77710111360659062     
  0.49456658442899665       0.38252516813999621       0.78043474378432431     
  0.48872114746986028       0.37180560120858813       0.78924789193615486     
  0.48728782097850792       0.37015791856661451       0.79090688127519149     
  0.49716121975270228       0.36437602995548274       0.78743941377599802     
  0.50666717396296157       0.36013507150345175       0.78332056343593470     
  0.51069250641507391       0.35731892738672144       0.78199510741608447     
  0.52758655885093098       0.36153624744095347       0.76872879789048321     
  0.52232458729092113       0.36288258211158497       0.77168209588625147     
  0.52914691729149188       0.35703624444473614       0.76975883241032683     
  0.52258217654803185       0.35724618033934358       0.77413373223705384     
  0.51486731680567888       0.37284930780129827       0.77194238111235580     
  0.51752975884553343       0.38677232176442100       0.76326281176685351     
  0.52340856220468690       0.38805158862406974       0.75859043071815646     
  0.52416062377476391       0.38311843293172182       0.76057603619361569     
  0.53339908038779649       0.36951497771506780       0.76088376397823432     
  0.53158487711308211       0.35633569189777409       0.76840249420756301     
  0.54163595195954517       0.34290307563826056       0.76749460992419927     
  0.52832276456121230       0.35806565390646899       0.76984676653173634     
