  0.46640870495730169       0.33221648729822995      -0.81981407984205645     
  0.46116052504131083       0.32099879157031952      -0.82721868085411221     
  0.45445803925534284       0.31839163834355710      -0.83192226511200840     
  0.44496941631365472       0.32342116784827946      -0.83510536265380331     
  0.45607942880446722       0.32856966478374200      -0.82706319589574917     
  0.46422936121039682       0.31672057341784199      -0.82715124285952690     
  0.47955145633464868       0.31656144377115825      -0.81842486096454659     
  0.47894221939677151       0.30781723888151324      -0.82210881148827042     
  0.48144156626861029       0.31721775114756640      -0.81705992229805779     
  0.49416662607441358       0.31970306193743481      -0.80844869834891786     
  0.49455958162686020       0.31476643399979376      -0.81014376023525525     
  0.47605836244228422       0.32030996935829792      -0.81900546950460418     
  0.47308341244909802       0.30453733430804036      -0.82670980209386025     
  0.46773826649006722       0.30291508777720710      -0.83033930634277087     
  0.46428349648702916       0.31502787837769303      -0.82776703892739578     
  0.47218891758738035       0.30724207971655476      -0.82622026757947720     
  0.47015947949787157       0.31831804397844388      -0.82317901255803905     
  0.45713890523218237       0.32753660174688437      -0.82688801892349650     
  0.46376272308617267       0.34334947008477656      -0.81672227719598889     
  0.46735482772048187       0.34614901420014044      -0.81348652415060319     
  0.47412660476377688       0.34647164813177700      -0.80942038502623803     
  0.49069214066814459       0.32308571751798387      -0.80921989732235544     
  0.49654674490861472       0.32317188708538214      -0.80560614540750153     
  0.50063891529911719       0.31337895199359095      -0.80694132930190299     
  0.49884813235006759       0.30600820408924212      -0.81086960720015044     
  0.50304001144445554       0.31035406044424518      -0.80661707398971649     
  0.51684713517936176       0.29843854586883173      -0.80237364936579514     
  0.51781322678050878       0.29532600265662617      -0.80290224456406656     
  0.52239228064925491       0.30012605059087494      -0.79814200420401005     
  0.53065099270598914       0.30298109230548537      -0.79158826522727355     
  0.53406893564062163       0.31044745496649701      -0.78637952013548762     
  0.52951503772433683       0.31399186781161953      -0.78805008202014970     
  0.53587216334194354       0.32334370995425410      -0.77992940051535731     
  0.54222028362038266       0.32094868141621591      -0.77652373301002509     
  0.55870193452234373       0.33083664693124032      -0.76052564809366208     
  0.55944923474632413       0.33872996758264451      -0.75649095355014873     
  0.55183533513491290       0.32884422134608132      -0.76638061104377375     
  0.55923942082063760       0.34245262132957133      -0.75496852407547654     
  0.56167965868962610       0.35362371390099051      -0.74797475223511134     
  0.55978039945792080       0.37310653267162452      -0.73989014026441058     
  0.56223090731527803       0.38152186661542303      -0.73371484389626640     
  0.57182029209280438       0.37299199470185501      -0.73068360145772515     
  0.58176892097164823       0.37830692007929628      -0.72001999750812573     
  0.60099930197599161       0.36363286161807479      -0.71173800023310574     
  0.60465506158095594       0.36545637905814132      -0.70769618588080774     
  0.61318858835927770       0.36033730419870835      -0.70296285983596862     
  0.61086870626180279       0.35730230214779141      -0.70652281533572592     
  0.61899454969029188       0.36234487199381360      -0.69681557186496623     
  0.62024419694898425       0.35961852379282894      -0.69711667136583155     
  0.61544409003316192       0.35639898487441957      -0.70299952747049277     
  0.62343410720673309       0.35778140284111271      -0.69521391078745598     
  0.61345513261567408       0.36960240005027134      -0.69790175966576062     
  0.61764533060261650       0.37262176575712613      -0.69258015079038038     
  0.61236666744850587       0.37575782044966816      -0.69556676528491879     
  0.62168331796754650       0.37812917565780552      -0.68595056576783342     
  0.62644244351811318       0.38252897880688530      -0.67914758729750169     
  0.63915545945395180       0.37955602490743878      -0.66889275867411735     
  0.64024312203009703       0.38580130922059075      -0.66426357306180239     
  0.64331780635607549       0.38764729544091531      -0.66020585756455574     
  0.65419968913704185       0.38710715720576172      -0.64974673186794196     
  0.65389987261398386       0.38352965310137238      -0.65216559383898565     
  0.66027852427580824       0.39102999904117125      -0.64119249077794316     
  0.66602298187410791       0.39794647713493875      -0.63091361449204209     
  0.66900427382663674       0.40056004737936785      -0.62608699878302221     
  0.67392984493068575       0.40920588362113536      -0.61511715056690408     
  0.68197112538012861       0.40485983558127231      -0.60910089285837188     
  0.68355843621834966       0.40995186610257467      -0.60389347715780017     
  0.69231615847489025       0.42474162099755242      -0.58334628832876056     
  0.69379834528954598       0.43742087600305252      -0.57210736169901666     
  0.69557545536200827       0.44225428508902576      -0.56620308478348069     
  0.70188193789367559       0.44634379284616210      -0.55510266063704028     
  0.70113436030962129       0.45665920751228911      -0.54760658961289554     
  0.70059972894991651       0.46516950871819446      -0.54108903884127713     
  0.71528382100230814       0.46130247758190784      -0.52494673976426476     
  0.72908923322208619       0.45640739806179981      -0.51002076133632879     
  0.73866111257594214       0.45986299804805508      -0.49285472889516452     
  0.74519858688530782       0.45686344335964424      -0.48575185046040714     
  0.74831259953004192       0.45967659763352470      -0.47825273545757896     
  0.74611543747622078       0.46786263052694643      -0.47372598927657900     
  0.75571259776937583       0.45541371905318978      -0.47063448032502231     
  0.76218792956674364       0.45294393629905805      -0.46250551412137270     
  0.76602366288426560       0.45578755022927819      -0.45328297669046219     
  0.76988240177242917       0.46327122926452313      -0.43893149303376927     
  0.77025803266777748       0.47567946447404030      -0.42477242164299622     
  0.76670234904826540       0.49080020102173599      -0.41386310616059452     
  0.76977782586933297       0.48523622160664293      -0.41471424865899098     
  0.77242183139901066       0.48571772095883164      -0.40919776383156953     
  0.77888627112937892       0.49178521386984159      -0.38920878724042907     
  0.77223055907071858       0.50393205186559220      -0.38692693204254935     
  0.77048579052555655       0.50591772085773690      -0.38781297853517060     
  0.78176707210283836       0.49637738209241417      -0.37742514426417978     
  0.77263432896718331       0.50596339171461890      -0.38345435184134902     
  0.77512959691459160       0.51585962739272018      -0.36477795000968233     
  0.78347880719023588       0.50931465854040403      -0.35603305644228700     
  0.78756949889866534       0.51263588465604804      -0.34196305965325624     
  0.78450627533710715       0.51730485953778682      -0.34197307826097750     
  0.79547044166320269       0.50897327062555597      -0.32889661936370235     
  0.80004408270466620       0.51589913840541457      -0.30623119488680350     
  0.79986630586666618       0.52253586937283647      -0.29524592792786614     
  0.80160500541871949       0.52901817610430912      -0.27851244970184924     
  0.80472939043099190       0.52786094026152364      -0.27161265788395134     
  0.81285105945843561       0.51969961424722311      -0.26303130248809997     
  0.80309395624883118       0.53121969075194830      -0.26989949535707658     
  0.79975373870198563       0.54289483393652116      -0.25624042756214938     
  0.79831863841502937       0.55305360662251901      -0.23836748889266987     
  0.79935379049567801       0.55522224940457987      -0.22969930645587339     
  0.79425741324506327       0.56463988210903004      -0.22435900926230093     
  0.79229568327793776       0.56669573033382792      -0.22610506292552318     
  0.79413364422386634       0.56972596708056000      -0.21157522904593962     
  0.79444906977189245       0.56923495619422237      -0.21171263586554323     
  0.79089965748705882       0.57839622621613118      -0.19983877823333079     
  0.79091859126204167       0.58575387876928786      -0.17703156640215478     
  0.79437985869804251       0.57987131518917301      -0.18085877892890928     
  0.78776326244772832       0.59204171566581765      -0.17004602097428376     
  0.79049516263238873       0.59268656030572764      -0.15440219910272707     
  0.80276148947932380       0.58247246439009825      -0.12767074542064294     
  0.79038166997906190       0.60450398365045355       -9.9356678244793370E-002
  0.78593119993194382       0.61263334805602621       -8.3621347891541617E-002
  0.79515885759482430       0.60280846290543388       -6.5911669968838349E-002
  0.79511814424875382       0.60383590686913002       -5.6296840603649916E-002
  0.79918146524668254       0.59939404376078653       -4.5119462654756123E-002
  0.79096198511559079       0.61054033944338115       -4.0244651997044967E-002
  0.79628877106400442       0.60489282925704402       -5.3719820165545823E-003
  0.79861935562095554       0.60170208778574708       -1.2717011513834638E-002
  0.79399477022426079       0.60792111768788948        2.0541483953927455E-003
  0.78855270842830094       0.61477616227602871        1.5326327921228627E-002
  0.78510594677266710       0.61892346184941860        2.3289497944883764E-002
  0.78389905712407659       0.62028756371835891        2.7305796753194913E-002
  0.78765020116018902       0.61494403919824703        3.8091853024742453E-002
  0.78097820796412554       0.62258127637729543        4.9654737835982822E-002
  0.77801000550234833       0.62502718056065776        6.3572438199515177E-002
  0.78054101977806756       0.62140421354275754        6.7915534564042507E-002
  0.77409587013720316       0.62632181804297071        9.2176808796312376E-002
  0.77493997475271159       0.62332764510037197       0.10454990379666260     
  0.77846782582479968       0.61663916818837372       0.11723472357437133     
  0.77698458216996324       0.61822852633303327       0.11869476946459605     
  0.77336041813049972       0.61936349310208516       0.13528683262387964     
  0.76442326612104516       0.62712827665763604       0.14955666093242770     
  0.75363657510901472       0.63588700755058114       0.16637195162142490     
  0.74897903950721789       0.63588349564683200       0.18623259205308357     
  0.74975023623982984       0.62718382545255646       0.21098585817304213     
  0.74064238610892374       0.63844502822836524       0.20937239987486542     
  0.74035324618635290       0.63598185060994739       0.21772495620868779     
  0.74408118211409213       0.63247038183774573       0.21523106309664047     
  0.74124935991180840       0.63334860548108207       0.22230368950042292     
  0.73502919376522102       0.63011449830559851       0.25037532493824610     
  0.73595796314113926       0.62425470479167322       0.26205331525207248     
  0.73422319615218379       0.62280856799145778       0.27023283639946688     
  0.71974036979689826       0.63951155279737304       0.27018285275590065     
  0.71968463299954921       0.63448239482209501       0.28193282832107924     
  0.71503766937752156       0.64102198738832472       0.27894792176297734     
  0.71312698847276146       0.64291632412920652       0.27947897681213690     
  0.70107421746476284       0.64411312209764793       0.30596278784810915     
  0.69205594137079829       0.64640967492804102       0.32126796630352217     
  0.68732307156397265       0.65381010718495447       0.31641640134270010     
  0.68855580574263531       0.64448630252329164       0.33245797965753027     
  0.68694245528302189       0.64131272022227381       0.34180119661996655     
  0.67731539005796704       0.65403218872246116       0.33687647365990225     
  0.67213006906497641       0.66004578476965836       0.33553052359884500     
  0.67508805629625435       0.65338809615943716       0.34254943007293398     
  0.66733806772997917       0.65119685649334724       0.36138975836567488     
  0.65735435772001394       0.65634014835113752       0.37027403102150513     
  0.65672405771234121       0.65086154314350853       0.38091044049577905     
  0.65680607232533750       0.64613563702572641       0.38873451341747522     
  0.65549063980909672       0.63254020123523702       0.41258322184008800     
  0.63913822060944259       0.63995608129524029       0.42656599603043349     
  0.64529232418668359       0.63351954347455286       0.42690842622457315     
  0.64045330355582319       0.62883386410431308       0.44089402050841092     
  0.63527191272133277       0.62413103370683432       0.45485167876069044     
  0.62759456584422235       0.62150266741310589       0.46889177356954803     
  0.63203239046660309       0.60950106012532090       0.47858490898395567     
  0.63299129405700294       0.60484211381709307       0.48320600058495883     
  0.63435219749462590       0.60128719398854469       0.48585080001901981     
  0.62871550653129316       0.59832937375374917       0.49670793465631857     
  0.62894996970582739       0.58605876087056874       0.51083956817565768     
  0.62264666997804585       0.56760472682717811       0.53864273730246703     
  0.62844785641389933       0.56695065622846097       0.53256008597236493     
  0.61868742621871164       0.56400751193478793       0.54691991655085692     
  0.60701736924850880       0.56635718663560675       0.55746699505604735     
  0.59687052308956778       0.57990321117777732       0.55448881353232782     
  0.58759414875658134       0.57527301385078322       0.56902906418043830     
  0.57094241337541440       0.57338567614107960       0.58758286820268590     
  0.56645785182475583       0.57357593571225340       0.59172303324942155     
  0.55109451906210105       0.58145142145260365       0.59850570218708721     
  0.54861639908456594       0.58441951193488051       0.59789119472131391     
  0.54516140313325445       0.57071188642655979       0.61407408936155161     
  0.54855608567168856       0.57938395848403978       0.60282704777068463     
  0.55552352915870196       0.57277760906832775       0.60275983534159938     
  0.55368912475150356       0.56401032495484948       0.61263423547516382     
  0.55109668652482380       0.56426745543999035       0.61473138917143200     
  0.55140599180023087       0.55247727149943004       0.62507623269753998     
  0.53121997622517703       0.53973578945906553       0.65306248892148300     
  0.51109950425763317       0.54164797323183245       0.66737903011815536     
  0.51402416148799512       0.53388175042218977       0.67137875895257693     
  0.50486974599793988       0.53962558829849139       0.67372899895245941     
  0.50270945373457643       0.52554809211187659       0.68635443322196921     
  0.49447709140577145       0.52319243343656818       0.69409083243449599     
  0.47787096375990473       0.52209009142516560       0.70644269295594175     
  0.45547877354664335       0.53092731834394469       0.71460147598822776     
  0.45217240843672646       0.54504624163782656       0.70602033081562976     
  0.45758693022618308       0.53969436065186516       0.70664290725001522     
  0.45395426338837558       0.54002176616084763       0.70873268502591080     
  0.45971778829079690       0.52987325658646889       0.71266674335447200     
  0.45748691734648705       0.51463665031524763       0.72515849206163896     
  0.44271626765893685       0.51759235932751790       0.73218881165715322     
  0.43595011247669796       0.52434057127388678       0.73144682974754160     
  0.41981141083302226       0.52281228521771350       0.74190679587116570     
  0.41954106891278181       0.50863414645522509       0.75184878569781965     
  0.41662326279852463       0.50633768515504196       0.75501470547728222     
  0.42355725266937755       0.50628836812727751       0.75117996645956175     
  0.41957618318980505       0.49869537654824847       0.75845813853453814     
  0.42040754006750258       0.48756286350273553       0.76520582485198363     
  0.42045489976961503       0.48876752424965614       0.76441087413679898     
  0.41334133071953755       0.49670268886648095       0.76317454307111821     
  0.41385041809104117       0.48375208980511514       0.77117556175948343     
  0.40761455037322097       0.48517205167644112       0.77360096858529748     
  0.41732937624858912       0.46534661236112318       0.78056948574998142     
  0.42040947256577044       0.47005148843588668       0.77608470774534588     
  0.41223452281805817       0.46083548504095473       0.78593470080155936     
  0.40583717394369995       0.47054846893126950       0.78350515418332134     
  0.39781798196264051       0.47480452082560048       0.78504873748751691     
  0.38813413183446599       0.47051077360751303       0.79244653297516876     
  0.37973410864660745       0.45782702530884573       0.80386343468727395     
  0.38316930564310309       0.46253797265825525       0.79952480077992194     
  0.37986527841724377       0.46031177460604311       0.80238110671427498     
  0.38944639305999068       0.46171651521377577       0.79696258789946361     
  0.38524790026650696       0.46109221326582817       0.79936101118697811     
  0.39591505102017494       0.43905686036132430       0.80652361759923064     
  0.38730013776747596       0.44871062640932996       0.80539268498828609     
  0.39196777345700157       0.45693567673293389       0.79848046431943243     
  0.38712926723192403       0.45311145063338015       0.80300743692532972     
  0.38793391288501666       0.45791774711337413       0.79988662703681468     
  0.38105290248483037       0.45837370786822518       0.80292728776833955     
  0.37228255620451861       0.46436560035519325       0.80359833720123552     
  0.36268527106393139       0.48357563810241844       0.79662663549941737     
  0.36276121350586560       0.46549609228149075       0.80729033813518036     
  0.34625665133853922       0.44629388502030565       0.82518367627898648     
  0.34245582905400801       0.44448889829756538       0.82774007057599208     
  0.33715074642279036       0.44031059859265792       0.83213938192680825     
  0.33235131378724131       0.44002931994574779       0.83421627999696646     
  0.32317306128482581       0.44635458768569669       0.83446195510144494     
  0.32657520107429261       0.44501067056678240       0.83385498806746250     
  0.31811519434124846       0.44513600131760100       0.83705236602031441     
  0.31225209090233175       0.46016029868642550       0.83111439118808517     
  0.30320011682188780       0.45240757217559624       0.83868771172432022     
  0.30126547523660835       0.45301840156650436       0.83905508834199338     
  0.32038999773851601       0.43434303338598867       0.84184106498683675     
  0.31938761354547762       0.44212868924724696       0.83816094782460271     
  0.32645041141712433       0.42307252666933604       0.84524538807568428     
  0.34665918895943570       0.41693752389604388       0.84023241301286522     
  0.34665918883197622       0.41693752377136511       0.84023241312756147     
