  0.58870830693642762       0.20646338218240895      -0.78153400512187909     
  0.59639384618002267       0.20528741648155679      -0.77599707272188045     
  0.60025301144896648       0.19625502982117948      -0.77535816595708507     
  0.60578078564170645       0.18944686849955744      -0.77274803381375745     
  0.61043178793819153       0.18236401403969649      -0.77078946454781805     
  0.61128475597393306       0.17798412992042617      -0.77113720997651125     
  0.62808406952525220       0.16212833964934409      -0.76106819871227382     
  0.63583404433271973       0.16646149785673295      -0.75366148753853013     
  0.63196390140662306       0.16039748571696194      -0.75821782747083777     
  0.61803554145355422       0.16343073793664684      -0.76897494328339167     
  0.60850682321081462       0.16341916239485163      -0.77653951829127688     
  0.61398825325750450       0.17048531611076773      -0.77068358088933686     
  0.61903848840909437       0.16041406712083781      -0.76880340590942697     
  0.62157047334115723       0.14910241839764163      -0.76903746039996279     
  0.62274751037114895       0.13962600297167541      -0.76986370067739285     
  0.62680919273025337       0.15143757734560684      -0.76431465776638241     
  0.62637468083330528       0.15326447836575832      -0.76430671780525861     
  0.62780215654230842       0.15966724633376159      -0.76182072870789042     
  0.62284421057664396       0.14840196068070596      -0.76814187974441273     
  0.62581595862102457       0.15217898763740367      -0.76498100738312680     
  0.62391448167075536       0.16963052221274480      -0.76286054131495384     
  0.62169845399845636       0.17888075704958822      -0.76255669104224344     
  0.62717163918674279       0.17815352103936380      -0.75823285205871360     
  0.63101625870278355       0.17008742523821038      -0.75689414651493903     
  0.63270563802974167       0.17890843165839204      -0.75344233268838301     
  0.63538586235832750       0.18720722334263978      -0.74915836873354313     
  0.64312764075912243       0.16561376178379825      -0.74763555265879678     
  0.64430446559605581       0.16466282310783070      -0.74683191569398000     
  0.63303171656713020       0.16567972993900279      -0.75618851677833054     
  0.63702632062859299       0.16527859809751796      -0.75291463781581214     
  0.64268566595709797       0.17665815013954447      -0.74548442824954797     
  0.63131919815690507       0.18723784793482562      -0.75258093142150329     
  0.63658782762652655       0.18720707806614287      -0.74813731870538103     
  0.63633782968638231       0.19562008702871372      -0.74619497992207307     
  0.63266217607242059       0.21333713878494667      -0.74446345523629409     
  0.64681377141703200       0.22888523884776740      -0.72749123193539322     
  0.63974542063789352       0.23299571649005185      -0.73241982009646078     
  0.64171829113443357       0.23461594547870804      -0.73017326228138080     
  0.63734312519192260       0.24000336939472869      -0.73225140727059745     
  0.64792562352179095       0.23700348121526013      -0.72389345643937564     
  0.65326276535542482       0.23454009226473815      -0.71988798053629910     
  0.65275341109999019       0.22740264287678780      -0.72263477795493580     
  0.65468052824390666       0.24065517045744339      -0.71657413773480416     
  0.65275881899978383       0.24688980126948701      -0.71620622047502458     
  0.65688316076488085       0.26093301320082890      -0.70740262632073614     
  0.65093484638013333       0.25409481456017313      -0.71534582614404274     
  0.65469481230693805       0.25426126546904421      -0.71184683157296025     
  0.65559057911835616       0.27197610617924300      -0.70443593764006329     
  0.66669506752569563       0.27368667837330807      -0.69326278496533567     
  0.66696660614803460       0.26329203111016630      -0.69701711072057260     
  0.66258725805345742       0.25900834182480892      -0.70277507378275972     
  0.67921661105705733       0.26870307724246373      -0.68298129662868201     
  0.68204799344065992       0.26708906137765925      -0.68078922430952904     
  0.69035704430866862       0.26377857504764168      -0.67366758473243649     
  0.69580482549814571       0.26023527731193247      -0.66942755041593216     
  0.70150823060821654       0.28253791814448942      -0.65426181854018228     
  0.70003307011998772       0.30080687604213818      -0.64766420625517962     
  0.70766901523265335       0.31753726245372821      -0.63116927351783969     
  0.69959434514137220       0.32264527725363096      -0.63754825488910394     
  0.70755488763208818       0.30428261940272466      -0.63779163409169870     
  0.71337126043115973       0.30242108151499053      -0.63217318374489906     
  0.70672746051502267       0.31443956427758590      -0.63376971919689318     
  0.70646400332677961       0.31961538542574147      -0.63147020309960233     
  0.69890614825162989       0.33093221707075310      -0.63404578986119431     
  0.70588068596532960       0.32197567589192044      -0.63092322933543665     
  0.70894965373017493       0.32200835771771047      -0.62745597936094888     
  0.71964316298193531       0.31209808559114416      -0.62024874279896602     
  0.72784460073569202       0.31445138677017742      -0.60939524328485861     
  0.74309957590053188       0.31463368387576301      -0.59060025843815445     
  0.73683933064370644       0.33761941352060992      -0.58573110932452066     
  0.73161350814032022       0.35439394865151641      -0.58236294856884574     
  0.73035679532246822       0.36531736058501857      -0.57716737397525320     
  0.73499755929230326       0.36915439651503718      -0.56877378576018711     
  0.72678862820741796       0.37233971864539073      -0.57718404675411039     
  0.72406794267816310       0.36618203306168806      -0.58449664930487077     
  0.71750813353409215       0.37867659759046285      -0.58462476234738214     
  0.72952138916270159       0.37552528975955651      -0.57164613136548326     
  0.72899009832868045       0.37906677349384316      -0.56998405045378964     
  0.72660740500191545       0.40035352082165465      -0.55835359527998685     
  0.73103197573211365       0.41228400052570108      -0.54370410460812790     
  0.73229920220236744       0.41886473680184882      -0.53692663439029942     
  0.73545354112830486       0.42324643297051157      -0.52912242989649860     
  0.74246293670977881       0.43014165080228312      -0.51354352089903521     
  0.74797978998529890       0.43324110601332222      -0.50282042304773344     
  0.75531463307352287       0.44506496709562698      -0.48105818788289845     
  0.75628333296816497       0.45180909279381770      -0.47318502083581493     
  0.75205445675911620       0.47455266701936993      -0.45739901649823556     
  0.74795065504254343       0.48632313852854764      -0.45172959007925645     
  0.74758575123632298       0.49578200829222030      -0.44194540930091747     
  0.74872025712550372       0.50012520301579488      -0.43507787564794731     
  0.75597905485847983       0.48541321361911927      -0.43916930751048511     
  0.76974833738907744       0.48755184475820079      -0.41204453128227247     
  0.77938887106486288       0.49662988691869142      -0.38198395657326756     
  0.77012101198624716       0.51532390267311368      -0.37597194340938611     
  0.78919973630214302       0.50523238626180755      -0.34914755060407954     
  0.78618829386669709       0.50809771313199092      -0.35177362109318616     
  0.79255238051367660       0.50975450620963403      -0.33468054550731835     
  0.78415078618610012       0.53181596930765751      -0.31981138083732591     
  0.78201605538173102       0.54679818106897948      -0.29910305632817069     
  0.78310398103956369       0.55618215670856375      -0.27822574186979687     
  0.78914205941469417       0.55676593817776676      -0.25935786116439197     
  0.79204304271487058       0.55486618878554206      -0.25454141319160578     
  0.79003939818299673       0.56309429737149985      -0.24240990405993557     
  0.78890645474419951       0.57531321041972650      -0.21596600561080606     
  0.78179757536178784       0.58848951225369173      -0.20608892528673711     
  0.77528700799940586       0.59987844163931803      -0.19767627698768594     
  0.78158354438249467       0.60032555818691347      -0.16951810327534075     
  0.78585257331309333       0.60171666762097775      -0.14273326495353705     
  0.79335824416123901       0.59822138149866277      -0.11275582086628103     
  0.78892132833943884       0.60384603591563557      -0.11389952853329915     
  0.78570176465070851       0.61235076994111493       -8.7745493202134844E-002
  0.79132282046048230       0.60825238130902115       -6.1945415087588600E-002
  0.79496893231095800       0.60487586859838005       -4.6363565951400204E-002
  0.78717799108468334       0.61535039427697413       -4.1166765904718877E-002
  0.78842406199459836       0.61422378421803392       -3.3416184234815599E-002
  0.79263070051099038       0.60942234588675204       -1.8465560953982628E-002
  0.78785426974322981       0.61541859266537291       -2.3358198756211715E-002
  0.79326409022994737       0.60859751823026298       -1.8470082718222702E-002
  0.80084887692745310       0.59871270997030979       -1.3570823263337922E-002
  0.79735121944469112       0.60344982832418581        8.9071625995251098E-003
  0.79917817287275117       0.60092958072001024        1.4067232117399157E-002
  0.80150518121902536       0.59771998283747341        1.7895993848553123E-002
  0.79891056290743867       0.60081256650752690        2.7679819391710797E-002
  0.79413240593912127       0.60562686973085511        5.0693357526895008E-002
  0.78705554823520063       0.61194671311643667        7.7876725009330142E-002
  0.78530333454777979       0.60827003612197506       0.11535265885236490     
  0.78639234130762325       0.60619917934401346       0.11878400774245447     
  0.77608291459871537       0.61586604140039147       0.13566255458959869     
  0.77401004937617068       0.61457858733694459       0.15232072561416260     
  0.75811738950732266       0.63027136676302031       0.16737989116162927     
  0.75411120942510490       0.63392111546709129       0.17164003957225921     
  0.76322194807922605       0.62413801780885636       0.16716456770436194     
  0.75306629354330457       0.63303748247254310       0.17931732574900797     
  0.75832265443310209       0.62557055910466941       0.18332546837525629     
  0.76308071957457280       0.62194685212731604       0.17575530871775988     
  0.76917575181613618       0.61611811138629713       0.16960877229632360     
  0.75663631986151803       0.62407706404142993       0.19501101918571193     
  0.75110117684767452       0.62733919982996544       0.20565152684757379     
  0.75099329891458566       0.62432146638782771       0.21501574731340128     
  0.74383544595888096       0.63073214987510573       0.22110129906692041     
  0.74051133436543526       0.63698851893339770       0.21421622352977637     
  0.73958804792742738       0.64112068699863611       0.20487504500376238     
  0.73097454687880470       0.64024286652779838       0.23614674182718678     
  0.73071166319172032       0.64111273864280838       0.23459522933237367     
  0.73353499231459807       0.64406668299413938       0.21703576411953221     
  0.74013285179207466       0.63526423803776755       0.22055092284646061     
  0.72367054374596507       0.64509460131522178       0.24526291906518474     
  0.72235826767808831       0.64302055088361532       0.25440735889208133     
  0.71956925609544931       0.63843104102500758       0.27317739939088609     
  0.70663796668012080       0.64880450374087351       0.28233933479369205     
  0.71090352856115624       0.64372871168651191       0.28324815768107120     
  0.70680775684347563       0.64148584881298809       0.29819238863286623     
  0.70380141805974861       0.64636863495250485       0.29473912479805253     
  0.68889244477914768       0.65814156289705772       0.30377110249927874     
  0.67881967733000226       0.66137621202375307       0.31903816674295193     
  0.66548958932698166       0.65646771367237933       0.35520944160194456     
  0.66067573998475149       0.66451815290491401       0.34917501493583830     
  0.64926788358902976       0.67966498267845099       0.34133081703901891     
  0.64171959589564465       0.68309716761073824       0.34867494869249999     
  0.64841072748127859       0.67257201737532379       0.35666568370238011     
  0.64736834863304182       0.66553157688499565       0.37145920550862571     
  0.63413471189740300       0.67306298072236392       0.38060398204422963     
  0.63589644543845758       0.67720442146846060       0.37017547490656866     
  0.63616306410725687       0.67121785001421341       0.38047753374932003     
  0.63429641178268947       0.67284404548891508       0.38072162067541626     
  0.63461458557534500       0.66777843847625085       0.38901964588083898     
  0.62570115721702679       0.67146497338980360       0.39703003836977330     
  0.63091810732633069       0.65427814221266467       0.41696816961310712     
  0.62506340351149003       0.65417138161604726       0.42585859750060628     
  0.60867734380598804       0.65998371926669819       0.44037867959312366     
  0.59533071486691225       0.66443477968259834       0.45178287205712908     
  0.59566689275687901       0.65454695755012804       0.46556335039952973     
  0.57913858737855972       0.66131761674711442       0.47671533055806220     
  0.57515056849455404       0.65701713335929968       0.48737081368575885     
  0.56502874178603901       0.66124379394254496       0.49345634652738518     
  0.55316578881384437       0.66390332209408787       0.50322955894739629     
  0.54795963384705748       0.65950018263087595       0.51458696911604773     
  0.53734258409442559       0.66781143519149222       0.51506391287509623     
  0.52952259585012684       0.66696880050422136       0.52417405471665923     
  0.52160639619534255       0.66211382367180105       0.53808182644539704     
  0.52139493472101350       0.65617103822770995       0.54551525243428434     
  0.52999163835518415       0.64932241946699909       0.54542575924786496     
  0.51916162052532833       0.64801411773110185       0.55726915848151548     
  0.50930251336570487       0.63756333371985052       0.57803455379017521     
  0.50868326897214722       0.62204654654489300       0.59523056524290030     
  0.50827793067201965       0.61850169605650540       0.59925720451822373     
  0.50422065803320804       0.60908386142471016       0.61219145515477669     
  0.49864937354405847       0.61095730782515401       0.61488207835255515     
  0.47211438994172172       0.62329663894209608       0.62338535649583759     
  0.46046900911098476       0.61786829185219727       0.63734375777283292     
  0.45796089848639920       0.62684126264096862       0.63035057460765853     
  0.45280046896236503       0.62203452344250354       0.63878383429225838     
  0.44096762198329864       0.62038789196285993       0.64858802013934291     
  0.43801846882311568       0.61691776860123870       0.65387482575330902     
  0.43434995573634549       0.61346747409012337       0.65954361052573085     
  0.43088805987500173       0.60774691187034235       0.66706759100500312     
  0.42123798522042971       0.60403036660825915       0.67653963374108794     
  0.40158363752047821       0.60151410872121658       0.69058769109009033     
  0.40391242892088680       0.58598281927384044       0.70248052306032638     
  0.40034136961542205       0.58789572117719324       0.70292631818420048     
  0.38930804523864060       0.58641045515035473       0.71032529449740311     
  0.38660370216861073       0.58286242984237957       0.71470900746231014     
  0.37814868940097718       0.58296779994782610       0.71913288961659538     
  0.37652213013793506       0.57514043358537370       0.72625378978124466     
  0.37318093539387936       0.58564564950706588       0.71955205695765689     
  0.36690039188549373       0.58404401133911221       0.72406953758129466     
  0.36256274321452348       0.57996931594890866       0.72950932124991652     
  0.35870009253225821       0.59745239661077054       0.71720630044736511     
  0.36289385458926576       0.60066262940143655       0.71239908474246183     
  0.34891006173002215       0.61192449275031902       0.70979587487940266     
  0.34191673435263376       0.61201694583810962       0.71311163556390156     
  0.35459482519759350       0.60747428061002473       0.71080061081882928     
  0.35698375767692903       0.60761436751657227       0.70948388081921621     
  0.34457663993257204       0.61554258049625743       0.70878365585613490     
  0.35526309853628169       0.60192006860440306       0.71517855241168327     
  0.35799246518717626       0.59726571122516170       0.71771516987166273     
  0.35562405377365847       0.59663527041537123       0.71941496125252202     
  0.34372535022600303       0.59319122652073142       0.72799522827477503     
  0.33030263674537708       0.61036586316338570       0.71996783347859949     
  0.32460205132066955       0.60505362102343141       0.72701005767791649     
  0.32549872045077288       0.59672652592466446       0.73346304354261238     
  0.32280028299437930       0.59006044988766626       0.74001935297471322     
  0.31618121254222337       0.58807583930588692       0.74444358285904078     
  0.30686244140241048       0.59109319493494616       0.74595192670717891     
  0.28297048278687142       0.59094883537947507       0.75545163964016060     
  0.26190219854017160       0.59355828807179123       0.76098344072726654     
  0.27015968357686171       0.59595025633547749       0.75621229647720545     
  0.27968567568073699       0.58860689475832895       0.75849709706891322     
  0.27609714378254729       0.58835657069145997       0.76000454795961891     
  0.29194331996346412       0.59420019243613009       0.74946329412291846     
  0.30805335531857247       0.59318753043342243       0.74379545845297146     
  0.29319500688137473       0.59975061978131494       0.74453736105836821     
  0.29559214144545803       0.60321640014643962       0.74078017016525122     
  0.28584380076905530       0.60375119392275933       0.74416249394788958     
  0.28550185616650509       0.59703607720092278       0.74969101144805939     
  0.27856607328002142       0.60451789573921699       0.74629689571133695     
  0.27773278092929893       0.60391809757868509       0.74709265410270165     
  0.25384897321980771       0.61325061752727494       0.74798688417489279     
  0.24757971614826604       0.62650233090018237       0.73905284894152357     
  0.25095061424348508       0.62732021603437904       0.73721986935065509     
  0.25531832942894539       0.63065814959595268       0.73285936509389094     
  0.25176558901247165       0.63594709486182555       0.72951037054041123     
  0.25427005317533374       0.63460541244804691       0.72981005100632668     
  0.26217939120761174       0.62822799327425272       0.73252409877942704     
  0.25459625868274416       0.62491987034056884       0.73800806277321607     
  0.24841451038765575       0.62360072184517590       0.74122356326754557     
  0.26097206674710466       0.61766503074415779       0.74187835267890334     
  0.26384729274733465       0.61244654295451761       0.74518040643387973     
  0.24692092971948540       0.62015664080139632       0.74460445562485911     
  0.26411419498263650       0.62304915844707720       0.73624278479796490     
  0.26411419503924288       0.62304915828105079       0.73624278491842765     
