  0.62411702962911997       0.13605979260419368      -0.76939305050372542     
  0.61978519937458454       0.12913902001364660      -0.77407326536066434     
  0.61874487300387315       0.13356108458587668      -0.77415516456048084     
  0.61011028745164309       0.13367601572070542      -0.78095848799197443     
  0.61054393292507625       0.13539635854208001      -0.78032296650933219     
  0.60123192047393803       0.12124526867342694      -0.78982261465947445     
  0.61007089729667041       0.11175533428694091      -0.78442606122568981     
  0.61369262778783640       0.13233307145214906      -0.77837607671285758     
  0.60603116764899656       0.13616738776790951      -0.78369934690955123     
  0.61039626871114416       0.14694725424130156      -0.77834625945940961     
  0.61298967761761403       0.14893327067262477      -0.77592688832196566     
  0.61802535484771437       0.14641980243055330      -0.77240268139200186     
  0.61612885781873317       0.15171487376557305      -0.77289574176681786     
  0.61374266914038000       0.15593834803448958      -0.77395294927322078     
  0.60725135370294725       0.16499101495059143      -0.77718965408162233     
  0.60429347255493138       0.15623012211089152      -0.78129478941864083     
  0.61082723217262347       0.13932382744662433      -0.77940936839503994     
  0.61318877076118972       0.13411018261882662      -0.77846900409093089     
  0.61331438925238091       0.12817640567635324      -0.77936914807032864     
  0.62398563794066597       0.13131035486786591      -0.77032429167737848     
  0.63831157998075538       0.12895238029800107      -0.75890026385418463     
  0.65000570042777195       0.13490055635618867      -0.74785989951741094     
  0.65649150785474530       0.12679836792135707      -0.74360007665887373     
  0.65623629190839217       0.12650511866354028      -0.74387524769563818     
  0.65746999607461354       0.12731470940574335      -0.74264673232336964     
  0.65432158036998034       0.12902087673806847      -0.74512876929284599     
  0.64463000180762831       0.13247138614567616      -0.75292993872082170     
  0.64932721970468199       0.14501734488166207      -0.74655484154485308     
  0.64975795334003450       0.14821168175414862      -0.74555207696241854     
  0.65626482227412941       0.14139059824585640      -0.74116474671504984     
  0.65615060402968095       0.13751023847415872      -0.74199549806334020     
  0.66275222118897048       0.14750166081739174      -0.73416806888150377     
  0.66714007979412182       0.14883116404236071      -0.72991328152191359     
  0.66062177793420584       0.16123506133782498      -0.73319991919969230     
  0.65862484083166106       0.15682822803071222      -0.73594716245951708     
  0.65878903177506221       0.16593372137100479      -0.73380038956438587     
  0.65326858519214226       0.17593659160220912      -0.73640102616472003     
  0.65770832769696608       0.17711261600558745      -0.73215495417958931     
  0.65862892097051562       0.18276168933328624      -0.72993568851869184     
  0.65799036959905266       0.17919712777729460      -0.73139391774287366     
  0.66083633187842006       0.18530831709927195      -0.72729373026536537     
  0.66727060582871944       0.18009205190083769      -0.72271487561770764     
  0.66656114795794352       0.17255630396197763      -0.72520380445497490     
  0.65782156838049199       0.17884509643411528      -0.73163188534597179     
  0.66730744774555673       0.18181138206884812      -0.72225022778364423     
  0.66718765957896475       0.17688018738133943      -0.72358415282362631     
  0.67740840406587877       0.20031790058182969      -0.70780688948851467     
  0.69351238425599138       0.19919274937400772      -0.69236032633332878     
  0.70474553558428366       0.20450778920980214      -0.67934548959019347     
  0.71179407636392655       0.19873905200796041      -0.67368537319746047     
  0.71182387493665733       0.20898329374422922      -0.67054660837705748     
  0.71022072620062959       0.21931969596513445      -0.66894348867210907     
  0.71523062578310170       0.21591015092864230      -0.66470140564608637     
  0.70988430009769732       0.20868160258675864      -0.67269329505847131     
  0.69827765261199892       0.21568865989830829      -0.68255895119319043     
  0.71039655640694954       0.22974672677272517      -0.66524670174482325     
  0.70764559105537872       0.23338849176547186      -0.66690893634087811     
  0.72753414986321463       0.24240510469589022      -0.64182071172577737     
  0.72653708424835473       0.25177102637436299      -0.63933967145039439     
  0.73600399797968774       0.26927660787691882      -0.62111852605458162     
  0.74067567288519620       0.26668651061308829      -0.61666672737636519     
  0.74959942163158300       0.26104606830301857      -0.60823980247360598     
  0.75356094199768087       0.26254586306043720      -0.60267368988982550     
  0.75317908363179875       0.26250365461107239      -0.60316921282123981     
  0.75345313682249648       0.27044652527639962      -0.59930547100644949     
  0.76969925223333047       0.25798120280254178      -0.58395955348979911     
  0.77141031552125450       0.27161789855088131      -0.57545620362821814     
  0.77000649560523893       0.27696868663680080      -0.57478547593726270     
  0.77568491510263538       0.28263290626888965      -0.56429739745653418     
  0.77590147490276196       0.28997948938962625      -0.56025779510601215     
  0.78232819279427379       0.29773107241819147      -0.54710036307423382     
  0.77872907890832754       0.30084355138398922      -0.55052173367929469     
  0.76707029472497412       0.31012255150309648      -0.56162902880794030     
  0.76666211722982480       0.32699398272504931      -0.55254333157345425     
  0.76402910740336383       0.33330880223484061      -0.55241720229659275     
  0.76506939482240222       0.33180300151488207      -0.55188367369564251     
  0.75857598816345984       0.34251253058597919      -0.55429923017573990     
  0.75595708170297604       0.36182138945727338      -0.54554025768437031     
  0.76525868616668813       0.36627277004065006      -0.52936131439044820     
  0.77889419038405017       0.36253719954994507      -0.51175249792107369     
  0.77044973362192948       0.38361358513645738      -0.50916384912977797     
  0.77105250930842950       0.39134034778130178      -0.50232535282183832     
  0.77785617063221490       0.39015129677124061      -0.49266798499304304     
  0.78119527462888927       0.40758116587391718      -0.47287581469382861     
  0.78543094495270027       0.43076517155924204      -0.44445426950614964     
  0.79220703898209155       0.43841063463031804      -0.42450456161302941     
  0.78167858965130310       0.45438778740963659      -0.42721226706840476     
  0.79423875669016974       0.44858850857786509      -0.40982087226389569     
  0.79749546730130627       0.44614627677189428      -0.40614588432784599     
  0.80554351044736494       0.43438025843624545      -0.40300551343250390     
  0.80089374866896956       0.44740944438787605      -0.39798742745908045     
  0.80644424993621400       0.46361069669859328      -0.36703241498737071     
  0.81340514089493565       0.46630920942718801      -0.34774674400931527     
  0.81766651111135569       0.46223034570897054      -0.34316844859740336     
  0.81647209206354376       0.47882679259155164      -0.32264256628328963     
  0.80959103534859089       0.49093531634113297      -0.32178388811783226     
  0.79966607903420484       0.51626106099720392      -0.30660834779911278     
  0.80485484956668951       0.51778882969659468      -0.29000586023460334     
  0.81012767554208542       0.51497253826520739      -0.28017215092415299     
  0.81063180158555859       0.52000192060901440      -0.26921011277641022     
  0.81314212196979851       0.52163071930884175      -0.25826591364675672     
  0.80728496477061862       0.53487280828906791      -0.24940341739492500     
  0.80871020826943230       0.54061180381942198      -0.23179015641722725     
  0.80587029004250532       0.55243215081173291      -0.21305350120646008     
  0.80316397122249883       0.56306945463189451      -0.19462894078385443     
  0.80272027289911274       0.56689623246361165      -0.18511840831029236     
  0.80727485716878389       0.56802757606153353      -0.16016234831189630     
  0.78575570171951692       0.59953916743849622      -0.15212088588496137     
  0.79222737379722863       0.59462452506948882      -0.13710383799234233     
  0.78878778946651873       0.60075453553782932      -0.13003003968025917     
  0.78990984310916890       0.60339680267527718      -0.10933772578803842     
  0.79678913960113262       0.59547142226579575      -0.10266865285197267     
  0.79292204463578475       0.60217368009638716       -9.3067127009382328E-002
  0.78969237123545322       0.60944985290603082       -7.0404798169907246E-002
  0.79406603505096185       0.60493042060368118       -5.9315412893264072E-002
  0.79574482328506180       0.60499713953599588       -2.7724310059728037E-002
  0.78637690133920068       0.61745913140968978       -1.8857096249103183E-002
  0.78194391420057097       0.62334716307223759       -1.4245471152188631E-003
  0.77718031387530928       0.62927724518988992        9.5310592180164336E-004
  0.76823099705307230       0.63960423704433478        2.6973229724599177E-002
  0.76434720184683680       0.64322553332565879        4.5102863621191286E-002
  0.76172906545802299       0.64589772153990888        5.0842542678367589E-002
  0.76385893342412603       0.64298304698688136        5.5608732368410498E-002
  0.76088529036953589       0.64477773774613401        7.2905718611391543E-002
  0.75955723441233292       0.64506017608979238        8.3487585154294885E-002
  0.75536854284328558       0.64985303286005214        8.4317259000775760E-002
  0.74866823769314228       0.65835896738846866        7.7841762111563198E-002
  0.74836282531871889       0.65752768696161867        8.7237735870938776E-002
  0.74571504708205383       0.65815469486271982       0.10364104488845305     
  0.74589691280680681       0.65599306163898474       0.11537286746365344     
  0.73890159068426176       0.66072187159571760       0.13217809076893200     
  0.73424671245186213       0.66187508767421444       0.15100706463567345     
  0.73967755371380073       0.65304775500549916       0.16249844988259521     
  0.73238135267941940       0.66143945779238966       0.16160259256203988     
  0.72268440690864699       0.66886753367744767       0.17419377257337454     
  0.71362102115384618       0.67198163910106268       0.19795382006516299     
  0.69690545601406595       0.68459729998603225       0.21365702008045845     
  0.68760150453804170       0.68918637372272396       0.22853077086454282     
  0.69272011626257946       0.68301031023178860       0.23159394776684766     
  0.68798875868929077       0.68742937141796900       0.23262056493153124     
  0.68671843016662504       0.68276821856299341       0.24949019497728311     
  0.68290049906642847       0.68233197722501071       0.26090224458795069     
  0.68097798445583602       0.68294300955857912       0.26430631922361730     
  0.68384711742738058       0.67321648499081432       0.28130532224413229     
  0.68522988741069568       0.67889408816199759       0.26374764161564446     
  0.68586062075841292       0.67893182653995354       0.26200531254920401     
  0.68106021942138606       0.67579158843076248       0.28189130268229684     
  0.67189572424283373       0.68470108348517966       0.28238371415224955     
  0.67531882881562910       0.67445478601778885       0.29842121416679596     
  0.67160280753479507       0.67305043109278972       0.30976246725061785     
  0.66757233226468449       0.67281722494708951       0.31884818175612439     
  0.66150805937807711       0.67711179544634126       0.32237664903848601     
  0.65635591397430137       0.67648458503660980       0.33401425178995542     
  0.65192237692559363       0.68141629444828278       0.33266957799602948     
  0.64456081749654770       0.68711253728577859       0.33528750894252068     
  0.64808645127866638       0.67700822023740326       0.34877474306493017     
  0.64264527835671970       0.68085839759613420       0.35133870926591415     
  0.63496147201417308       0.68544143779646927       0.35636212538526418     
  0.61935383092968788       0.69176509617586757       0.37129756776137329     
  0.60807070918358230       0.69507407999146975       0.38356490449073710     
  0.60399659162353880       0.69417782921655258       0.39154215447553520     
  0.59869389887448043       0.69156530798181393       0.40410770871946006     
  0.60178557703489599       0.68951021907543530       0.40302577716980054     
  0.59146886242254282       0.68626144928230148       0.42333179423891298     
  0.58626646919004943       0.69047887343654768       0.42371045826274889     
  0.57135600738569636       0.68905672671061835       0.44581738436171880     
  0.57734692671496401       0.67644772525833641       0.45726250798158474     
  0.57178119279404283       0.67923340627062356       0.46011764514418158     
  0.57335340531860590       0.67806154879554514       0.45988956136723164     
  0.54954817491068697       0.69647840578229314       0.46142673712225224     
  0.53501335289202023       0.70790427253967569       0.46112064923109952     
  0.51433551298829938       0.71051241547937938       0.48024065584737874     
  0.49402426955779782       0.71784441646003305       0.49055011450925057     
  0.49116920014295745       0.71768974060347457       0.49363372358809243     
  0.48761227556932552       0.72083538953063619       0.49257548651381367     
  0.48274259460193736       0.71567164129843541       0.50475111609405454     
  0.47065967358218053       0.71853601346499230       0.51204049548580799     
  0.46485752024968041       0.72378013087584425       0.50995078979904040     
  0.46283326825272397       0.71693317094623898       0.52133692962946077     
  0.45610477060351667       0.71535373627732690       0.52937460292951544     
  0.45584799193725994       0.70717671757909295       0.54046618614010311     
  0.43839152965269146       0.71237694030690657       0.54802551185847603     
  0.44170209365029350       0.69936673583012632       0.56194788840181786     
  0.44408951631414140       0.68890560347734875       0.57288181241629754     
  0.42573776565267824       0.69683714467153202       0.57720477189909958     
  0.41514976931973846       0.70355892455457669       0.57676295712656134     
  0.41534457461524205       0.69705167225406317       0.58447228381292715     
  0.41538839052523002       0.69031753805382345       0.59238009898389343     
  0.42349271180789211       0.68221161476724246       0.59602117053194525     
  0.41906343409186775       0.66992419949070781       0.61285186231573574     
  0.40325385314874829       0.67237404538286127       0.62072495762307944     
  0.39896248733240108       0.67033820249264109       0.62568013232040387     
  0.39569519016971882       0.67950380759796403       0.61781865619000087     
  0.39111659375804059       0.66743840867066251       0.63368271297099665     
  0.38764642757942513       0.66339012554429067       0.64003420886327622     
  0.39034538964166138       0.67012539667000781       0.63131800982022057     
  0.38585731393381684       0.66490657442688483       0.63954153936056901     
  0.38313257649716775       0.65769839910978067       0.64856938305402112     
  0.38377343711906592       0.65812805914949368       0.64775412520642361     
  0.39349510377967017       0.64998370318770793       0.65014059163524029     
  0.40100047955618018       0.64954792970230002       0.64597685903998847     
  0.40290936772072306       0.64080351555082227       0.65347907071351141     
  0.40247686987623382       0.63165632074951195       0.66258785204063231     
  0.39305296614358193       0.63054361116291824       0.66927133527991389     
  0.39527850190401659       0.61518167131119972       0.68213372385132487     
  0.39518250472298300       0.61566060500770581       0.68175714693900780     
  0.39793313575665429       0.61713055575793552       0.67882184453417360     
  0.38575876345906213       0.62362296039966070       0.67991512681870692     
  0.38262494515841777       0.61559533291801760       0.68894160669252158     
  0.39563987384271637       0.60322836732464857       0.69252048856373971     
  0.37678196042586887       0.60230114075297514       0.70375328783978264     
  0.37503401975356637       0.59673090642862359       0.70940940883269599     
  0.37701596460399595       0.60077023210124902       0.70493552233855405     
  0.38798981036580005       0.59357814931275066       0.70507367537780075     
  0.38226063464124471       0.59365755633814521       0.70812958772126933     
  0.38506354688746453       0.59331980249828209       0.70689297409285745     
  0.36586898880437368       0.59659382163370234       0.71429384361042847     
  0.36280491350237565       0.60388561530192808       0.70971456119340348     
  0.33991018585496852       0.61711612915609293       0.70966805528179222     
  0.32915640258758733       0.62163787573428864       0.71078999295724421     
  0.34556916477038191       0.61540373695816220       0.70842091506238702     
  0.35119236083977312       0.61126026511665199       0.70924242257306258     
  0.36695047724396607       0.59595948984788083       0.71426860053531638     
  0.36349458436043214       0.60149736719805647       0.71138780169078175     
  0.34760048466040239       0.60853810344619619       0.71334092811078786     
  0.33071236670603349       0.61787176762787277       0.71334690668433043     
  0.32887319245501501       0.62430703994971626       0.70857825478465819     
  0.33350444212414215       0.62148102754376633       0.70889782020162107     
  0.31894856850285225       0.63249401471078437       0.70584922753022528     
  0.31599510577551027       0.63595775071704796       0.70406308838685594     
  0.32442184771162857       0.63703990942574729       0.69923573887939150     
  0.31288129081740007       0.63400412994829602       0.70720864040602738     
  0.31110640491207903       0.61883844003690835       0.72128481888597062     
  0.32049331733971087       0.61224885018668485       0.72279691406761681     
  0.32413198835384249       0.61997091150086270       0.71454497620413948     
  0.31045314274811436       0.62625716406187137       0.71513691739344698     
  0.30292863168977463       0.62476586101231546       0.71965398839727202     
  0.30759728863147590       0.63127033449556136       0.71195622956220428     
  0.29858888400864281       0.62599579009536488       0.72039846552401354     
  0.30233609070753142       0.62902299598835787       0.71618639946142382     
  0.29163229499639631       0.62008336743487147       0.72831807745363908     
  0.28396947756227997       0.63911921001742422       0.71476427666728670     
  0.27562447531234668       0.64193943354054961       0.71550325804599524     
  0.28553150009784473       0.63863369294491312       0.71457593626389315     
  0.26719463629678802       0.63935438860602323       0.72099444665298662     
  0.27476729687392015       0.64494939185850109       0.71312215959816350     
  0.28104024464094185       0.64326011129036886       0.71220278721362906     
  0.27769304241993237       0.65108895307319348       0.70637790833067227     
  0.28044847912991283       0.64780528094774925       0.70830570273712068     
  0.26610398998132478       0.64547263391626619       0.71592858958224093     
  0.26610399005099644       0.64547263375496911       0.71592858970203954     
