  0.83796743456413247      -0.16850709885223661      -0.51905292239463297     
  0.83340485391014585      -0.16712796910486172      -0.52678704560941192     
  0.83574150343280595      -0.17777445642124967      -0.51955017282645799     
  0.82595425694263103      -0.18926616145246161      -0.53101589954293926     
  0.82379028955468514      -0.19485017389072307      -0.53235605431906552     
  0.82193228576047328      -0.19975800878516636      -0.53340796352393305     
  0.82582361866152465      -0.19551834669078386      -0.52894983407511120     
  0.82955680301458234      -0.20052493462275114      -0.52117680413346046     
  0.83412840014908540      -0.18892405962466943      -0.51820605145025334     
  0.83209744792592044      -0.18528379372830231      -0.52276548560211833     
  0.83580254224830830      -0.18880947615071450      -0.51554349194511040     
  0.82997411818761313      -0.19123007990227020      -0.52399811037757171     
  0.83275327356766182      -0.17734811501062711      -0.52447081087942427     
  0.83661768865367980      -0.16902151577447941      -0.52105908516892019     
  0.84633903021299906      -0.16465420874681624      -0.50655625302633533     
  0.85184013255335356      -0.16650123180766688      -0.49663440112220930     
  0.85525729072691870      -0.16709616197398305      -0.49052404560022883     
  0.85891028069341802      -0.16468890690331789      -0.48492338947729069     
  0.85802522949397331      -0.16002678627221306      -0.48804111837754283     
  0.85900822407598620      -0.16424020842052953      -0.48490207764846927     
  0.86031398679577664      -0.17405998502793144      -0.47912729596176551     
  0.86751232923350119      -0.16298049627705882      -0.46995714321749638     
  0.86456178475138168      -0.16372028796236646      -0.47510902712643421     
  0.87218618718043250      -0.15772544131519614      -0.46304852883211584     
  0.87055177113998050      -0.15735149584700447      -0.46624041064643185     
  0.87016824075127319      -0.14830816043095357      -0.46990629101707282     
  0.87073454103858861      -0.14280677399544386      -0.47056092521939591     
  0.87263404236711806      -0.14196897909961273      -0.46728432145262261     
  0.86710671288323660      -0.14230446698732019      -0.47736295116848360     
  0.86869343602679971      -0.14136287981155041      -0.47475072450217393     
  0.86753886273308356      -0.13124161223879147      -0.47974155632460302     
  0.86696739411409252      -0.14918569993672576      -0.47551147670420096     
  0.86493346027830287      -0.15306019063965701      -0.47797770589469402     
  0.86353716234909428      -0.15987772335146663      -0.47827051217697664     
  0.86190667690494982      -0.14620261012894101      -0.48553236462480365     
  0.86189044527428349      -0.14821739155777347      -0.48494996152666014     
  0.87573104803321755      -0.14763451413901538      -0.45967290734345057     
  0.87327665371745056      -0.14637722715836232      -0.46471668082981654     
  0.87564209952853811      -0.13759040219548629      -0.46294685953890924     
  0.87164152126600292      -0.13305766885951040      -0.47173797299217113     
  0.87127135978101433      -0.12093622650148651      -0.47566863123914799     
  0.86906291056379992      -0.11392097883844508      -0.48140592857054537     
  0.86702165816703669      -0.11467451949349682      -0.48489503900145092     
  0.86985857452296722      -0.10960244670264715      -0.48097127149723373     
  0.86646851278043946      -0.10310764759330120      -0.48846814570433472     
  0.87850761081306683       -9.9748793236608610E-002 -0.46719862584489519     
  0.88406407021631284      -0.10038642126083186      -0.45645732131165351     
  0.88223459396803972       -8.8979589925479802E-002 -0.46232537652906674     
  0.88474995653130306       -8.1093305950774131E-002 -0.45895684998465064     
  0.89214715234708619       -9.2314617608980340E-002 -0.44221201921102893     
  0.89445985680348050       -9.5332036680498625E-002 -0.43686767716260172     
  0.88226303577522136       -9.1050340887024628E-002 -0.46186769872881034     
  0.87737994870008662       -8.5573647749513593E-002 -0.47210335354652538     
  0.87616706187727889       -7.3106963508859646E-002 -0.47643116141563513     
  0.87502380913834465       -4.5396069889604845E-002 -0.48194660521638744     
  0.87611091088963788       -3.1639144678639597E-002 -0.48107030291230274     
  0.88163799725088743       -1.6650851880017411E-002 -0.47163247442804185     
  0.88288136063159262        4.9805524377419721E-003 -0.46956969359907047     
  0.88820686096848556        9.0954743801016525E-003 -0.45935372478549857     
  0.89367306488345932        2.1854356751180786E-002 -0.44818616689139124     
  0.89930022766565743        2.6093595429994104E-002 -0.43655265982242436     
  0.90471892365460915        4.4792868757316362E-002 -0.42364757533796410     
  0.90711928752413618        4.5929643757348981E-002 -0.41835997182573309     
  0.90767246444887351        6.9319954142286366E-002 -0.41391477533306376     
  0.90196234395637154        9.0260182391697405E-002 -0.42227601111044422     
  0.90659579875693019        8.8150125814174682E-002 -0.41269069894441673     
  0.90703595438135309       0.11177440812364961      -0.40594612838173100     
  0.90394898336228657       0.12054262561148794      -0.41029953800726726     
  0.90516550010809815       0.13067538334484152      -0.40447417915329920     
  0.90348168233744930       0.14520893087336337      -0.40328056744071888     
  0.90366969131563546       0.14662020701212902      -0.40234761574194267     
  0.90439983213101682       0.15951491007280461      -0.39574731471717450     
  0.90619095460915622       0.17334491450438899      -0.38570648737091962     
  0.90891133442689598       0.18758582784478944      -0.37241340381638294     
  0.90621800886886061       0.20866020752547235      -0.36773609857774991     
  0.90158523383984568       0.22333388686526623      -0.37049431992893633     
  0.90523502767898723       0.22186385317913893      -0.36238925938213190     
  0.90172104680964027       0.23447864572161412      -0.36320644052808981     
  0.90161557858195907       0.24115943555226754      -0.35907029270385560     
  0.90063139066552111       0.25657881418299566      -0.35075691049548369     
  0.89849336459974249       0.25971315724290467      -0.35391912879237902     
  0.89933388367433131       0.26629647356608477      -0.34682092474577120     
  0.89744666254714689       0.27274796764506298      -0.34669588118187278     
  0.89652438131176060       0.29871321810627421      -0.32713062687886374     
  0.89286090927410156       0.30139092906148007      -0.33460858412432198     
  0.89215835002308086       0.29991484918970063      -0.33779366737642236     
  0.89098781154822715       0.31731746825059315      -0.32473118731580936     
  0.88909006577463512       0.32810471931633706      -0.31916476638752422     
  0.88568497004612512       0.34665323320618274      -0.30885865657626510     
  0.88094538746903950       0.36965408504251868      -0.29545064174647345     
  0.88522404060222826       0.37467948787782152      -0.27566951101541681     
  0.88352541644840732       0.39684700365024150      -0.24878764877600792     
  0.87857543068302968       0.41251270144749658      -0.24070414151945541     
  0.87207701076906174       0.42836416270246647      -0.23661325279940063     
  0.86802119655433130       0.44144276828291357      -0.22730482762824197     
  0.87108925647181512       0.44794084685810431      -0.20137652538323469     
  0.86964732310820514       0.45592061875316930      -0.18934075843954110     
  0.86539688586922570       0.47515693129487940      -0.15910411864650104     
  0.85586054230436315       0.49226076282838627      -0.15868860547026525     
  0.85021086921171363       0.50811241724933554      -0.13770711423633955     
  0.84744788733275112       0.50937979926869759      -0.14954697707489628     
  0.84919269588083035       0.50222564539400394      -0.16322121912062704     
  0.84659668087963724       0.51274114477074573      -0.14272553514619171     
  0.85134645456315239       0.50552150528972528      -0.14020421531594721     
  0.84437082030888533       0.51996862392005083      -0.12911447614264307     
  0.83681158337307193       0.53474314255161126      -0.11745699394535755     
  0.83914409381074295       0.53108015053472124      -0.11743535894510289     
  0.83693082698644394       0.53659170124288247      -0.10777818423529052     
  0.83305597864435310       0.54310883638548180      -0.10512149297316425     
  0.82116015067364145       0.56278208290504461       -9.4722405515817967E-002
  0.81448505289600548       0.57212700416900897       -9.6357613656553709E-002
  0.80276199040984464       0.59218559944276639       -6.9924263069668938E-002
  0.79904087057484430       0.59857318740847598       -5.6954600048221227E-002
  0.78977946329299331       0.61117254758430850       -5.2120211434118498E-002
  0.78586657442359875       0.61690524766134824       -4.2914363698056505E-002
  0.78526690781315778       0.61845453832827524       -2.9493516486189926E-002
  0.78480796765241922       0.61948900047692357       -1.7602050942501987E-002
  0.76963940586355239       0.63841489991588563       -9.0332999168536588E-003
  0.76738052551517200       0.64079921349846913       -2.2438739710641437E-002
  0.76014654586334540       0.64965129983479120       -1.1420045314759680E-002
  0.76104032828953361       0.64867680892715784       -6.0013562665946225E-003
  0.74138096280728361       0.67097373458805931        1.2186692738265798E-002
  0.73839913118657940       0.67422149486743410        1.3859975527636650E-002
  0.73083057538812113       0.68229219689459020        1.9079521341534615E-002
  0.72834125965195995       0.68433014067014852        3.4803276555098114E-002
  0.72596388981779369       0.68671251589684235        3.7447979801928565E-002
  0.71283030295139094       0.70015353870040742        4.0718318230559603E-002
  0.69743628285784942       0.71427159484799396        5.8298543264209211E-002
  0.68774067575155340       0.72141218394209616        8.1100084936395228E-002
  0.68836148695325128       0.72182826527118704        7.1571074709679008E-002
  0.66818121558154164       0.74055347756049128        7.1515103419043019E-002
  0.66192886285753683       0.74534442813279733        7.9447240150436374E-002
  0.65323789940470656       0.75163736202430054        9.1222380973506170E-002
  0.65342921743832505       0.75283304176376620        7.9200183248848574E-002
  0.65272410203144215       0.75092144907592884       0.10034053988769537     
  0.63744824692590574       0.76284547572109285       0.10828902374178437     
  0.62252023904179010       0.77282565152927751       0.12332503525926800     
  0.60657625420271621       0.78543279014963718       0.12312830704251758     
  0.59895508265811082       0.78964872818447496       0.13307026352516482     
  0.58108723877180823       0.79861372090922189       0.15669634875160013     
  0.58089581199548812       0.79674998768606442       0.16658184993677838     
  0.56320166425946461       0.81038004213676973       0.16151802587258191     
  0.55515092157123935       0.81199082601422001       0.18021751509591619     
  0.54783589682345912       0.81662900610161759       0.18163946857751068     
  0.53955717047690743       0.81974157382836399       0.19209844331579137     
  0.52391033308628154       0.82468944631568786       0.21308514734946840     
  0.51615389894943220       0.82836645434082701       0.21770202094171273     
  0.51922225299941349       0.82524443056720731       0.22221584508765110     
  0.51509999231669679       0.82484663635939859       0.23302365631395713     
  0.50500338725233906       0.83096100712598198       0.23339962189308830     
  0.51129446357877562       0.82780118919623269       0.23091808651336596     
  0.50321542443191847       0.83291357655755394       0.23028072129448202     
  0.49914788910901536       0.83117008266427250       0.24496464741239463     
  0.50388114012713747       0.83140732504738812       0.23423419153001851     
  0.51221520918986285       0.82408355925289400       0.24191293236134859     
  0.50038311923437206       0.82801766160784818       0.25298910263240865     
  0.48594669771547150       0.82959473711632314       0.27500614380105592     
  0.49490348909432741       0.82002771395556784       0.28744579458928388     
  0.48305357437922636       0.82050375523833752       0.30566784573984551     
  0.47501982529623543       0.82376627640456512       0.30945967012535025     
  0.47024121616739717       0.82613147872588544       0.31045124975684690     
  0.46985290814940223       0.82615221102428860       0.31098355088851276     
  0.46002820047600307       0.82556845920834498       0.32681917619253614     
  0.44731168529784848       0.82500738476435742       0.34536223198299049     
  0.43907247709199160       0.82715673377498256       0.35075218834813315     
  0.43751444259574807       0.82829999642054652       0.35000032635678163     
  0.43849185384312672       0.82553452141216610       0.35527123169489039     
  0.43661402445439251       0.82055485477045897       0.36886030412931375     
  0.42834497104727021       0.82347838341206381       0.37202679719553522     
  0.42229635938721083       0.82312004820145035       0.37965664895685713     
  0.40503432999126204       0.82806025232801095       0.38763824636250721     
  0.39949669806207094       0.82867329845740711       0.39204968136860263     
  0.40339682470728194       0.83371651732436625       0.37707793697936204     
  0.40083370383752637       0.83435677823294341       0.37839279655489322     
  0.39996721974102750       0.83991698635409384       0.36683194948980269     
  0.39399068440286883       0.83468038757422758       0.38481163080486191     
  0.37302367237277351       0.83982333195434478       0.39439841652145652     
  0.35949422234795614       0.84140838737520551       0.40347965221692977     
  0.36160876377112827       0.84086636151016125       0.40271933656652004     
  0.35924141179618674       0.84146148019033018       0.40359408494994292     
  0.35504003717225446       0.84280209766488534       0.40451353027604858     
  0.35430228466561986       0.85000003684515957       0.38983307766780029     
  0.35686241431815113       0.84653903365167615       0.39499478699231771     
  0.36083934274145213       0.84032096129119560       0.40454375627929012     
  0.35048913670973103       0.84185224220585830       0.41041706511966108     
  0.35110462403948139       0.84507305201556637       0.40320848172525875     
  0.34155516860542723       0.84892744587720348       0.40331409402018709     
  0.32928919655801225       0.85272010641043505       0.40550837864778283     
  0.31874502582403103       0.85920409469799419       0.40021235883795242     
  0.31711839552736371       0.85921370870003666       0.40148191241957448     
  0.31241008227232731       0.86529055616625083       0.39201045126896578     
  0.30839406300583794       0.87032927518933922       0.38395319330766192     
  0.30351198929099060       0.87589296989644794       0.37508929289251230     
  0.29188429786084269       0.88076676414456556       0.37289873134752477     
  0.28278260118844067       0.88760057561185413       0.36359210475284448     
  0.27219439884904095       0.89136966650921334       0.36245044745794242     
  0.27053590632893904       0.89546484152148154       0.35348697428008008     
  0.27728331091026659       0.88763172020148717       0.36772801740251987     
  0.26517278834797331       0.89246280702265590       0.36495688841423785     
  0.26069080358197166       0.89456806862920268       0.36302654932773692     
  0.25623583558626056       0.88447258631733994       0.38993773940787801     
  0.25762845179904043       0.88924703247527292       0.37797790419222810     
  0.23795492200221163       0.89003955293118875       0.38885350623720766     
  0.22922893660646812       0.89091443834635675       0.39207851020970741     
  0.22112758160292467       0.89271900035689633       0.39262625874516566     
  0.20524811077733929       0.88936541618641773       0.40853686432669650     
  0.20854104172451743       0.88630429818714129       0.41349162619266178     
  0.21270273304023329       0.88373105109878769       0.41686565783360652     
  0.19329708310086974       0.88947561875788606       0.41408859112509949     
  0.18878824903360100       0.88744651834948296       0.42047315502444005     
  0.18064315804123088       0.88491704568992946       0.42928996226361582     
  0.18581260091437854       0.88100228039115047       0.43509614947391301     
  0.18016769632716861       0.87733446929030745       0.44477390907657322     
  0.18463411249425424       0.88372539016063689       0.43004613623295013     
  0.17779828746729337       0.87669453136315700       0.44698374428118925     
  0.18313808569726561       0.87471741930485458       0.44869798075297301     
  0.17903787061782248       0.87373855158202596       0.45224593349634146     
  0.17075022082436922       0.86884648112191887       0.46470437304859580     
  0.16961368250721159       0.86979258944493876       0.46334873481321931     
  0.16163523888133530       0.86727272941878053       0.47086310362808459     
  0.14760888414680928       0.87141893915640267       0.46780407202210567     
  0.14359772166470489       0.87275986186332022       0.46655108814900831     
  0.13779764068425837       0.87331630547555783       0.46725843043478049     
  0.14486905959928834       0.87887072122878851       0.45453185910077465     
  0.14849272730022989       0.87286035199026080       0.46482761951327445     
  0.15883714465603910       0.87372380514332570       0.45975806007440795     
  0.15478385768697409       0.87034037855783342       0.46749286930534578     
  0.13907998381875208       0.87658439950373535       0.46071308712435205     
  0.14289172820623022       0.87894781514360543       0.45500845295941333     
  0.15947753081428412       0.87591566738946824       0.45534455172653715     
  0.15659123074605466       0.86996245514888559       0.46759438949238796     
  0.15066718399399359       0.86617543481288906       0.47648663758181309     
  0.14818945850816989       0.86166388886858647       0.48536092447468360     
  0.13857772239652524       0.86803861161600748       0.47676533388989806     
  0.13070836176562189       0.86041894979162070       0.49253888679375540     
  0.13008916272670282       0.85675739809904428       0.49904265403231990     
  0.12056962797789406       0.86345215327923197       0.48980949746480984     
  0.11270063449616473       0.86618760526248850       0.48684453316618181     
  0.11872380333923119       0.86543207784626475       0.48675658922644699     
  0.11739287281985354       0.86397927857885637       0.48965163085346697     
  0.11267367975334190       0.86665515286828299       0.48601799133128182     
  0.11226939787209310       0.86924859098192275       0.48145868917008816     
  0.12188207592361071       0.86155457753704390       0.49281687216806697     
  0.13167650980303511       0.86158628166384943       0.49023502120386381     
  0.12063412212788481       0.86056104183429138       0.49485563738883825     
  0.13608145354062345       0.85606634710583041       0.49863037147284850     
  0.12160679936926266       0.85752188002936625       0.49986799419253186     
  0.12321375633012996       0.85483707900788664       0.50405549159222907     
  0.12269939046985774       0.85460838902434977       0.50456848988767722     
  0.11506992239794438       0.85507349830870460       0.50557712116891207     
  0.11491024350361141       0.85518264081610962       0.50542881475543300     
