  0.70370914145501540       -6.1578746072033834E-002 -0.70781459596764551     
  0.69829587347657740       -6.0958883194287113E-002 -0.71320886677416528     
  0.69935280668005628       -5.2063210767836793E-002 -0.71287802173532577     
  0.71418212720190855       -4.8977671070139457E-002 -0.69824428169652941     
  0.70084888986648741       -6.0420778681713271E-002 -0.71074620159126256     
  0.70953812401375793       -5.6527021054558799E-002 -0.70239614638872738     
  0.70772039342198223       -5.6540178032560194E-002 -0.70422656368719938     
  0.70270575507302468       -7.5304655062650216E-002 -0.70748415580360913     
  0.70726099180968893       -7.9671545044571579E-002 -0.70244881263661141     
  0.72470027899547418       -7.8442668787265954E-002 -0.68458473057570679     
  0.72173487417251703       -7.9959222107000141E-002 -0.68753566758621643     
  0.72090667121783447       -7.3838068060507842E-002 -0.68908744807804545     
  0.71781757166794757       -6.6913346059878975E-002 -0.69300832457034867     
  0.71717995784951216       -5.7654773390356295E-002 -0.69449898139902166     
  0.72591606207301218       -6.5882872924731009E-002 -0.68462056489678613     
  0.72540817766358612       -6.6469090786606483E-002 -0.68510206228619464     
  0.71615213773921038       -6.8670221179689614E-002 -0.69455778473406471     
  0.73188954739401357       -7.0350552233872030E-002 -0.67778203739533782     
  0.73326419129819198       -5.3097122900269141E-002 -0.67786748063284641     
  0.72993760122789975       -4.6238018236358550E-002 -0.68194805079509813     
  0.73143694972912787       -3.9899955795876560E-002 -0.68074075983331284     
  0.72846965750431303       -2.1579137018785211E-002 -0.68473812435198411     
  0.72855981727476304       -9.5057289618693704E-003 -0.68491622390586349     
  0.73175726556634857       -3.2614282613337847E-003 -0.68155753049655043     
  0.73372203440517902       -7.0084065855863555E-003 -0.67941361368863951     
  0.72849094432179307        7.3792371204621284E-003 -0.68501568660919154     
  0.73485387082213527        1.7036044087878777E-002 -0.67801147611199009     
  0.73317494631761260        1.6173719528350491E-002 -0.67984771007100020     
  0.73117769271791755        2.6670699978031565E-002 -0.68166550113261737     
  0.74476985118542172        2.6910762887299856E-002 -0.66677858364382703     
  0.74829511951047134        3.1371165684072166E-002 -0.66262377264963224     
  0.75238352220776128        2.8707452718363700E-002 -0.65809947399209034     
  0.75344438557530680        1.9515682619283201E-002 -0.65722195335894829     
  0.75342751983685441        2.3252276199576531E-002 -0.65711970294918454     
  0.75112398912874301        3.4152591922532317E-002 -0.65927714462151332     
  0.76016628802687902        3.7791087439370881E-002 -0.64862859037941378     
  0.76687368148148205        3.7261127404162889E-002 -0.64071551021932349     
  0.76354967932314055        2.7314684216822833E-002 -0.64517113639069734     
  0.76611282189917929        3.1611325364612725E-002 -0.64192824227507606     
  0.76870094981986137        1.1597451584050462E-002 -0.63950320473223365     
  0.77196939084544336        1.9603641006048333E-002 -0.63535734579606440     
  0.77821594980851017        3.0168565952514999E-002 -0.62727170595524773     
  0.78504674105374184        3.7909056963760360E-002 -0.61827543842612509     
  0.78542256097885466        3.8704623241833269E-002 -0.61774861622275179     
  0.78975115936950346        3.6605580102077886E-002 -0.61233417165785775     
  0.79456604091550731        4.7942270218910683E-002 -0.60528203785517398     
  0.80625830480306482        5.0957074674845282E-002 -0.58936484665839151     
  0.80973804505432923        4.8871971065223889E-002 -0.58475279292688442     
  0.81528117802832933        5.8980505152182533E-002 -0.57605373079664324     
  0.82233482404943137        5.9096741156243263E-002 -0.56592668459819151     
  0.83267362959576652        5.5763212652700782E-002 -0.55094926326337923     
  0.83497155914796728        6.2072116140848961E-002 -0.54678107850565683     
  0.84438778213485044        7.2500162377223787E-002 -0.53080410683854362     
  0.84846405671793645        8.4675781743872192E-002 -0.52243540887252815     
  0.85371101407724459        9.2784476079918174E-002 -0.51241442743328114     
  0.86164081241322721        9.1503684270748939E-002 -0.49920154862415300     
  0.86063694029249915       0.10967610912566016      -0.49726774286195280     
  0.87199478990192192       0.11612215395299280      -0.47554256565024794     
  0.87939919220454998       0.11493103123532941      -0.46200424111599719     
  0.87725465379942735       0.11088972877645573      -0.46704147614438984     
  0.87829418206412979       0.10912171690029032      -0.46550164409272848     
  0.87900377229058735       0.10804328934478059      -0.46441254927755421     
  0.88004536108123677       0.11785733657689160      -0.46003240174404753     
  0.88247115043360191       0.13549907980820453      -0.45042720613160658     
  0.88686692160157032       0.15011089948885134      -0.43695970205912765     
  0.88664672160714364       0.15693351798013394      -0.43500512870273467     
  0.87998468566813648       0.17180645613530579      -0.44284251672550368     
  0.87997471391436177       0.17951048865314126      -0.43979596102607282     
  0.88348097095965661       0.17804232323497854      -0.43331547986343039     
  0.88909559612816025       0.17871452531369117      -0.42139072057582422     
  0.89414578316890814       0.18855511562879662      -0.40614072291691050     
  0.89168674172857754       0.19479011402071306      -0.40859707060289824     
  0.89847059280209129       0.19043686448426389      -0.39558108462774133     
  0.89591794868497132       0.18942775833834827      -0.40180611443209979     
  0.89033112311592033       0.21534164883170187      -0.40117136673694381     
  0.89306786903580393       0.21964965432284925      -0.39266246402183785     
  0.89699936168932992       0.22050021756137028      -0.38310807768085869     
  0.89979537524987629       0.22841578605884735      -0.37174522371921986     
  0.89934963256011713       0.24232223632592495      -0.36393704427549550     
  0.90234201235284583       0.25396123375665647      -0.34825649239003759     
  0.90211578453866548       0.26642156738713235      -0.33942106551770129     
  0.90599731811580331       0.27332401137733392      -0.32320712302109783     
  0.90757225177739898       0.28420832174581040      -0.30909260368719849     
  0.90402127226560380       0.29319453920672794      -0.31109886124933583     
  0.90161566937683923       0.30749635059242453      -0.30419595511198910     
  0.90089492987354236       0.31520665375816759      -0.29838413288029120     
  0.89691155734065442       0.32447663594256615      -0.30044062813833622     
  0.89611294264664176       0.33744370876601476      -0.28829383870525938     
  0.89526032298096225       0.34538686502704213      -0.28145491213125950     
  0.88935921120534345       0.36867374386275287      -0.27040684908195378     
  0.89532864832485504       0.37030155276758969      -0.24751438646410076     
  0.90203651319019063       0.35485324054062162      -0.24578304772604420     
  0.89812292032160979       0.37184262282826208      -0.23475153639791632     
  0.89650831134630204       0.37849363420608850      -0.23025076884229784     
  0.89374567337763666       0.39338854503426057      -0.21555538488885476     
  0.89264524640198140       0.39939055148832486      -0.20897763386974602     
  0.89238584128438359       0.40614286709739050      -0.19671167169508244     
  0.87961279100019762       0.43280763944657136      -0.19738005255225061     
  0.86963626323825527       0.46448357134662349      -0.16729549190008025     
  0.86271184457475358       0.47795831790248616      -0.16517905308558808     
  0.86537590260008557       0.47609660467717196      -0.15638596552745862     
  0.85742396906514429       0.49491520060860328      -0.14100738093845344     
  0.85176173687717771       0.50888364917817575      -0.12465703025130910     
  0.84644566713414893       0.51822931430963437      -0.12234422904244686     
  0.84187456872086919       0.52875652412873086      -0.10799883671759121     
  0.84463850366742854       0.52596611766098500       -9.9726832873997237E-002
  0.83838274891608999       0.53653945351739463       -9.6123780299965725E-002
  0.83285282888948964       0.54521632250152441       -9.5369424286241816E-002
  0.82802965166708464       0.55481280931251897       -8.0929862120466309E-002
  0.83153777337371004       0.55216245294948629       -6.0510800734229923E-002
  0.82443646667906767       0.56281989084937400       -5.9483467232775290E-002
  0.81824985150812291       0.57086817684591207       -6.7651350108914807E-002
  0.81030474094223626       0.58285886373896822       -6.0677605155878667E-002
  0.81065852330570720       0.58452036144412778       -3.4186337169054060E-002
  0.81739908386553484       0.57511166093295818       -3.3246280314021576E-002
  0.81635118151416608       0.57627204299450918       -3.8487412271535536E-002
  0.80950606271510261       0.58636174139994013       -2.9662141694789899E-002
  0.80346527777860755       0.59527869731796379       -9.3177209430531198E-003
  0.80116003190881668       0.59840856582138369        7.0563179816535348E-003
  0.79733335620612455       0.60308733479926979        2.3349211673858578E-002
  0.79488778368164614       0.60592243334029494        3.1802769197918399E-002
  0.78332539588977623       0.62005136664357696        4.4018483362760159E-002
  0.78878127870691672       0.61324261663492097        4.1923591261205428E-002
  0.78685069806603669       0.61516549496398132        4.9369958058623584E-002
  0.79097155478180414       0.60871154501303704        6.1921357332486299E-002
  0.78172445063130003       0.61920603397231899        7.4099735340032932E-002
  0.78054354667725456       0.62051033404893785        7.5622067407387847E-002
  0.78044680074079176       0.61994171864275316        8.1086723325906218E-002
  0.78011459509545644       0.61984508266614591        8.4931101568569783E-002
  0.76966976158674871       0.63389414449255554        7.6070176002479645E-002
  0.76864156679455209       0.63372533518219842        8.7076640632413396E-002
  0.76285930011362713       0.63896996602564193        9.8808252425274454E-002
  0.75832270800893675       0.63952312793165189       0.12632038378072119     
  0.74716817432737537       0.64940732516697142       0.14145616031751942     
  0.74570166025189744       0.64835825265840930       0.15349465823701156     
  0.74725557622960359       0.64714565630810050       0.15103510623467750     
  0.72780013418084344       0.66550423045370999       0.16556293043601500     
  0.71777367330824382       0.67578796069709302       0.16766510096754358     
  0.69705967208941810       0.69557200675105946       0.17403274683489081     
  0.68650235445816321       0.70462340953385993       0.17950032885841075     
  0.67891104697222049       0.71189757429846412       0.17967090473153013     
  0.66127581432825322       0.72770286983210231       0.18210664628900453     
  0.64360454048863747       0.74046260090288396       0.19361903864689226     
  0.64282076894399354       0.73850525945613910       0.20344886524597922     
  0.62493662020129437       0.75400913818260484       0.20229789981240273     
  0.61462872123548218       0.75666318608370997       0.22291782759143439     
  0.60865750718869160       0.76568773244410415       0.20798638255292790     
  0.61310255202407449       0.76006649133081661       0.21541631660027361     
  0.59472756230343649       0.77029018268722527       0.23011336574022340     
  0.57979913770423097       0.77781134285316300       0.24257467890608586     
  0.57692907801238180       0.77797417974851246       0.24881522177795576     
  0.56330038150886752       0.78392015355655298       0.26107828910086489     
  0.54435204158866157       0.79553427248893060       0.26609411138498157     
  0.53131554286333116       0.80206961523051989       0.27274186740544942     
  0.53306726698412665       0.79208381507964354       0.29739286938148357     
  0.51475545011337676       0.80679778996868157       0.29000715970511248     
  0.51566614863707361       0.80392135921163288       0.29630874329511231     
  0.50388487784571145       0.80782373450779876       0.30581177845904906     
  0.50506735642671285       0.80219444098938542       0.31841960416698462     
  0.50187186981434917       0.79791295216514169       0.33385557814144246     
  0.47676794070534134       0.81172998731496959       0.33732292897048460     
  0.46356255595342272       0.80911518422272388       0.36116807081766950     
  0.46055331994482485       0.80693750820800214       0.36978709730716824     
  0.47353536859675571       0.80117427728146029       0.36590167000228868     
  0.47215478835421587       0.79494859070438595       0.38095484505554655     
  0.45264162839671518       0.80451962035341051       0.38453054067105558     
  0.47140231987122000       0.79332583654165767       0.38524533727939003     
  0.47529781194713350       0.78759793143133339       0.39214982897274359     
  0.46303920751934224       0.79467604903509081       0.39253620137490397     
  0.45960211084165126       0.79664991595883727       0.39257459305548192     
  0.44417435107268088       0.80616864066383309       0.39089802846700539     
  0.44818041813591408       0.79095462353785473       0.41656343610980578     
  0.44878298468383254       0.79036865601640127       0.41702664212865131     
  0.43102312392430836       0.79647582624987978       0.42408174311340241     
  0.43123466154730633       0.79982313288548279       0.41751601499994312     
  0.40990712574057131       0.80782907301642559       0.42354260359086404     
  0.40879481166007420       0.80848881608611389       0.42335875593104078     
  0.41382359694110660       0.79977080627334984       0.43487548568251222     
  0.40201250044750658       0.80440213413879147       0.43740502520764768     
  0.39565511705928946       0.80714224813371305       0.43815342018801590     
  0.38537961097957779       0.81342972215741538       0.43567722289803235     
  0.36672275099504681       0.82625319875750924       0.42757464312750165     
  0.35534258202596219       0.82544909513217446       0.43859484805979804     
  0.34633210254673008       0.82873744031996122       0.43960019308171483     
  0.33978563263036232       0.83412034809619795       0.43449852560148317     
  0.32638523824216387       0.83737065046531223       0.43850093500117682     
  0.31712870644223085       0.83719578123816718       0.44556998039285883     
  0.31843433873610028       0.83209490925023011       0.45411191782814209     
  0.31928218952427656       0.82848549614325040       0.46007680460207490     
  0.32045247493965912       0.82927329055670673       0.45783842223463433     
  0.30617288844612217       0.83433814672544770       0.45840813616176590     
  0.30038324950116468       0.83036750154191175       0.46931835229635360     
  0.28053756101935950       0.83005090572838081       0.48198980358178151     
  0.28242479733070230       0.83545352933716965       0.47143783701648484     
  0.27188066237863334       0.83310433532775385       0.48168254263846827     
  0.26358047532505291       0.83105818661549102       0.48976282370836682     
  0.27227023092434610       0.82009401618965394       0.50330381079654796     
  0.26069781290469113       0.82161021628584330       0.50694506885997104     
  0.24725838642110312       0.82527133722227997       0.50773074587204425     
  0.25425358963722244       0.81791403888379233       0.51611213621982421     
  0.25276002009091858       0.81946305595524838       0.51438572313792352     
  0.25961441176223454       0.81440170592044725       0.51898961319010417     
  0.25270921772427923       0.81801186595961262       0.51671523920478213     
  0.23988258098579962       0.82141649686844131       0.51742756595679418     
  0.24270518633431282       0.82365574559335952       0.51252844338385317     
  0.23725316553485820       0.83120840245868277       0.50279571112507904     
  0.22838160260490822       0.82786500133051766       0.51232936980387489     
  0.23525607992241079       0.81745015327826831       0.52576594009585342     
  0.24096681861428101       0.81851539914263671       0.52150506583664435     
  0.23246416999776159       0.82736836167013716       0.51129443941287356     
  0.22633676997861008       0.82198890426670213       0.52259535763157716     
  0.21296581166387224       0.81874699370153425       0.53319688987000657     
  0.21746279273192998       0.81936814487479781       0.53042037757015137     
  0.21834177341063860       0.82769047660401451       0.51696745054492166     
  0.20621244560774782       0.82494880048683994       0.52624699890051163     
  0.21323176357844878       0.82209959590761328       0.52790573913319283     
  0.19945504174071824       0.82497051333446136       0.52881125030854270     
  0.19968877524883347       0.82231981373318530       0.53283629472985439     
  0.20629844995660251       0.81955679555491989       0.53457236030798883     
  0.21084073824337843       0.81261023842256985       0.54333303185781079     
  0.20700655105119109       0.79809013374324611       0.56586255066365498     
  0.19473235367811398       0.79495084436793806       0.57457154947811617     
  0.20329541078933525       0.79332180085737036       0.57385668614769436     
  0.19351218099563131       0.79625032957950359       0.57318273565316491     
  0.20353368003612046       0.79438232939515263       0.57230302798053179     
  0.20714783281657234       0.79284707840222035       0.57313461388094566     
  0.21309273361451650       0.77965202447174919       0.58884141126265477     
  0.20903910792407060       0.78314726858690731       0.58564751093398737     
  0.20672450581406357       0.78301636846038825       0.58664328634958063     
  0.20082968173254925       0.77806720949968466       0.59521328650877559     
  0.20118267797178321       0.77466686514934380       0.59951378476544626     
  0.19623151011948764       0.77442602665940119       0.60146281985568928     
  0.19843936532969150       0.77048636285078254       0.60578262021002327     
  0.19664154710986267       0.76161170030332537       0.61747851777314244     
  0.18658149812480876       0.75823571687991098       0.62471268772541311     
  0.19691684352095090       0.75695139247713716       0.62309577607673428     
  0.19608508743420414       0.75713796423026980       0.62313139995282107     
  0.20274206564580519       0.75986350842558925       0.61765937488297407     
  0.19463242723772173       0.75763216677529499       0.62298612996994096     
  0.19445209868939911       0.75760695731475558       0.62307309325918281     
  0.18692008440978083       0.75578247199566562       0.62757767413154597     
  0.19315477453658797       0.73940656818820016       0.64495671172092528     
  0.17865469549476917       0.73880483453926415       0.64980759940083932     
  0.18694401403231611       0.73725967839254558       0.64923039225994728     
  0.19002709097985998       0.74010620663073301       0.64508333384175942     
  0.19721598411081712       0.73603219400506892       0.64758201411040317     
  0.19243737300095437       0.73897272624879695       0.64566800085873255     
  0.19460431835717656       0.74012824788156417       0.64369195735577167     
  0.17613715998419863       0.74432900367918642       0.64416615492794282     
  0.18421341426498561       0.74241529667185535       0.64411563035877184     
  0.18421341413796091       0.74241529680006124       0.64411563024761687     
