  0.71776486507086845       -9.5116271301749988E-002 -0.68975828621586743     
  0.71020460799460727      -0.10443957610711177      -0.69620527843861768     
  0.71438926514326240      -0.10835166529490865      -0.69130882713581021     
  0.71853648915054069      -0.10267255040416409      -0.68786892730571814     
  0.72265513725504515       -9.8654050288675812E-002 -0.68413224668957917     
  0.71886798602672108      -0.10078932007693696      -0.68780108434366016     
  0.71669022010888628       -9.6473843963018446E-002 -0.69068656120651062     
  0.71506734607054268       -8.8691009938002913E-002 -0.69340651521297958     
  0.72102032410745398       -7.7170163459643906E-002 -0.68860326610871792     
  0.72054066628522884       -7.2315816695402893E-002 -0.68963147469131303     
  0.72098345071132386       -6.5664722176422996E-002 -0.68983404385539349     
  0.72676717850870154       -6.8348131896869613E-002 -0.68347494548718413     
  0.71934734690961177       -6.7713578230221963E-002 -0.69134236512553016     
  0.71755419686830113       -7.6031730657050378E-002 -0.69234034296000768     
  0.71895584697227621       -5.7403188180433225E-002 -0.69268128608408264     
  0.72827270539785560       -5.0316821327890407E-002 -0.68343769581721581     
  0.72651939551379385       -4.6859186572193748E-002 -0.68554634021053851     
  0.73602819523767482       -3.2773671917325525E-002 -0.67615706921116092     
  0.74550146091766789       -2.9772336383930842E-002 -0.66583870400860923     
  0.74105447583744322       -2.6593270658802678E-002 -0.67091807383387669     
  0.74292775974362313       -1.7014353147287886E-002 -0.66915532994163673     
  0.74289589559353675       -1.2456134153430012E-002 -0.66929106749771328     
  0.74406131454691504       -9.6673079805069211E-004 -0.66811063876148602     
  0.73744369368514706       -1.1290835279818551E-002 -0.67531423476977825     
  0.73768421374096460        4.9894754849526442E-004 -0.67514572637965897     
  0.75548667654192458        1.4514675059619109E-002 -0.65500321050781873     
  0.75646211153509957        5.5290412395949005E-003 -0.65401414626506993     
  0.76263266211003355        2.5170508699833109E-002 -0.64634191274800912     
  0.76257227749213774        2.3816758046001262E-002 -0.64646444885750076     
  0.76561658798134458        2.6531783432767693E-002 -0.64274979943651545     
  0.76441137386981395        2.7702043041746109E-002 -0.64413340878251046     
  0.77864442756657393        2.3362786225414295E-002 -0.62703033071718961     
  0.78035085448774832        2.7657474997730056E-002 -0.62473002807372013     
  0.78149743279923090        4.0985862659850991E-002 -0.62256077742678229     
  0.78526730669360711        4.6695301417390860E-002 -0.61739355832702647     
  0.78939386986560389        5.4882764372917975E-002 -0.61142881874621569     
  0.79433391571441825        5.4725573176313838E-002 -0.60501135690689589     
  0.79492297655322786        5.5157816359934018E-002 -0.60419787871372099     
  0.79931031604396918        5.8709638458859563E-002 -0.59804364139895339     
  0.80048280020467322        5.6279514566686416E-002 -0.59670755216992366     
  0.79755212090032401        4.6434428408431837E-002 -0.60146027159387461     
  0.80769755747466898        5.6727879123051418E-002 -0.58686165608229512     
  0.80737726370632290        7.2475145862680890E-002 -0.58556750873172070     
  0.80944340982541241        7.5818895459740562E-002 -0.58228245841814108     
  0.80806036700479589        8.0508787633986723E-002 -0.58357242771551521     
  0.80610414053377721        9.8191732348054450E-002 -0.58357047416125196     
  0.79377288951564751        9.1694372363900281E-002 -0.60126262310804746     
  0.79001242656441484       0.10908713926348089      -0.60330785004101739     
  0.79980653250544254       0.11077654084460563      -0.58994751339430529     
  0.80727477023983041       0.11808900674375479      -0.57824080781323450     
  0.80762782221198826       0.12180902428493436      -0.57697475022038147     
  0.80037101556598778       0.12816921863691180      -0.58564399496270170     
  0.80187891271985501       0.13737622486303730      -0.58147913305431997     
  0.81404534375885651       0.14780589727102089      -0.56167926349156994     
  0.80777034804597347       0.15185610158981855      -0.56960230795497080     
  0.82258078970605231       0.15946211719094974      -0.54583209651645415     
  0.82206007905760359       0.14678529752289413      -0.55015570782363266     
  0.81825600233746032       0.16665485905274646      -0.55016658621987147     
  0.82179488225496855       0.16550679444161195      -0.54521617042527659     
  0.82709779537027972       0.17426122775484923      -0.53436154558032667     
  0.83833118184360855       0.17974138633823605      -0.51467840792664699     
  0.84197548741788419       0.19975547371515437      -0.50117365184958640     
  0.84336360159987911       0.20915753274214813      -0.49496561698131897     
  0.84805839740406397       0.20939027565258941      -0.48677784158133441     
  0.85174003733752601       0.22563985058297556      -0.47289064975442496     
  0.85577940927763807       0.22552154074683942      -0.46559815003454275     
  0.85792607658049946       0.23217175474177540      -0.45832207389925700     
  0.86318977873036218       0.24530262618833382      -0.44128225375663432     
  0.86276553597006045       0.24948822561564565      -0.43976272604832167     
  0.86170812519448914       0.25815671286223896      -0.43682286865268549     
  0.86505067676928937       0.26172538686328867      -0.42800367812935258     
  0.86752536169864358       0.26634516124297486      -0.42007142475070891     
  0.86611071084858759       0.26931236239972339      -0.42109748041520567     
  0.87221151854962975       0.26617493181161156      -0.41036322031150985     
  0.87977589868101225       0.27649235003848471      -0.38671222953277856     
  0.88173695312947431       0.27330413183320418      -0.38450591283990565     
  0.87990817177498304       0.28651597928745726      -0.37903852423804507     
  0.88150572295389074       0.29335600437188286      -0.36998637150373853     
  0.87398633544569371       0.31322825011208949      -0.37153189470882009     
  0.86941158923173678       0.33826138637847319      -0.36014264256660738     
  0.86741105823190190       0.34786407228123722      -0.35579297811076327     
  0.86822271615958913       0.34274699914302681      -0.35876706889416904     
  0.87450949135903244       0.33769669041698214      -0.34812942249166795     
  0.87086855379342820       0.35320243411348862      -0.34181281800138719     
  0.86848912033321668       0.37533327429317720      -0.32380793855493728     
  0.87051209256109940       0.38526038434133758      -0.30624031896871651     
  0.87479851375618178       0.39253391613924665      -0.28398007854489038     
  0.86816089075798708       0.40442333365654670      -0.28764289484084876     
  0.87480120604463063       0.39414124682188262      -0.28173662782206982     
  0.86905228888646879       0.40805504693614425      -0.27971270591650027     
  0.86797557902521627       0.41365229412902743      -0.27479114574096625     
  0.87173180852797727       0.41605147618402394      -0.25881426383728673     
  0.86593865262695191       0.42325565125866937      -0.26646745310491154     
  0.86454726547922556       0.42899808809969225      -0.26176070400119683     
  0.85984213888794692       0.43381750884658521      -0.26920970489702539     
  0.85547694804061780       0.44822015398659265      -0.25934125188898355     
  0.85060381533159468       0.45192148333714560      -0.26877522624246514     
  0.83998009801781359       0.47282533990195047      -0.26621350995129667     
  0.83708009847755827       0.48363800226106385      -0.25571701449400541     
  0.84320172644445868       0.47868050624491110      -0.24469536461118058     
  0.84048305845207627       0.48764301190897102      -0.23620440595253758     
  0.84880089339767884       0.48197242463437390      -0.21734678571206198     
  0.84498042162960307       0.49057256115497094      -0.21294752711527370     
  0.83850610956481642       0.50370038777191706      -0.20783027590054468     
  0.84114553764362276       0.49971624124097519      -0.20677974451626546     
  0.84166505726604779       0.50306526891814229      -0.19627854336543685     
  0.84261136504885814       0.50779595234291874      -0.17930242127380300     
  0.83862227391228261       0.51644472084527815      -0.17319795613469499     
  0.83666475318036182       0.52347931841292394      -0.16112570862399556     
  0.82640304878778059       0.53905627157335079      -0.16271550949955269     
  0.82374665319195040       0.54440203566739809      -0.15832837685094181     
  0.82234122130416676       0.54850626727149576      -0.15131355031146987     
  0.81741713614310640       0.55473882701119126      -0.15522261222466888     
  0.80716195569879523       0.57164519447982720      -0.14734771427007382     
  0.80069014654742443       0.58135785609387580      -0.14463171291178495     
  0.79462111458393547       0.59019656848896407      -0.14228596136385277     
  0.79155551879604846       0.59580413029989099      -0.13585764233604616     
  0.77760991991410100       0.61284307822181405      -0.14052108000864835     
  0.76183083811456120       0.63013744047822651      -0.15013520641480260     
  0.77056125263194353       0.62404849394700324      -0.12961031264820980     
  0.75715078753489562       0.64157793517414541      -0.12288383959238937     
  0.75783979571722715       0.64176887496920354      -0.11752257292977794     
  0.76952148454552627       0.63075382779091704       -9.9931444250322604E-002
  0.76135336576769330       0.64134198287654609       -9.4981647880973671E-002
  0.75330127043843742       0.65324328678714394       -7.6226007526079151E-002
  0.74995159776616627       0.65939501035114967       -5.2638591660323704E-002
  0.74957402885287827       0.66058036069813020       -4.2099433834589181E-002
  0.74633685261044580       0.66471225407762480       -3.3747914225565473E-002
  0.74306287134981297       0.66871458440092812       -2.6045610587299435E-002
  0.73010424689723963       0.68328873400715662       -8.0183939483900596E-003
  0.72480071161970550       0.68892392599098284       -6.9103279762717691E-003
  0.72432028263511272       0.68936849458069660        1.1454555553762775E-002
  0.71283457138290629       0.70119554150980012        1.3845086064248916E-002
  0.72025441561699022       0.69294416939514558        3.2587649278524304E-002
  0.71950080596003085       0.69274699640554860        4.9195418424455600E-002
  0.70698070107825983       0.70349494643667521        7.2616448831866950E-002
  0.71111776764515078       0.69839019293657689        8.1010239781078214E-002
  0.70212332347645490       0.70507819306914965        9.9436312726886897E-002
  0.68066138334423576       0.72621086055192841        9.6529100484463254E-002
  0.67366391397866443       0.73072897178811536       0.11050837430905587     
  0.66237040980978468       0.73664556890361876       0.13645052591720511     
  0.64649657421075168       0.74414370408431207       0.16820323185195485     
  0.63657335642168256       0.75254249859406208       0.16868357864309319     
  0.62953548982291752       0.75459070904843195       0.18514299573897711     
  0.62193424466577751       0.75746989150176602       0.19858791196925504     
  0.61411704783287202       0.75952876274346293       0.21442087148041958     
  0.60969573028104662       0.76156694850540940       0.21974280288833192     
  0.60154603752983937       0.76037805210584619       0.24488279361332882     
  0.58272502661543080       0.77052418110118626       0.25830994888774872     
  0.57577512759248028       0.77232832104927829       0.26831318817953331     
  0.56456361174769609       0.78285287817553950       0.26155171462384164     
  0.55341844907538040       0.78730356216100206       0.27181081882735392     
  0.54923370969719054       0.78983180606796988       0.27296162780814193     
  0.55080944090681705       0.79074762478959559       0.26707143931452504     
  0.54338585723115085       0.79066241521634029       0.28210770164146609     
  0.53913490426309041       0.78959157043467543       0.29305068999019823     
  0.53840042643614783       0.78414189354880559       0.30862027087517718     
  0.53878757654357923       0.78608783457158615       0.30294201375981383     
  0.53914668496140894       0.78829828068144869       0.29649059474087014     
  0.52757836081586473       0.79058691423917304       0.31085913889192263     
  0.52458780135889505       0.79090419144862678       0.31508443092992428     
  0.51997996030356264       0.79005888310766503       0.32469647689091730     
  0.51375420125002147       0.79304055650726557       0.32732750637946317     
  0.49059552308929405       0.80793108721295803       0.32644048621399491     
  0.47817701873730811       0.80987891893163444       0.33976885587355909     
  0.45456961998248552       0.81518788173153556       0.35893617547835854     
  0.44162533454279090       0.82093159263008697       0.36199224316523249     
  0.43802163331988503       0.82059020382492875       0.36710865711712842     
  0.43127868171591782       0.81775373799448015       0.38115288624570953     
  0.43503837126826639       0.81416598115481487       0.38454566783994665     
  0.42655195615401070       0.81481886921968194       0.39258583655647217     
  0.41435957427355180       0.81872190191467364       0.39749288110991327     
  0.40544970964097637       0.82229292142783172       0.39930550249367780     
  0.37894643529386751       0.82808858502065275       0.41312091999384926     
  0.37341453852207401       0.82855621336027685       0.41720041193942570     
  0.36127834990561319       0.82363655173353090       0.43715075721994895     
  0.36105313881020340       0.81995279429542556       0.44420495954280331     
  0.36223586075009828       0.81638833453478021       0.44977246294339007     
  0.36727338071323667       0.81175622226774513       0.45405076745785716     
  0.36760347036469276       0.79603547875301384       0.48082762518629590     
  0.37458188220756522       0.79137973571485065       0.48312164867839597     
  0.36162015815920834       0.79959544987376785       0.47945591846808577     
  0.35811204829973486       0.79226596857530263       0.49403481243734854     
  0.35547853878082286       0.78698102740525799       0.50427757333676348     
  0.33452693212371054       0.77849101878131111       0.53107764532197499     
  0.33923800704224927       0.77173798562242568       0.53790153013859687     
  0.33559106534472410       0.77186666461089315       0.54000045270652142     
  0.33005947426979387       0.77041015677711866       0.54546212863901244     
  0.32074386923740361       0.77492812621122686       0.54461892140594614     
  0.31341314713971791       0.78091747920413146       0.54031480626893902     
  0.32029880504537678       0.76747541308553857       0.55532888075057341     
  0.31806063851342609       0.76870438180972900       0.55491531211073486     
  0.31308370545228448       0.77005870406412513       0.55586705755544408     
  0.31464680876441403       0.76312155119215841       0.56448461789533666     
  0.30988824464019804       0.77272351778971249       0.55395635287313783     
  0.30995302213029152       0.76776741668657178       0.56076939819031391     
  0.31300289074993431       0.75585591197028967       0.57507480445742454     
  0.32638651852931017       0.74911255836108559       0.57645660324782910     
  0.31576472285424445       0.75097631424653311       0.57993725112418426     
  0.31926313075143153       0.74805937513700860       0.58178881444423014     
  0.29920272229247091       0.75701573887787144       0.58086564889306780     
  0.29003206405498583       0.74902275457481471       0.59568978079967194     
  0.27585915256799354       0.72988211734498554       0.62543890407014779     
  0.28288890767489855       0.71989704180323533       0.63381552136047647     
  0.26989927056615798       0.72627413540012775       0.63220270799534828     
  0.26341450997653842       0.72297471296777260       0.63868643350472620     
  0.26367979378518197       0.72416351639516419       0.63722850522524010     
  0.26143211378910863       0.72917718891889116       0.63241906758106237     
  0.26354793452987818       0.71987180201650858       0.64212699278767227     
  0.25137591498643241       0.71932085766470699       0.64760146162068211     
  0.24893297138497161       0.71789679006894880       0.65012043081735849     
  0.26220519556327493       0.71474921452421369       0.64836871898376169     
  0.23984211788143506       0.71453292725282880       0.65720503220962323     
  0.23095161848965501       0.71931904559694915       0.65516521623061075     
  0.24193253268664514       0.71905032162534521       0.65148697960766100     
  0.23989756575259971       0.72225653751241581       0.64868686742260551     
  0.23951089013985782       0.72085340678412935       0.65038826821532314     
  0.23861854665531815       0.72436787092330268       0.64680165179608584     
  0.23716894248204290       0.72086825891455664       0.65122948797750646     
  0.22922912348985916       0.71456998076335687       0.66094156438820384     
  0.21662584527775575       0.71163318687555233       0.66831987139022242     
  0.20403385809337507       0.71814936944804952       0.66530569508527537     
  0.21431566676434391       0.72663970515610299       0.65273542409616869     
  0.22110198730046735       0.73140381543745603       0.64510647956388978     
  0.22668821573893019       0.73089534564492753       0.64374253126516512     
  0.21693636172199324       0.74163017343386173       0.63476239713398630     
  0.22694080193745414       0.74058677736353795       0.63247853529607989     
  0.23402885773482152       0.73854911645469246       0.63227817954704701     
  0.21393850175907012       0.73511376021121155       0.64330247707685528     
  0.20593350099455976       0.73184833369599278       0.64960711944568683     
  0.21339314728514747       0.73142330685000279       0.64767531286003643     
  0.21318818287294064       0.72174748215833573       0.65850692531015709     
  0.22153654169646345       0.72532427998858218       0.65178696638719069     
  0.22624958924857325       0.72193431516665252       0.65392810610166330     
  0.23665906433103823       0.72046680874266011       0.65185893011457974     
  0.23311259880169111       0.71071699032013025       0.66373178012674483     
  0.24515826328051812       0.70769539086839195       0.66261954369676845     
  0.24004672105045502       0.72492068293748024       0.64565282866443208     
  0.24034784293147538       0.72479991257568288       0.64567639040657920     
  0.23430169998289910       0.72627328578914041       0.64624285507398016     
  0.24074051506068325       0.72510897938756613       0.64518289842481047     
  0.24558690449212431       0.71834520000155722       0.65089726222860900     
  0.25297829931432264       0.71976513924681196       0.64648288794139797     
  0.24230793296605274       0.71541883588310873       0.65533407883718064     
  0.22863658985128382       0.71988349703139254       0.65535720067992564     
  0.22060329686128244       0.71742067689889566       0.66078873913820835     
  0.21323306232115885       0.70524971173843787       0.67613201760158592     
  0.21852735752299365       0.70648050541910079       0.67315012402642360     
  0.22421507535836940       0.70239411770333027       0.67555170297898071     
  0.22911560960683564       0.69338376579235927       0.68317273860283356     
  0.22682297109905858       0.69492581005637355       0.68237046997921125     
