  0.69004851411174983       -9.0399233106234350E-002 -0.71809541624074646     
  0.68919982209078257       -8.0512915942920968E-002 -0.72008421423914148     
  0.68900435125898574       -8.5132007583504588E-002 -0.71973991499081547     
  0.69399215473967779       -7.4949271878836599E-002 -0.71607087345081355     
  0.69784610866016861       -7.8131778780210631E-002 -0.71197347827886137     
  0.70261414359645857       -9.9976956238787995E-002 -0.70451257862400329     
  0.70586921659919866      -0.10016236974368417      -0.70122474909615329     
  0.71356326206088694      -0.11261713772174761      -0.69148018867382377     
  0.72752958679532165      -0.12908376579789427      -0.67382347966278455     
  0.73525935121693875      -0.12801808083792185      -0.66558625092967605     
  0.73393846360215909      -0.13434368505826627      -0.66579734599220719     
  0.74290366088589543      -0.12305395950909721      -0.65799078541531819     
  0.74548980208384463      -0.11881715943492593      -0.65584101550055918     
  0.74750772268714194      -0.11037580296093392      -0.65501861549410290     
  0.74641255354843383      -0.10370841418803999      -0.65735292250959665     
  0.74656529135889560       -9.5850764252149223E-002 -0.65837139726030425     
  0.74548836190209056      -0.10442593895008510      -0.65828741864244211     
  0.75142034144378289      -0.11855177985990922      -0.64908623922908404     
  0.75799851635954896      -0.11166681674170266      -0.64262646322377404     
  0.77151440473096689       -9.9970403731605567E-002 -0.62830839694401786     
  0.77201665659500096      -0.11099893707877589      -0.62583505647035964     
  0.77249937420143722      -0.10157174032766784      -0.62683961140406308     
  0.77568025101327076      -0.10750157225875499      -0.62190317586412514     
  0.77721120316324932      -0.10251194900245809      -0.62083334800029222     
  0.77377154971268680       -8.9059981964851404E-002 -0.62717294940681756     
  0.77589584075529017       -9.4923803170250329E-002 -0.62367869603693926     
  0.78049828336950633       -8.3363085497379946E-002 -0.61957487492119157     
  0.78264191519704196       -8.5752516159047082E-002 -0.61653721586705423     
  0.78154916996644930       -8.6250823039065797E-002 -0.61785248275768656     
  0.78653512136373926       -8.2174991713824308E-002 -0.61205373424084319     
  0.79344091382457582       -7.2137905917411926E-002 -0.60435721125760755     
  0.80012033417397588       -6.1210917255060171E-002 -0.59670819874551706     
  0.80465068057904710       -4.6682672194826941E-002 -0.59191047495413252     
  0.81098731730793816       -2.5323015502137686E-002 -0.58451545407418570     
  0.81872815788830422       -2.7195896279117383E-002 -0.57353690962866488     
  0.81707270704087975       -9.2714529268802404E-003 -0.57646008670983606     
  0.82198795394572222        3.4733401543074298E-005 -0.56950487474798117     
  0.83092838917237388       -9.2916939993020649E-003 -0.55630178544565700     
  0.83820770623239416        9.1629278154799192E-003 -0.54527413469417041     
  0.83827873649331064        1.3212077510175739E-002 -0.54508182959170737     
  0.84443956687748289        7.9410335041387378E-003 -0.53559196958006738     
  0.84322270805441391        1.1845869296870664E-002 -0.53743384709374464     
  0.84246218113294036        9.2794585810913773E-003 -0.53867556563219932     
  0.84920597800999353        1.8769705119564759E-002 -0.52772805978251081     
  0.84824426081824245        2.7862352566921468E-002 -0.52887178342046925     
  0.86344141096866012        4.1726798848117551E-002 -0.50272040348720481     
  0.86807002687984625        5.3268336301342735E-002 -0.49357564038403307     
  0.87312767125166835        6.2328364665240207E-002 -0.48349068724515737     
  0.87688903793644968        6.9252597966308380E-002 -0.47567813994528324     
  0.87609606354163383        6.9829823882798153E-002 -0.47705291440609748     
  0.87668326560470411        6.2764301425980884E-002 -0.47695607164096360     
  0.87817428047488522        6.0729164539843040E-002 -0.47447012728591198     
  0.88496485538217551        7.3107818980493136E-002 -0.45988308464469546     
  0.89220453035328062        8.7069345822797087E-002 -0.44315911931841329     
  0.89432490252360641        9.0720727901670670E-002 -0.43812409001917835     
  0.89641157293915230       0.10273696333727758      -0.43115125914809738     
  0.89865719193043803       0.11566037936523763      -0.42312873695459308     
  0.90401278923218198       0.12450536311732223      -0.40897346058109230     
  0.90124822478605804       0.12051615305064255      -0.41620607176476082     
  0.89710185139647891       0.13124490629540589      -0.42188036549775615     
  0.89923264277153014       0.12800934065978781      -0.41832315603845849     
  0.90232777826335298       0.12077562253533872      -0.41378476237716011     
  0.90354976319879454       0.13381941121270410      -0.40705059956483047     
  0.90436138477373729       0.14745457598700526      -0.40048424906682828     
  0.89787342001820558       0.17153624942553464      -0.40546101755635178     
  0.89439385344040889       0.18284191930021659      -0.40820150351833584     
  0.89048425045620827       0.20264132203384677      -0.40739942844071125     
  0.88623448666319948       0.20596828749629256      -0.41492830608993247     
  0.88247781784672519       0.21778139199427035      -0.41689826853744594     
  0.87936623797486801       0.22155151744284365      -0.42146167634638027     
  0.88270567802333610       0.23278263588260628      -0.40821921857858290     
  0.88217088439617197       0.25638866747691008      -0.39501820453377823     
  0.88215264789462455       0.26886764086586246      -0.38667414900369018     
  0.88160129353474892       0.28708510271793863      -0.37464823906604439     
  0.88032564120038459       0.28469020841986159      -0.37944466088612755     
  0.87706327662864514       0.29115884961997285      -0.38208184081083901     
  0.87503738272877907       0.30785954361779044      -0.37353993123977319     
  0.87335157779539996       0.30491244382587784      -0.37984921108568370     
  0.87300163385335006       0.33548971501836078      -0.35399830282966160     
  0.86559960266884051       0.34313370201276400      -0.36468697591573174     
  0.86579517905722214       0.35229140162247641      -0.35537230655207785     
  0.85964802708142118       0.36383540332393721      -0.35864894928485169     
  0.87076462502067009       0.36118410887562519      -0.33363903744666285     
  0.87263390476940605       0.37306762543247635      -0.31516759843148962     
  0.86417993105157154       0.39110200218268015      -0.31659480516331823     
  0.86678897007993383       0.39102917449043934      -0.30947223792303724     
  0.86428666188765257       0.40029565337719175      -0.30458489123793542     
  0.85065216373486119       0.42324818088472410      -0.31185232676857039     
  0.84991221717515697       0.42962896373929632      -0.30507077312110359     
  0.84483367411885546       0.43652054176889460      -0.30936366898623663     
  0.84227396152551492       0.45036784399437313      -0.29621508879862163     
  0.83880136074739819       0.46688468903867275      -0.28005528802287460     
  0.84168383278152914       0.46741616480307346      -0.27035246348975800     
  0.83332832922258970       0.48463056969616092      -0.26588927513358451     
  0.82177358354208385       0.50240263073475699      -0.26884897995566015     
  0.81845387636818123       0.51560408003453517      -0.25354621848814446     
  0.81488221774775194       0.51755115511351957      -0.26097465976444451     
  0.80777104017750334       0.52890692708235376      -0.26031405865772261     
  0.79414279424958234       0.54150560058451802      -0.27587842771239995     
  0.78416300111272763       0.56125346248643149      -0.26473182380075300     
  0.78457231394826399       0.55971776558386654      -0.26676264182915843     
  0.78517635408100750       0.56196734007115634      -0.26017456002730954     
  0.78873987810035773       0.55738303646448417      -0.25925577207819822     
  0.78425063539182660       0.56906066534272992      -0.24722641454182101     
  0.78085465726715064       0.57634644896890952      -0.24102027919893090     
  0.78257520998109364       0.57501552427557923      -0.23860676345218787     
  0.78484904061877425       0.57492123697351138      -0.23125214532331734     
  0.79033740420324317       0.57264848950662384      -0.21780839052493256     
  0.78464436485217914       0.57987335295529818      -0.21927178395338662     
  0.79251922692259125       0.57309566268653700      -0.20850572262625450     
  0.78419820063586387       0.58922816690708213      -0.19453367174551350     
  0.77709356250448858       0.60069624620165252      -0.18785530312803261     
  0.78177144033681745       0.59636032565340413      -0.18217512744681288     
  0.78122440407133975       0.59774912836399507      -0.17995668929901773     
  0.77618496535047998       0.60563025407728976      -0.17535362816363889     
  0.76558192954763005       0.62357431056622115      -0.15823839089168548     
  0.75236387942825167       0.64161635362737901      -0.14925497542654992     
  0.75335874668461655       0.64451061160443335      -0.13060118806145185     
  0.74536929464601431       0.65290484280800887      -0.13468437487976537     
  0.74397324897707662       0.65812363755109904      -0.11565933815737932     
  0.74936345418348793       0.64942486781543218      -0.12923526839489394     
  0.75242639227150043       0.64591868893352211      -0.12900996666805972     
  0.74244379513405390       0.66095299400323648      -0.10917119943053451     
  0.73479868179323393       0.67070051525238028      -0.10115194548359999     
  0.74131606454932719       0.66441320134136694       -9.4897788827845622E-002
  0.73843500194321110       0.66984671850982014       -7.7582998181019769E-002
  0.72194803538975683       0.68765919115995822       -7.6914699571034389E-002
  0.71050471555867367       0.70160993179831066       -5.4097622598953177E-002
  0.71232607005201931       0.69983672312257172       -5.3104904606891254E-002
  0.70653942181903429       0.70655566244620382       -3.9763567254849273E-002
  0.69509389282187461       0.71828841193486526       -3.0103777866292841E-002
  0.69358597629080787       0.72027242765837840       -1.2088153201936527E-002
  0.67495252390485616       0.73766828993003164        1.6869632662501126E-002
  0.66796896091474878       0.74349607625029257        3.2109996183280566E-002
  0.66838877599449065       0.74308898675828505        3.2790271165886994E-002
  0.68022286972736379       0.73098240122797153        5.4420369301014467E-002
  0.68225523956859213       0.72916374377325510        5.3366870320208898E-002
  0.67813736901217825       0.73102925185632617        7.5669952290336684E-002
  0.67566362123319257       0.73284283122266702        8.0125249875393711E-002
  0.68561598750084207       0.72323111660106676        8.2870197678171678E-002
  0.67896154246659979       0.72824014677013627        9.3153166793117859E-002
  0.66982339193868090       0.73523187884810215       0.10378202126211476     
  0.65729340289818872       0.74627141685624887       0.10509212572731876     
  0.64327174848900470       0.75565268389595164       0.12324966091938548     
  0.62804695848171443       0.76406756072967930       0.14750518832388851     
  0.62541276513286004       0.76343994784364322       0.16130195053180738     
  0.61856045539812632       0.77005061689389753       0.15622103071926829     
  0.60973263628343410       0.77552841750502388       0.16365141579897002     
  0.60017012209172416       0.78094833705887279       0.17296103432099069     
  0.59772174386922639       0.78051750671197329       0.18308778938546416     
  0.57712623835994370       0.79277456270541702       0.19604539709908214     
  0.56508329193683882       0.79603607513303787       0.21681199288926320     
  0.54944829216130597       0.80226717059161534       0.23339657502188843     
  0.53580708860799531       0.80662045620101719       0.24954799825982746     
  0.53831998370851852       0.80617883975826632       0.24553466856245881     
  0.53192891624622374       0.80117501881230346       0.27417187545812149     
  0.51669963703904531       0.80675845487249553       0.28663963538816861     
  0.51572572302032182       0.80419254582997957       0.29546798108536632     
  0.51385271683459932       0.80548287320605139       0.29521640600316440     
  0.50842025158580173       0.81072517702050950       0.29023014165054184     
  0.50439163544991161       0.80807441731676921       0.30431039115732972     
  0.50097661003897498       0.80977394429254712       0.30543181782313983     
  0.49450060034117260       0.81141473693846655       0.31156906287579339     
  0.48218213597100296       0.81822895038701882       0.31305234785734942     
  0.47615049161535355       0.81350453233301068       0.33390280802668615     
  0.45664350418567545       0.81878775986823671       0.34794153873169853     
  0.44468910595803685       0.82884990894171817       0.33949878864223859     
  0.42175689588805648       0.83954239842743161       0.34247581230444080     
  0.40919625788840031       0.85145851218650870       0.32798906163966385     
  0.41545727062591348       0.84685992484647110       0.33199928309123783     
  0.40055993064255174       0.85084139899673705       0.34003037469747999     
  0.38986504162551477       0.84993740971511345       0.35441733716777840     
  0.39418578927077624       0.84353845360843682       0.36477450681326662     
  0.37464770451668811       0.85204009685121573       0.36560466471059549     
  0.38096952696536990       0.83966380514509109       0.38707481686755041     
  0.35672464968276124       0.84332876367584275       0.40192551631575468     
  0.35296681796786183       0.84477752226799052       0.40220065052706505     
  0.35435302664859147       0.83765082008794700       0.41566216584020721     
  0.34257971851813002       0.83825204600209358       0.42423182793531922     
  0.34301617758717634       0.83640372121210005       0.42751458110342133     
  0.33656038651268555       0.83240919184253515       0.44025224992779849     
  0.33601608450666004       0.82740650753438216       0.44999073572971410     
  0.32889192151474939       0.82398848062218810       0.46138171589722954     
  0.32815384113980034       0.81668917722571821       0.47469342142858312     
  0.33685706053483322       0.81043049293982761       0.47930130072965549     
  0.33614157794052968       0.80768619718665491       0.48440875967906488     
  0.33709652179052352       0.80881928187117069       0.48184780197707100     
  0.32912392404665491       0.80454960728598091       0.49434539750674877     
  0.32195521777722647       0.80575461125851533       0.49709591044551704     
  0.31283085532938754       0.80660136276373973       0.50152876043309980     
  0.30276903808333522       0.81040989776276939       0.50156426027601653     
  0.30446670262367975       0.80343910094898574       0.51164991748240241     
  0.30837382788921275       0.79751430608941609       0.51853304027387803     
  0.30463112990464186       0.79895934355600895       0.51852082121894882     
  0.29475766305163176       0.80545901472409143       0.51415337757524926     
  0.29495682228296527       0.79810139580373818       0.52538998373099988     
  0.28274726581293497       0.79273070965454728       0.54002963404419557     
  0.27493453747427254       0.78560215468652161       0.55429257135172083     
  0.28526274887751013       0.78060945730808728       0.55612412217419593     
  0.26819048431450765       0.77519198941442968       0.57197136612845290     
  0.27205751994435906       0.76752246429527782       0.58042568227450808     
  0.26430977365755648       0.77430259010336633       0.57497464510038165     
  0.24784000402983078       0.78105304138815879       0.57317665596288969     
  0.23951889630818701       0.77634741592738410       0.58302263085936934     
  0.22305582838926066       0.77603600367397596       0.58992729926941434     
  0.21240045709106595       0.78265921906151203       0.58509024316384806     
  0.20807302881335446       0.79030563290697586       0.57630080797786598     
  0.22666243232206237       0.78252160069876753       0.57990006571277886     
  0.21885510017054302       0.78094652844136780       0.58499996995274894     
  0.22369544793705337       0.77566092380563600       0.59017834410729442     
  0.20682621281275979       0.77757692905893017       0.59379881869940954     
  0.22461842074535171       0.77030951197563813       0.59679964881165848     
  0.22497768730603657       0.76542280238393479       0.60292037103182328     
  0.22367908299534428       0.76683828711777469       0.60160344849463698     
  0.22866626574609758       0.75715477682692178       0.61190553424356986     
  0.22975677908727177       0.74520173271837409       0.62600814692540196     
  0.22100026523733474       0.74551304045539990       0.62878389711885296     
  0.23915981557296634       0.73637534221782852       0.63289330695519297     
  0.23998278699292164       0.72769156618589426       0.64255213519918342     
  0.23940934176264797       0.72484143187463257       0.64597837867432362     
  0.25359460522992289       0.72486697690876001       0.64051357673778742     
  0.25208444539956554       0.72006865004086906       0.64649406154729194     
  0.23562422333607883       0.71914010717102217       0.65369620745061729     
  0.23214678558225629       0.71763112402424090       0.65659229341771141     
  0.22967189160429907       0.71997627100298267       0.65489311448475429     
  0.23189722953516562       0.70170041600007194       0.67367662948868878     
  0.23873772917017258       0.70010258005448844       0.67294923588017885     
  0.23990446626194303       0.70093990433828957       0.67166144565085806     
  0.24472821314642887       0.69266276359948553       0.67847357915609319     
  0.25479107101117143       0.67895505314537974       0.68855032201091482     
  0.24638866482884161       0.67857193838935370       0.69197742035009702     
  0.24171044122263197       0.67983726505403652       0.69238526533123701     
  0.24131115365902714       0.67907460979175061       0.69327238619169806     
  0.25107279641320762       0.68010342730011075       0.68878282431830062     
  0.24190404461226420       0.68832023565347433       0.68388426388547141     
  0.23208008439898323       0.68889235393885051       0.68670674899111805     
  0.23803607482277975       0.69970776814095603       0.67360809547255762     
  0.24025509614683674       0.69338480279790959       0.67933423586948594     
  0.23241779337933891       0.70332773816763949       0.67179763474179566     
  0.23884167661339784       0.69844055023554941       0.67463727387327488     
  0.23894030490506679       0.70181885744897898       0.67108704504027183     
  0.22947305497946943       0.70234690271441147       0.67383302478126084     
  0.23603691514413530       0.70960075353337915       0.66389257058209461     
  0.22943235422550878       0.71211205695809909       0.66351881146614500     
  0.24158267323664290       0.71185667433480648       0.65946788185386762     
  0.23137796058519561       0.72979768812391566       0.64331918498084928     
  0.23551964292127114       0.72208299886883454       0.65048185258531810     
  0.23954400733579509       0.72040269574497162       0.65087527569641668     
  0.24541445430727063       0.70830162835719068       0.66187653598206431     
  0.22869825140279770       0.71999644778859495       0.65521158794477052     
  0.23604317488582310       0.71242999612767999       0.66085332730319191     
