  0.44561078565701806       0.21275781675845232      -0.86957756359873473     
  0.44393789133086509       0.21828008515010766      -0.86906441249631594     
  0.44892215484852488       0.21026540487155426      -0.86847991249099055     
  0.44831351773847655       0.22396537913544251      -0.86536379561527188     
  0.44864905313316417       0.21701362560920179      -0.86695969538535333     
  0.44178356490761794       0.21698464220593253      -0.87048546617636313     
  0.44487415515771872       0.22006164633878136      -0.86813585220480971     
  0.44987945405406438       0.23133698789478704      -0.86260748597017411     
  0.44959583911296597       0.24032811599642309      -0.86029412302649022     
  0.46300000028737276       0.24320365239958180      -0.85233971114421048     
  0.46555653624842686       0.25610612714881115      -0.84715214878627554     
  0.46397842859139016       0.26232906701584058      -0.84611315933535913     
  0.46738540308507337       0.25303859857591116      -0.84706691153281544     
  0.46471124194108637       0.25943516178435622      -0.84660312924268011     
  0.45182066519673930       0.25372032684406254      -0.85526842701418493     
  0.45306703766488288       0.25540167340139064      -0.85410786473684763     
  0.44140552997594279       0.25944516211998414      -0.85898158650764600     
  0.44254106977147606       0.24120204048558044      -0.86370074518383388     
  0.45235892566836616       0.23795935105776286      -0.85950378103434200     
  0.45630331594788059       0.26306658655066550      -0.85004897205722774     
  0.45350379066049790       0.27263158134616761      -0.84853186900036204     
  0.45727080968797340       0.28002388826258678      -0.84409124424413240     
  0.45777665161870296       0.27922097847071231      -0.84408304236883380     
  0.45686843814932138       0.28150870028338204      -0.84381519415554529     
  0.47411171496778343       0.29615813741026875      -0.82916128670843403     
  0.48436071199015213       0.30808417815150163      -0.81882772293877970     
  0.47900265975478790       0.32151310336119787      -0.81681440750937495     
  0.47483664120973851       0.32563211657778984      -0.81761475574852660     
  0.47478950025484251       0.32515515613548457      -0.81783192337195154     
  0.48153763471649874       0.32478644143780039      -0.81402412360433807     
  0.47611432898679090       0.32114876112274843      -0.81864437881340268     
  0.48500419280575846       0.30885694638174949      -0.81815543732995877     
  0.50106722505850687       0.31393339814143661      -0.80645983006194255     
  0.51453816976392897       0.32683519584877052      -0.79273528154768180     
  0.51688306541954465       0.33974618762394265      -0.78575086680034412     
  0.52328138551440895       0.34255839257825810      -0.78027580972904775     
  0.53445134461794452       0.35834371366325701      -0.76547471748849893     
  0.54255516015324690       0.34947171970551022      -0.76387395250601242     
  0.55757664508926863       0.35077273023023331      -0.75237409350523510     
  0.55495139589354070       0.35881140995029615      -0.75052203184536259     
  0.55323201762814389       0.36507565081036852      -0.74876839133104423     
  0.56114266447099348       0.35229143728752893      -0.74900577656269252     
  0.56510440385187310       0.35166103668105625      -0.74631865046213586     
  0.57247956592817184       0.35297156905502908      -0.74005284813553884     
  0.57721674878754958       0.35449299489106978      -0.73563274906184739     
  0.58036720006665776       0.36109818154679985      -0.72991918482143126     
  0.58283115291231813       0.37130437683705952      -0.72280073805755152     
  0.58509470116309426       0.37283534138988328      -0.72017914360356106     
  0.58916367618686372       0.37308199159614197      -0.71672588219530420     
  0.59342943577672003       0.37290673380372602      -0.71328961343731945     
  0.59094220488909677       0.37595599225141046      -0.71375374070548336     
  0.60517148268711773       0.37474308692083580      -0.70237817117797630     
  0.59967741947390141       0.39950664530698843      -0.69338404432801803     
  0.59699708332456658       0.40129156750375805      -0.69466507062924743     
  0.59642586214654059       0.41233595280725982      -0.68866192938573711     
  0.60979716886925628       0.41045893663605310      -0.67799032011868732     
  0.62382344145299806       0.40927068721960336      -0.66583918364461825     
  0.62019929441508370       0.41790949189275867      -0.66385577634977977     
  0.62348832550335365       0.42142232619762549      -0.65853286246261622     
  0.63173005301232188       0.42936612267219332      -0.64541604630075355     
  0.62788060320244099       0.44520627976507710      -0.63840215897181873     
  0.62142908623385196       0.45631090037877187      -0.63687224227318551     
  0.62119576046368841       0.45931386256094403      -0.63493826695300548     
  0.62419203148849944       0.47016592198314705      -0.62396178859926810     
  0.63110963448741375       0.46870918492975094      -0.61807145963848842     
  0.63398194103741512       0.46538299881120976      -0.61764517553035003     
  0.64368080879435308       0.47369465278022127      -0.60107270135755930     
  0.65073188193627018       0.46443444977884540      -0.60070680010326283     
  0.65976627202762950       0.46441095950806777      -0.59078839442186049     
  0.67421443600422859       0.46509653169299614      -0.57368990795607178     
  0.68232557112300607       0.45472729815622248      -0.57241147726369512     
  0.68428677051126552       0.47217650770053887      -0.55569862450701268     
  0.68646480885293615       0.47088391084165676      -0.55410685676769023     
  0.69417491995412928       0.47327082498424472      -0.54234297886615124     
  0.70095803487277708       0.47005608806286053      -0.53638149429518400     
  0.70090180418102133       0.47933931941238550      -0.52817655926883089     
  0.69309176147468821       0.49611809421879888      -0.52296333214157698     
  0.69614696033270351       0.49182901505761423      -0.52295662302622659     
  0.70403619144633300       0.49302878127144190      -0.51113174619831592     
  0.71880027122066792       0.49132303043638287      -0.49186161657106786     
  0.72124925541686236       0.51005925915354533      -0.46865665866640377     
  0.72165616471232885       0.51888325572742533      -0.45822761468335765     
  0.72589607111504284       0.52531163028377281      -0.44398489279293002     
  0.72577724500887941       0.53985970495413182      -0.42637880997319672     
  0.72712326486443446       0.54747484941986213      -0.41420169838568421     
  0.73473093063224382       0.55099020685180289      -0.39570222582857068     
  0.73857154544679160       0.55400042251111459      -0.38418173318606008     
  0.73481809887050054       0.55502721093389118      -0.38985530225365611     
  0.73969852719543561       0.55927949782162056      -0.37423593117350329     
  0.74518738572552312       0.56042449882045242      -0.36141408561012983     
  0.74666225532447605       0.55958374271095646      -0.35966861326416238     
  0.74035257311463043       0.57210660668024482      -0.35294772711459887     
  0.75226325544000472       0.56235416366575774      -0.34330422240717168     
  0.76156582921393678       0.55911591216248868      -0.32772989570742223     
  0.76817833405524960       0.55935892697522704      -0.31147975520284454     
  0.76153168532037319       0.56987275062986975      -0.30873053030540820     
  0.76857542180326821       0.57076404969730321      -0.28899865150734272     
  0.77473981089020194       0.57005750381258036      -0.27351904461807391     
  0.77868331381545608       0.57267127908932447      -0.25631992293143624     
  0.77726178156964876       0.58420803379750152      -0.23359172964305591     
  0.77425714213623409       0.59660364676835165      -0.21116336451604462     
  0.77293987389334329       0.59666636674897466      -0.21576190149403290     
  0.76661727100180543       0.61174274469837764      -0.19511220902506379     
  0.76060328084848738       0.61923768135683610      -0.19500600798520851     
  0.75843509488896910       0.62378657835084661      -0.18885579554279855     
  0.76700104252030077       0.62058053907266120      -0.16306193699652116     
  0.76062218617975330       0.62585964076239076      -0.17249231854173894     
  0.76351679927202365       0.62874120084265828      -0.14739945587531100     
  0.75928707590494460       0.63619294718779629      -0.13690022027821896     
  0.75931861082253560       0.64142642870566113      -0.10957820867506890     
  0.76377453120688976       0.63678119888253726      -0.10563224048278959     
  0.75927894444762900       0.64036300017542025      -0.11589095100494079     
  0.75914835965659944       0.64324728048351365       -9.9632846899294511E-002
  0.76335195157201563       0.63957605816320839       -9.0753864135959567E-002
  0.76412863344081561       0.64050218604177100       -7.6579248047916826E-002
  0.75769960011745507       0.64856348427261901       -7.2503260961207947E-002
  0.75636254517729562       0.65176482507834066       -5.5841857450515321E-002
  0.74797289480609208       0.66228892192836286       -4.3702774813067377E-002
  0.75185922346491918       0.65801401184328279       -4.1536349245431627E-002
  0.74799296504354895       0.66192110876958565       -4.8651516015467723E-002
  0.74787845376578432       0.66247240843939448       -4.2522070144906936E-002
  0.76429463677683018       0.64444024250629306       -2.3462353517966307E-002
  0.76001920193431061       0.64984639650377507       -8.3948580805225867E-003
  0.76162752355256202       0.64799208647855167        5.4563017112520549E-003
  0.75826705907050895       0.65190127611588333        7.4694930915340354E-003
  0.76812303863779940       0.63961637576127228        2.9629197961624835E-002
  0.75958398761065749       0.64875187643234444        4.6402247693457452E-002
  0.76567022748750646       0.64056693763221750        5.8507274348688992E-002
  0.76841543155451897       0.63676048201183966        6.3826429454665934E-002
  0.76214069593780664       0.64430492591917210        6.3346049851006697E-002
  0.75835934522924742       0.64747137445471614        7.5312168772306717E-002
  0.75013530743971313       0.65257806018528042       0.10695277414422059     
  0.74535862842643597       0.65451205802431489       0.12670627818320659     
  0.73411295846638747       0.66267224152040383       0.14813394118179607     
  0.73692012661136974       0.66101333392385397       0.14145705839566408     
  0.73460887335085301       0.66123800308442304       0.15203324133595053     
  0.73593147262322500       0.65706690311375526       0.16330325298386081     
  0.73240536977991599       0.65930807915274137       0.16998597319034003     
  0.73200809016020774       0.65709548649783789       0.17997132428299606     
  0.73272128542320070       0.65547466334589444       0.18295486765691310     
  0.73357641143823804       0.65394014406087564       0.18500793649743291     
  0.73538017596371397       0.65131830370537713       0.18708410958156474     
  0.72794128909716516       0.65863845436930690       0.19051736417861709     
  0.72474960690259260       0.66277298006834306       0.18833476626971060     
  0.73636730750737145       0.64515222093990243       0.20381805673358663     
  0.73343702884266448       0.64670894307318016       0.20937446757333014     
  0.72047904407705221       0.64944216922268239       0.24317651177931196     
  0.70900197046176716       0.64683196388856501       0.28093525299149097     
  0.70913921336667962       0.63378974754741724       0.30892091539659039     
  0.70653746363262160       0.63546066958929814       0.31143948029866536     
  0.70286052284159384       0.63726277841861589       0.31604309306331713     
  0.69794943237043217       0.63463353038228565       0.33182355547535897     
  0.69138347317536519       0.63798171282713378       0.33906964936149298     
  0.70184934848906344       0.62629862183120433       0.33934868250489947     
  0.70140610948349102       0.62383817356824989       0.34475411930572147     
  0.70997294755479368       0.61151093430909265       0.34927466406938079     
  0.70962282114292774       0.60408498315884107       0.36265242979350942     
  0.69689756858351515       0.60234469912396382       0.38924881803243494     
  0.68841780566933786       0.60691867392015197       0.39715317962269714     
  0.69236568301833412       0.60129998257827744       0.39883341375807335     
  0.68937611874677318       0.59226373151419798       0.41711418009282808     
  0.67567245549602861       0.60440967018258929       0.42208492448053697     
  0.68382332219809316       0.60120223200523826       0.41345077125321972     
  0.68338564010368430       0.59805994117220529       0.41869842806628305     
  0.66683271469604355       0.60506710246587647       0.43500337024516672     
  0.64942581136964794       0.61287067961569042       0.45015069209574282     
  0.64497744411652147       0.61834450058538715       0.44905921121465431     
  0.63764791900576245       0.62452791410990782       0.45096564823182322     
  0.62797780926986835       0.62118129312489700       0.46880451377551674     
  0.62766211141827166       0.61929156947663133       0.47171837558561169     
  0.61252277572790081       0.61693766448174348       0.49416977584470062     
  0.60748442653806922       0.61093931258359679       0.50765719521503361     
  0.61652738804223273       0.59620963127316240       0.51422568525010659     
  0.60192349591626892       0.60028203848465267       0.52663989531429123     
  0.60166716803846754       0.58857307302609085       0.53997995945515798     
  0.59946821379080550       0.58650845809313312       0.54465189730659747     
  0.58529426374390059       0.59300695154172423       0.55296779314140554     
  0.57337117506167512       0.58868060329748251       0.56982509852559637     
  0.55649952465151142       0.58201338957935944       0.59293228400297726     
  0.55230852442155376       0.57573847218334084       0.60289344456485694     
  0.55151130678844329       0.58510255214390339       0.59455048730885263     
  0.55787329789763318       0.58567120036001985       0.58801924165937969     
  0.55228064057045168       0.57838676125263533       0.60037892073154842     
  0.54688178243229690       0.58115300438634432       0.60264541941045202     
  0.54153144915971918       0.58515409352450032       0.60360448673158063     
  0.55872010429446917       0.57716212837742498       0.59558015633835371     
  0.56655986925025326       0.56740445342373691       0.59754673523503254     
  0.56128819943382158       0.56251993304397485       0.60706414990883850     
  0.55196962358304447       0.55655030423731833       0.62095192526872856     
  0.54753017704497331       0.54749471434250208       0.63281928146361155     
  0.54123969278841222       0.54131635270513401       0.64345644859952644     
  0.54487665917280115       0.53614557317584011       0.64471493751319009     
  0.54542164935613480       0.52627426758092444       0.65234240985528036     
  0.54769959554331160       0.51080142695706154       0.66265153380968078     
  0.54522786518991462       0.50136068651244692       0.67183631714891412     
  0.52771869618553680       0.51116554430247230       0.67839720224525879     
  0.52719607070539476       0.50553311947724633       0.68300846857443631     
  0.51491378343153105       0.49339149811743171       0.70101970387262535     
  0.52713551701603933       0.48591009559829823       0.69715100637945404     
  0.53151697662838016       0.47659897465441486       0.70024504347705785     
  0.52254692706914352       0.46738528834503201       0.71308884527050798     
  0.52918434322539687       0.45557102305542674       0.71583445980012539     
  0.53329411352230649       0.45753703820379904       0.71151756630047591     
  0.52798271314369183       0.45529951294877052       0.71689372164222342     
  0.52096829192810290       0.45438578448020112       0.72258258882139370     
  0.51855623327308420       0.44309006396143902       0.73128012973981360     
  0.52019442631328860       0.43597339285278958       0.73438747235843826     
  0.51839149994661238       0.43038736541713546       0.73894314292264662     
  0.52111656762404968       0.42527655421307836       0.73998471293965296     
  0.50184454943988066       0.42854378985992342       0.75133365981431766     
  0.50012902751596200       0.42501974110355351       0.75447277983251726     
  0.49917140895164036       0.41914955434653622       0.75838087764416506     
  0.50651559387654366       0.41469274726370170       0.75595759042870669     
  0.51377441638015942       0.40731133432561117       0.75507173566696051     
  0.49353121768204034       0.41757903398703944       0.76292508645851365     
  0.49116535485159102       0.42505670776785587       0.76031795281649239     
  0.50425005737830342       0.42659383490546171       0.75083259096460964     
  0.49815151505427391       0.42905960618898464       0.75349381044975083     
  0.49114421878645226       0.43014252040025253       0.75746601804725455     
  0.49137739583252427       0.41318755202605745       0.76669700776484084     
  0.48117848551798065       0.43069909794339234       0.76352180853291307     
  0.47522925314937664       0.42383716803676003       0.77105071943528125     
  0.48153559078688801       0.43770857486339754       0.75929880699009156     
  0.48505537449940289       0.42274562557474965       0.76551121463154115     
  0.47932984841787990       0.42365643275766041       0.76860791265686712     
  0.46871778006421827       0.42781131691947688       0.77283964686556683     
  0.45449307209772355       0.43738182546649235       0.77597241327689781     
  0.46139806806070044       0.43524627494799384       0.77309281650636807     
  0.45334218672256626       0.44256272141291036       0.77370478824497413     
  0.45195297432515558       0.43397618991829534       0.77936074803818867     
  0.45857385324689942       0.42257213034523744       0.78175623807794392     
  0.44938778409785185       0.42376844173911260       0.78642922586182329     
  0.44592379659978032       0.42820967186317638       0.78599519371868198     
  0.45970371124959475       0.43190474229108133       0.77597087023278377     
  0.44941022353456733       0.43150657599271280       0.78219724229739884     
  0.44833428725413171       0.42601967400035656       0.78581397559279875     
  0.43653328497184046       0.43289292447007721       0.78869665084583551     
  0.42063119454203685       0.45203047608235125       0.78659891105372270     
  0.41567457172415717       0.46711934306119957       0.78039359925617746     
  0.41347027946001447       0.46271868292258539       0.78417711550238767     
  0.41223890546316555       0.43790215447405995       0.79893728660609420     
  0.39774977590066207       0.44035486017331588       0.80491161806294786     
  0.38141681696436114       0.43477435702265016       0.81577721849308615     
  0.38195227226421841       0.42736877170033682       0.81943175108580324     
  0.38726789749915574       0.43433586337296692       0.81325022800774094     
  0.40812709485081938       0.44121581803575038       0.79922517250376601     
  0.40212301954458268       0.45228223124205819       0.79607654183191001     
  0.40153406978024686       0.44755337706596604       0.79904090351030277     
  0.38786630903842462       0.46328670269307615       0.79682191073080233     
  0.40711539860013118       0.45919101293472325       0.78955725939455434     
  0.41172401865882990       0.45302860861338901       0.79072650912789544     
