  0.36800083616289536       0.34716539535581714      -0.86258424101698550     
  0.36470196830991619       0.35118819652664734      -0.86235684315208738     
  0.36158777453588148       0.35342207868491898      -0.86275553640890612     
  0.35889648546752212       0.34545973388542389      -0.86709335424905221     
  0.35599348425183530       0.35122439289673307      -0.86597347823392357     
  0.37505369279309442       0.33947189989818605      -0.86260857676108171     
  0.37120161162287713       0.33383947365802341      -0.86646440743767006     
  0.36332124409699063       0.34939211125909436      -0.86366823849075736     
  0.35740615547442606       0.35143839252068959      -0.86530451073102810     
  0.35203837661378196       0.36179516170713644      -0.86323417585058582     
  0.36557909781035869       0.35265057511490577      -0.86138812106697316     
  0.35773618912319510       0.34868540647121393      -0.86628130899011002     
  0.36798066356695291       0.35254546967108991      -0.86040799801908874     
  0.37432808298363163       0.34621754986411862      -0.86023944018853649     
  0.39018216153044821       0.34831304763320009      -0.85231209170813693     
  0.39331804169314594       0.34422810099206869      -0.85253031181657302     
  0.38963103105189018       0.32927098576528840      -0.86009783023479169     
  0.39322583021046420       0.34116967231182027      -0.85380132416735965     
  0.39754360332140870       0.34148256494272056      -0.85167408161712388     
  0.39436394465835412       0.33753293695832626      -0.85472135554330786     
  0.39658402661885001       0.34383468150454199      -0.85117496534229076     
  0.41411019172745306       0.37031920448165068      -0.83149049056470270     
  0.41542812166327125       0.36393342540132911      -0.83364976915187938     
  0.41912260471295332       0.37962916732960578      -0.82475325857571502     
  0.42382908843167610       0.38597407058360778      -0.81938569711479303     
  0.42387905903603518       0.39357842846557539      -0.81573437095496559     
  0.41604405138750783       0.38517011519430988      -0.82374227138484923     
  0.41589472123153437       0.38660878305321827      -0.82314350493571542     
  0.42626287505956745       0.38410159353232687      -0.81900300804812609     
  0.43543002728228158       0.38513373766779851      -0.81367849636756617     
  0.42612230618137847       0.39391823363284173      -0.81440051902380672     
  0.43325749726004614       0.38418038764362428      -0.81528729342358586     
  0.44202994810754365       0.39871807235363310      -0.80351317584383508     
  0.45118498197185397       0.41146201711570718      -0.79191610699248416     
  0.45678475771696198       0.43268264418508767      -0.77726019744899932     
  0.46844602138659674       0.43407698654042637      -0.76950340792166128     
  0.46538534844899843       0.44631355615920115      -0.76434330443690801     
  0.47974402443355518       0.43626209502641200      -0.76126280315240813     
  0.48647305927952184       0.43816027001729568      -0.75588328488834411     
  0.47707934248973860       0.44488679988670510      -0.75793867578856633     
  0.48724490341049298       0.44576787902026921      -0.75092170173345640     
  0.48727678817361086       0.43906362137774496      -0.75484069053666580     
  0.47824101334708119       0.44652114360916761      -0.75624361251035954     
  0.48373017423444070       0.44415780241888103      -0.75414121030848524     
  0.48975113647894525       0.45158533339988094      -0.74579790223337328     
  0.47917455027612321       0.45313262267832499      -0.75170644312280444     
  0.47939572304598427       0.46311747973264111      -0.74545418416647502     
  0.49001055283988137       0.46478230692861411      -0.73747343360399698     
  0.51151870397380073       0.46855615979310200      -0.72028032085078064     
  0.51203117390652741       0.46667668379292360      -0.72113587468100837     
  0.51215812647015235       0.47052665286486273      -0.71853929776622028     
  0.51886264114413860       0.46520093376420729      -0.71719568518629573     
  0.53370682618939946       0.47082445237502052      -0.70248228356635467     
  0.52819263432579411       0.47143536288208937      -0.70623030214527838     
  0.53338602407969982       0.48509550701090604      -0.69295144014157461     
  0.53287695827836812       0.48905212356681083      -0.69055786706892786     
  0.51944283466189922       0.51180092888698092      -0.68427987746888630     
  0.53143457656552517       0.51050069623087846      -0.67599284757932832     
  0.54759753107041820       0.51019734631984093      -0.66320103420740784     
  0.54798648589626908       0.51789545470192067      -0.65688287332990325     
  0.54281200879854485       0.52838713643816682      -0.65281096586283149     
  0.54989540623024502       0.53668840314877297      -0.63998484367404707     
  0.56188727859035503       0.53482644687643721      -0.63106525643537870     
  0.57799619340090458       0.52946254586143771      -0.62095878522168413     
  0.58526237500571432       0.53176126249566491      -0.61212573227376066     
  0.59366809172234047       0.54479290312773987      -0.59224900976903661     
  0.60588755586589915       0.55169731170073444      -0.57317566758283567     
  0.61109459022602985       0.55584047294117245      -0.56356434454019011     
  0.61431599187836439       0.56017977491422177      -0.55571078979947208     
  0.62265972524976465       0.55279492317168377      -0.55381643120035751     
  0.62960736550786267       0.55455572048133539      -0.54411627266575635     
  0.64679174417750751       0.54953128693548581      -0.52884383738760399     
  0.64592275804341359       0.55920387725400644      -0.51968722738362128     
  0.65140951534511093       0.56256230019036557      -0.50910637564498484     
  0.64680610882385547       0.56045383058549081      -0.51723627228781288     
  0.64551560775724004       0.56541419393747783      -0.51343586691604759     
  0.64570256969541850       0.57404065273785976      -0.50353303813456496     
  0.65341153239413008       0.57061280847634055      -0.49744787881455244     
  0.65687527330383222       0.57538577865103668      -0.48728439442296440     
  0.66383800706701857       0.57884986070660449      -0.47355246713878962     
  0.67822961118038383       0.56524674201803826      -0.46957503676845763     
  0.67302093912604166       0.56735324377212037      -0.47450301609068141     
  0.67717932634896050       0.56673943767323787      -0.46929156155996449     
  0.67987421918199198       0.57589079537239796      -0.45400532804915811     
  0.68344788660208766       0.58054700370834367      -0.44256543333659021     
  0.67692221372978911       0.58480650699734227      -0.44696494933353531     
  0.68165412544071058       0.57835374805462558      -0.44816804368543123     
  0.69724660456564924       0.56651887513362720      -0.43920785118096600     
  0.70140849931797122       0.57054295876316730      -0.42720820367858181     
  0.70916055157914737       0.57281893046323207      -0.41105934484806167     
  0.71685614499674288       0.57222954049662356      -0.39833480937953597     
  0.72236331083374572       0.58319765914394683      -0.37158005534518385     
  0.72492634580555992       0.58464473076398038      -0.36424213367883540     
  0.72290168494715312       0.59481566384761364      -0.35157855443995562     
  0.71618586163721165       0.59920860322280145      -0.35780841439902289     
  0.73278293627191282       0.59708619406083352      -0.32636979819012091     
  0.73408109303166236       0.60000355001680139      -0.31799479370058165     
  0.73289169121439257       0.60677290539259954      -0.30772781842129698     
  0.72807699194072317       0.61453610186319452      -0.30372565468418594     
  0.73122763621877496       0.62060152888295650      -0.28312521325032097     
  0.73777565923040467       0.61760771812888626      -0.27248446406129340     
  0.73986893258068953       0.61943020664255244      -0.26248844108012825     
  0.73503615593346827       0.62878924737465680      -0.25366499927377195     
  0.73131397026892730       0.63397466890194809      -0.25150744736520947     
  0.73865536396918019       0.62985988069054788      -0.24013492868811478     
  0.73888866029573519       0.63885328629116311      -0.21426625091543156     
  0.73443639425626284       0.65089446230791070      -0.19219672663381948     
  0.73426975181344944       0.65579441178718778      -0.17544691801371362     
  0.73019510286572065       0.66184502402883905      -0.16963571534079569     
  0.74506824286232021       0.64925557451648730      -0.15277602049182945     
  0.74576792770781675       0.65219036008618358      -0.13593355808277108     
  0.74542424792502715       0.65427233354072944      -0.12755549446642669     
  0.75699986289510968       0.64183198839025113      -0.12248635130413826     
  0.76311844796669781       0.63289955934987052      -0.13072253878974691     
  0.76823426915600268       0.62740973881793805      -0.12717361098415242     
  0.77438537112228634       0.62267840853144263      -0.11224480629654261     
  0.76805924035938733       0.63391364322836774       -9.0766162348631288E-002
  0.77430322568887433       0.62752222437058702       -8.1672349107850456E-002
  0.77472453949569475       0.62917474523956873       -6.2777606325085458E-002
  0.77533762218410140       0.63068715513962303       -3.2943648367953840E-002
  0.76559195904528343       0.64323100840500913       -1.1082511966073771E-002
  0.74874711159577012       0.66279227804356278       -9.1738237836853469E-003
  0.74372013483884547       0.66832972588775807        1.4688040375853556E-002
  0.74860719898523265       0.66288661292745410        1.2984607389166403E-002
  0.75772889212329098       0.65195110039287507        2.8402266425917366E-002
  0.76167077807155059       0.64614579255781457        4.8510211210752774E-002
  0.76920630350904096       0.63467830351058874        7.4196453384755737E-002
  0.77727485674376140       0.62015379284682426       0.10608048968430908     
  0.77297779180131698       0.62262721761365691       0.12182233485135575     
  0.78525861184032120       0.60558295637899195       0.12898912928573419     
  0.77814237546851128       0.61242861399707327       0.13937588119127056     
  0.78235249025333131       0.60198762627885050       0.15979824405031770     
  0.77953785232714412       0.60709733957222500       0.15412189031253720     
  0.77396417291310615       0.61481279406174894       0.15160701601481708     
  0.77311379864778407       0.61167051751996082       0.16779222966888241     
  0.76102149549470777       0.62191639084774819       0.18457054529341513     
  0.75930297636477784       0.62450003108549423       0.18291719781859009     
  0.76499808437813277       0.60892251320745916       0.20974103987273701     
  0.75924011380362599       0.60936602071213575       0.22853337260214984     
  0.75681829811452173       0.60958584983385034       0.23586257719566292     
  0.75933113410370323       0.60634059569621424       0.23615103385660208     
  0.74406298438045393       0.61457241665457651       0.26205155974007238     
  0.73865743521955529       0.61990830106544348       0.26476195282748538     
  0.73617897187648917       0.62215393217357695       0.26639257881523576     
  0.72989580108079055       0.62682349285288974       0.27266174717465247     
  0.72629395653209661       0.63215671362003800       0.26995365922703285     
  0.73046487733721865       0.62681586520459331       0.27115112779506984     
  0.73677364976337478       0.61271258808936990       0.28591585022726690     
  0.73976234772574401       0.60263096410361316       0.29931186075871424     
  0.73971971149744897       0.59792613074809020       0.30870550787238710     
  0.73892723643795577       0.59984885334224192       0.30686787449024794     
  0.73017007138475243       0.60715501826416607       0.31339184841125745     
  0.73392830096769246       0.59577460492963763       0.32619299373163968     
  0.72471054766778387       0.60541306596275157       0.32904352548050730     
  0.72489673938000032       0.59963548061126271       0.33906047783300108     
  0.71372655139364483       0.60921155259777149       0.34562363058267015     
  0.70960274680637003       0.60468532026588862       0.36168992960793617     
  0.70293441956668867       0.60635313583359673       0.37177826248074980     
  0.69418208660701530       0.60865510333329731       0.38425277594346985     
  0.68541226763516283       0.60769970442022025       0.40113724910907950     
  0.67833092493015423       0.60478391583085911       0.41725720057980187     
  0.68932212166265106       0.58389314823813654       0.42884006812220676     
  0.68226587424453755       0.57876913337327585       0.44669851924500947     
  0.68012094999247208       0.57650064631539877       0.45286035174131106     
  0.67665610406127619       0.57529765116096554       0.45953142374084982     
  0.68147625427302072       0.56732801593578641       0.46230837889484194     
  0.68459051222711043       0.54517481993105388       0.48385973823182049     
  0.69021302143085494       0.52988219994220642       0.49277869194162366     
  0.67833452906918734       0.53807642979166903       0.50033590953991447     
  0.67148389485645132       0.54158399159931980       0.50576294742869110     
  0.66097234064550003       0.53855179861049729       0.52256820140055171     
  0.65764069918802670       0.53845468988560397       0.52685411425904338     
  0.65473276788309820       0.53726486603101142       0.53166856817834951     
  0.66317612188252084       0.53385903712605698       0.52458741868605552     
  0.65291554989172895       0.52769397645552407       0.54336024138883987     
  0.65348228103893591       0.51859572907053786       0.55137952279527658     
  0.64570767858813694       0.51063407391417459       0.56772743140536441     
  0.63878705097061439       0.50903109743243247       0.57692152443724909     
  0.62881791828987754       0.50300781562928831       0.59293436656466125     
  0.63014552841155802       0.49440385103743684       0.59873320026725585     
  0.62480826724329275       0.49420061954619493       0.60446701880631282     
  0.62212885621306335       0.48374200740133222       0.61558862606642994     
  0.61462911932662434       0.46525898418364647       0.63699695706665693     
  0.61904877280218651       0.46415224655690296       0.63351504236938683     
  0.61355134591564375       0.46565524083100834       0.63774598596284227     
  0.61555034153997090       0.46446460788524113       0.63668705425195693     
  0.62174930263059791       0.46734472618005141       0.62850354938540764     
  0.61801677865669413       0.46666272031614275       0.63267777483165810     
  0.62117477989928149       0.46224773785612638       0.63282613857517900     
  0.60388451919897246       0.47110198318694640       0.64295132701406810     
  0.59882322158709700       0.46207382884527076       0.65413953097509747     
  0.60161745053331916       0.44915365520937944       0.66054328944123120     
  0.59910181892907999       0.44332563169215899       0.66673787566075415     
  0.59433301405734096       0.43366812728985826       0.67727411273015814     
  0.59667216442706816       0.43017062726334454       0.67744782798218373     
  0.59215368871986485       0.42279561773589092       0.68600136629512876     
  0.59623491651652150       0.42129199163162956       0.68338640761547986     
  0.59534763501219612       0.41999065714249278       0.68495915308754052     
  0.60112527662282611       0.41280551346082084       0.68428065138616723     
  0.59779721284735343       0.42158697353635527       0.68183789573211118     
  0.59760191137785657       0.41608233326671168       0.68538124241976495     
  0.59632148378356431       0.41788919836227534       0.68539718840268282     
  0.59486499824703665       0.39800724941149712       0.69837372751016835     
  0.59213442980088460       0.39987731779050395       0.69962486216618502     
  0.57660551306399099       0.39767720695498809       0.71370786836960809     
  0.57684840972376472       0.39358490126423190       0.71577708659609085     
  0.57794166353973708       0.38926748745695450       0.71725466659609149     
  0.57361098850623327       0.39420493396910611       0.71803405483257821     
  0.58506330830864572       0.40168753531569384       0.70451972949161945     
  0.58685559430595069       0.40172189048953344       0.70300784784618631     
  0.58545550524025736       0.39385957949773581       0.70860178028406162     
  0.58489790289186572       0.40288285291475334       0.70397432483007905     
  0.57995008698924333       0.39524230768240676       0.71234922251593247     
  0.56406536716464040       0.39755864031490479       0.72372466385800538     
  0.55634773491677569       0.39974277077049247       0.72847986593295910     
  0.56012691829165817       0.38811741242240633       0.73186249362815825     
  0.55580156464151120       0.38634480612699096       0.73608580445539495     
  0.56051677682501344       0.38235510424142477       0.73459207534401594     
  0.54700060487931579       0.37326724535496947       0.74930761493980247     
  0.55167731476873905       0.35973088028227945       0.75249307913155594     
  0.54426069655438802       0.35102964388000785       0.76194388461592555     
  0.53765644655904332       0.35700780238030971       0.76385271781481823     
  0.53782503232741363       0.34020409394112289       0.77136593719694169     
  0.53545523640605530       0.33734345318416692       0.77426551285661527     
  0.52750756383929132       0.34102837785318624       0.77809730470626848     
  0.54168014555383337       0.31926688145239157       0.77759326020770125     
  0.52937181510474673       0.32754298376929136       0.78261170139234137     
  0.52886621133910305       0.33111093802472186       0.78145126349901839     
  0.53598280865070935       0.33115486696822166       0.77656865949776555     
  0.52183323667187298       0.33412107760213555       0.78489055199215130     
  0.52462588199886429       0.34041375481603431       0.78031157845373733     
  0.50902055429459758       0.35371546535713044       0.78471870429651980     
  0.49541759104582972       0.35293563474490813       0.79372403781765077     
  0.49981259424093305       0.34849321447665693       0.79293117614448416     
  0.50007694402050784       0.33668761613707121       0.79784992272923494     
  0.48443543645230308       0.33220266394739045       0.80929827503555485     
  0.49440896186112371       0.32045366114946222       0.80800323606240110     
  0.49290900450421465       0.31975220016666589       0.80919666569211812     
  0.49451127776385878       0.31383254527039101       0.81053545862809939     
  0.50299077093121736       0.32219771813334985       0.80199059519902249     
  0.50220935199892491       0.33041939294479716       0.79913002166782066     
  0.49878373630505402       0.33560108364898389       0.79911619746517371     
  0.49760139562721017       0.33214192217269506       0.80129557256063766     
  0.50786394221621101       0.33196711351660829       0.79490380030545893     
  0.50699987528763202       0.33675012608031230       0.79344217120293004     
  0.52057178852197450       0.33145476402601232       0.78685624633696194     
  0.50946138755717107       0.33308847611405623       0.79341109247875885     
  0.51219175353797286       0.33788644349209168       0.78961532337712526     
  0.51664410172793418       0.34140730532166796       0.78518782722526559     
  0.51932740916419751       0.32333171589965676       0.79104718164227517     
  0.51315657525655123       0.33087189871411149       0.79195588002906847     
