  0.33063503639520930       0.46247269687956000      -0.82267823439597887     
  0.32544094234988319       0.46405498660247602      -0.82385748916411261     
  0.31375088527238015       0.46176051477994984      -0.82966114105757260     
  0.30800470120013573       0.46508214027559042      -0.82995885851968054     
  0.30324518286341112       0.46768040828095753      -0.83025140456387869     
  0.28821322410851047       0.47896027917940354      -0.82917440168963563     
  0.29227091283144557       0.46301191889498272      -0.83677815248359599     
  0.30552924760132788       0.46996497600423071      -0.82812124727572944     
  0.31227443417831807       0.46731741576107033      -0.82710284166178927     
  0.29940540425274559       0.47350961605005959      -0.82833872746140236     
  0.29847570775690929       0.47315097076571744      -0.82887900850635088     
  0.30759904146615247       0.48186727512014099      -0.82047959076225341     
  0.30725615991799360       0.47864458420119810      -0.82249195388606167     
  0.31077820562327768       0.48027835928255397      -0.82021314578250559     
  0.31826197893877894       0.47320667854230564      -0.82145283013994852     
  0.32250328478667034       0.48186851738374820      -0.81473576284351013     
  0.32254648930356428       0.48341749978526272      -0.81380051802595443     
  0.32696303680587452       0.48102244746932993      -0.81345717625041325     
  0.31716746017695474       0.47721330523061040      -0.81955613811121930     
  0.31608343112845583       0.47763497437520119      -0.81972928203136886     
  0.31836378715913022       0.49463098804326583      -0.80869319565150211     
  0.31089235496427853       0.48274213130913085      -0.81872216183750801     
  0.30169189949783687       0.48450524483464402      -0.82111915426758175     
  0.30874968961369470       0.48423509212942434      -0.81865133281138391     
  0.31399671910833232       0.47794616349270330      -0.82034963594299903     
  0.32757695932127201       0.47763788434699289      -0.81520266630964777     
  0.33981592960210705       0.47268397739215817      -0.81307748185851669     
  0.34021184332875742       0.46865849089448292      -0.81523930264147360     
  0.33972023558235070       0.48194124035745245      -0.80766503104851184     
  0.34003093109710858       0.50074948735654790      -0.79600811353238587     
  0.34578528590284141       0.51556292808572812      -0.78398176205621051     
  0.36626677796412010       0.51186699809224612      -0.77707195524212203     
  0.37289555739967883       0.52192314779875071      -0.76716695123253742     
  0.37022845437631602       0.52579277707070948      -0.76581515207678885     
  0.36195418508279925       0.52842040014877611      -0.76795901492700380     
  0.36151959301737374       0.52180327886794176      -0.77267387818355693     
  0.36195416324576035       0.52637877936057453      -0.76935984061291751     
  0.36509520239576182       0.53566755679584832      -0.76142351013346432     
  0.36807393655556353       0.53411199573711521      -0.76108209362604706     
  0.38863881798127925       0.53257217682227209      -0.75188213546599225     
  0.40157995042154382       0.54664606286202522      -0.73478678905984496     
  0.41244578201382409       0.54862337630608160      -0.72725571009757162     
  0.41953567353536192       0.55497376826199063      -0.71832717836116922     
  0.41066286408698843       0.56686682505545938      -0.71415545556371329     
  0.41325047654452096       0.57952458876116975      -0.70240678716604321     
  0.40126099263614812       0.59125443637002550      -0.69957687730614515     
  0.41495426174282912       0.59780963621527394      -0.68588380904467061     
  0.42820932817563706       0.60239216342702784      -0.67361743794610551     
  0.44152809209701993       0.60581350848646842      -0.66184812217341971     
  0.44172884822639141       0.61421957127728322      -0.65391891156666859     
  0.45177437509356688       0.61507521193710391      -0.64620615725118780     
  0.44939438269344878       0.61910572291289589      -0.64401303764758910     
  0.46330666530213283       0.60488699730601425      -0.64765627795670477     
  0.48043259912046965       0.59778327923398100      -0.64174735587349319     
  0.48034120431818172       0.59910076136231372      -0.64058614188043084     
  0.47338206419432782       0.60154169676402858      -0.64347261663055333     
  0.46561570023357529       0.60621463890112737      -0.64475253491395723     
  0.46550170340542707       0.61247232989071809      -0.63889420817916531     
  0.45854690020939060       0.62679990579062450      -0.62996556922519520     
  0.44880940909517469       0.63299695256345967      -0.63078123969646871     
  0.44972266383912840       0.63353471965845032      -0.62958977486672041     
  0.45328334613686977       0.64156804206650220      -0.61880906224288545     
  0.45743901764997924       0.63774296186033608      -0.61970433250787327     
  0.45920540323090953       0.63870895835888908      -0.61739878859262520     
  0.45491818873106576       0.64080610858190978      -0.61839871665920898     
  0.46836618703200500       0.62711844964321739      -0.62237895607273663     
  0.47215148333675205       0.62722245179150971      -0.61940695245658539     
  0.45280132567109282       0.63881614907084261      -0.62200071314814498     
  0.45890858706665899       0.65587696747021840      -0.59935658189307794     
  0.44152848423916846       0.66572206912694221      -0.60155359219508109     
  0.45091559415889099       0.65823013289538701      -0.60283349201322312     
  0.45245702209854649       0.67151595405968756      -0.58681254809097605     
  0.45559834615899653       0.68001434704242636      -0.57446552097897963     
  0.46577208427730177       0.68013704794957430      -0.56610066376433155     
  0.46293510371250424       0.69001208852492202      -0.55639411161529051     
  0.46235148910959867       0.69849239686814546      -0.54620460638439372     
  0.47626465000385343       0.70063260550044626      -0.53130587731208423     
  0.48281001529679002       0.70122603607499556      -0.52457271703707853     
  0.48902831910056854       0.69680646317238282      -0.52470187344707253     
  0.51576945337333813       0.68782258479418157      -0.51076605487641735     
  0.52153362823383431       0.70343665813116307      -0.48288667678712638     
  0.53501828449838906       0.70495274772331140      -0.46561471060282816     
  0.54077971188313190       0.71299374207502331      -0.44631516552482758     
  0.54675574198054455       0.71623963658240974      -0.43365763177834510     
  0.55966570518154313       0.71114769741182837      -0.42549177537233429     
  0.56514018859281445       0.71310392210276463      -0.41484860313002531     
  0.57760868604785698       0.71645233396302410      -0.39123427631152774     
  0.58335281715618637       0.72586893271431752      -0.36443625400900997     
  0.58614501639195515       0.73286527069441509      -0.34545985985187511     
  0.59350326860669356       0.73350628572874865      -0.33124371533598373     
  0.60090621605829742       0.73388075933372077      -0.31675029689372208     
  0.61536065129653217       0.72761670614141460      -0.30315870065004957     
  0.61001075105759894       0.73178024749437187      -0.30394827351248399     
  0.61778362612623816       0.72700833880031046      -0.29967026313121214     
  0.62171339025999650       0.73180383025880058      -0.27916950834568294     
  0.63672071778986827       0.72394900554280273      -0.26548929340133864     
  0.63824211528657504       0.72963264381754223      -0.24552638829735154     
  0.63707290298013375       0.73441153072676491      -0.23404661891177811     
  0.64768420807867222       0.72651221267173927      -0.22953250629119440     
  0.66102362755804667       0.71731045380181602      -0.22025775054838287     
  0.67296143617642235       0.71253157538105316      -0.19854888441983704     
  0.67857146437697391       0.71240199097702617      -0.17895298540471058     
  0.67843544366830077       0.71630104318226795      -0.16321202256755110     
  0.67996637870776477       0.72023470134527612      -0.13750526828136059     
  0.67868440631708427       0.72309276611505613      -0.12854698835096501     
  0.68541212741377922       0.71772426063613048      -0.12280920685533729     
  0.67807819424814242       0.72340190320989040      -0.12999864967562788     
  0.67864443161920307       0.72347067886882355      -0.12661718781165640     
  0.68190562089014461       0.72487412806197316       -9.7786618025273497E-002
  0.67836256629375014       0.72727695044669993      -0.10436697753745902     
  0.67005509170490107       0.73723471427258258       -8.6666891900889206E-002
  0.67638111396500733       0.73188987320792975       -8.2739362863973848E-002
  0.68503171770836935       0.72594019826747047       -6.1174948082577153E-002
  0.69145873938920599       0.71830417145643533       -7.6967064323469447E-002
  0.68828142438241136       0.72260464096785948       -6.4118746882858291E-002
  0.69176364519344691       0.71967771983106898       -5.9388877472349791E-002
  0.68949545256245159       0.72240122242463078       -5.2273269795359262E-002
  0.69868245450805078       0.71409657550827477       -4.3691058695794212E-002
  0.69653517193768666       0.71696283708153541       -2.8338039765156711E-002
  0.69523221116076128       0.71876094027161019       -5.9062089692441706E-003
  0.68816490419477305       0.72553763720046904        4.9195162525886224E-003
  0.69990714736839654       0.71409293357241510        1.4186870147293635E-002
  0.70620442920478255       0.70785283009102851        1.4821440674434196E-002
  0.70987759687099639       0.70342931558280242        3.5510497593918583E-002
  0.72101094207596172       0.69103387682967310        5.1141005861079704E-002
  0.71178953081845109       0.70018337195353586        5.5667849401836000E-002
  0.71799541524050037       0.69222230881781543        7.2875639747132431E-002
  0.72179572961589689       0.68744760694424523        8.0166778748341133E-002
  0.72769805124682030       0.68164597346116662        7.6251643102024175E-002
  0.73509463395260721       0.67232364128366129        8.7274283183309195E-002
  0.73209029843254736       0.67330708050770116       0.10344742761006012     
  0.74058814722140809       0.66313100380425394       0.10856550091407625     
  0.73742222716939798       0.66258126176748977       0.13112791629216608     
  0.74188868461810453       0.65554810837918920       0.14091790956469927     
  0.74380865429901244       0.64910770186465727       0.15939848546919752     
  0.74832421951246508       0.63838559147300489       0.18020737801411110     
  0.74215842155861278       0.64239653959909615       0.19112185437760493     
  0.74728513065594315       0.63744252350210329       0.18770179203140469     
  0.74833299841080236       0.63061954511007257       0.20571026424236388     
  0.74714297559765852       0.62816315526261768       0.21722896764839944     
  0.76158162395228779       0.61049098547941216       0.21747226652282009     
  0.77208021204743149       0.59640549850230007       0.21952819299811194     
  0.76135606749404483       0.60349896046924623       0.23690914545990527     
  0.75030569922969814       0.61149623300574762       0.25122443098395669     
  0.75570125985766634       0.60151012928469649       0.25903893571708930     
  0.76399434620836015       0.58093010390799726       0.28077188843454948     
  0.76710634674383071       0.57040384653199050       0.29357674404973355     
  0.76662922670624389       0.57113615808314067       0.29339924623252844     
  0.76745948946713083       0.56638545437393262       0.30035553782223440     
  0.77185125437900259       0.54847154832373424       0.32159695550941458     
  0.77291656147662757       0.54153069619452987       0.33067279004207983     
  0.76198006338929003       0.54417112872366469       0.35108996804361314     
  0.76867767536287324       0.53080668840296652       0.35690179453934334     
  0.77507221737391108       0.51622627742423055       0.36438096595707375     
  0.77368666139408493       0.51254247078872961       0.37243679412573982     
  0.77033706615490682       0.50965780722619358       0.38318366880810212     
  0.77520032915966264       0.50190493014859128       0.38360903373524513     
  0.77393727177057114       0.48496267023516459       0.40722513164428364     
  0.77826365653248775       0.46614724917240319       0.42072844330955711     
  0.78229274648527236       0.46017294630581584       0.41983201198187931     
  0.78341502133755259       0.44749837642081142       0.43128425364650091     
  0.77932404285591694       0.44431741380222245       0.44185526139089243     
  0.78124494458362281       0.43384072549839153       0.44881907430674134     
  0.76798163254420082       0.44713574141379886       0.45855625699043306     
  0.77176993222794810       0.43370861467937877       0.46504624421853119     
  0.76943882314614820       0.43596706750805214       0.46679397327289640     
  0.76850064387029648       0.42577282521357651       0.47762355645485854     
  0.76917607144932576       0.42783888712586671       0.47468100633233851     
  0.76947477254367402       0.42668457428523049       0.47523557157045038     
  0.76788012533503747       0.42816262820203782       0.47648386848514618     
  0.77246671444183479       0.41773079700309307       0.47832641189317271     
  0.76724166049365750       0.41096221280399237       0.49239241875782530     
  0.75998982472378462       0.40827905698339517       0.50569128719512324     
  0.75741989279654454       0.40812154481896928       0.50965862167793108     
  0.76199767612317626       0.39182331389026798       0.51559095441534508     
  0.75971440959210546       0.38476399888640445       0.52420480827541216     
  0.76117926948375203       0.37631737787326958       0.52819631844492110     
  0.75428536109512789       0.38287350721444252       0.53334929596925962     
  0.74742658656612937       0.38387773909155148       0.54220971876577662     
  0.74816628954343334       0.37545525517496620       0.54706540244500135     
  0.75001881923934632       0.37729521347132428       0.54324956758238185     
  0.75607501445780501       0.37030895901365751       0.53964974510033015     
  0.76245760945275820       0.35732836794626216       0.53942082945363357     
  0.76431213280866417       0.34643124647050794       0.54388634392707580     
  0.75935585812989692       0.34778070682222240       0.54993386937525690     
  0.76840852683986072       0.33559491654668755       0.54490768747359031     
  0.76273542940726269       0.33509945714594708       0.55312116082049267     
  0.75073445185645771       0.32309306684663530       0.57620192029480433     
  0.75170860181588628       0.31228587398109442       0.58087150977463975     
  0.75364017504277558       0.31152465345861280       0.57877359722864519     
  0.75389918517357868       0.30061197321367900       0.58418187249793430     
  0.75400850318462664       0.28490158762885720       0.59186338161085394     
  0.74398093009194755       0.28557511613581527       0.60410200190326868     
  0.74036735991038694       0.27246207451625137       0.61450841355478991     
  0.73664884072559811       0.25927190771540248       0.62460112337975215     
  0.72754726148035120       0.27058951047104329       0.63044135265342438     
  0.72289033682850545       0.26686456896527971       0.63734830567825740     
  0.71882938175257305       0.26287551044652274       0.64356878881491297     
  0.71832189764501386       0.25432527012915712       0.64755872964341754     
  0.70850102978853113       0.24527022751788072       0.66171656038058835     
  0.70826451313727523       0.23159126503317604       0.66687844873766267     
  0.70754748275203927       0.22554956671474385       0.66970437702470198     
  0.70503757495927644       0.22424903751794484       0.67278108405916004     
  0.69307467705706938       0.22276930778791665       0.68558101456351028     
  0.69138573163990347       0.21045477869059617       0.69115450965109648     
  0.69172655402857430       0.20501677610800800       0.69244674594226607     
  0.67825394467768818       0.19559017043508942       0.70831918776659430     
  0.68521659752927977       0.17332139792533255       0.70741636077461911     
  0.67820563176861415       0.18481713715612438       0.71125223855587971     
  0.68604558613894417       0.18912494982802922       0.70254765467676217     
  0.68690572252617221       0.20160193273496615       0.69822431143460140     
  0.69185405236909747       0.18691777516034258       0.69742362703708694     
  0.69683683142932928       0.15912825065214936       0.69935443818418686     
  0.68638082707501902       0.16001618641835497       0.70941960806559345     
  0.69042717762423167       0.16923713400907200       0.70332716773222481     
  0.68719090004603889       0.17234216513112943       0.70573851036473101     
  0.68704103478124356       0.17609191777411903       0.70495833424490528     
  0.68893214574394979       0.17603431567258357       0.70312475298934163     
  0.67422653622708684       0.17806657467579187       0.71673626448677452     
  0.67721010286983208       0.18676714538065636       0.71169130244607703     
  0.67641359684039004       0.18508573247347118       0.71288703007152898     
  0.67277003642747801       0.17753209712295084       0.71823591707495238     
  0.66999309676580121       0.19535541089225758       0.71620214585079922     
  0.66777774060945316       0.18645319632635118       0.72063034541033655     
  0.66990350874975746       0.19593361758658906       0.71612799586679887     
  0.66367307121544583       0.20926273934866341       0.71815538740842944     
  0.66053090288621352       0.23362067799691452       0.71352666743758519     
  0.65392134593360862       0.24150273898896987       0.71698207815342485     
  0.65972406593127386       0.23022524486479137       0.71537437293913231     
  0.66495994532808178       0.23003801792469217       0.71057074342992343     
  0.66378677273357811       0.22707702737558783       0.71261710895978947     
  0.66724299558226774       0.22096832499228683       0.71130850142290958     
  0.65208067512025947       0.22736412871281578       0.72325399833624804     
  0.65400581436809657       0.23487433699421154       0.71910391501802562     
  0.65214629140969060       0.23797890825319540       0.71977166784140945     
  0.64886259194601503       0.24317449744014921       0.72100173409488444     
  0.63760957496800552       0.24608064937680407       0.72999886569186534     
  0.63599365730668378       0.23122819227892863       0.73623745555431230     
  0.63890706179739742       0.21798723545074128       0.73775289329555316     
  0.64370496390971665       0.21852416905590538       0.73341059917103468     
  0.64245041728240948       0.20401742487516034       0.73867066523652236     
  0.64565949514866883       0.17971505600124107       0.74217674106026599     
  0.64440337343178200       0.18184758691874583       0.74274877814882279     
  0.63666815819055345       0.18074352969450636       0.74965687672415826     
  0.63266597537512859       0.17635347028915685       0.75407772617921109     
  0.62640702822496075       0.16721845999717544       0.76134894866056424     
  0.62012449374635070       0.16121407492978529       0.76776014112505597     
  0.61587273184811575       0.16348514386316398       0.77069668865383067     
  0.60631852472116587       0.16817873016686233       0.77723468868766477     
  0.61392551699522813       0.17546688384943970       0.76961472975399126     
  0.60318222713602898       0.18807176359335892       0.77511303214849703     
