  0.29587335821542976       0.47218023626191535      -0.83036424560668887     
  0.28973303393001026       0.48507107110460895      -0.82508231409183552     
  0.29854274044704182       0.48144109645093985      -0.82406717127579254     
  0.30813685326346724       0.48342253445118227      -0.81936214999576573     
  0.29921893934536237       0.48927017306143322      -0.81919638920680771     
  0.30406008189316946       0.48544307719198287      -0.81969048146571621     
  0.30913868683737028       0.49168723110583751      -0.81404971535400783     
  0.31308301982173270       0.48766007976152675      -0.81496421351264625     
  0.30785695231739563       0.47620192801537209      -0.82368429672070798     
  0.30638592333448600       0.45441665773979795      -0.83644077324761368     
  0.31553836108925809       0.44661776412021875      -0.83723838627559455     
  0.31392524515091325       0.45284542325313132      -0.83449503479387555     
  0.33110074981844057       0.45646574213787017      -0.82583976637371359     
  0.35360196185537723       0.45962938932227465      -0.81468182564929048     
  0.36436431929235025       0.45563584430207910      -0.81217893361854299     
  0.36646137652130223       0.46673081651404136      -0.80490272979674293     
  0.37355182739372256       0.47170576031182893      -0.79871941752999220     
  0.36854939347389615       0.47776443539768820      -0.79744121340644936     
  0.37228068204759807       0.47641908270194211      -0.79651236739401254     
  0.37292995213515706       0.48221945354193035      -0.79270905723738982     
  0.38914886065583937       0.48357269481872561      -0.78404120623601015     
  0.39404507428126972       0.47762175078311392      -0.78524260111989685     
  0.39391378554463585       0.48089238156158648      -0.78330993030467833     
  0.39223223344417341       0.48426396549864320      -0.78207562726818480     
  0.38950734256314440       0.47733680538026496      -0.78767607829536124     
  0.40750914835129692       0.47355292656246434      -0.78082259172882917     
  0.41919879852822928       0.46348399612825614      -0.78067595879818918     
  0.41633890897143722       0.46069129593500624      -0.78385294713115516     
  0.42149492218386864       0.46908847862150183      -0.77607862346400147     
  0.41634095645930691       0.46794849597893529      -0.77954115547904312     
  0.42424687156502799       0.46042999263124673      -0.77975561161999762     
  0.43725136385656160       0.45466924791983132      -0.77594272971759437     
  0.44310502284871389       0.46233454378735039      -0.76805254269951040     
  0.45700300041751568       0.46189596705641955      -0.76013181306034228     
  0.45413370852111679       0.45316183179209624      -0.76707687293496762     
  0.45080715942235100       0.46236531268241238      -0.76353861895888753     
  0.45759076972030044       0.45453861832756848      -0.76420241553900314     
  0.46710294288550208       0.46010509972185587      -0.75506167824730952     
  0.47754894300143774       0.47379487468151738      -0.73990906452329286     
  0.47900873732670912       0.47849349609449215      -0.73593111346099604     
  0.47942089297489487       0.48825714476504328      -0.72921914947774180     
  0.49200592679175559       0.48758074487106523      -0.72124557900396358     
  0.50787172838514660       0.48759295314033141      -0.71015450400245583     
  0.52011040497041738       0.47068957183347254      -0.71269663504799197     
  0.52664224165642248       0.47240254950106936      -0.70674166463283328     
  0.53441158894087848       0.47935305147475760      -0.69615005971954336     
  0.54011688257995727       0.48286714954600479      -0.68928446162772616     
  0.54540435833345124       0.48070978072541276      -0.68662376351667420     
  0.55653106226758242       0.47927387838442842      -0.67865287609326774     
  0.56334730156422153       0.48595158862022275      -0.66819972413776962     
  0.56994686600343503       0.48612053852225084      -0.66245557734817151     
  0.57228016817465810       0.49237300262453310      -0.65579282963485253     
  0.57806946957713679       0.49118088073169008      -0.65159575715810869     
  0.57986174782463296       0.49057552210594324      -0.65045830805689853     
  0.58869783083660476       0.48523318333847004      -0.64651652860193054     
  0.59175973490787737       0.49268541825955714      -0.63802938394415998     
  0.59569553050780399       0.49352012163513770      -0.63370712831264953     
  0.59957026756071652       0.48939459718353268      -0.63325225819158271     
  0.60174448825877003       0.49069633783570549      -0.63017511446011454     
  0.61308715799677116       0.49870273715110658      -0.61271503707468822     
  0.62831528423911087       0.48408786350247374      -0.60899822988341723     
  0.64086949742525101       0.47692825334197309      -0.60151951625369648     
  0.65100991055254820       0.45713899880057629      -0.60597857399248856     
  0.65447363359867938       0.47148634484624413      -0.59107096828356420     
  0.66501575520043965       0.46402590273121863      -0.58517861113481129     
  0.67401352554677185       0.45525033520331243      -0.58176704932239243     
  0.67049364021349467       0.45069189504788204      -0.58933445018207187     
  0.67622930242417423       0.45343057841284867      -0.58061574307204578     
  0.67109698558943820       0.46833439779574088      -0.57471012499700225     
  0.67253743062465865       0.47430963757983646      -0.56808782077040409     
  0.68459861948939305       0.47669999644800642      -0.55143616455550670     
  0.69407721197821182       0.46805104706874090      -0.54697809933342656     
  0.68774464283931236       0.47767446222197030      -0.54665749275645892     
  0.69531713660367311       0.47569285406699391      -0.53874891010086201     
  0.69394080876665742       0.48282893319126380      -0.53415575930777326     
  0.70336395408506425       0.46788196855745506      -0.53513139656781883     
  0.72113545916579114       0.47159302281755267      -0.50750731065034627     
  0.72772278061786499       0.47357031906533864      -0.49613577523713798     
  0.72536023319783460       0.47180862533004897      -0.50124759666192165     
  0.72852344087240051       0.46658700554646221      -0.50154776677264112     
  0.71984507603373127       0.48164263659105877      -0.49984341260799375     
  0.71732773643649728       0.48653857504988729      -0.49871949383126818     
  0.72452130442945861       0.48777241957348438      -0.48697735689790006     
  0.73797926044437112       0.49429644829104241      -0.45941009170548375     
  0.74944487239911572       0.48277236229060461      -0.45305985194345266     
  0.74591774473555117       0.49301265824461260      -0.44782277398454257     
  0.74093615976480465       0.50171744236068705      -0.44642268668161916     
  0.74211611868322747       0.49926347691018552      -0.44721320084954558     
  0.74196201141252138       0.50142915671129962      -0.44504064356020456     
  0.75074458987519221       0.50920639104126708      -0.42082230465584586     
  0.75541971993617485       0.51097288012548125      -0.41018015859841600     
  0.75283333841428179       0.51259552237086514      -0.41290167717914261     
  0.76131749809478688       0.51063396315037413      -0.39956053705544703     
  0.78173983464977559       0.49560442405355010      -0.37849582003014376     
  0.78199372331641670       0.50548383891252502      -0.36465313010035261     
  0.77553715163207215       0.52885460343836566      -0.34475344067965835     
  0.77882098861424920       0.52503393887372030      -0.34318687434788370     
  0.78932423659759909       0.51550900294959301      -0.33349320442482039     
  0.79207962955140687       0.51755589033208482      -0.32364449760851749     
  0.78738031220845883       0.53432393569280545      -0.30745759982843401     
  0.78894074568921957       0.54121063156681393      -0.29097001919508680     
  0.79329876787700793       0.54271356350623956      -0.27593305867760953     
  0.79132696773175015       0.55423493110120658      -0.25811871549292004     
  0.79735827816743243       0.55482791942909981      -0.23745685094316593     
  0.79136787020633259       0.56395291825441296      -0.23599576266836880     
  0.79381246262163363       0.56832646567666556      -0.21648741902948790     
  0.80298787126288274       0.56131688400467084      -0.20033430643799444     
  0.79781446250454502       0.56793606174843358      -0.20233811599465004     
  0.80005235742466585       0.56618281552411065      -0.19837652276523549     
  0.79741256760691415       0.57370298676058840      -0.18707773786458115     
  0.80176133564168928       0.56632918688875966      -0.19091886430620708     
  0.80309157098051598       0.56540683570144612      -0.18803999245406469     
  0.81093358176126373       0.55841880511977771      -0.17480035486362053     
  0.80911807187015028       0.56498241158294926      -0.16162555607033810     
  0.80728825222872735       0.57216136255183148      -0.14462729001236160     
  0.81152895550668602       0.56662299381605519      -0.14268544863846233     
  0.80232079913580678       0.58012700946991669      -0.14047771409576718     
  0.81069892934667864       0.56885184744134476      -0.13847318014228835     
  0.80549023228813454       0.57932440591090428      -0.12477467052404771     
  0.81276002955602156       0.57401565565481971       -9.9635141487644602E-002
  0.80422378468751887       0.58779638819784397       -8.7860743022429855E-002
  0.80792695192298458       0.58382321500198220       -8.0028082453506802E-002
  0.81085505089619891       0.58158131373519717       -6.5400779430869763E-002
  0.80647851596643749       0.58795269496477687       -6.2482251625792337E-002
  0.81325740833190030       0.57836941966706057       -6.4040629191706666E-002
  0.80742324532824516       0.58859456912473729       -4.0300571962074740E-002
  0.80931315550773286       0.58534041614314225       -4.8875490294112728E-002
  0.80743748136606031       0.58746765917997323       -5.4096793831395970E-002
  0.80048310555143654       0.59835093875247192       -3.4683595845349337E-002
  0.79759602888740411       0.60283602586535923       -2.0719570987438322E-002
  0.80094576000276019       0.59873676093333505       -4.2501842216275803E-004
  0.79623981014663026       0.60481943020418605        1.3986478654097230E-002
  0.79615300413460222       0.60370551541588435        4.0988347903871333E-002
  0.79622523648265797       0.60221739309450750        5.7961920625439388E-002
  0.78468912170895211       0.61620846794167661        6.7454475823348667E-002
  0.78129784586610951       0.61843836241182670        8.4306986319958310E-002
  0.78399037145559691       0.61448675969416100        8.8119916168168597E-002
  0.78103023327433219       0.61797969328079916        8.9960399087660181E-002
  0.77532418884687748       0.62305952033697709       0.10329199536453521     
  0.78645091789441812       0.60806624920669317       0.10839921733448991     
  0.77693746705897337       0.61920705164134060       0.11380157941620971     
  0.77614885617317775       0.61801391434753583       0.12510697316258199     
  0.76856487726062506       0.62494224871818127       0.13694968130091673     
  0.77193710305350627       0.62023352014704936       0.13936817935009330     
  0.75941862435158536       0.63155303426682008       0.15628217395569388     
  0.75156651201571323       0.63229452697121225       0.18801970423012990     
  0.74479222582314109       0.63619027669364880       0.20136154596613035     
  0.73960647500456089       0.63812423844491917       0.21396195559121986     
  0.74594771179123309       0.62431758339642529       0.23192577764334521     
  0.74146242685782171       0.62780642402697917       0.23683868668054769     
  0.73759734929154885       0.62540920789079146       0.25458490332989975     
  0.73233003495741633       0.61862904213184855       0.28458887562640384     
  0.73981501766899826       0.60106603645321466       0.30231334646991970     
  0.74160084533896076       0.59736366504885330       0.30526191683854020     
  0.73605823420161609       0.59506456523935558       0.32267079052882153     
  0.72762528307307517       0.59661562592040729       0.33854282201876129     
  0.72065830665139097       0.59793968690351784       0.35088422004996422     
  0.71070818195217011       0.59459320446613839       0.37596914941113058     
  0.70236251267894456       0.60056405614126884       0.38211217627087690     
  0.70852981191197439       0.59123596443479420       0.38526035351543891     
  0.69783338839240849       0.59330498650278529       0.40127017710726959     
  0.69091165933777776       0.60058608992414408       0.40241449722984085     
  0.68258012777173072       0.59465815764715779       0.42481295262128588     
  0.66851415858609653       0.58944567041720408       0.45347835824473048     
  0.67657200672371942       0.59371709032633280       0.43560341639187317     
  0.66502386427296045       0.59213180028335466       0.45510788945111852     
  0.66440990642988573       0.58954222206893325       0.45934675859948371     
  0.64848254185526977       0.59270027497268174       0.47767852888342632     
  0.63480173146761720       0.59108023539901555       0.49764537277699988     
  0.63313277044800398       0.58513293924673737       0.50671721738392550     
  0.63312655727979605       0.57904231762937508       0.51367378447944290     
  0.62721281818186836       0.57282741471385701       0.52770525263691948     
  0.60913489853471903       0.57464078900647897       0.54657354399669422     
  0.59781661293757926       0.57352061065931192       0.56007982149405089     
  0.61075947683344445       0.56085914879163512       0.55893637980977595     
  0.60717599313732507       0.56544239349999803       0.55822236876597386     
  0.59799815181091132       0.55858350567952497       0.57478924625770789     
  0.60580821470941493       0.56100107391181875       0.56415795843041661     
  0.59715184819080624       0.55840580770780945       0.57584079754780448     
  0.59826300765078255       0.54888082830359641       0.58379038189866939     
  0.58932957901254102       0.55093610775992108       0.59089766666254995     
  0.59030521714468398       0.53932667252828692       0.60055515226441225     
  0.59880649149284804       0.52472552751803625       0.60505694485473083     
  0.60654675822290338       0.50937698708684687       0.61043928044942497     
  0.60852602118846799       0.50665142742817759       0.61073759719008602     
  0.59429153185315464       0.51094159515605864       0.62109279621245950     
  0.57028971214061475       0.52535793643481299       0.63148134006598311     
  0.56171963257433233       0.52600733865976645       0.63858228448386090     
  0.55792110301319209       0.51638115491862757       0.64967264499703803     
  0.55106991709626496       0.50124604012250940       0.66713893135764313     
  0.53719057440540141       0.51043292042486588       0.67147935226374300     
  0.51914332976464417       0.50734697755111013       0.68781483520685238     
  0.50132995603234065       0.50860160892886053       0.69999477039445368     
  0.50696028594557863       0.50930122211100948       0.69541608669213562     
  0.52725444822478917       0.47993255754450082       0.70119005058255468     
  0.52664576533017549       0.47198149752472873       0.70702029946395928     
  0.52364376875536223       0.46751401478600818       0.71219930456463398     
  0.52309910523708036       0.46063772022859290       0.71706360722237772     
  0.51755988486774318       0.46156561029649257       0.72047828070477815     
  0.52410668667612648       0.45536155632487468       0.71969301372373917     
  0.52057543110054905       0.44612306617832326       0.72799411423316263     
  0.51734973621854519       0.44177620782136040       0.73292771310517346     
  0.50115787309478999       0.43975793778315903       0.74528769102394887     
  0.50446273446175682       0.42811842551871276       0.74982128755507071     
  0.50444679770458078       0.43842268999617912       0.74385413434496961     
  0.50789124399188545       0.44222274750181290       0.73924659341002175     
  0.50759373084114612       0.43585945175334306       0.74321944453037536     
  0.49881594416077485       0.44718571231816817       0.74243356103390579     
  0.49299795914773381       0.43787010541563082       0.75181299739993357     
  0.48889479490409748       0.41704219066807968       0.76619690074970170     
  0.48801252112832533       0.38588266510355063       0.78290379229797857     
  0.48031968306913597       0.37889237018193495       0.79103323183939567     
  0.48695850576972549       0.38693441816010160       0.78304097574879084     
  0.48947188416855997       0.38503472960267909       0.78241007892809655     
  0.48648509476233670       0.38009044756494342       0.78667878085274401     
  0.47192176640141387       0.37737022533508646       0.79679455283474021     
  0.46107660464416816       0.37993757999101385       0.80190760063761413     
  0.44566875486344976       0.39209953062326125       0.80475916833763339     
  0.43295816545668814       0.40303114357159581       0.80629592847523979     
  0.44974975799130740       0.37634584123310283       0.80999318699190714     
  0.47185867075229032       0.35537798191625714       0.80688034106985695     
  0.47555739267118219       0.35213935182215722       0.80612842846165456     
  0.47599439176521885       0.33046092752566997       0.81499994747664350     
  0.48443906183250424       0.33064233712538410       0.80993483705240576     
  0.46818083458532955       0.33035040763846940       0.81955799935091922     
  0.47222360995280066       0.33301837658596672       0.81615171571172440     
  0.46443742422150452       0.34193270333530801       0.81693323189370948     
  0.46804145793051055       0.32798499168253992       0.82058700872563495     
  0.47616415482530466       0.32242113746964052       0.81811509445327135     
  0.48025746482870207       0.30418899067764127       0.82269181679826187     
  0.47847913730403424       0.30668616847198260       0.82280089282447966     
  0.48088830017201284       0.29926279937159905       0.82412876401078572     
  0.47906999448532989       0.29639062779382197       0.82622305471331969     
  0.48243683357934047       0.28361385455246391       0.82874476355017312     
  0.49091166386561941       0.28059534696640759       0.82478602651929711     
  0.48446813810212774       0.27539915901250006       0.83032880618407090     
  0.48029738033169306       0.27331458139186321       0.83343480011642390     
  0.47902207005978736       0.27733557847185203       0.83284022075624975     
  0.48667716966996832       0.27479404752930325       0.82923673577844581     
  0.49532398765862790       0.28656923491559461       0.82008061850640401     
  0.49381578280234573       0.28059020909785654       0.82305231134705392     
  0.50282620328454608       0.27669795937923941       0.81890417544778282     
  0.50493015373090910       0.29151867355407296       0.81244224583816083     
  0.50714738315605057       0.28685225624999156       0.81272216337581149     
  0.51020484304354108       0.28126788602986574       0.81276035485449583     
  0.51999875096672532       0.27704790007586699       0.80798871282747398     
  0.52561220883993343       0.27905621832794980       0.80365380166518818     
  0.54579705492633535       0.27088056196293009       0.79292452098821253     
  0.52820978601054258       0.27914080371122052       0.80191946831720617     
  0.53674055137169296       0.28003454502401348       0.79592099740263456     
  0.53674055130517773       0.28003454522260446       0.79592099737780575     
