  0.13008643125728919       0.67203063556638143      -0.72900778134597977     
  0.15251463968727857       0.68092024728237821      -0.71630084568005670     
  0.15255325064332040       0.68301008412627662      -0.71430016848659128     
  0.15644828268775010       0.68477075058045811      -0.71176748590640870     
  0.16220799683300949       0.68242315391027097      -0.71273221112180751     
  0.14995158118602603       0.67535588974868876      -0.72208652215753755     
  0.14971390788149810       0.68386588399369030      -0.71408206705978794     
  0.15145621886664712       0.68470230146691147      -0.71291217701238152     
  0.15700171255732204       0.68461954344855724      -0.71179108099382438     
  0.16403530685664333       0.68010452329160642      -0.71452799490484886     
  0.16433119270102725       0.67612549929415267      -0.71822668309503157     
  0.17016256766837318       0.67605472367946140      -0.71693424465232092     
  0.16385506812652295       0.67721225725448253      -0.71731100317333851     
  0.16389215598798793       0.68858130636649273      -0.70639588456348112     
  0.16545151991720614       0.68397133248979325      -0.71049912800032566     
  0.18488556218865293       0.67697413326927769      -0.71240673198566584     
  0.19352362212275892       0.69222059364777266      -0.69525481473371609     
  0.19496099351947627       0.69612937046906420      -0.69093712490808024     
  0.19498445570856146       0.69846659699694580      -0.68856769813253871     
  0.19892154537895559       0.69726974424233490      -0.68865457418670917     
  0.20487442238899528       0.68169804477155593      -0.70236332962748949     
  0.20770384530588329       0.68497386808786020      -0.69833366858680423     
  0.20693350685332976       0.68574001457712752      -0.69781025798503715     
  0.16839631104427852       0.69201661900807276      -0.70196558422996380     
  0.18365997456520466       0.69962831985632257      -0.69049925980968840     
  0.17460463572865748       0.70031358489773055      -0.69215179259303516     
  0.19475575590579514       0.70593279299505629      -0.68097656884489155     
  0.19940712491755988       0.70747456632152328      -0.67802399407416636     
  0.22491427282221729       0.71372092769957329      -0.66333702387588389     
  0.22021684226309873       0.72205334941609733      -0.65585326329954685     
  0.21647563328241926       0.72068733285818676      -0.65859552720370684     
  0.21841074521270168       0.71972516026003008      -0.65900867980953504     
  0.22971248825877219       0.72241039448882916      -0.65219275883166461     
  0.25230528036123184       0.71739535732684589      -0.64937350329970156     
  0.25594924000337249       0.72004964381143477      -0.64499495888628644     
  0.25196304842106659       0.72841788675606056      -0.63712008639203777     
  0.26017984829772806       0.72816059033473990      -0.63410456647396463     
  0.26828013471767131       0.73152187229452836      -0.62681856997904606     
  0.27785343275983360       0.72740636424106564      -0.62743720894219379     
  0.28852107982750352       0.73048965982394665      -0.61898339508056766     
  0.28975666035126396       0.73885397485659243      -0.60838793678104452     
  0.28634365165906700       0.74456099289128552      -0.60302258748681559     
  0.28611140131000662       0.74612914511351258      -0.60119178708013121     
  0.30051099463237296       0.75357446063870215      -0.58465260999857860     
  0.31823692791357833       0.74856809505047384      -0.58169671202838413     
  0.32221924708714567       0.74010453981437596      -0.59027114697632288     
  0.31663422460529855       0.74285217567898942      -0.58984185414193258     
  0.31669559920097029       0.74141944444138252      -0.59160891207872268     
  0.32531557186965659       0.74309561079476272      -0.58478944237791797     
  0.30886506337012265       0.75737476935721182      -0.57531368084765755     
  0.31117538736550565       0.75370359121691743      -0.57887889483435961     
  0.31410817668538044       0.76148875597790555      -0.56698406314340632     
  0.32937876488294315       0.75903401986244301      -0.56158435335722012     
  0.33712880122255062       0.74940625680441764      -0.56985474785127221     
  0.34442746164953830       0.74654774196235252      -0.56924176992958597     
  0.36896647400814997       0.73425719912813125      -0.56985095120259688     
  0.36880096723120054       0.74211435803131542      -0.55968931218408913     
  0.37701585337829707       0.74656735151383125      -0.54817536970850567     
  0.38277848886909271       0.74376097858658252      -0.54799656494454707     
  0.37975893598673277       0.74653379483995264      -0.54632448572261916     
  0.38234306577545257       0.75043885130558907      -0.53912457790808865     
  0.38887910601351428       0.74630184418729106      -0.54019126082229152     
  0.40797571814284900       0.74033983460252006      -0.53427777672905241     
  0.41180581562524504       0.74646909094426928      -0.52268524609181499     
  0.42071077292774417       0.74344676781097507      -0.51989359389585943     
  0.42634111270635194       0.74085392356131197      -0.51900743690251616     
  0.44267015325464876       0.72524422355254481      -0.52731769515271587     
  0.42547031740323049       0.73317788906178483      -0.53049523277754340     
  0.43636037660704563       0.73498819229488488      -0.51902021050673297     
  0.43309282091385021       0.73495448661138141      -0.52179738508609308     
  0.44248281229203890       0.73511814526202612      -0.51362464245073680     
  0.45387351755614558       0.73773468254186114      -0.49974630387434527     
  0.46390364943438150       0.73581797169690533      -0.49332070356849428     
  0.46342967905609367       0.73517922326973673      -0.49471652715719133     
  0.47185211872343158       0.73093879529471439      -0.49303555205412936     
  0.48325222155422520       0.72823432715814240      -0.48594449797423656     
  0.48408725307774303       0.73149715140488525      -0.48017855938617604     
  0.49199101811307322       0.73652553221342243      -0.46419282469012418     
  0.48483875035524604       0.74595169766933411      -0.45660426070964422     
  0.50124236924612309       0.73646964709060558      -0.45427804942212574     
  0.50445967545222004       0.72662285936083915      -0.46641146651526433     
  0.51047202105083667       0.73414939283395031      -0.44770859353581355     
  0.51834848390572197       0.73161429501860364      -0.44278140493596985     
  0.53641846157236761       0.72615694188357294      -0.43005968171712045     
  0.54758167358567500       0.72492136519722195      -0.41790348770225300     
  0.55118221793287903       0.72903411785879391      -0.40584161643730249     
  0.55986324935830800       0.72986209399445012      -0.39224286579617224     
  0.57012190615182723       0.72711505139274157      -0.38244570093535946     
  0.57702882061383443       0.72177331164613645      -0.38220547716690007     
  0.58301670404102901       0.72166500296331748      -0.37321729100765272     
  0.58919527198972965       0.72371650400619880      -0.35928171856357288     
  0.57924646934689705       0.73568141423140154      -0.35106464433724915     
  0.59617629324635946       0.72695885004403560      -0.34074133549319274     
  0.60083527124701308       0.72447856307824265      -0.33782804570611663     
  0.60391515937416362       0.72312816737636354      -0.33521953079285388     
  0.61900209998631883       0.71639830509783842      -0.32188486864944693     
  0.62415238994499922       0.71533054087529657      -0.31422286902293056     
  0.63532926932744083       0.70501086810361535      -0.31514503865941984     
  0.64010954667850195       0.70650548413604575      -0.30184394831888695     
  0.65064962033598550       0.70065247107694750      -0.29281595982870495     
  0.64938317417945601       0.70285768827601691      -0.29033181555576743     
  0.65125473329492134       0.70930534650088373      -0.26972800704825295     
  0.65935011757851503       0.71146769084194095      -0.24304556638053526     
  0.67009451082375759       0.70705713476361542      -0.22592820705643687     
  0.66797903642431167       0.71468113797646549      -0.20744849461568249     
  0.66976825441208809       0.71566631667338665      -0.19807122093058471     
  0.68256372605281290       0.70140943386483223      -0.20525975241706815     
  0.68806139339129535       0.69850145473813163      -0.19663986537104877     
  0.68811364772396721       0.70019487732592867      -0.19033323824950749     
  0.68481672268057292       0.70515850889716047      -0.18378665258111984     
  0.69852400423465277       0.69472800237420029      -0.17151448400977784     
  0.71124530266709063       0.68659982788417551      -0.15070101454011520     
  0.71667651272760857       0.68388741924029983      -0.13664835860498029     
  0.71551261073608918       0.68844705166361553      -0.11866912375719703     
  0.72540158975098590       0.67765105989677221      -0.12075419084869941     
  0.73008460640134210       0.67335624191406374      -0.11648106700733174     
  0.72597525373400229       0.67929782243693271      -0.10730516948540580     
  0.73625074245181532       0.66931971895153108       -9.9729424252796725E-002
  0.74121891278359764       0.66524496633476748       -8.9686443223906842E-002
  0.74412436311335806       0.66387452780215128       -7.4495258618318336E-002
  0.74975542111350058       0.65859297791158367       -6.4203566540105533E-002
  0.75959719431781458       0.64727436140327121       -6.3623922030096466E-002
  0.76126494252310650       0.64739936547907262       -3.6738928435454274E-002
  0.76381034300230244       0.64464508346717164       -3.2038668578890470E-002
  0.76158014473249203       0.64726706037451454       -3.2265084896379956E-002
  0.75869107574846173       0.65105077559116520       -2.2819710379061119E-002
  0.77297579613054768       0.63415596890901116       -1.8831507996465876E-002
  0.79091257153200500       0.61190383637701218       -5.5676942916911285E-003
  0.79530394616505906       0.60608210403200080        1.2494654314067516E-002
  0.79118543330357904       0.61032555788444853        3.9093778549341325E-002
  0.79347292625192811       0.60659697859248329        4.9404664432350434E-002
  0.79199346155202988       0.60773066278151144        5.8393478865186393E-002
  0.79487359272537828       0.60001801345851946        9.0301467945666500E-002
  0.80168109171437618       0.59074863378416864        9.1233101831432600E-002
  0.80815731158062443       0.57991764053197414       0.10284595246585305     
  0.80448609293057161       0.57934590402510444       0.13099789987110494     
  0.80725337884854853       0.57544134285810611       0.13118400537894989     
  0.81057069686306082       0.57036685801433906       0.13287886463160362     
  0.81218451167936201       0.56618442730679863       0.14068231325731262     
  0.82231203378936457       0.55158858683654111       0.13983186316740009     
  0.82775187905355330       0.54027026879060436       0.15144260755890546     
  0.82459240701562964       0.54139477443405393       0.16413122953195147     
  0.83199484596657314       0.52892531390005826       0.16739948805412436     
  0.82744832478220809       0.53419223019061035       0.17311248082995023     
  0.82567770179438582       0.53455406870242583       0.18030052798931023     
  0.82340297808101293       0.53707800831420494       0.18317955309631673     
  0.82251225242050019       0.53254565385928065       0.19967153320828321     
  0.83981206947962095       0.50422816203400844       0.20117069510284702     
  0.84360359684659592       0.49498315004997123       0.20814574834498251     
  0.84287978772636718       0.49060621481728062       0.22104118490682861     
  0.85095275276361459       0.47106312130001798       0.23233370034309789     
  0.84625020163274545       0.47692923247409402       0.23748495415122528     
  0.85520470811393712       0.46322266851735755       0.23248584170098188     
  0.85409172420568935       0.45667906112518547       0.24894088007631870     
  0.85349669239322179       0.45127041787611838       0.26057322583823439     
  0.85797411319863737       0.43694039809135332       0.27011758476038195     
  0.86163426956009981       0.42194062349025652       0.28205051988657276     
  0.85926264366030525       0.40808936520941580       0.30843277908302535     
  0.85071243334213986       0.41443568092913119       0.32331319510638978     
  0.85256696049911851       0.40288184164160595       0.33289007125590703     
  0.85190566516696087       0.39330222714152302       0.34578909147333797     
  0.85410412458920748       0.38758130729055612       0.34682398215614640     
  0.85364800274931441       0.37928718445257081       0.35696823263723193     
  0.85166134433970031       0.37978305224065340       0.36116171971606936     
  0.84542092346075626       0.37149707823060957       0.38373608514300950     
  0.85118315952568879       0.34947555822723936       0.39160447283148514     
  0.85367041514917941       0.33832569413158620       0.39595775909736636     
  0.84565742057580151       0.33485160099538047       0.41561753131444373     
  0.84136441973415077       0.33141075647615770       0.42693421471851783     
  0.83631377940882634       0.33811947938679920       0.43157210293313086     
  0.83306909418615993       0.33810798592914626       0.43781145960651441     
  0.82489637909898983       0.32379624340731811       0.46335942475003616     
  0.82694229901637106       0.29887841610995092       0.47627526335211484     
  0.82324287090512105       0.28220175034002132       0.49257826546542016     
  0.81759980980203928       0.28153398669596341       0.50226403947201603     
  0.81576980121183285       0.26665982450198461       0.51323695251548063     
  0.82163986093548869       0.26154599462994993       0.50645990129026075     
  0.82480563998973966       0.26050503206749442       0.50182943766645460     
  0.82216683127093593       0.25646024687587604       0.50820256131809627     
  0.81812274664336460       0.25245184483287608       0.51666549862091027     
  0.82119804354284931       0.24848366795232929       0.51370189803265420     
  0.82555212044627202       0.23594736709935388       0.51263294508405066     
  0.82492930860520508       0.23021734939085306       0.51622825169065301     
  0.81384984031224661       0.22944906275052079       0.53385537838129760     
  0.81479021638299953       0.22834055844752033       0.53289538621986565     
  0.80981230800234316       0.21891587855719588       0.54431595964425739     
  0.80275183801897831       0.20620961898789869       0.55952397588844893     
  0.79802784754564082       0.19798044870702391       0.56917070942858328     
  0.78983670075578694       0.19087904059393598       0.58285776824294977     
  0.78997602330572092       0.18859563049707392       0.58341200772652124     
  0.78726702371391932       0.18107590760169451       0.58942527012238799     
  0.78586443983383092       0.18561420446565138       0.58988511534471089     
  0.78995528255804004       0.17572029968959405       0.58744619143854082     
  0.79201707646350128       0.16551705018535867       0.58763343734691087     
  0.78741145634552479       0.15352606441126870       0.59700330481682229     
  0.77846102374277926       0.14900608607986401       0.60975045783050008     
  0.78048063128774381       0.13678141578911290       0.61003346504877198     
  0.78307499767438904       0.14199001226342342       0.60550176253640187     
  0.78615906357834098       0.13874261652382588       0.60224946086629982     
  0.77768358416958017       0.13205470781536918       0.61462980488823793     
  0.78077914859692832       0.12199356519826815       0.61278176471438150     
  0.77886775514286577       0.10320284956598431       0.61863898344686719     
  0.77103683689683400        8.1335108103107401E-002  0.63157485410518144     
  0.76843897301312702        9.7781357776083933E-002  0.63240837346290502     
  0.77160682111289192        8.2653181648758206E-002  0.63070703593300381     
  0.77002092508390396        7.3148099428931732E-002  0.63381158910425750     
  0.76967398174831880        8.4587102366449146E-002  0.63280880519548477     
  0.76145781988990957        8.3443065274876313E-002  0.64282131528601283     
  0.76496995745081986        8.3136632932272844E-002  0.63867774696037016     
  0.76002643222627153        7.9377064926326027E-002  0.64502643657534442     
  0.75638965147060844        9.1218155046456792E-002  0.64772983823357422     
  0.75674734931371257        8.5638644854925366E-002  0.64807366233637531     
  0.75667396961101041        9.4029282558892827E-002  0.64699536144749614     
  0.75154731254772456        9.1852905478093660E-002  0.65325315212215007     
  0.74923607818721427        8.6166213203303241E-002  0.65667395474835555     
  0.74655248084142500        8.5924327872909212E-002  0.65975480538538178     
  0.74263464039238036        8.5985571281391782E-002  0.66415380178140404     
  0.73473611269118932        9.0497248707759631E-002  0.67228944115147737     
  0.73854172856904743        7.2565989368403416E-002  0.67029119966565931     
  0.73139703304421366        8.4369281387501979E-002  0.67671279314955912     
  0.72499722874346251        8.9435105197545856E-002  0.68292047873277584     
  0.72532327132131236        8.3705738934725826E-002  0.68330044735031481     
  0.72120525940841640        8.5022394243075700E-002  0.68748393892425874     
  0.72298825887070284        8.1330103518728880E-002  0.68605640569616599     
  0.72550793240529987        9.0541156338069292E-002  0.68223202726488330     
  0.71656635584360717       0.11728411031576762       0.68758788175799801     
  0.71574622003462152       0.11512016822973653       0.68880671844350350     
  0.70701123470154914       0.11330041743514899       0.69806742469106231     
  0.71571631762417454       0.10540139958750330       0.69039169871275774     
  0.70726899214569028        9.4293371596488151E-002  0.70062781333757052     
  0.69003478978451327        8.5121242779923140E-002  0.71875333941112485     
  0.69643822662269073       0.10187155219591564       0.71034919817779452     
  0.68605962651312380       0.10217098979528089       0.72033553134141970     
  0.67350713348631897       0.11700058286416724       0.72986231903865673     
  0.67351457923624591       0.11178111839738988       0.73067304119287890     
  0.68251007251055373       0.11178433936535949       0.72227713683480810     
  0.68323474484173008       0.10354409876450719       0.72282010421134602     
  0.67386926672354208       0.10480091856275815       0.73138018761371781     
  0.67961682003232071        9.9896585733424928E-002  0.72673354820591574     
  0.67457774528559744        8.3291746800525479E-002  0.73348984347454771     
  0.67899004407963848        7.6158627186240349E-002  0.73018654023875118     
  0.67928181017170630        6.9506347368480048E-002  0.73057859949860382     
  0.68318161850707559        6.5699520266765024E-002  0.72728704730028637     
  0.68997405658592559        5.8432685945897844E-002  0.72147170592581789     
  0.68811208387567824        5.1680098176145821E-002  0.72376165101280043     
  0.69516782635875563        5.9819647115006772E-002  0.71635417428439618     
  0.69333746913127525        8.0954261707324088E-002  0.71605136785712498     
  0.69418469075236899        9.4606968674528266E-002  0.71355247641869668     
  0.69179807855126385       0.11063859877343908       0.71356465647776401     
  0.68396924056166986       0.10419656650997068       0.72203126905489745     
  0.68396924041613028       0.10419656646096032       0.72203126920003935     
