   7.4171299257059897E-002  0.75188506198521710      -0.65510874817087161     
   7.6605981958202687E-002  0.75016358028782559      -0.65679991347287070     
   6.5866910516209576E-002  0.75197799551335121      -0.65588920128537886     
   5.3073319724457536E-002  0.74844844321152471      -0.66106592000168229     
   6.5607855246275409E-002  0.75645833948905594      -0.65074295228411383     
   6.7703445353888184E-002  0.75132779058118260      -0.65644709961093728     
   7.2922646841455843E-002  0.74641481163602563      -0.66147351915854702     
   7.8575593637413149E-002  0.75033467999499814      -0.65637165088182459     
   7.1621905848126596E-002  0.74047089321650206      -0.66826129537916357     
   6.9609265298080425E-002  0.73146689980778157      -0.67831462071096083     
   8.2239406185997191E-002  0.73255819659276034      -0.67571826131527435     
   8.4114021972412314E-002  0.72988572733416524      -0.67837427452808174     
   9.6553477734531754E-002  0.74380661892687672      -0.66138426015285190     
   9.1098650443058399E-002  0.75264965133425188      -0.65208859692060461     
   9.8699881279060611E-002  0.75037743854753514      -0.65359929096835745     
  0.10086896583290839       0.76326108966879280      -0.63816765879305337     
  0.10795699221711948       0.75818370516820455      -0.64304180039002634     
  0.11863880992566497       0.75946761833697241      -0.63963565369434250     
  0.13580036081606794       0.76623837783114646      -0.62804220426729229     
  0.12500124591704720       0.76482401869888861      -0.63199597225019444     
  0.12326616485427040       0.76489188346375281      -0.63225458417744396     
  0.12591897700603225       0.76944774751795431      -0.62617455638927122     
  0.14075861957984853       0.77294893150259603      -0.61865738523270808     
  0.13589177202877264       0.77361503148560629      -0.61891292550277621     
  0.12930167453651975       0.77302554877453333      -0.62105762848859969     
  0.14255848517954173       0.77042154527822204      -0.62139176118969530     
  0.14116041610674793       0.76998911896474720      -0.62224632871593732     
  0.14632162955416469       0.77404465854750593      -0.61599094741618465     
  0.13832626140807186       0.77706212453795098      -0.61403607386979464     
  0.14492146916530821       0.77725503077421987      -0.61226822954578930     
  0.14523155118446096       0.77188892133557285      -0.61894691990506012     
  0.15717355611333247       0.77152461522241766      -0.61647890585533383     
  0.15532990350296269       0.77354226657432157      -0.61441434138602402     
  0.15368999982123110       0.78276883953603205      -0.60303592580074661     
  0.15780203498521791       0.79427900244126404      -0.58670212547376599     
  0.15797739379906894       0.78787453853253331      -0.59522840538788313     
  0.15626676714625468       0.79056622319634207      -0.59210281558757161     
  0.16178610882922362       0.79702212187684429      -0.58187712811970127     
  0.16514483680334865       0.81568828749014499      -0.55441843451367112     
  0.17239986654400433       0.82224316136760256      -0.54239696680551264     
  0.17153146541477765       0.82383027031070122      -0.54025979129716462     
  0.16280683731000109       0.82665024946351717      -0.53864951386501769     
  0.16944261776786937       0.83084503903777407      -0.53008086212415950     
  0.16936566467506042       0.83614030832429354      -0.52171319364621249     
  0.15216896100240462       0.83351131153275804      -0.53113416464617502     
  0.14711789857495691       0.84318208819106022      -0.51710761943008698     
  0.16949875162120948       0.83635487129861341      -0.52132590809773982     
  0.18604216595492221       0.82732695095382780      -0.53001738529244835     
  0.18370830266901511       0.82494608147649040      -0.53452335981419274     
  0.17925527403612038       0.82923023146982666      -0.52938149754853825     
  0.17627643176670266       0.83091777749802287      -0.52773313960878510     
  0.18802997678124098       0.83696671727900274      -0.51393719655115067     
  0.20913169035826593       0.83362588573933483      -0.51120623892241768     
  0.20541564254687236       0.84357986386646988      -0.49616270222184677     
  0.21465981714325882       0.84749974214261325      -0.48545375678042446     
  0.22697615908200230       0.84441378097527720      -0.48522900748761721     
  0.22353088907556115       0.84290084363202344      -0.48944060868864647     
  0.23018626555845190       0.84976835804922057      -0.47424468453171481     
  0.23761627020176349       0.84588134873474752      -0.47751780280748413     
  0.24185825483413459       0.84478486538633779      -0.47732914826435446     
  0.24355654033000410       0.85447105056165451      -0.45886755759646197     
  0.24626110012336005       0.84943721812039497      -0.46670320658628128     
  0.24936950458799628       0.85127417298411490      -0.46167860313398590     
  0.26263312835941388       0.85303011910298809      -0.45095837478783929     
  0.27318470194488409       0.85506132731320383      -0.44072695079455598     
  0.28330225899507355       0.85795681693239290      -0.42854396545456586     
  0.29340128134226329       0.86678531130302050      -0.40323555425587737     
  0.31392564611920432       0.86440238178448536      -0.39275846403858539     
  0.33554396865600727       0.86025609756328492      -0.38388760295659979     
  0.34230200654094595       0.85532934261025195      -0.38889722548246086     
  0.34759052085031578       0.85307847748927434      -0.38915028081653419     
  0.34555774390680333       0.85623073525396176      -0.38400361148366913     
  0.35877597810539624       0.85093970013326758      -0.38364231293174661     
  0.37471430087646385       0.85465086615332397      -0.35938988536412064     
  0.38519495301637385       0.84800156488658562      -0.36403048515284459     
  0.38148447171019695       0.84717257429613591      -0.36982188578348085     
  0.39330519192012370       0.85231080359293598      -0.34478590471108078     
  0.40298241213573222       0.84835131671311159      -0.34337329386601478     
  0.40052089422363812       0.85853501076903038      -0.32015722477263947     
  0.39257197968670138       0.86216170402014969      -0.32025682956954410     
  0.41206837795129475       0.85086000997886435      -0.32594001796550853     
  0.42883390750999995       0.84576616831940543      -0.31746034129638351     
  0.43165537820408667       0.84794133136662508      -0.30768349488993030     
  0.43303825043831079       0.85164446497586288      -0.29526188195109609     
  0.43100694684096602       0.85429071000846246      -0.29055187930568588     
  0.43051955752275606       0.85945478659890406      -0.27566352747986594     
  0.43987667790919438       0.86136740318970773      -0.25407617943008870     
  0.45272548666174717       0.85615723567242175      -0.24906710246967842     
  0.45120093796480121       0.85941888471972816      -0.24045143827139318     
  0.46382506320957079       0.85666714005050637      -0.22580460999794374     
  0.47428928574155277       0.85240287711532459      -0.22013406941290192     
  0.49163069583633751       0.84767447046319022      -0.19936712626817116     
  0.51055395590461794       0.83974118059305225      -0.18484968954891920     
  0.53488356904643664       0.82215651469795403      -0.19482872710115959     
  0.53912600599503246       0.81999069113574252      -0.19224571805522903     
  0.56245453954040814       0.80593385701116171      -0.18470384152339617     
  0.57579723666125959       0.79902869970351287      -0.17323590650719797     
  0.57855737049006462       0.79926963137286478      -0.16260204616395846     
  0.58992880884941723       0.79472444247169272      -0.14281827973885133     
  0.59776747827417454       0.79213672172253224      -0.12326173784436784     
  0.61015985654749016       0.78266222629426907      -0.12306416614938917     
  0.62119903004190258       0.77341725594585120      -0.12624386432690296     
  0.62468913674322457       0.77184445453687334      -0.11840447810653688     
  0.62925067161352810       0.76993232337375261      -0.10605569149375645     
  0.63463565924913912       0.76734610923825952       -9.1747090669493325E-002
  0.64635843315535413       0.75954306427579610       -7.2904796820850062E-002
  0.66127060250998371       0.74704191314053603       -6.8187757459908904E-002
  0.66470066397466288       0.74462416209576221       -6.0892401289707188E-002
  0.67877571538134418       0.73251595906086775       -5.1806350283363133E-002
  0.68689694005332202       0.72495887960581862       -5.1060910940361387E-002
  0.71126447518320646       0.70207917637639294       -3.4462681860290743E-002
  0.70790761075892095       0.70547617208677593       -3.4207970524235964E-002
  0.70991932629321075       0.70413432861320213       -1.4470570957287531E-002
  0.71564490296336258       0.69843494497770919       -6.4031630109338405E-003
  0.71498838007160226       0.69896550100657218       -1.5454603366600024E-002
  0.71700646650683553       0.69705456310659730       -4.0820386638788170E-003
  0.73094330088048221       0.68243425277379399       -2.3198144362321918E-003
  0.73333841470134109       0.67985393385080939        3.6603484675459164E-003
  0.74559885095742595       0.66620655556328323        1.5848620617371217E-002
  0.75599101282698633       0.65441332690578913        1.4858872532086754E-002
  0.75625209291390028       0.65245703600622618        4.8811762202525262E-002
  0.76393196454727608       0.64229455851892403        6.2174380896970381E-002
  0.77028763015619184       0.63501470410521466        5.8423389139325814E-002
  0.77480884686649909       0.63023220272914637        4.9785755599111838E-002
  0.78110152593830318       0.61991917193836232        7.4703590543627588E-002
  0.79504287964892728       0.60031305365518051        8.6781663562842601E-002
  0.79133618112535331       0.60381809778269635        9.5868416238243076E-002
  0.78923603717944701       0.60528722824754078       0.10360429015100124     
  0.79489742151137377       0.59681875330984557       0.10929531084292982     
  0.79252978662863804       0.59806813724455465       0.11921006886666451     
  0.79858200825957004       0.58984074079787185       0.11981100358118521     
  0.79767950376012109       0.58928827034994258       0.12824485841148001     
  0.80388623910830281       0.57861728982976146       0.13772779850985498     
  0.81079841923780527       0.57075477467697922       0.12978794452840980     
  0.80947559824023974       0.56821124799414979       0.14793658609870103     
  0.82141949613256904       0.55000105502197949       0.15089350830313128     
  0.82216737530784623       0.54254481626182727       0.17229605139650711     
  0.83077974608865124       0.53186587062254187       0.16408445738643887     
  0.83603836241568275       0.51761174952917532       0.18198333252979787     
  0.83869369023930496       0.50996478899305320       0.19112511069989882     
  0.84717937649889874       0.49403630544961574       0.19548716820454437     
  0.84187862749109654       0.50222531467099130       0.19750977159961478     
  0.83828491776160652       0.50161122020834914       0.21369272429006497     
  0.85450914024820102       0.47865468368765762       0.20175188478958472     
  0.85240650614385216       0.48238731060365847       0.20175636508472730     
  0.85911460797963790       0.46370881185052082       0.21655536975141723     
  0.86217206913290156       0.45361978105265943       0.22558461260650836     
  0.87001811124071060       0.43619108216889563       0.22979518260719659     
  0.87592063765640382       0.42376975267530959       0.23061273435156721     
  0.87592102053762777       0.41823899092759353       0.24049638718323868     
  0.87384700979736629       0.41052394740792220       0.26050238400601972     
  0.87181065240168687       0.40924938555982282       0.26918604491662174     
  0.87334327149315860       0.40697690947991555       0.26765897199198285     
  0.87620962949486636       0.40027379556335968       0.26839816274664013     
  0.88245792239913923       0.38372030059960316       0.27207856604801856     
  0.88981416530641011       0.35842323895111922       0.28242438457018210     
  0.88536809455823329       0.37440159160968695       0.27558444320835063     
  0.88228342142566507       0.38242769100493157       0.27445404976072008     
  0.88871901808063214       0.36588234031413391       0.27624014905160116     
  0.88727739500487546       0.36141862850329437       0.28655784631407427     
  0.88677128143436024       0.35564337801831541       0.29521937960605743     
  0.89114977369190129       0.33480382490959099       0.30620006478572559     
  0.89188376141185166       0.33414672116757932       0.30477750058494196     
  0.89165177248404537       0.33142581390563025       0.30840565251475571     
  0.88734262900905425       0.33118038332973510       0.32084671175012847     
  0.88705210742065776       0.32386503081825535       0.32901367833824302     
  0.88366219120451062       0.33182205463687470       0.33020486957676293     
  0.88452579175327817       0.32499638513560120       0.33465127128404798     
  0.87479160920380472       0.33209362828257760       0.35277962316541533     
  0.87512247869057125       0.32283360367768171       0.36047068067590893     
  0.87662480601087767       0.32139080965786271       0.35810179691514527     
  0.88010413796988507       0.30402891565878848       0.36466851354569507     
  0.88958800321849041       0.28517755267679351       0.35680099212167876     
  0.88998040509247678       0.27677803599219375       0.36239315300338909     
  0.89293916662364659       0.26974832553957129       0.36041016297833028     
  0.89327878890912304       0.24535407828555772       0.37663560845158434     
  0.89822608592867437       0.23426264929074631       0.37190174738031984     
  0.89353561215507105       0.24655858848141957       0.37523722131035037     
  0.89757230615063099       0.22975876831993702       0.37626435336282299     
  0.88967918210539676       0.20978051832660732       0.40554048757046735     
  0.89139594012171774       0.20422359995043921       0.40460598013104304     
  0.89105403760058788       0.19294006160446719       0.41084891956016545     
  0.89567675433574245       0.18960228253339606       0.40226126609545293     
  0.89402517274766269       0.18590646520924459       0.40762455358689575     
  0.89532550484356910       0.18165340295275445       0.40668695771107788     
  0.90019726879218032       0.15408398550805458       0.40731192306272229     
  0.90190591626394068       0.12960950911540908       0.41202802496306595     
  0.90393004243678921       0.12571060947954824       0.40878762339937003     
  0.90442184090387656       0.11085195178588793       0.41198662415338694     
  0.90282119867237354        9.9506709134716292E-002  0.41834471200788204     
  0.89970269890033683        9.2023207632273868E-002  0.42669284368092969     
  0.89186959345619476        9.3013321219398024E-002  0.44262529338484391     
  0.89362150012421004        9.4426621935785424E-002  0.43877582839709056     
  0.89040825357520403       0.10254799335030826       0.44346031505082883     
  0.88682015467791320       0.10423805222671258       0.45020488860631375     
  0.88367275999530193       0.10670992639081368       0.45578003998853700     
  0.88469763526090928       0.11618547162305475       0.45145435023652714     
  0.87732973730666719        9.6726455481794218E-002  0.47003885461453404     
  0.88061033249964993        9.1356154782084947E-002  0.46495106761710764     
  0.88021421616714668        9.5665842253282452E-002  0.46483435789883881     
  0.87544024509159912        9.9674890510002154E-002  0.47293688106953613     
  0.87904200548741684        8.5492684262158850E-002  0.46901615486709136     
  0.87564467235203669        7.7328514369176857E-002  0.47672498219303522     
  0.87499010373468178        7.2997520284658654E-002  0.47860597614181755     
  0.86433699274501752        6.1267579791383642E-002  0.49916715300489001     
  0.86518611833975734        5.1622342932975580E-002  0.49878664210491147     
  0.86120387092771278        4.7145963624307903E-002  0.50606832622982745     
  0.86194479077485187        3.4940548446062800E-002  0.50579673360984312     
  0.86080400103126875        3.2494526370153716E-002  0.50789819606348252     
  0.86633400457031329        2.7801618885168640E-002  0.49869074837270566     
  0.86741192269067757        2.0097915200355861E-002  0.49718470428871869     
  0.87453996318367522        1.5514082496662534E-002  0.48470523624052436     
  0.86698176434413998        1.5720249728202254E-003  0.49833738474271311     
  0.87060927881860761       -3.3909580641439275E-003  0.49196339806773443     
  0.86574751913168491       -1.4572959402505054E-004  0.50048098053794154     
  0.86604777505998143        7.2173119572235484E-003  0.49990915346867598     
  0.86210808514217996       -7.2721276388860983E-003  0.50667224681453371     
  0.87318529179052806       -2.1906827784448465E-002  0.48689581749806909     
  0.87207730399694083       -3.7011805512151129E-002  0.48796649690953076     
  0.86662227503725031       -5.3689786522596150E-002  0.49606777685354475     
  0.85941414086437395       -6.1499570018978260E-002  0.50756786479231653     
  0.85845092189077277       -6.1002890904088412E-002  0.50925500685435265     
  0.86329354107975920       -6.5252298574880088E-002  0.50046618213488259     
  0.85934472598151845       -7.4397188730566971E-002  0.50595622363672688     
  0.85512581568378665       -6.7630218596351724E-002  0.51399026535893522     
  0.85620274500106286       -7.2840378614840467E-002  0.51147936292277862     
  0.85861227077110303       -6.6317564572945339E-002  0.50831776391387729     
  0.86104561861056172       -6.8363118887274379E-002  0.50391162583091842     
  0.85373745156970360       -7.5172235476289734E-002  0.51524896778233853     
  0.84536720325173276       -8.3678498449072616E-002  0.52759094056252753     
  0.84706757586190706       -8.3566667284129773E-002  0.52487439834922012     
  0.83968166480485340       -7.2048974544104041E-002  0.53827841035814605     
  0.83907368841878938       -5.6984684228861639E-002  0.54102503746742137     
  0.83877495645687072       -6.3910278844787061E-002  0.54071438734211241     
  0.84933303207314648       -6.7433453814825878E-002  0.52353235806016751     
  0.84175089313876683       -5.0247564120256799E-002  0.53752266575472740     
  0.83471933399921205       -5.8918405720615769E-002  0.54751461616586361     
  0.83176360300459407       -6.9086582322858608E-002  0.55081426348612506     
  0.81374125307657841       -8.3690863990151049E-002  0.57517042024598397     
  0.81853097509001538       -7.5499960479021438E-002  0.56947941032653215     
  0.82119692411726919       -8.6654278239107763E-002  0.56402716945480169     
  0.82263516187838304       -7.8764264249974208E-002  0.56308754303259689     
  0.82138402337116634       -8.0198764782409560E-002  0.56470916787136605     
  0.81743771717974456       -9.5120888682105151E-002  0.56810878805761655     
  0.81604508193877168       -9.2221732922582914E-002  0.57058354008882795     
  0.81868871188658299       -9.9774509427002722E-002  0.56550317443679132     
  0.82209029569478598      -0.11536546744663242       0.55754672866521149     
  0.81645183834950930      -0.13233461989394896       0.56204443243682300     
  0.80768137298955078      -0.14222124717917081       0.57220967885602492     
  0.80746087616541040      -0.13655041101790516       0.57389974622143614     
  0.80817515454015121      -0.13732698614481487       0.57270779500601698     
