  0.16692307329100861       0.76595103227840100      -0.62085079025055312     
  0.16504571602842269       0.75829413325190131      -0.63067417823818750     
  0.15759614456556892       0.75066319566704431      -0.64161376379330382     
  0.16316244174415948       0.75743819116520728      -0.63219095546240023     
  0.14857919510962272       0.76319011394874692      -0.62886013767090954     
  0.13829765897144733       0.76752682888475354      -0.62592038188984678     
  0.12523689142758127       0.76834037360023433      -0.62766933278710402     
  0.10600832920013752       0.77242670333030627      -0.62619423673686903     
   9.7688272743023996E-002  0.78496191381485036      -0.61179391565184094     
   9.4324381034749050E-002  0.79024907306436254      -0.60548271128359021     
  0.10080868657166818       0.79066126578730334      -0.60389764985079597     
  0.10551153211788894       0.79588814687263110      -0.59617897837628020     
  0.12066972504460219       0.79254156598804326      -0.59775972065611804     
  0.13036871737573272       0.79220806966970858      -0.59616304135697695     
  0.13455119958511894       0.78500251282199307      -0.60470408428698641     
  0.13895546966503700       0.78275553693376376      -0.60661779305399877     
  0.12958221756101757       0.77167777465086751      -0.62267315744446006     
  0.13576010277652137       0.77400714062340159      -0.61845140533278153     
  0.14037457713288412       0.76750165457629760      -0.62548875954521266     
  0.14103196733530929       0.77146352232436899      -0.62044662777100235     
  0.14736617545964445       0.77090394564801046      -0.61966952233809758     
  0.15234115370359497       0.77503229266294649      -0.61328388061147832     
  0.15487350651822043       0.77899576754728650      -0.60760167142805299     
  0.14880916183703574       0.77653941432030094      -0.61224371892281759     
  0.15963156372327214       0.76782645486886192      -0.62045168955107011     
  0.17376891980606909       0.76645753750367185      -0.61834230464463469     
  0.18027682690388683       0.77380083182710002      -0.60723351220527422     
  0.18023424445858921       0.76919347153648687      -0.61307179063311068     
  0.17772346021157592       0.76116554024801553      -0.62373182701331664     
  0.19517258009031738       0.76176066377189999      -0.61776075879800130     
  0.19654009766806230       0.75379080306766177      -0.62703382302650745     
  0.22583017599141325       0.75728423882870588      -0.61279793833964058     
  0.22659462372038019       0.75641058603934430      -0.61359424852962441     
  0.22671960387259607       0.75390895335760510      -0.61661942174009832     
  0.22344747606111215       0.75421468696777683      -0.61743941516882150     
  0.22822986172018564       0.74527767597835759      -0.62647610960633016     
  0.23495735555729916       0.73470644870371760      -0.63639726217410142     
  0.23352888394586463       0.72560173671292283      -0.64727612349150410     
  0.23873425557548700       0.71768891125468159      -0.65416250418140554     
  0.23602992566703737       0.72506683769121516      -0.64696827980208826     
  0.24053224578962837       0.72574043199542049      -0.64455028050765573     
  0.22588166365167553       0.73155140859429846      -0.64328066239367732     
  0.23835486568941935       0.74756929877806866      -0.61994120812109643     
  0.25540671209193050       0.75590851097846457      -0.60280157137213031     
  0.25888173477140702       0.74620632912921292      -0.61331587438223900     
  0.26303575951841207       0.75066702664430940      -0.60606204659553042     
  0.26850162366548058       0.75649486721208614      -0.59634083708125174     
  0.27798287291951063       0.75576116966473728      -0.59291700666316105     
  0.27209402186804149       0.75142381519011336      -0.60110489369893449     
  0.27423416523840533       0.76556047352492840      -0.58199036417476979     
  0.28999025120403304       0.76700283409698444      -0.57237427151629949     
  0.27716984860255289       0.76842342653179241      -0.57680353031407205     
  0.28943179331174229       0.77010812601616652      -0.56847401986741375     
  0.30636992862123480       0.76858318556375305      -0.56162029317439399     
  0.31052568372954253       0.77371870161358502      -0.55220754297427621     
  0.31677791347024276       0.77838230263104913      -0.54200806681102487     
  0.33197319610723469       0.78209554874395204      -0.52737116881873902     
  0.33577191577379090       0.78156266546440190      -0.52575376416130071     
  0.35264771714910015       0.78335889467563546      -0.51184805335381833     
  0.36225666190358907       0.78264990165570669      -0.50619091491726753     
  0.37563900020315927       0.77450602762448595      -0.50895555277421689     
  0.36051490881611964       0.77650244470446417      -0.51679101568167163     
  0.36254937478219862       0.77694255661399181      -0.51470206388468143     
  0.35435552423967598       0.78608978122003437      -0.50645337228837006     
  0.35631767839508005       0.78533252927921815      -0.50625144989327719     
  0.36517363909460149       0.78923203610829362      -0.49372158803394622     
  0.37354784356538434       0.78683219555934958      -0.49128108512225849     
  0.39973896120321040       0.77742507230645241      -0.48561200545855998     
  0.40838517574348043       0.77657206823462355      -0.47974719495872453     
  0.41740267812683618       0.77825724906488403      -0.46913820838906589     
  0.43832819357452996       0.76686397415543484      -0.46881557126467227     
  0.44995329497325154       0.76963520640378136      -0.45299412954973506     
  0.44718667250518701       0.77742032188671828      -0.44231405477475899     
  0.44468364132324817       0.77298709515708275      -0.45249023178419051     
  0.43739428764586447       0.78252721686042936      -0.44309975401419016     
  0.43791740971876397       0.78451688094289984      -0.43904624560612227     
  0.44403618547420504       0.78949338261959134      -0.42371224290713178     
  0.45295981260338514       0.78016568930785901      -0.43147294862262031     
  0.44853017022729824       0.77620458156800443      -0.44308817852512100     
  0.45526618511622047       0.77384100758409480      -0.44034395155486877     
  0.45517371168276188       0.78046945694427028      -0.42858408623052330     
  0.45608045148895077       0.79432495837965222      -0.40129600330030396     
  0.46245152555213359       0.79596414923895342      -0.39061446419815760     
  0.47866284464947723       0.78375876746110174      -0.39573232819662868     
  0.48228345378131610       0.79077315658843716      -0.37693565104394572     
  0.48477799239845665       0.79895174806036451      -0.35590223707840063     
  0.50277268268733599       0.79747879767672625      -0.33353739940141952     
  0.50280801537927911       0.80131646663100675      -0.32415431506668479     
  0.52480466943086246       0.79306586174682570      -0.30923550552180551     
  0.53205941057717920       0.79284436996633645      -0.29717097541473825     
  0.53020411480268348       0.79217855365063872      -0.30221968132847343     
  0.52539066662046940       0.79458371087814406      -0.30430473843700850     
  0.53050125611705046       0.79378893129761263      -0.29743495054822428     
  0.55246805979770996       0.78299951226194309      -0.28581603646561177     
  0.54893352137602747       0.78860724999016563      -0.27707506992268738     
  0.55365879849982635       0.79130722148482668      -0.25941244393762614     
  0.56237775724899375       0.78921330417168978      -0.24672579652318150     
  0.57004300017480969       0.77926623140415130      -0.26037495759936891     
  0.57070533015055425       0.77683288738903600      -0.26613171778004857     
  0.57197107918050261       0.77810213031927544      -0.25962696195444690     
  0.58825202087343753       0.76814570310556696      -0.25280771099547222     
  0.60115425912866582       0.76439813029009873      -0.23304303280824579     
  0.62036189324001578       0.75035319735239936      -0.22830068032902084     
  0.62872159295657204       0.74740341546372813      -0.21470280180590046     
  0.63339913880577203       0.74188555123150168      -0.22002581628989945     
  0.63512977681458227       0.74433905973489090      -0.20632384921874508     
  0.64874549887709221       0.73349408301189312      -0.20277008623871606     
  0.64910684630262627       0.73547069358413941      -0.19427599172806539     
  0.65982138310623362       0.72709171676253825      -0.18966649100745592     
  0.66061344236819197       0.72960992476456765      -0.17680282081315593     
  0.66953774512028508       0.72295231345871258      -0.17046747585372130     
  0.67218853442739568       0.72110421551056114      -0.16784303547436083     
  0.67454251762867923       0.72152206708761091      -0.15619954742822947     
  0.68401751146879686       0.71586213905751706      -0.14021926354117703     
  0.69654501821623171       0.70670584150159554      -0.12406406081404259     
  0.70494922935699222       0.70135844577061257      -0.10556000461923562     
  0.71258016367194288       0.69375593748480280      -0.10455720704881638     
  0.72105400422857213       0.68772834634103319       -8.4325824187913151E-002
  0.72660223276568781       0.68307707910134763       -7.3857290407160825E-002
  0.72986976283042948       0.68002596326900078       -6.9676528228091256E-002
  0.73046658277200893       0.68122889719753377       -4.8433057681863734E-002
  0.74485298106915987       0.66567456211161080       -4.5512788860937257E-002
  0.74918471061387215       0.66149658549694446       -3.3831002915890196E-002
  0.76489861457066965       0.64331163581402562       -3.2867136385014803E-002
  0.77363806331705021       0.63320764528255835       -2.3070000926754545E-002
  0.79258936957894088       0.60943804126394108       -1.9681592690345664E-002
  0.79729971050126780       0.60330164772517991       -1.8447045472851302E-002
  0.79722371295743566       0.60351690996280882       -1.4201791693394163E-002
  0.80133663194609350       0.59785766762148695        2.0635202143069180E-002
  0.81269298617662611       0.58099273556338760        4.4469668785465211E-002
  0.81281658790773437       0.57989830917949825        5.5200954998863766E-002
  0.81338203483998717       0.57864193683599974        5.9859621901952369E-002
  0.81669750306343047       0.57360126918930943        6.3140893835716194E-002
  0.82009006422290842       0.56752948268245751        7.3229589982791415E-002
  0.82737126635331493       0.55441056444440728        8.9920596335573075E-002
  0.82876456606766202       0.55162562083803135        9.4119437236606415E-002
  0.83185242001255144       0.54580672758133686       0.10058114856280879     
  0.83938962733532674       0.53416287673973983       0.10047424861618043     
  0.84233955403993810       0.52871288562992669       0.10453114496968498     
  0.84743084751999376       0.51933274527343931       0.11024726009428813     
  0.85031172297125157       0.51235748438282336       0.12024883356842161     
  0.85238583286905090       0.50358496132349040       0.14085658895824610     
  0.85782113933033222       0.49238979219619555       0.14729285610306328     
  0.85622599078472816       0.48817169136276833       0.16901317243553371     
  0.86519572826276991       0.46885216823499681       0.17780325119973717     
  0.87007554216995653       0.45119067423117970       0.19848306326855408     
  0.87201078202157656       0.44746077515490829       0.19843399591775149     
  0.87640987619952582       0.44018319035268716       0.19530613874341196     
  0.87399025354116311       0.43287250709583258       0.22082216672159763     
  0.87541223390653666       0.42893344808668299       0.22286659202140752     
  0.87920636681879771       0.42143837168743081       0.22222930368143501     
  0.87890077293176283       0.42011401903592471       0.22591512200256045     
  0.88334988808116433       0.40163278515194945       0.24162798082606693     
  0.88593564444612083       0.38646470074664108       0.25644311060476188     
  0.88548299622032300       0.38725648338869673       0.25681175883922941     
  0.88303539965009725       0.37424603128054579       0.28317554808908330     
  0.87585014168081909       0.37687629745982837       0.30141464086978276     
  0.88049096553148287       0.35428534545894619       0.31498818011231966     
  0.87950254579420717       0.34304725473453390       0.32983913194253894     
  0.87969046932162509       0.34337916906940497       0.32899152638617252     
  0.87839908142989587       0.33217227919540043       0.34362280290639902     
  0.87521095667674220       0.33261556562954947       0.35124445449560598     
  0.87675632162644657       0.32202902283079698       0.35720534842399021     
  0.87399168707387365       0.32590435833970249       0.36045093999176969     
  0.87216353665178870       0.31688499027690287       0.37271258131736112     
  0.87648873937259997       0.31369357888089155       0.36519012626565905     
  0.87510920284617610       0.30746630057826213       0.37369554065127392     
  0.87775105333258152       0.30762773552289191       0.36731221693621940     
  0.87859746491563595       0.29828805688720073       0.37294869588493795     
  0.87432818178970151       0.29067306279812843       0.38866360916848020     
  0.86858882294737116       0.30215975832277342       0.39275047689496562     
  0.86824500211134159       0.28657373974468209       0.40500136789574226     
  0.86485512421586641       0.27496029828361712       0.42002672353713688     
  0.87469540128368661       0.26254752874403914       0.40740244246146595     
  0.86733802317219288       0.25318298021049729       0.42851269770157630     
  0.86076471637934149       0.24854506901518575       0.44419528554975579     
  0.86713406238733526       0.24818182404660644       0.43183827998515267     
  0.86963706678120822       0.24331370003041661       0.42956933719445523     
  0.87414339603315006       0.22167764314439273       0.43212538192239913     
  0.86986620914712498       0.23303758728953272       0.43477150446445073     
  0.87273158135878037       0.22195352484586764       0.43482895454131981     
  0.87346608222828381       0.21524349913318350       0.43672329829959383     
  0.87391262638605105       0.20756117943470997       0.43953962077918052     
  0.87154249481256263       0.20110376592100038       0.44718112110003583     
  0.86410151983906835       0.19517801615493177       0.46393329846178993     
  0.86116064505774093       0.18762461001471731       0.47243978359211009     
  0.84225003487982342       0.19001156949509632       0.50449031923610332     
  0.84307562651925128       0.18016611333783811       0.50671852104882520     
  0.84043356224555377       0.18146073415793662       0.51063042350619037     
  0.83433144048944363       0.17825808192868076       0.52164653131974081     
  0.82495694152468579       0.17275753134623531       0.53814577949974740     
  0.82493787042481204       0.16859941250542981       0.53949212046312511     
  0.82144123626322052       0.17428324856242131       0.54300980160295453     
  0.82896909817038900       0.16983785599721801       0.53288398075832644     
  0.82946773448199018       0.15504321432555013       0.53660495631788141     
  0.83311282374241746       0.14206763804903505       0.53454635826568264     
  0.82710862189138867       0.16124578727304542       0.53841538209789563     
  0.82025183092918519       0.15539890017840050       0.55048897870953073     
  0.81991467259810213       0.15229223128713582       0.55185777692076787     
  0.82566545954906156       0.13096167463322475       0.54874911269622817     
  0.81821766689159392       0.12208181364433376       0.56179700992777315     
  0.81154001700919565       0.12706787133424369       0.57031268341787555     
  0.80374577547135972       0.11816280638477490       0.58312115344859150     
  0.80667940423792250       0.11810752314457590       0.57906731193791583     
  0.81203835905649446       0.11627177751472773       0.57190434267838952     
  0.81004201696965283       0.10635149890395998       0.57664658971038496     
  0.79876739901465565       0.10155326644035824       0.59300723127686705     
  0.79005065111417672       0.10464361131719249       0.60404443817037212     
  0.78859080302697793        8.7502497279775437E-002  0.60866070872947708     
  0.78734379384621145        7.3010544392874174E-002  0.61217580048488562     
  0.78548834240595478        7.5050748434640227E-002  0.61430891992852299     
  0.79050913645983767        4.9238889209709071E-002  0.61046771983694237     
  0.79024230156286590        4.7375513187467272E-002  0.61096044517697579     
  0.78695624833171818        4.3388530484343227E-002  0.61548135522863379     
  0.78319555024579746        2.9768295768485886E-002  0.62106245953383932     
  0.79009010887735254        2.6113427102032100E-002  0.61243424853543271     
  0.78162691731056888        2.5042261105563728E-002  0.62324332912137781     
  0.77685860883114810        2.6494025345666531E-002  0.62911745207545799     
  0.77043171740544403        3.0719665978966863E-002  0.63678196499103101     
  0.77374797901190118        1.7639326826112516E-002  0.63324791284624071     
  0.77113382177456635        1.3538796497309552E-002  0.63652912730271471     
  0.77619418371619298        6.8171914724318959E-003  0.63045706837625448     
  0.76776527804834427        2.0047428082877284E-002  0.64041750323567093     
  0.76921438588194280       -6.6767714220802576E-003  0.63895590558006643     
  0.75991213468193930       -1.7460044501414682E-003  0.65002346037016090     
  0.74677106313262076        1.7588621932260098E-002  0.66484856895860089     
  0.74657244529125333        7.3165927463825272E-003  0.66526389606112102     
  0.74981955891869856       -1.0187622776967723E-002  0.66156393599192087     
  0.74490330358539913       -1.9918007566674663E-003  0.66716946950329237     
  0.74207988350475540        3.1270499254557591E-004  0.67031138190631701     
  0.74564220767821099        9.6038321614210723E-003  0.66627731804150347     
  0.73641774449967201       -7.9532489386570683E-003  0.67648034074711716     
  0.73729174967488542       -3.2357380949851137E-003  0.67556672939120299     
  0.72857640246408728        1.1912169307162147E-002  0.68486095376717604     
  0.72889826232577326       -4.1364119048336104E-004  0.68462190446949200     
  0.72330496297497360       -5.0048800260609639E-003  0.69051059493080713     
  0.72309906642440758        8.9498482617679839E-003  0.69068635454324823     
  0.72400861319374643        2.5227112063802939E-003  0.68978631760092002     
  0.72968091710974980       -1.3955882801541739E-002  0.68364537045247675     
  0.73350513448284926       -1.3252492545615661E-002  0.67955469914395095     
  0.73000137753968874       -1.6433526010926867E-002  0.68324807208875848     
  0.72810945546103811        4.6382861633572844E-005  0.68546088051533671     
  0.72181646161091884       -2.8341581025148220E-003  0.69207872622653499     
  0.72377510992967731       -1.1162437296810490E-002  0.68994564296028316     
  0.73027813842574874       -3.0677748371092460E-002  0.68246078003963240     
  0.73696467548955003       -3.3491265614342035E-002  0.67510103111173814     
  0.73763640942861608       -5.4292937362018200E-002  0.67301174167904643     
  0.73299752776736038       -5.6341983211090317E-002  0.67789394835385497     
  0.74252386045977448       -4.0550398700108445E-002  0.66859104227709742     
  0.75043464074218136       -3.2393503579787646E-002  0.66015036991580944     
  0.75149091283231517       -3.3680235745210035E-002  0.65888318361512321     
