   3.4416469780720105E-002  0.97812261312795146      -0.20516252166412019     
   2.9671826543882635E-002  0.97554380714350142      -0.21779316576401758     
   2.5948638870143162E-002  0.97585194190593438      -0.21688627346884809     
   1.0002648069090764E-002  0.97807290605531882      -0.20802244463545080     
   9.5838998566287192E-003  0.98033317209494686      -0.19711676882953783     
   1.4828860505561583E-002  0.98174192293606843      -0.18963887166374072     
   8.7128929877168648E-003  0.98288886610503734      -0.18399337592027107     
  -2.6237745369438173E-003  0.98241182362111601      -0.18670866240379111     
   1.2846113154976412E-003  0.98411738897774870      -0.17751426558275959     
  -9.2177511677904809E-003  0.98189477476358789      -0.18920275990421379     
  -2.3204772553803998E-002  0.98152463416667546      -0.18992348736978362     
  -2.8126917041045352E-002  0.98313491938948327      -0.18070585716794180     
  -2.9824800948860038E-002  0.98280152056923276      -0.18224064424591208     
  -3.1391737495835473E-002  0.98314234534409861      -0.18012686531524794     
  -2.8194940480443881E-002  0.98357447612263216      -0.17828711465328531     
  -4.4789669279590473E-002  0.98122865060509246      -0.18757457385673409     
  -3.9751626547912401E-002  0.97942487598771277      -0.19785530188309008     
  -4.4415111550191275E-002  0.97888620029600859      -0.19952219108667185     
  -3.8620647973035153E-002  0.97951503111594518      -0.19763286510110456     
  -3.1116886091513890E-002  0.97920988505934070      -0.20044884734525209     
  -2.1367436374672939E-002  0.97867814725670987      -0.20428538064420512     
  -4.4758828527502554E-003  0.98047527657627664      -0.19659145071788445     
  -1.3607558942451472E-002  0.98203690380989517      -0.18819764582773749     
  -9.6654075180851937E-003  0.97956513500298403      -0.20089481373120321     
  -4.7588566233855746E-003  0.97841203123595999      -0.20660893111470469     
   7.4053956481612299E-003  0.97879149252784636      -0.20472511880666949     
   1.0319515656225348E-003  0.97907052677359840      -0.20351864454942359     
   1.0909034549636197E-002  0.98051500656322088      -0.19614105860202286     
   1.9740946102675780E-002  0.97880974695809353      -0.20381799308894188     
   2.5952035806002246E-002  0.97963559720079740      -0.19909944383287656     
   2.2698560321456045E-002  0.98202884771702115      -0.18736092872024440     
   2.8555703813966542E-002  0.98301985267457459      -0.18126373334825271     
   4.0455820897523288E-002  0.98076123486888445      -0.19097310473982460     
   4.9339519833823765E-002  0.98243549492535487      -0.17996141278991098     
   5.3262503462039992E-002  0.98244611365774115      -0.17878126155656385     
   7.3934660882306380E-002  0.98259447218174656      -0.17041645800242394     
   7.2105930473035887E-002  0.98300500456748896      -0.16882504490119216     
   8.8013024523169697E-002  0.98328190058443909      -0.15940643493076861     
  0.10012432494432461       0.98207886174778214      -0.15967538590097058     
  0.10993745068825017       0.98212367126163347      -0.15279676463767081     
  0.11447645736109793       0.98114021463952361      -0.15575307357212051     
  0.11169750465000815       0.98292707670268620      -0.14621227492817784     
  0.11713992507012985       0.98385411182472504      -0.13531195290936282     
  0.10441199443818117       0.98515257909209264      -0.13628107471560191     
  0.11703084999919564       0.98491792350122453      -0.12743807953081679     
  0.11976928702244639       0.98311480557463293      -0.13834954624460169     
  0.11861408223582089       0.98245442486843182      -0.14392359970412316     
  0.13399319156033004       0.98075958304870026      -0.14197346538567140     
  0.12494458031527413       0.98257014862475789      -0.13763994653210690     
  0.14315190621663107       0.98004441789461005      -0.13791472256492163     
  0.14773007104454541       0.97691031047770205      -0.15434400341941804     
  0.17094782206282896       0.97308311994923891      -0.15455123358236511     
  0.15769529281729858       0.97629081079507729      -0.14828502075515662     
  0.16400312330074049       0.97536862868754282      -0.14750936824413702     
  0.16598224044172402       0.97437532168752339      -0.15179798531034835     
  0.17789055877566021       0.97146884942253242      -0.15685414785763321     
  0.18714023505945315       0.97132274787487871      -0.14666510110686584     
  0.17485304848070124       0.97360296273103453      -0.14670951706810792     
  0.19068820677132192       0.96974096508843610      -0.15244824835886528     
  0.20390914097923218       0.96443657173757502      -0.16817598318483010     
  0.21278941730036924       0.96317227365208591      -0.16437711261863711     
  0.21298465922826340       0.96387030006766605      -0.15997368402611675     
  0.22871805572363685       0.95921588755368081      -0.16611120386838354     
  0.23302884879554012       0.95910620683232262      -0.16066374713898385     
  0.23509270101775992       0.96080894013730245      -0.14689316689488130     
  0.24559479363258646       0.95747791864075027      -0.15139099265129352     
  0.23679308633616428       0.95772023146036112      -0.16340438340175140     
  0.25123508158985247       0.95227861782217005      -0.17333888143528972     
  0.24030759218917269       0.95765519459477433      -0.15858369841155517     
  0.24235479914267175       0.95837616296758998      -0.15092806759524427     
  0.24601801942212126       0.95716560086636593      -0.15267333309304587     
  0.25744954892370336       0.95432410087717501      -0.15160883959701410     
  0.28595140330745394       0.94567082080816978      -0.15472069550806783     
  0.29184169583668984       0.94433082442693006      -0.15188060642596465     
  0.29601662093984904       0.94574472466161363      -0.13394430149163450     
  0.30742136835091355       0.94348581213302429      -0.12380074549428033     
  0.31763480027504448       0.93918927361905824      -0.13050533312144069     
  0.32598681148153902       0.93459113350993450      -0.14237981565065877     
  0.34470469770115769       0.92946169572381332      -0.13145199718896283     
  0.33494720020459201       0.93545510098035356      -0.11284558974519791     
  0.34026832166146381       0.93361468828419059      -0.11216542735488406     
  0.34676986148198602       0.93164988074426835      -0.10853185190051118     
  0.35205397999399501       0.93037617317204402      -0.10226520211748756     
  0.35547822575239407       0.92898904602107246      -0.10302710026389966     
  0.35785337349310475       0.92921208938081790       -9.2227197876423334E-002
  0.37811568582529675       0.92041753540322080       -9.9297979108965581E-002
  0.38112811488166320       0.91946860995471225       -9.6534114978584773E-002
  0.39599158629377540       0.91264934820192234      -0.10130069501807382     
  0.41934170876128868       0.90356449824484475       -8.7884747281332692E-002
  0.42954980097810974       0.89976303861021278       -7.6898913065025276E-002
  0.44609994457713592       0.89183513476063347       -7.4999545697016126E-002
  0.43420189562663836       0.89827270781820767       -6.7637683455149242E-002
  0.43176576500972014       0.89984571458260210       -6.2096812421373097E-002
  0.43790981708510773       0.89775039226877384       -4.7741232511839059E-002
  0.44338924147401404       0.89528023092447750       -4.3350763094929468E-002
  0.46124980353723494       0.88585912709677528       -5.0022251810575118E-002
  0.46708388489408770       0.88271386984062761       -5.1467159074787119E-002
  0.46924302701282999       0.88214360386577462       -4.0418359176736994E-002
  0.48177920668216467       0.87522253645958781       -4.3293275250892480E-002
  0.48243153609608741       0.87540804387105797       -3.0340891645063262E-002
  0.49505691730518381       0.86833060684980889       -3.0341487045456743E-002
  0.49679744939347759       0.86713993452349869       -3.5505326793563566E-002
  0.49342135414744420       0.86932578675188088       -2.8426110524055196E-002
  0.49631924182998233       0.86737535971551216       -3.6430695130582461E-002
  0.50433632987101562       0.86276204377613286       -3.5868122218258545E-002
  0.51067362295437024       0.85901886613142731       -3.6042175973897986E-002
  0.53527955924562476       0.84427321047940129       -2.6048791154582182E-002
  0.55523479074135051       0.83160246832742413       -1.2315105445945005E-002
  0.56831861743184409       0.82272746329853896       -1.1552931000739579E-002
  0.58002371391781260       0.81458534743052591        4.8169538587199898E-003
  0.59937570214407399       0.80043438558935964        7.3186095320446612E-003
  0.61152472142195302       0.79122507855698865       -6.2462171886518212E-004
  0.63161658168586443       0.77524757198738370       -7.1899838060117682E-003
  0.63792482448604038       0.77009349459265097       -2.8156509964985155E-003
  0.66110768284751797       0.75028941657492476        1.5566167302387018E-003
  0.66412930238234369       0.74757758642781791        7.7473858753014761E-003
  0.66343402529375795       0.74778005397142167        2.6082273003316305E-002
  0.67771738923170965       0.73455201341189857        3.3652339078909299E-002
  0.69140990229424848       0.72033688828255393        5.5381534728339989E-002
  0.69640190797798029       0.71602836131721770        4.8246951758729888E-002
  0.69972807872131049       0.71235310744162683        5.4163328620412204E-002
  0.70254716276678031       0.70977670987759189        5.1424762553546367E-002
  0.70805201152492336       0.70236824561874056        7.3083490077883034E-002
  0.71647302140860925       0.69452970301970973        6.5535495855094147E-002
  0.71682136007163810       0.69252198213533667        8.1119923597050406E-002
  0.71977676507068644       0.68767560767039637        9.4992984370064301E-002
  0.73308051902334626       0.67467897945296995        8.6030385985189403E-002
  0.74638025853950241       0.65852646982035679        9.6225766863374515E-002
  0.75869124809850985       0.64468492816803291        9.3642583538173146E-002
  0.76985846232413535       0.63033416849686474        9.9983918773390648E-002
  0.78486383150044692       0.61256627087534066        9.3548542416853189E-002
  0.79963048728163832       0.59386226281216525        8.8987058707124367E-002
  0.80137739721096235       0.59075569370113445        9.3818855242835147E-002
  0.80726866202011827       0.58422781185126171        8.3637139954297682E-002
  0.82865776473612096       0.55511910811517007        7.1896347250428205E-002
  0.83805906751220038       0.54055100274810608        7.3902725177078299E-002
  0.84661926194643633       0.52831455437636188        6.4183774704963503E-002
  0.85358276175814596       0.51551349054722073        7.5115310644088495E-002
  0.85865973732574985       0.50684212938239304        7.6252943410711260E-002
  0.86861832968242891       0.48995538286715351        7.3796477823876674E-002
  0.87511720874473387       0.47933906959369305        6.6362092491723854E-002
  0.87973236027915058       0.47073927820591477        6.6899224448798894E-002
  0.88136754090354252       0.46749640116859265        6.8105599887662155E-002
  0.88357577589413028       0.46052202123612873        8.4931244013475279E-002
  0.89074907061581832       0.44691023349321235        8.2688187766442212E-002
  0.89714138627824958       0.43513772164098952        7.6108450462692406E-002
  0.90659385324293207       0.41577171396980461        7.2259719932642810E-002
  0.90669659828406435       0.41511182623391152        7.4722489123775798E-002
  0.91162368629204960       0.40429134650692056        7.4099674296964957E-002
  0.91333089874070394       0.40057708792257529        7.3243880542817150E-002
  0.91814487739073924       0.38783075377300336        8.1223706816477906E-002
  0.92091805769220170       0.38140475670891250        8.0251745004334324E-002
  0.93253888537396412       0.35453158248359129        6.8400177537548665E-002
  0.93969530069408591       0.33313103010057743        7.7436804153976593E-002
  0.94022001412708822       0.33314666888480349        7.0708005528497722E-002
  0.94593648018860199       0.31804934733479923        6.3630088074021096E-002
  0.95491438220213676       0.29083858260671958        5.9593972269250020E-002
  0.95864307661150050       0.27599290557160094        6.9508040822521683E-002
  0.95956999812810928       0.26931116089995011        8.1834695008554781E-002
  0.95591214091657906       0.28118748306812158        8.4649738417186621E-002
  0.96194929973195453       0.26052896582127544        8.2329840964868770E-002
  0.96760771777536803       0.23994081508658502        7.8509297265543940E-002
  0.97150730569429633       0.22387781211175425        7.7796402401802869E-002
  0.97659517233670368       0.20160986487364749        7.4935517308374527E-002
  0.97838575480636125       0.19109925665872776        7.9008789994964579E-002
  0.98058183632628726       0.17944505140792744        7.9112172212462417E-002
  0.98151114851524424       0.17330210845134314        8.1254197101481504E-002
  0.98450895751748024       0.15964325994433629        7.2499256011290203E-002
  0.98590874803808815       0.15574207092594242        6.1060198866928768E-002
  0.98858187469347691       0.14070141263389863        5.3935048997442919E-002
  0.99188060256437038       0.11879900955013342        4.5383538716714661E-002
  0.99281641794522646       0.10415210220974677        5.8888877249443985E-002
  0.99399323716122379        9.5680452581346373E-002   5.3129045460869197E-002
  0.99431303201553944        8.2980545229516603E-002   6.6751954858844734E-002
  0.99456493862125439        7.7795007325324808E-002   6.9199130778887244E-002
  0.99491524924516006        5.8314444785725762E-002   8.2116212460000948E-002
  0.99443947998003712        5.5408640010764579E-002   8.9554470961484736E-002
  0.99427956994517319        4.2538826557871695E-002   9.7972368679749622E-002
  0.99491374691806100        4.0327665707554611E-002   9.2305555477685874E-002
  0.99445535163849819        3.5946585850238057E-002   9.8825080638786672E-002
  0.99580790692134402        2.8725340261469560E-002   8.6841622162384238E-002
  0.99622908177332303        2.6740073893514234E-002   8.2538385477613052E-002
  0.99529540345129686        1.8257734722065277E-002   9.5151011510862915E-002
  0.99540598758323340        4.7419976025027183E-003   9.5626530535128165E-002
  0.99520750793152790        1.3520127874767607E-002   9.6846385058855677E-002
  0.99355659253246720        1.0732250197107204E-002  0.11282781678725758     
  0.99394040767561997        3.0261250430089165E-003  0.10987860827680002     
  0.99428093312425303       -1.7449617739028452E-003  0.10678193261957994     
  0.99359921417192543       -3.0660303295660966E-003  0.11292121614183150     
  0.99145298130179071       -2.7855882586863230E-002  0.12745601466034456     
  0.98996207014702697       -3.5428126166417835E-002  0.13682085932543006     
  0.98980311456124170       -5.1790221309614852E-002  0.13269350919154491     
  0.98802996782988395       -6.0176898485903622E-002  0.14204057011535559     
  0.98704109403947571       -7.4682486593487460E-002  0.14202959154193437     
  0.98637578467618581       -7.4739813179659692E-002  0.14654955383865459     
  0.98658252373855804       -6.7577753316724429E-002  0.14862089728675953     
  0.98390522585631801       -7.9796933205272869E-002  0.15988419554059002     
  0.98470040579135176       -7.8828091096713071E-002  0.15540670155561462     
  0.98345761049929870       -8.2338494679770891E-002  0.16134280475087664     
  0.98254596023239360       -9.1785639919837195E-002  0.16179874021607921     
  0.98340637967287958       -9.0834786808434376E-002  0.15703800152875666     
  0.98150893714467802      -0.10452205200481399       0.16036005409647774     
  0.98260903572066105      -0.10181151370393809       0.15528650487864262     
  0.98015601870155911      -0.11998463030927961       0.15779058112781694     
  0.97595195036123228      -0.13735089179244286       0.16927056185269646     
  0.97685299430029549      -0.13623877301623935       0.16491580959258140     
  0.97345185519131017      -0.14221158107493839       0.17935259081697916     
  0.97399512436941893      -0.15347411334558411       0.16667091599132158     
  0.97061225214698943      -0.17417656556096098       0.16605535219178344     
  0.96920127212350360      -0.19088365652093456       0.15560309697232716     
  0.96798074323216998      -0.19238905953017821       0.16124431929463168     
  0.96794505764696703      -0.18887803357654195       0.16555196709513395     
  0.96769368647168352      -0.19340820855284407       0.16174731536325732     
  0.97032666276469159      -0.19301478862453922       0.14564154249444397     
  0.97197385140065085      -0.18767922771077944       0.14157450222151807     
  0.97199994143139090      -0.18214723548535622       0.14845369130612421     
  0.96885327220386375      -0.18677343970274266       0.16260079692753868     
  0.96816062868225394      -0.19873254959942827       0.15221816842707531     
  0.96647369472500655      -0.19862619333087442       0.16271518898824194     
  0.96721741920795634      -0.19682552895369537       0.16046861105150317     
  0.96280653931732263      -0.20655801677823662       0.17417621408343975     
  0.95950311403304811      -0.22360959526318563       0.17132578050929220     
  0.95611799473380543      -0.23055307001539377       0.18078623302863511     
  0.95409330831974626      -0.23567115023908941       0.18483795055254854     
  0.95296414702581589      -0.24221210671696178       0.18218844596485489     
  0.95293733841081130      -0.24566061093132763       0.17765498388551942     
  0.95222487200742578      -0.25167394852758801       0.17299715825114817     
  0.94670184703020288      -0.26245060186832098       0.18674928221698117     
  0.94747812801462394      -0.26363539684536053       0.18105682661554878     
  0.93909220611313737      -0.28853631134073077       0.18668857880289746     
  0.94053029005728961      -0.29342383356248042       0.17118769635183634     
  0.94076158125939546      -0.29529555084493209       0.16663788548079206     
  0.94223259742579912      -0.29524264700743075       0.15820717978738444     
  0.94304198925771177      -0.29343335670019471       0.15674396853631511     
  0.94553192930356600      -0.29608061959063781       0.13529832730044769     
  0.94811686385385097      -0.29196688225918466       0.12581634289626040     
  0.94639051121665774      -0.29851275190143994       0.12343069809128669     
  0.94774945162099999      -0.29547764888875933       0.12026610478129271     
  0.94755479209764060      -0.29158473246756511       0.13083676763286245     
  0.94493428675410773      -0.29077776045154224       0.15015820904396465     
  0.94391815748864827      -0.29665173939041323       0.14496985024437792     
  0.94497786354090541      -0.29222433652423419       0.14704344446671477     
  0.94513107274434327      -0.29332636382077887       0.14382941152909914     
  0.95081412731379777      -0.27350420466185893       0.14542333145951988     
  0.95360901014403665      -0.26533181742631667       0.14222827578705341     
  0.94943467587876662      -0.27486660395685641       0.15173050539758270     
  0.94347402120051016      -0.29042070396444075       0.15972659774920919     
  0.94516548101917097      -0.28037185757979299       0.16749279079129079     
  0.94417664962536529      -0.28125168223906988       0.17154575348843093     
  0.94812349756694947      -0.27093542609494958       0.16630041565841888     
  0.94812349759789050      -0.27093542611582866       0.16630041544862320     
