  -6.9969821606308989E-003  0.99884070122008106        4.7626629387565150E-002
  -1.5028767107932547E-002  0.99856744232586836        5.1353668671177202E-002
  -2.5846000838587558E-002  0.99806035291036754        5.6634937883643155E-002
  -2.2272520495274818E-002  0.99810428343147228        5.7373985625322671E-002
  -3.3266471253092268E-002  0.99752566476236582        6.1934562489510972E-002
  -2.0691174919682417E-002  0.99798188810213595        6.0033543128306534E-002
  -2.8147803787843720E-002  0.99799364008094205        5.6713274459444366E-002
  -2.2038972886068247E-002  0.99787007366174418        6.1397066415523852E-002
  -3.4880223539907253E-002  0.99761432312413112        5.9573755156005125E-002
  -4.6798224220212001E-002  0.99762180504622144        5.0602967365102156E-002
  -3.6334103860290325E-002  0.99744554906535965        6.1499671107842317E-002
  -3.2953482257897786E-002  0.99587099745555796        8.4587377509591111E-002
  -3.8205539085546289E-002  0.99581169764359256        8.3062624683841416E-002
  -2.8871242599472616E-002  0.99677519736804066        7.4870937370026300E-002
  -2.5284164707368700E-002  0.99687015394823864        7.4903986424395858E-002
  -2.0766780782213105E-002  0.99716481040664928        7.2326217256361777E-002
  -8.2079452496473821E-003  0.99735642723905227        7.2199630745119939E-002
   2.7731348381324944E-003  0.99741399181967128        7.1816701717069734E-002
   1.0743023638417238E-002  0.99718248718354374        7.4240653940723003E-002
   3.3900226602500668E-003  0.99648078601361934        8.3752915483829779E-002
   1.3029911251016654E-002  0.99613303646942541        8.6886103992482547E-002
   8.3006258060291174E-003  0.99658494882280280        8.2155580401333556E-002
   5.1948649618146995E-003  0.99634367250285916        8.5277779295335629E-002
   2.8318842114747377E-003  0.99664082121374964        8.1847748424715899E-002
  -1.0390095037672392E-004  0.99797584298027231        6.3594072305579674E-002
   7.3778802210229706E-004  0.99781834547746928        6.6015188384493981E-002
   1.3018375437339004E-002  0.99690012883012069        7.7592880082266905E-002
   8.8572901718985218E-003  0.99603186077773498        8.8555523410194847E-002
   1.8785641601095377E-002  0.99757851663498653        6.6964190564627588E-002
   2.8797987887315038E-002  0.99679028492039023        7.4698084192096351E-002
   2.9149826795223575E-002  0.99704560658189756        7.1065786378143717E-002
   3.3253311592120964E-002  0.99754047259274403        6.1702696923246966E-002
   3.4254871335672538E-002  0.99851869602623300        4.2273129477809306E-002
   2.2813536237322855E-002  0.99927432251271886        3.0501982412542823E-002
   2.7241509266496270E-002  0.99949419492623881        1.6408975642416817E-002
   2.7660173654627820E-002  0.99938166223316305        2.1707325617770362E-002
   2.6419478616088239E-002  0.99940134317238094        2.2337556153161197E-002
   2.4547192213300727E-002  0.99938207318402272        2.5157646011617657E-002
   2.4742364026609915E-002  0.99930801158470084        2.7772529683196153E-002
   2.2287182468724284E-002  0.99941947662259856        2.5768027573237564E-002
   3.8883119862526010E-002  0.99893235371193534        2.4945053563562372E-002
   4.1720528455495710E-002  0.99901425741639227        1.5162815839026726E-002
   5.5844814887965603E-002  0.99841953470606115        6.3078813765764389E-003
   6.2023406208350632E-002  0.99806926496649084        3.2923261629353787E-003
   6.7959664243625137E-002  0.99768677080526358        1.6097813703343047E-003
   7.7522584371641112E-002  0.99693896739609100        1.0146142102193459E-002
   8.6492890351635862E-002  0.99623887465480565       -5.2042814246923324E-003
   8.5087930319834318E-002  0.99631120876410695       -1.1136399996963035E-002
   8.8107467011371010E-002  0.99601531032582469       -1.3804921346789388E-002
   8.8359895502320568E-002  0.99598383214024999       -1.4447663549556105E-002
   9.8089944761488315E-002  0.99511904040299626       -1.0791578388179242E-002
  0.10480307144872852       0.99449266460104457        8.1010470180232445E-004
  0.12186890675441202       0.99253375279168132       -4.9718342436374735E-003
  0.12469930833885337       0.99217000004894951        6.9838028808801612E-003
  0.10888704712032769       0.99404623237289669        3.9621805440886388E-003
  0.11437955747286305       0.99343526312725272        1.9221882315659392E-003
  0.13870619152708971       0.99032561969180666       -3.9698128531229452E-003
  0.13724781733862318       0.99047801139411085       -1.0786360857691860E-002
  0.14452552402710944       0.98949995268463631       -1.4888054917658006E-003
  0.15396029214454782       0.98796568091984960       -1.4833804884235302E-002
  0.17096782467911567       0.98516899113190792       -1.4562343102305232E-002
  0.17721445050028059       0.98374266193644588       -2.9075997318728376E-002
  0.18632923867332932       0.98180542264354842       -3.6599547581093565E-002
  0.19479432346307995       0.98022022244978901       -3.4978379708712662E-002
  0.20606731383864685       0.97765151347828616       -4.1638688271130715E-002
  0.20385329370331476       0.97836768686483044       -3.5220788535616214E-002
  0.22168903449476449       0.97473626057613760       -2.7261590247575677E-002
  0.21931481674646672       0.97545519103671308       -1.9702320548413831E-002
  0.21359316640946147       0.97634103927779325       -3.3706591123073747E-002
  0.21691405750176329       0.97572240061854210       -3.0233898017134997E-002
  0.22902805945187635       0.97265349326756034       -3.8617742271127464E-002
  0.24189604605202167       0.96946514422240326       -4.0294379784689388E-002
  0.24904547674336369       0.96759638178949192       -4.1636431902291812E-002
  0.26196626261861655       0.96440917948504712       -3.5897239094557609E-002
  0.27772218898628337       0.95946347473319493       -4.7960675532886826E-002
  0.29271223669102914       0.95575939368028673       -2.9043551491260061E-002
  0.28612009502527780       0.95783162666178912       -2.6341339927129864E-002
  0.28921522314304116       0.95690208372508456       -2.6324073866176832E-002
  0.30016371915826617       0.95347557931820359       -2.8036785566348213E-002
  0.31588386485743025       0.94862246628496361       -1.8242817275999246E-002
  0.33341022484397892       0.94266381214179495       -1.4918419748275430E-002
  0.34701473571330438       0.93750858061979769       -2.5659977826915925E-002
  0.36250510431196659       0.93175312350803663       -2.0643792790750140E-002
  0.36645126525361771       0.93025759046057022       -1.8283478457823625E-002
  0.37312348278749363       0.92728515612687534       -3.0349725192945699E-002
  0.38441327139169978       0.92255419863229438       -3.3469200227321270E-002
  0.38008297535307212       0.92439096569301549       -3.2222265468000187E-002
  0.39142182944171139       0.91946193308179702       -3.7130917710033018E-002
  0.40321490312828923       0.91428064847728230       -3.8841185811024512E-002
  0.41210934056449394       0.91032939390397782       -3.8292114252364486E-002
  0.42523354814746234       0.90383108803810086       -4.7600355311516011E-002
  0.43996025016913065       0.89616575993366854       -5.7636004316974909E-002
  0.44573648098809637       0.89360448881511712       -5.2820517659538636E-002
  0.45159615954981824       0.89086529227426259       -4.9192882624912011E-002
  0.46032325765233362       0.88670288478951909       -4.3133427527719148E-002
  0.48994995265047014       0.87060065282559962       -4.4761000853892494E-002
  0.50423231655461798       0.86255679543632968       -4.1779727004535236E-002
  0.51226734010481434       0.85826367805354165       -3.1074606931464802E-002
  0.52709321316139390       0.84925751508015679       -3.0568246908760754E-002
  0.53623362935815189       0.84364302859724283       -2.6831605331333431E-002
  0.54214015745478028       0.84002848820127785       -2.0885130719745761E-002
  0.55219341585556359       0.83358608980365800       -1.4719455547430139E-002
  0.55072902879801944       0.83467663193032626       -3.5294402725563152E-003
  0.56274831342745357       0.82662458301137021       -2.4767914395184840E-003
  0.57333915214845743       0.81930119347478159       -5.2698182594103299E-003
  0.57812899746032786       0.81594473103829923       -1.0286818526454933E-003
  0.58028281678996185       0.81401801567777132       -2.5426810463198366E-002
  0.59100245358914327       0.80638089970901228       -2.1585746132514752E-002
  0.59264338340578671       0.80519287114642590       -2.0934668860923974E-002
  0.59450839966573821       0.80345019784229532       -3.2055300873014739E-002
  0.60138872863200432       0.79846679006732868       -2.7971096402519144E-002
  0.62752916251161472       0.77840555045434967       -1.7086521569135340E-002
  0.62832063266114935       0.77747320205015391       -2.7360604272817758E-002
  0.63812810337982329       0.76965390965559544       -2.0624815847124819E-002
  0.65813025279380488       0.75251389911158117       -2.4236377647018015E-002
  0.67749765102232851       0.73514000245602118       -2.3793058823728071E-002
  0.69640343400672255       0.71693769399734708       -3.1978117977959200E-002
  0.70098708964839618       0.71253049082547015       -3.0288608259327599E-002
  0.70950697830717147       0.70393699755459804       -3.2749827591091005E-002
  0.71834333889666135       0.69466998573936523       -3.7635865549601161E-002
  0.73511959643824165       0.67631967880330235       -4.6806740923458025E-002
  0.74121667565244642       0.66892631016604864       -5.5994922112382606E-002
  0.75193544143839053       0.65687288506523878       -5.5777278303299024E-002
  0.76616921106721547       0.64008523636082626       -5.7233121577870923E-002
  0.77564970548605106       0.62887919253828839       -5.3651612946797413E-002
  0.78970160668198752       0.61146326355713987       -4.9840242013255633E-002
  0.79176478068643741       0.60930511519240538       -4.3079097772908408E-002
  0.79693343162514196       0.60208474592626693       -4.8898510008784563E-002
  0.80971983419621385       0.58553895465390993       -3.8703006240630784E-002
  0.80950461451867761       0.58566361226781227       -4.1236056290413443E-002
  0.81751048606782883       0.57436307187636237       -4.2233480011587811E-002
  0.82591457909899968       0.56252512318015901       -3.7823191600779328E-002
  0.83773594619307201       0.54489389901324614       -3.5904362884485987E-002
  0.84246105626545464       0.53770716307628197       -3.3621056684043520E-002
  0.85016566097001378       0.52522127090633197       -3.6891265835661102E-002
  0.84781112207359566       0.52963489709671219       -2.6517486035948879E-002
  0.84358074818477025       0.53674839773558547       -1.6512989441835206E-002
  0.84957444993869924       0.52686086417501921       -2.5315683125476392E-002
  0.86352356503087746       0.50362664930522072       -2.6215467685342657E-002
  0.86911049122591777       0.49402266171451648       -2.4260332923294717E-002
  0.87715580017015748       0.47902193270283000       -3.3700003226958701E-002
  0.87899254682403949       0.47496652609724344       -4.2177028284435286E-002
  0.88698817938856922       0.46015279046330793       -3.8876458863731415E-002
  0.89726189251068533       0.44108926665196868       -1.9009342244604960E-002
  0.90078770537386477       0.43362656238111180       -2.3441720176392067E-002
  0.90545818375992759       0.42319875754491498       -3.2377292576966837E-002
  0.91444732224184733       0.40344890682340023       -3.1860232700323982E-002
  0.91780845673089650       0.39416536185137313       -4.7553173078425284E-002
  0.91616089389810451       0.39811146720435758       -4.6437874329254232E-002
  0.91786534213374082       0.39475360791719988       -4.1143684157661078E-002
  0.91947138703164766       0.39110180905028286       -4.0146523980223552E-002
  0.92376942695536390       0.38172833869785067       -3.0553580110006549E-002
  0.93085985316960307       0.36475086287894026       -2.1371518105505079E-002
  0.93365362304381383       0.35816762192212998        2.6204548854441099E-003
  0.93755844261078192       0.34770792230125275       -9.1305781958573775E-003
  0.94028364501965833       0.34032758276753561       -6.6184073727458062E-003
  0.94339239068278136       0.33159951222078921        7.2498756376765845E-003
  0.94788157102110759       0.31862041799341767       -1.2476202375614324E-003
  0.95073580936935331       0.30970945310939085       -1.3471281953982957E-002
  0.95258377319762577       0.30425831821964233       -3.3212700476777965E-003
  0.96265579198378448       0.27036639488259517       -1.3994237323352424E-002
  0.96252272558203711       0.27112378534863119        6.4726931300639950E-003
  0.96660561690437075       0.25597298209601238        1.2305031726769396E-002
  0.97048269259285380       0.24105486811628715        7.4762246598196582E-003
  0.97353828076999394       0.22758749891887342        2.0667515846312517E-002
  0.97643442081286791       0.21536852504284643        1.3864352588883825E-002
  0.97722246525851475       0.21155469147280795        1.6759054565110246E-002
  0.98245680278600500       0.18609887511165724        1.2076396054983798E-002
  0.98031836867854094       0.19655316675999498        1.8513472609489746E-002
  0.98227416709677351       0.18736560159734003        5.6206754404433956E-003
  0.98552354316766233       0.16941871793471749        6.3752549449703020E-003
  0.98610343059530603       0.16519770679891421        1.7599483985286619E-002
  0.98920589251521140       0.14637873733894208        6.7057787199555057E-003
  0.99117990992201366       0.13133839286926841        1.7680857600996153E-002
  0.99234555044470041       0.12024068947028531        2.8151112026259428E-002
  0.99347403509080678       0.11194167434403066        2.1872428887657017E-002
  0.99381037495635260       0.10405117226396256        3.8913907277592225E-002
  0.99606845398516874        8.3696075561837460E-002   2.9027606018121523E-002
  0.99701817300768225        7.1579753915054140E-002   2.8828831434582876E-002
  0.99869619094577233        4.4565089621002127E-002   2.4897208226578937E-002
  0.99924852669641051        2.8744417184102741E-002   2.6002699394474606E-002
  0.99906382509514369        2.0087317535376605E-002   3.8314136562020387E-002
  0.99934157715043148        1.2875330443353275E-004   3.6282166433040997E-002
  0.99963855616617481       -9.9666734472312248E-003   2.4968428993469290E-002
  0.99989466659606530       -9.1621085966011387E-003   1.1256619332974756E-002
  0.99972300331544950       -1.5311809584876308E-002   1.7873587473542146E-002
  0.99944255203586974       -1.8694829150300254E-002   2.7660233966272974E-002
  0.99938324947445756       -2.5244506753504495E-002   2.4409742904147061E-002
  0.99932506463771209       -2.4846425340586772E-002   2.7056798307033170E-002
  0.99858936286463662       -3.9653649604025246E-002   3.5311081074927614E-002
  0.99767311878330489       -5.3417109590931842E-002   4.2366973695838334E-002
  0.99777197553395891       -5.6595721761091858E-002   3.5327172507887743E-002
  0.99551694441712246       -7.7653413480153935E-002   5.3999636603181349E-002
  0.99638277673822973       -8.1441696654670923E-002   2.4261332721507479E-002
  0.99524808245859653       -9.6226481199333733E-002   1.4890220901009025E-002
  0.99448591812950493      -0.10328586594702883        1.8160080883401715E-002
  0.99300582656783809      -0.11512607114375446        2.6180453497355854E-002
  0.99371947323290466      -0.10994716580785434        2.0814159808612495E-002
  0.99268245742582895      -0.11825602080159528        2.4434652917307093E-002
  0.99370042748024379      -0.11124837511167726        1.3537335801105161E-002
  0.99325675820379666      -0.11522884372801430        1.2779900453034345E-002
  0.99233012220807859      -0.12355700336362584        3.8204028976548659E-003
  0.99136431959422466      -0.13107308124847106       -4.0783829530331829E-003
  0.98914595150818541      -0.14691641773007011       -2.4192594589861017E-003
  0.98699115063398213      -0.16063353287243437        6.7332523440327748E-003
  0.98642045376446708      -0.16310213041650665        1.9297239406191383E-002
  0.98538162492702264      -0.16948191162990131        1.7289733556500063E-002
  0.98597892819471233      -0.16640002408000346        1.2513398506422338E-002
  0.98728815261174130      -0.15690776450898600        2.5338846644779638E-002
  0.98613226460124315      -0.16440347339727271        2.2686001131445133E-002
  0.98557180945714606      -0.16748770230133039        2.4414708296186190E-002
  0.98162880217816040      -0.18823531659499926        3.1182692645924659E-002
  0.98107975974936734      -0.19179392232914130        2.6412049669172537E-002
  0.98084308615339133      -0.19443023985634511        1.1988418348351288E-002
  0.98067639569401555      -0.19550323465116418        7.2313324862310485E-003
  0.97814989472979053      -0.20754113075971284        1.2225484983412844E-002
  0.97795312134169565      -0.20882451877609523        1.1320762686083635E-004
  0.97401501137045399      -0.22615988481636826        1.2102236357864555E-002
  0.97409795534653332      -0.22531205002946308        1.9174292717701227E-002
  0.96967420857326936      -0.24360684673847055        1.9688409025184844E-002
  0.96586112980581962      -0.25859849084735936        1.5462808984585649E-002
  0.96616847217569801      -0.25788923986863926        3.4093010504746470E-003
  0.96382378838984617      -0.26653204317979001        2.0916243093191548E-003
  0.96240702443606052      -0.27159812211786571        2.6794361677072633E-003
  0.95970525331037704      -0.28089393655551426        8.0264048497335969E-003
  0.96275861423621178      -0.27026561699867374        7.2351214430209391E-003
  0.96369872582514404      -0.26689086709074161        7.3505718515550593E-003
  0.96293120694012047      -0.26929973853055617       -1.5528732344176038E-002
  0.96505949460194396      -0.26189030137819364       -8.5814872067341043E-003
  0.96705754046840275      -0.25452187617767963        4.2811178675934312E-003
  0.96522809997415948      -0.26140821262615405        6.7925832594974557E-004
  0.96178265048484435      -0.27357049584934301       -1.1546299281251083E-002
  0.95702194062227908      -0.28937614108705578       -1.9247185174238089E-002
  0.95391873591421683      -0.29916972852768869       -2.3162875566109766E-002
  0.95552882431927866      -0.29418603276370719       -2.0475449244613357E-002
  0.95486216503419907      -0.29571192288560028       -2.8155007538677078E-002
  0.95873929947326875      -0.28036837676088650       -4.7037527124326919E-002
  0.95887886373014675      -0.27850358884235582       -5.4654146169443307E-002
  0.95567009753704102      -0.28981690082064809       -5.1969497517845256E-002
  0.95671142452291869      -0.28697352274805088       -4.8471098903379063E-002
  0.95306791828586335      -0.29994058028192172       -4.1196983316684421E-002
  0.94988081546071745      -0.31081751326990925       -3.3450110080422132E-002
  0.94967953075817846      -0.31191973040574145       -2.8545939160160846E-002
  0.94688273610859919      -0.32077940733476878       -2.2663977794009790E-002
  0.95014376075729357      -0.31127209013835683       -1.8344475868378920E-002
  0.94611028818027354      -0.32324981013033305       -1.9618431388455586E-002
  0.95000862836530908      -0.31216030319133348       -6.2889699442172037E-003
  0.95464055611636189      -0.29757259027292055       -1.0581216192280654E-002
  0.95195227342295219      -0.30562398303086735       -1.9515381657067326E-002
  0.95218226367353820      -0.30469764430280910       -2.2545117029092235E-002
  0.95218226367392100      -0.30469764428630142       -2.2545117241055620E-002
