   1.9400183151835348E-002  0.98922056962823024       0.14514233537488211     
   9.2047688653046859E-003  0.99044205225234283       0.13762199446419737     
   7.9091341540246472E-003  0.99071729182792545       0.13570811792252796     
   1.8122633515193158E-003  0.99060177325694010       0.13676564817873915     
  -9.4825453557603381E-003  0.99011514131866962       0.13993601489640503     
  -1.5703809746445745E-002  0.99085450374581996       0.13401769571990341     
  -1.5773540958713719E-002  0.99188333660085326       0.12616910073065585     
  -1.9225484585168172E-002  0.99266918835223517       0.11932419385263075     
  -1.4803923960731526E-002  0.99232803369966616       0.12274329867296074     
  -2.1490305472794104E-002  0.99243778058766674       0.12085287929094866     
  -3.3255838104973914E-002  0.99174041084177478       0.12387496411835353     
  -4.4570214384995588E-002  0.99229643068474005       0.11559104480884617     
  -5.3409991441700284E-002  0.99028519686757044       0.12838458505270373     
  -5.2349598158424208E-002  0.98992229015608058       0.13158031397132419     
  -3.8294498156544288E-002  0.99136853785615731       0.12538721449925946     
  -3.5626260698995410E-002  0.98842418550015754       0.14747338426630552     
  -2.6437368685376657E-002  0.98732434005786607       0.15649828454744458     
  -3.3323509480290295E-002  0.98601984546386479       0.16326177772930492     
  -2.1297070691823575E-002  0.98561299884060427       0.16767066319538107     
  -2.3220534412572141E-002  0.98431185047852765       0.17490279525819755     
  -2.7925231057060521E-002  0.98389468576731276       0.17655432248815273     
  -2.7280646730916012E-003  0.98315602699738647       0.18274787069034176     
   1.7091957409188939E-003  0.98453373072387529       0.17518679093141440     
   4.3071440992892675E-003  0.98383850811129814       0.17900625259203284     
   1.2872094289589039E-002  0.98423946314102939       0.17637173351888896     
   5.9734441741569550E-003  0.98312119598131320       0.18285795573879335     
   1.4864886648794314E-002  0.98352483669231605       0.18016084689596584     
   3.2509860732880862E-002  0.98261576137066065       0.18278231441002527     
   2.0339576520753605E-002  0.98136829335776155       0.19105646918916760     
   4.4225400587445174E-002  0.98033242339698512       0.19233422363031027     
   5.1188054056987405E-002  0.97726817332892790       0.20573453895784882     
   4.9098456122923559E-002  0.97906888367495504       0.19751825896818373     
   4.7767966465796903E-002  0.97936496506147197       0.19637333472206359     
   4.9706826447821192E-002  0.98236892137753706       0.18022356592860031     
   5.3986567107205299E-002  0.98422165503298131       0.16850277248792814     
   5.8779443505597731E-002  0.98504033464653040       0.16198924699073031     
   4.8332567540882804E-002  0.98568909838457253       0.16149601927203422     
   4.2625919749070929E-002  0.98697335739785996       0.15513420883977222     
   4.0632091819752698E-002  0.98537807155348922       0.16546627818343451     
   4.0999941469519213E-002  0.98747325200965064       0.15236660186858630     
   4.8671702658270297E-002  0.98847198059908981       0.14336739144887911     
   5.2743045275997463E-002  0.98862685960086272       0.14083715294889010     
   5.8463867395090713E-002  0.98919304580047163       0.13445852278377854     
   6.4824611460815099E-002  0.98837896099574774       0.13749472429850054     
   8.0928985890354133E-002  0.98387441649283502       0.15950433164538769     
   8.2464412089718747E-002  0.98357755421122106       0.16054536925918808     
  0.10557871985592449       0.98162615943625320       0.15894406885447307     
  0.11453608060329960       0.98174061563174686       0.15187774642465657     
  0.10996326474133761       0.98122399008106431       0.15845365788400520     
  0.11517232605817028       0.97994937383108915       0.16258708447600331     
  0.11774306886002625       0.97765833099789101       0.17412856619705233     
  0.12072757903267223       0.97675250654633450       0.17714229482639549     
  0.12903324890916285       0.97350237306859777       0.18879499544678899     
  0.12865463151597911       0.97089098463486290       0.20203633768269000     
  0.15224319704866157       0.96881735881394859       0.19548640416450067     
  0.17274916749969851       0.96571682961198357       0.19377494712253071     
  0.17821981212389920       0.96391262822335588       0.19776284716312284     
  0.18159068818413890       0.96369842728897137       0.19572982196275784     
  0.19348100635868923       0.96209958756212643       0.19217045504242911     
  0.17351740975605570       0.96702218264562001       0.18643982080781382     
  0.18176500940248860       0.96463751529619779       0.19088201968779070     
  0.18351209684232042       0.96582862276612780       0.18302563142417580     
  0.19639880198455345       0.96324643940516941       0.18325885395335029     
  0.20856776636195543       0.96170661205856633       0.17781979405459766     
  0.22268912315120126       0.95844569516715361       0.17830144095239581     
  0.23645395706275016       0.95491913873544010       0.17949641964710542     
  0.25815217235461430       0.94878376504064110       0.18211760789088288     
  0.28396317236988128       0.94364950308673912       0.16997215084178677     
  0.29050813903868189       0.94152182652345962       0.17070931823485544     
  0.30096574316852609       0.94094511795480684       0.15505452729936919     
  0.30137408276553368       0.94444638838239581       0.13112849312289721     
  0.32128338206729834       0.93674696946233982       0.13886001444087634     
  0.32426934402606078       0.93577818787843281       0.13845062519130955     
  0.31906056220488338       0.93865055761393268       0.13090259102308457     
  0.31223980172905924       0.94153528150189392       0.12656073602561849     
  0.32550103064200403       0.93744727896897717       0.12345719178991350     
  0.32503530363765465       0.93817565608681863       0.11907346352250148     
  0.34996470301761373       0.92909581034574296       0.11960636203722648     
  0.35998507525515372       0.92842989021958355        9.1807867529922926E-002
  0.38097625000041863       0.91988186534532201        9.3136731445918719E-002
  0.38524046838521248       0.91784883496182146        9.5620592330146997E-002
  0.39237033093063350       0.91696309508978180        7.2278666622679816E-002
  0.39958990645770082       0.91348512558351325        7.6634404772259829E-002
  0.39723153182472531       0.91566607064876704        6.1341317126623822E-002
  0.40511091935982851       0.91245580513491220        5.7528659736112202E-002
  0.41953431968557658       0.90651639929067329        4.7105970142146000E-002
  0.43307425772080765       0.90035856927194069        4.2439769534659895E-002
  0.44545313391385394       0.89460582731895810        3.5382470423757036E-002
  0.45401810318511543       0.89054875538701350        2.8115409632967776E-002
  0.47042171211602152       0.88189310081073424        3.1112240553489878E-002
  0.48492453275283426       0.87395924054581675        3.2302374510617383E-002
  0.48954965081604868       0.87156451211854491        2.6766408078931853E-002
  0.49277390314758812       0.87001847206550631        1.5547946536217362E-002
  0.49983976506578676       0.86603258158198670        1.2156352142758852E-002
  0.49167105688546286       0.87074409033807865        8.0187880907730685E-003
  0.50136412836698785       0.86520587166086671        7.2670785306827058E-003
  0.50933366145126713       0.86048919082488218        1.1729185231152852E-002
  0.51234418851958330       0.85849896063538378        2.1976511965644679E-002
  0.52734519061169571       0.84946767836026782        1.7655405969023100E-002
  0.52649185967031398       0.84993675814825398        2.0342783716416270E-002
  0.52988567340772030       0.84787287706476133        1.8241640692960366E-002
  0.54970472058321507       0.83514065667033055        1.9099836250077492E-002
  0.56633821139507490       0.82378502872463377        2.5283527502770686E-002
  0.57755924540864656       0.81602450903713886        2.3006927080576760E-002
  0.58646892898847724       0.80950691365861394        2.7436327560615200E-002
  0.59276558501757004       0.80505659559567588        2.2645951220480090E-002
  0.59109907344943191       0.80598501413046886        3.1464938651345919E-002
  0.60100315762295442       0.79876398286288552        2.7772364110018793E-002
  0.60726762169026782       0.79447628921985680        5.7845928200477379E-003
  0.61160163717936245       0.79110057127387834       -1.0164818230960760E-002
  0.62687805713846811       0.77889242068843612       -1.8721604429339768E-002
  0.63116880031840872       0.77552285573624535       -1.3792959628782539E-002
  0.63253066584582240       0.77447477716575663       -9.6838163290322524E-003
  0.63890000578150441       0.76882671272600478       -2.6688357224072951E-002
  0.65949956935921816       0.75165050977358783       -9.0459478283393627E-003
  0.67495232914103842       0.73782049750653733       -7.7631724373688569E-003
  0.67908150327597938       0.73400995591412987       -8.8145633682634970E-003
  0.68684277813154637       0.72678508755437088       -5.5167596580576591E-003
  0.69330178076493976       0.72058797071325142       -9.2529590685137154E-003
  0.69991549887301097       0.71402442548133627       -1.6953296239764111E-002
  0.70959013457774611       0.70437512603086427       -1.8371791936053705E-002
  0.73245720892876343       0.68063323744035509       -1.5647146057650423E-002
  0.74332947987782683       0.66890375031015459       -5.3904698839643429E-003
  0.74833047972720879       0.66301386695839593       -2.0349578180401590E-002
  0.75863449536744787       0.65126005876353310       -1.8276714636332379E-002
  0.76851844850046847       0.63959919331923787       -1.7095795384067206E-002
  0.77669768584643317       0.62982056676620879       -8.1705862143631215E-003
  0.77122999653665347       0.63644973007972383       -1.1663341010191165E-002
  0.78566753484756791       0.61864696755252357       -1.5665965064977001E-003
  0.78886326966970999       0.61445626837238210       -1.1757381677192584E-002
  0.79711112473053436       0.60293696539358799       -3.2876596429576813E-002
  0.80884458469410137       0.58563126126999743       -5.2976066618221407E-002
  0.81670947355807377       0.57549488861461062       -4.2323385721755154E-002
  0.82482452270466211       0.56178810133875912       -6.3707424521947997E-002
  0.82933595366946333       0.55668857798285609       -4.7955219680340687E-002
  0.82891624719115053       0.55711719652672986       -5.0182511662322980E-002
  0.82282904779765476       0.56602852214154098       -5.0636649007117548E-002
  0.82486638807259582       0.56390487984187621       -4.0084015749324908E-002
  0.82567196584486369       0.56240816182799103       -4.4304224709857350E-002
  0.83553383090266398       0.54782406961608465       -4.2095203603154600E-002
  0.84745226370566340       0.52858915707544651       -4.9174828544866697E-002
  0.86005424877188319       0.50781356196778416       -4.9316077003575778E-002
  0.86539715028172859       0.49788311070606639       -5.6570136626256623E-002
  0.86916076284178656       0.49017823790879406       -6.5458868130418610E-002
  0.87639352900758671       0.47872949026290335       -5.2463868197555899E-002
  0.87274605749129430       0.48500079401429697       -5.5574714924193837E-002
  0.86959888624015302       0.49025338945317182       -5.8731517769961758E-002
  0.86814860225025370       0.49259382280154318       -6.0574996068446157E-002
  0.87809937035520769       0.47348561782092008       -6.8941029137441295E-002
  0.88538775777615253       0.45952632670310556       -7.0171742509841997E-002
  0.88780868454539930       0.45634150182497168       -5.9566545626693848E-002
  0.89468376108732994       0.44383291547657738       -5.0530295726329361E-002
  0.90413844874143023       0.42552746725831803       -3.8210471289441446E-002
  0.91418261774922416       0.40252866679117316       -4.7337234989975586E-002
  0.91329875264508742       0.40523537432184936       -4.0861715763774044E-002
  0.91754908997473628       0.39515201515824844       -4.4255535279868058E-002
  0.92754701110542026       0.37074123175790830       -4.6983840456389175E-002
  0.93179993580415177       0.36012840538753355       -4.5347671036232863E-002
  0.93718958682834186       0.34306364781218929       -6.3111107503482949E-002
  0.94591833293390781       0.31971995905133049       -5.4933188545296836E-002
  0.94942397495718600       0.31144456826940847       -3.9954933011807664E-002
  0.95366684820038938       0.29996182328208237       -2.3290496276894220E-002
  0.95815075412622464       0.28369576217526821       -3.8260252105032637E-002
  0.96401438566103659       0.26195785888188933       -4.5324876266686312E-002
  0.96174029978393860       0.27034591483845460       -4.4369833239025894E-002
  0.96570205988786717       0.25719867988139339       -3.5614190929990984E-002
  0.96941707652747500       0.23975529395408562       -5.2420709246576172E-002
  0.97356439029164754       0.22115081339385251       -5.7137515620562650E-002
  0.97502719992215803       0.20759184404654660       -7.8915053679958616E-002
  0.97555737102918560       0.20789290768369342       -7.1192378562900199E-002
  0.97531862358432053       0.20884578243097618       -7.1673018984694511E-002
  0.97696429197063839       0.19615792863343084       -8.4040699952765099E-002
  0.98118664639606801       0.17273195559517515       -8.6234775179764078E-002
  0.98003595918121833       0.17525744421100345       -9.3884753609820029E-002
  0.98152703654788687       0.16542637771057120       -9.6118625058220095E-002
  0.98296489044614987       0.15883035475979640       -9.2482120202044896E-002
  0.98768428616246096       0.13100318826754057       -8.5544815924104151E-002
  0.98883095394481302       0.11560393446204532       -9.4069521405641260E-002
  0.99055089144035480        8.9898232710553708E-002 -0.10357238638863647     
  0.99147774782586651        8.3175638940805985E-002 -0.10026808391973746     
  0.99302815897703967        7.0261822925169179E-002  -9.4648569550222425E-002
  0.99333804394929115        6.5041097826649616E-002  -9.5127209758828837E-002
  0.99417147635294101        5.6885728601721357E-002  -9.1581054196088599E-002
  0.99469428858895870        4.3874673534342025E-002  -9.3049907419407205E-002
  0.99548854350346183        2.8983007275503278E-002  -9.0346804274554118E-002
  0.99487306543839960        2.3916850286810270E-002  -9.8262749491149465E-002
  0.99474196777755330        1.5282348329801602E-002 -0.10126631903830485     
  0.99431294614310295       -6.1938629519346852E-003 -0.10631745479437955     
  0.99430531488147811       -1.4515119497744752E-002 -0.10557581211816522     
  0.99193611303638773       -1.1574115674492388E-002 -0.12620930037289718     
  0.99290181985862391       -2.0984644494855070E-002 -0.11707100758453069     
  0.99294385357617954       -2.5113967372180544E-002 -0.11589560944279069     
  0.99244107029450679       -2.1603800696324796E-002 -0.12080561985341183     
  0.99273853912729915       -3.8744041913902356E-002 -0.11388192195238571     
  0.99183599327470640       -3.5872128683494098E-002 -0.12237055539831090     
  0.99024850108660456       -4.5045610521236706E-002 -0.13182867316521732     
  0.98863993452273757       -6.6309106473565860E-002 -0.13488581195053170     
  0.98931341635257708       -6.9078450638251826E-002 -0.12840222693633785     
  0.98793393871290536       -7.4039886158866489E-002 -0.13603171687803947     
  0.98389906355200107       -8.5528333893084535E-002 -0.15693163111039127     
  0.98369811730006695       -9.2491756233470321E-002 -0.15421831619218451     
  0.98347070501663225      -0.10776889730228162      -0.14550339222278652     
  0.98038054753429071      -0.12695244417460402      -0.15078812597302843     
  0.97862455356981193      -0.14488242306572918      -0.14595570094000587     
  0.97593194473510736      -0.14862672665585377      -0.15958363126936334     
  0.97464126415440366      -0.14962116967341091      -0.16639685030992840     
  0.97422305650285190      -0.16246420640835707      -0.15650820366467652     
  0.97270793484684415      -0.18436543249546344      -0.14088527526589895     
  0.97401879795977264      -0.18163189056121448      -0.13526728189831433     
  0.97372668709140009      -0.18384762001410634      -0.13437407287551947     
  0.97168760396803067      -0.19826299815593032      -0.12851063713595196     
  0.96860703713721752      -0.21151302796897647      -0.13062406595897388     
  0.96893419155908733      -0.21905930753986830      -0.11480223084892663     
  0.96344130285009777      -0.23007295337163325      -0.13728544019436162     
  0.96050817133533939      -0.23030119030163004      -0.15615829963115566     
  0.95797104073258588      -0.24311457767971514      -0.15227208292178604     
  0.95558786037297716      -0.24827796295519414      -0.15877623946489702     
  0.95237189000899991      -0.25915594900803257      -0.16070462723403736     
  0.95477135985730699      -0.25122345811383179      -0.15905478455411398     
  0.95343984088552780      -0.25843356464182804      -0.15544954962526220     
  0.94973916537713587      -0.27396574398420709      -0.15145391666087782     
  0.94942291952446234      -0.27530481440524901      -0.15100787743338956     
  0.93980718514352835      -0.29644898737341285      -0.16994249803352926     
  0.93245898904871338      -0.32526854703914382      -0.15722787936398214     
  0.93384567005217423      -0.32545612710746236      -0.14835960991124417     
  0.93499885751697875      -0.32691360692340188      -0.13749410914753823     
  0.92738394713525463      -0.34781840494924710      -0.13777289927411393     
  0.92777788737243927      -0.34138763239264686      -0.15060768955161433     
  0.93188182743423786      -0.32870376921855188      -0.15346039163035299     
  0.92822331921012113      -0.33456857386522443      -0.16268171088458463     
  0.92449906661302872      -0.34200402687842607      -0.16832920551876368     
  0.92553315808029946      -0.32970771940531385      -0.18622887278414871     
  0.92505697898211536      -0.33086262570986652      -0.18654626381907180     
  0.92687535264428611      -0.32363249760044727      -0.19016857563075074     
  0.93029738765668790      -0.32086504859618925      -0.17774248537844453     
  0.93125485195476432      -0.31300520254068931      -0.18652652329674912     
  0.92920871870466204      -0.32306332319871151      -0.17944705705874578     
  0.92884421031167885      -0.32691230966347473      -0.17428934207508445     
  0.92011264451714392      -0.33990046973274846      -0.19457747062577588     
  0.92080261112483963      -0.33922846675907103      -0.19247493001938493     
  0.92327696666739445      -0.33449451638318256      -0.18887313554615481     
  0.92719981049388123      -0.33263937137338867      -0.17219628344545707     
  0.92727808143891499      -0.33167965802927796      -0.17362017202084179     
  0.92828871565315108      -0.32669375024433112      -0.17762672643022423     
  0.93276570673002368      -0.31807502972240098      -0.16963611589379901     
  0.92430725061503527      -0.33525751122939962      -0.18236915206455448     
  0.92439077862181718      -0.33847704896259373      -0.17588341514913947     
  0.92541526995721579      -0.33085544139923506      -0.18477352360804128     
  0.92523349879621231      -0.33402034069947178      -0.17992605343398144     
  0.92640428588076296      -0.33610347783154926      -0.16973376591383038     
  0.92640428583166168      -0.33610347786400613      -0.16973376611822194     
