   3.3921072786636051E-002  0.99228110482774790       0.11927937718997268     
   2.2747894526030554E-002  0.99294702271583990       0.11635610587494721     
   1.8388029885044059E-002  0.99249724741615997       0.12087635926140566     
   5.9597825073873199E-003  0.99268237046487351       0.12060759661275205     
  -7.7933659100642488E-003  0.99242142538576195       0.12263351044100569     
  -1.1582740987661169E-002  0.99135200975621462       0.13071737781766646     
  -9.5077082059933336E-003  0.99195987270635999       0.12619514422136691     
  -1.7812162743762350E-002  0.99025973119426058       0.13808834720373889     
  -2.1667302343098053E-002  0.98854195466368777       0.14938317133756399     
  -3.2581914695315309E-002  0.98898216255124083       0.14440464324341529     
  -1.8797603516396220E-002  0.98659122575152647       0.16212465380731259     
  -2.5909159007342794E-002  0.98753923671707966       0.15522555016420483     
  -1.2592720248856652E-002  0.98739074871575183       0.15780029387577477     
  -3.1667677924694146E-002  0.98743252676818394       0.15483592365810112     
  -2.4774170188783320E-002  0.99014408219187422       0.13784388630573613     
  -2.0261897639848137E-002  0.98881880703932179       0.14773903461632917     
  -2.8623165023364160E-002  0.98692737812575815       0.15860348271668545     
  -3.5006495390279828E-002  0.98525535751479698       0.16747067136928717     
  -2.4464800093716772E-002  0.98765970806900971       0.15469251634585582     
  -2.1426350360763367E-002  0.98947905823004700       0.14308076332755690     
  -2.5417174558439330E-002  0.98996690026117984       0.13899461725094439     
  -1.7510957061343708E-002  0.99164355909991231       0.12781399797539392     
  -8.1687945032658214E-003  0.99236712636534674       0.12304778464380002     
  -6.6611538472654214E-003  0.99205038144674385       0.12566491037991848     
  -6.1934219004497288E-003  0.99234807258973246       0.12331643991214589     
  -3.1576320938833313E-003  0.99236752963717401       0.12327495885771843     
   8.7193674418776655E-004  0.99369278756730650       0.11213332984902201     
   1.4247379330919840E-003  0.99269632167706923       0.12063160054745112     
  -1.5139955934056969E-002  0.99507489939835037        9.7962882367136281E-002
   3.0240663263588308E-003  0.99376852591042142       0.11142249293873036     
   1.0246278110815254E-002  0.99330894735426745       0.11503194726176229     
   1.2868234242620950E-002  0.99352643748384761       0.11286995423110081     
   1.5036245100627243E-002  0.99512987681834908        9.7418887269211746E-002
   2.7228996781577815E-002  0.99264689481468915       0.11794373213114884     
   3.7980772365100716E-002  0.99305795370583649       0.11132547557556985     
   3.7631027834282953E-002  0.99285092846238154       0.11327373744836880     
   4.8910059207157575E-002  0.99277373082877773       0.10958159281860219     
   6.3354843155948026E-002  0.99213382887560697       0.10796587168783019     
   7.8133857116545247E-002  0.98932985289916209       0.12296968136338583     
   9.7132712635809901E-002  0.98830705087226522       0.11753471543410215     
   9.5923313736009874E-002  0.98893962691658632       0.11312441025696272     
  0.10580908693026060       0.98969153940896681        9.6514734342976374E-002
  0.10528743274431424       0.98935384425054740       0.10046654852623831     
  0.10490370707391000       0.98912864262524380       0.10305212555058794     
  0.12446747320526108       0.98816064619962318        8.9701646675190497E-002
  0.12346693455724168       0.98951336840288284        7.4961388881325974E-002
  0.11966148869136539       0.99030403347491591        7.0562379548016627E-002
  0.13334286687921851       0.98826472546989863        7.4515181301104738E-002
  0.13758436156306000       0.98795306018239926        7.0846978266666721E-002
  0.14440745952355968       0.98691719420545065        7.1700330651903635E-002
  0.14547469528038748       0.98529045215030164        8.9665143364253810E-002
  0.12359098592503590       0.98820367608198478        9.0436512405825911E-002
  0.12026894552577722       0.98830911876965832        9.3704143445522428E-002
  0.13044047874244252       0.98698984759280861        9.4001714102280684E-002
  0.13773867831077627       0.98692188566799988        8.3745137690020843E-002
  0.14275206354052614       0.98561740360955818        9.0444358900241398E-002
  0.14585333504608250       0.98494773668027602        9.2761849185627548E-002
  0.15040834661456579       0.98402107983622289        9.5288213891471740E-002
  0.15726158243453026       0.98372254877266430        8.6941024415406132E-002
  0.16270161435980246       0.98372488336437935        7.6246564082927945E-002
  0.17099789859206102       0.98344755771519266        5.9921781524934360E-002
  0.18468717072879992       0.98059016628746343        6.5829892514840574E-002
  0.19406991384052535       0.97914112379450591        6.0162515209754033E-002
  0.20901569770632589       0.97652470595689189        5.2076259160428809E-002
  0.21207065209485693       0.97477426093417141        6.9578579608255947E-002
  0.20496089727005692       0.97590461726279243        7.4841222567622101E-002
  0.21032714309542833       0.97427770504612454        8.0903932706468312E-002
  0.23013929915351816       0.96998637774478047        7.8500509391268083E-002
  0.24987993144032913       0.96455880128241289        8.4772275727464666E-002
  0.26596800689932376       0.96094422796122403        7.6467052081343412E-002
  0.26928134204170434       0.95820896301899328        9.6556418835231278E-002
  0.27586860489754289       0.95557153863529043       0.10382459911826251     
  0.29560987245901044       0.95002009013785171       0.10038242694434411     
  0.30139066919520591       0.94773608852984381       0.10468988021876593     
  0.31275832603424381       0.94494979013125380        9.6187959886660665E-002
  0.33453383721703550       0.93761066157291217        9.4727815670227644E-002
  0.34087905423244902       0.93547055418936764        9.3254022059265376E-002
  0.36276195846894321       0.92683915129357186        9.6813992362615189E-002
  0.36706254862365439       0.92523155623591935        9.5977355366600473E-002
  0.37112800966184667       0.92505723510247961        8.0827669946583719E-002
  0.37850260079687353       0.92102650011601894        9.1901943799030619E-002
  0.38862655155428782       0.91673015480419495        9.2602519942494257E-002
  0.38465334064872958       0.91956401441565083        8.0273475815776679E-002
  0.39712967282506673       0.91427831918930880        7.9894793461325816E-002
  0.41095405400348095       0.90861983774279642        7.4342154652383086E-002
  0.42136859436926188       0.90414458199939762        7.0505904152820126E-002
  0.41565145980623491       0.90624251837744452        7.7190425869113469E-002
  0.41704433331719643       0.90501271824871565        8.3821261360633031E-002
  0.42824301265677339       0.89934129044674038        8.8278906927098694E-002
  0.44781798497354425       0.88918393584650546        9.3866823568037078E-002
  0.46261306998061275       0.88012851282900117       0.10659713123965418     
  0.45605018799124614       0.88425263164546541       0.10057588906502753     
  0.47107328585252417       0.87678175318417384        9.6662902084479571E-002
  0.48841115381696315       0.86779419443531913        9.1584829156035885E-002
  0.51258189257163289       0.85228010225366613       0.10429971577221349     
  0.51912300729383687       0.84728799494965013       0.11231365416727475     
  0.53297087076439609       0.83789730433144349       0.11777163627436503     
  0.54330147135212603       0.83311893722283781       0.10361634845575754     
  0.54626588990365510       0.83241880621090558        9.3126304523374434E-002
  0.55904251565892549       0.82406845654202576        9.1556783572736153E-002
  0.56444340404582394       0.82147251443453273        8.1157573015533294E-002
  0.56977183076257010       0.81793683495992597        7.9620317037856880E-002
  0.56929590053236501       0.81812431209774694        8.1085063924451750E-002
  0.56798028652811972       0.81924779867089037        7.8939460907314518E-002
  0.57881744551100811       0.81226174521348227        7.2119498298724327E-002
  0.58874841878587425       0.80535127070552426        6.9171021028533480E-002
  0.60204565557794998       0.79560674048361946        6.7460678152142628E-002
  0.61838911369541849       0.78360194311500320        5.9690022695476776E-002
  0.63549039819738040       0.77008887770902590        5.5812850023876322E-002
  0.64250863471047082       0.76452430049329390        5.1819381294324902E-002
  0.65924573912660134       0.75015774924781531        5.1559739010924047E-002
  0.66123558247637682       0.74871000823167555        4.6912983712947866E-002
  0.67064859754843453       0.74025715281245930        4.7432123253227203E-002
  0.68077904881443685       0.73079704706230952        4.9755026884921214E-002
  0.68528396868772345       0.72658008224561221        4.9671584870659910E-002
  0.69611250584445294       0.71662922827060560        4.3242668687680515E-002
  0.69260775375311634       0.72058981858295224        3.2323564092640110E-002
  0.69167699467497123       0.72171112404293469        2.6757960873055441E-002
  0.70408107282703902       0.70894599628843680        4.0809523806616996E-002
  0.71024067088329290       0.70311085079098434        3.4544477463540058E-002
  0.71884086396642788       0.69423746688840471        3.6085341350345329E-002
  0.71132311208830734       0.70188617029410028        3.7084149698858891E-002
  0.71783015384990057       0.69552328986447987        3.1100216718214946E-002
  0.73207659427956162       0.68008314204539044        3.9379944308086931E-002
  0.74460609116784671       0.66591765647907020        4.5993953789204574E-002
  0.74838339029263268       0.66131123692172611        5.0889577077844889E-002
  0.75453198992840176       0.65366854492440118        5.8300167676456474E-002
  0.75936606877618862       0.64810183254253129        5.7681784355285648E-002
  0.76357684435677708       0.64358988358468183        5.2368545039957061E-002
  0.77927010346323489       0.62537784965755128        4.0504950390002438E-002
  0.78438426054573018       0.61967028600082597        2.7387377672626431E-002
  0.79625053150363612       0.60420580050299300        3.0338782419797199E-002
  0.79405152989289396       0.60722309421631582        2.7609449924236820E-002
  0.81337518585296664       0.58100965858017140        2.9130459577674513E-002
  0.81747808155289237       0.57523430769798467        2.8897706272713555E-002
  0.83472778712931539       0.55060360443957546        8.0741669752230887E-003
  0.84425910235415313       0.53593506331668506        4.1952342049289071E-004
  0.84690624008605975       0.53171552313098414        5.3313192399144739E-003
  0.85285541600067394       0.52213734055660810       -3.1995304014947120E-003
  0.85519785519828917       0.51825430622253177       -7.0073208894889305E-003
  0.85785787708250050       0.51387044417566852       -4.1266609029460676E-003
  0.85900763385495260       0.51181404118086860       -1.2339863411924543E-002
  0.85917010638576352       0.51161349930058475       -8.8518713551247949E-003
  0.85888909532456503       0.51183385758773847       -1.8320048018635501E-002
  0.85966348329276443       0.51084548713490074       -3.9476280038595107E-003
  0.85638030414108313       0.51634176756943073        1.9884019972555111E-003
  0.86407197132674651       0.50332510917054829       -6.5926357374135611E-003
  0.87470945527052779       0.48438977751881673       -1.5808614601164582E-002
  0.87897032927802154       0.47669193746899380       -1.3264878474509256E-002
  0.88295338652629785       0.46943312735127346       -5.0848959622866712E-003
  0.88515465936953397       0.46527947868103631       -4.0293566120955734E-003
  0.89133419266726877       0.45312385137586236       -1.4217323816175468E-002
  0.90048523271527037       0.43372295670154221       -3.1792176581641338E-002
  0.90545283329177562       0.42181296611429775       -4.7212162646471732E-002
  0.91229646443252455       0.40762451317914794       -3.9464125980183395E-002
  0.91994482295412394       0.38831334565206571       -5.3983963437359679E-002
  0.92680966965393208       0.37037985908573506       -6.1988678156593341E-002
  0.93108329429711811       0.35792957600325054       -7.0500480161197185E-002
  0.93291506820174819       0.34997083571638793       -8.4793217123190517E-002
  0.93579047664477766       0.34108550521884134       -8.9201244108749744E-002
  0.93988390615725459       0.32893461446804556       -9.1761987507574957E-002
  0.94492559632336104       0.31225149664603297       -9.8054170004409261E-002
  0.95338155253578816       0.28939222324165881       -8.5532195176444309E-002
  0.95715324645475375       0.27738982295897480       -8.3141739937984543E-002
  0.95775039170598553       0.27384589017882521       -8.7878413840931827E-002
  0.96392871375724409       0.25091640944318083       -8.8782826416190619E-002
  0.96829238307862620       0.23475230188583279       -8.5447162803791971E-002
  0.97105972720869216       0.21594242543721207      -0.10203859607851538     
  0.97757273995993177       0.18756104580338320       -9.5772606649159597E-002
  0.97722818744326945       0.17393414336182891      -0.12154004870548152     
  0.97964258199000875       0.15844468554813573      -0.12327081233407983     
  0.98272401137961785       0.14039414561677491      -0.12059436692685593     
  0.98568721967854289       0.12249017114133715      -0.11583118291785695     
  0.98800642282427009       0.10677327204094123      -0.11154719555264915     
  0.98610912050204225       0.11274951196597445      -0.12196864356925893     
  0.98509305462074648       0.10486833879253482      -0.13636093743026881     
  0.98602764270529575        9.6853617124497665E-002 -0.13553178472572219     
  0.98713242792790790        7.9309691622106507E-002 -0.13885079239227327     
  0.98899256896833410        8.9558886121087158E-002 -0.11778329441039793     
  0.99011862858438993        7.9191114101251389E-002 -0.11573188315053920     
  0.99162863572950222        6.9540014577792242E-002 -0.10879722043217334     
  0.99113857169554320        6.9553446112625580E-002 -0.11316646955338482     
  0.99054671889775725        6.0655722420806607E-002 -0.12303690917159291     
  0.99132030556960848        3.9671382983207527E-002 -0.12534046887410444     
  0.99014528218194719        2.9796995954690361E-002 -0.13683734579752035     
  0.99066482791237642        3.0531170032172514E-002 -0.13285724065255183     
  0.99183372247281076        2.2370044481193403E-002 -0.12556053550235216     
  0.99224526747027408        2.2915035094519989E-002 -0.12216476721813654     
  0.98958419426849764        1.9557898024381716E-002 -0.14262051422862856     
  0.99004036414326324        1.2480585264749563E-002 -0.14022949888852265     
  0.98905609570806508        8.0576909093712731E-004 -0.14753775882428466     
  0.98844544132490486       -7.4936310153782670E-003 -0.15139172704682186     
  0.98893807783437671       -2.7493739129148671E-002 -0.14575861044187730     
  0.98834960103436087       -4.1482603988631545E-002 -0.14643858679167626     
  0.98667259726058698       -4.7420736027676692E-002 -0.15565493763334634     
  0.98614532189691329       -6.0455354389898727E-002 -0.15447509257619843     
  0.98524243045723259       -7.4078839013432804E-002 -0.15430385230818922     
  0.98373848531792596       -7.8301091829599809E-002 -0.16164012967913230     
  0.98144578233491087       -9.2419845030268594E-002 -0.16799627549918222     
  0.98490243421060253       -8.2627881003949813E-002 -0.15211781081394404     
  0.98434053173900216       -9.8379400981751700E-002 -0.14627101913315449     
  0.98326692658122061      -0.11785810737313854      -0.13890866646088917     
  0.98067949464418425      -0.12803065643793637      -0.14790496880260243     
  0.98158244729406896      -0.12647788130984577      -0.14317557299888473     
  0.98028932842675254      -0.14795016411569198      -0.13093350033801704     
  0.97968719843338559      -0.15623629031845293      -0.12571083808993305     
  0.97529939944810862      -0.19134095442317320      -0.11036177144550136     
  0.97745903683287394      -0.17807606034236373      -0.11341405577217259     
  0.97308711126393788      -0.19922689233542712      -0.11580206933545271     
  0.97380531736331466      -0.19282610105978756      -0.12050435106258676     
  0.97067492855396309      -0.19985355754163397      -0.13359917145967842     
  0.97241224569097440      -0.20174211115503121      -0.11710911585759162     
  0.97067329222682486      -0.20607914733219904      -0.12379315325320468     
  0.96794592569235849      -0.21645162346865252      -0.12739458243327417     
  0.96877621036310380      -0.21632497083078617      -0.12114520720838796     
  0.96858459835666044      -0.22208164848971199      -0.11190896849832431     
  0.96420129968995061      -0.23647346396952115      -0.11998397607374806     
  0.96524986162327953      -0.23366798059872357      -0.11701273212413485     
  0.96407065117844604      -0.23980837035720015      -0.11427915401765622     
  0.96148091329310881      -0.25001812209767832      -0.11421642612076328     
  0.96189787588111708      -0.24907621946606434      -0.11275421620448728     
  0.95453373590902590      -0.27225983707711060      -0.12140810568616840     
  0.94930103937867338      -0.28929695096135066      -0.12302361886661459     
  0.94644955908637973      -0.29710749810058107      -0.12633434480619998     
  0.94302418250392173      -0.30270820673450965      -0.13810551324399650     
  0.94112991072553231      -0.31305352501202821      -0.12756167769081303     
  0.93385185729292008      -0.32704609464051998      -0.14478107822138855     
  0.93034498081432937      -0.33568698694355731      -0.14755495068055668     
  0.92949354746378643      -0.34284552806284313      -0.13600988607632919     
  0.92545948383158672      -0.34638876828446064      -0.15342608967365140     
  0.92284802125874232      -0.36051675728567156      -0.13556989848431839     
  0.92291376506060330      -0.36445706080676288      -0.12410170462067369     
  0.92490888512163438      -0.35772661125448346      -0.12874480891841314     
  0.92301899473321969      -0.36391413997127636      -0.12490970374891705     
  0.92296109445442909      -0.36296734342547488      -0.12805282398344267     
  0.92675518923483602      -0.35194310579298255      -0.13138062837074851     
  0.92857348547554863      -0.34923614602537734      -0.12563994739385856     
  0.92781317925428453      -0.34908643925423011      -0.13153464308256915     
  0.92711787298455983      -0.34985749303199559      -0.13435841678865154     
  0.93046219544817843      -0.34139167248395791      -0.13301063416269046     
  0.92838211905267076      -0.34433494484235960      -0.13978586045692160     
  0.92645068456029156      -0.34759619694807198      -0.14445072843362258     
  0.92471287446678452      -0.35305872089888879      -0.14232230813409857     
  0.92503960983905809      -0.34877586653268056      -0.15052280608991117     
  0.92562987368399052      -0.34872096934516300      -0.14697966690236311     
  0.92884014800846715      -0.33803853342473411      -0.15161111228291577     
  0.92644006243224397      -0.34211684953290417      -0.15705053959225831     
  0.92752944542910398      -0.33781646199575399      -0.15990361430139738     
  0.93161333127922119      -0.32110973834849843      -0.17025021856253425     
  0.92798723441806008      -0.33313840088641905      -0.16690865349633441     
  0.92828416410076331      -0.33247854906961388      -0.16657288221236810     
