  0.12126287482249022       0.86026338567369198      -0.49521936801686378     
  0.11666224028586804       0.86153204927494020      -0.49411785007587439     
  0.11568586118856190       0.86227247480757618      -0.49305472384947152     
  0.10185231429096575       0.85641355901696481      -0.50614417116615118     
   9.0534984086597214E-002  0.85500626514462041      -0.51065419142496671     
   8.4729871486672714E-002  0.85422112922655347      -0.51295917114402378     
   7.5477836608165871E-002  0.85450438295327491      -0.51393127526410953     
   7.8091722291471641E-002  0.85676268240457443      -0.50976405223247157     
   7.4116938063823787E-002  0.85850788207161399      -0.50741590033517425     
   7.8944096712016812E-002  0.86045407177619959      -0.50337522779541222     
   9.2583381029209100E-002  0.86331189982461365      -0.49610571572842904     
   8.5655847061961568E-002  0.87376077011560349      -0.47875379107750771     
   8.8722586834014724E-002  0.87392587297590207      -0.47789315869636456     
   9.5785496838887166E-002  0.87323199869937362      -0.47779809024610442     
   9.8388869610019122E-002  0.87378531917844648      -0.47625502236205669     
   9.6391203769625011E-002  0.87765575083225777      -0.46949879538387362     
  0.10144033408308584       0.87502026367138741      -0.47333856465068225     
  0.10459770307599742       0.87063173768140401      -0.48068669406702452     
  0.10929875464798321       0.87246711589520831      -0.47629288669252373     
  0.11049289126650007       0.87726714593656996      -0.46711205897501185     
  0.12772749035005437       0.87765414731799885      -0.46196199616894179     
  0.14199429300019381       0.86978492151842768      -0.47255879110916754     
  0.13829049513041797       0.87201752018209044      -0.46953294181778332     
  0.14061769803865320       0.87091333649798641      -0.47088918368152810     
  0.13575149419834087       0.87577364117208234      -0.46324082424923468     
  0.13352839646411369       0.87312936541590602      -0.46884462094188517     
  0.12842893277391976       0.87031167948477506      -0.47546144930892364     
  0.11886264041770761       0.87114021178275058      -0.47643090173501040     
  0.11399437264938318       0.86752761338050755      -0.48414989727004404     
  0.11304744984271248       0.86183296442046176      -0.49443322655571842     
  0.12585911285453968       0.86201104210722035      -0.49101572988723302     
  0.12524403209804791       0.85304450972823920      -0.50658562637162508     
  0.12972686795951957       0.85830362176632213      -0.49647339565401488     
  0.13170373953727024       0.85688461457495035      -0.49840032333119294     
  0.13022226586567429       0.85737934197674359      -0.49793857595524327     
  0.13994632092695766       0.86311856773278106      -0.48522300573439647     
  0.14730414499613156       0.85946562044412311      -0.48951030238551418     
  0.14630606757222520       0.85935764935382475      -0.48999894396684190     
  0.14013854357971242       0.86406923880003683      -0.48347237683541150     
  0.13924113470273614       0.86543317554972166      -0.48128715447705295     
  0.14655460946278726       0.87259086776948502      -0.46594734029770651     
  0.13876946524726635       0.87329003234442637      -0.46701986566189896     
  0.14789804295739015       0.87552569672925817      -0.45997926394145366     
  0.13106584148766287       0.88434118844182941      -0.44806518233447196     
  0.12339810251816036       0.88610654176053594      -0.44675284547957939     
  0.11346721125483791       0.88353104243141611      -0.45442060806053425     
  0.12186080593245692       0.88014728496728223      -0.45879265550160436     
  0.14787336842684784       0.87351123645242856      -0.46380123620086150     
  0.14882245712718947       0.87631005722671185      -0.45818398035935615     
  0.16724682672296712       0.87117671238163341      -0.46160549688562702     
  0.18171342603012480       0.86408774047405112      -0.46939600292593375     
  0.18655299847758830       0.86817038524333057      -0.45986754717577971     
  0.18086614159724726       0.87199271981577853      -0.45488035285336914     
  0.19503858375506439       0.86258606122947745      -0.46680321102091243     
  0.20351305219287308       0.86718342714162699      -0.45450560093143355     
  0.20772386827859590       0.87040145860162554      -0.44637662955349716     
  0.20941276274765805       0.87604641439307140      -0.43438344193515943     
  0.22980119558421169       0.87526729129653214      -0.42555678739094149     
  0.23403327062499180       0.88381537116046183      -0.40509112300945965     
  0.23399667978483343       0.87211579828050556      -0.42972036051277712     
  0.24539679314182639       0.87107784768909702      -0.42544541034195849     
  0.25712573845272058       0.87058405194816457      -0.41948750055115880     
  0.25179040144910486       0.87088142786323541      -0.42209848654193444     
  0.25854606356679122       0.87133285776187375      -0.41705273527294234     
  0.27792145951547126       0.86930480729089554      -0.40874052204513428     
  0.29127762166398102       0.87171610561934765      -0.39404108709830371     
  0.31056579256063838       0.86604906869778220      -0.39180084111559998     
  0.30865468499917981       0.86938632389209902      -0.38587524571737097     
  0.30446935310852052       0.87429881238616247      -0.37802116300258465     
  0.30475156097435396       0.87350917216761725      -0.37961587456630447     
  0.31349138887737815       0.87486713497847168      -0.36922980003555539     
  0.32228717113836347       0.87264254828123666      -0.36691410745413205     
  0.33410752417480555       0.86784074496629138      -0.36772898127035847     
  0.34039013211504021       0.86642377200469756      -0.36530043151337599     
  0.34666457749598761       0.85803667758569357      -0.37894159263299787     
  0.36348386792168991       0.85531488001445122      -0.36920987769363950     
  0.38137762686585197       0.84496890312932649      -0.37493820620282892     
  0.38045228775129231       0.85015862913851792      -0.36398676081160664     
  0.39514469617860370       0.84415292397107911      -0.36230720394852373     
  0.41043558303355837       0.83426082823798930      -0.36817319653604369     
  0.42178387041348026       0.83171198237383281      -0.36104507341163722     
  0.42314848038296271       0.83695733871510902      -0.34705586973931302     
  0.43340934972180134       0.83058937245617126      -0.34968218418528130     
  0.43627655131753923       0.83517766165816465      -0.33487466944765287     
  0.45147784609506419       0.82911396197064491      -0.32975413955051908     
  0.45479983552119607       0.82716649057855862      -0.33007984863339440     
  0.46235718924340563       0.82536646557655236      -0.32403090447765515     
  0.46520309726495568       0.82645634923733935      -0.31710563082414828     
  0.46857647219906062       0.82809806031236755      -0.30771690270178126     
  0.47812707163742463       0.82556515906233319      -0.29972766223658187     
  0.50196942674650502       0.81513137410135217      -0.28911509398062801     
  0.50975413464419905       0.81336832057697606      -0.28032605532653226     
  0.52424795202573959       0.80972819445400612      -0.26363674990993513     
  0.53843605378290449       0.80288657857946644      -0.25585104636028350     
  0.53751056613709058       0.80400175389633599      -0.25429032821285380     
  0.54988327373716206       0.79949873942785143      -0.24172329411411331     
  0.54886010145609754       0.80576656670644919      -0.22246983842243240     
  0.55302411686908326       0.80487878624044717      -0.21525442067765868     
  0.56577461793094452       0.79926670427497426      -0.20266182951536468     
  0.57969991511098373       0.78879476013033156      -0.20433021022660972     
  0.58444685703634691       0.78964271821501364      -0.18677860924190476     
  0.59755313486906192       0.77896372502967004      -0.19012039894776459     
  0.59233816861161892       0.78514121722009622      -0.18080034023192168     
  0.59913809784266225       0.77817483063196713      -0.18835464603875757     
  0.61812736738617757       0.76490635519451644      -0.18120934156735305     
  0.63139276154671398       0.75494958002214185      -0.17718440193991924     
  0.64244788332503833       0.74224041214570846      -0.19063023839083948     
  0.64802590580780484       0.74050852796851685      -0.17807174230594450     
  0.67189202741737952       0.72666328569139471      -0.14325352603391597     
  0.67237448753346030       0.72912123720949773      -0.12765096930383452     
  0.68503630785459224       0.71959586489870708      -0.11360919039246356     
  0.69922137643418092       0.70683657995359528      -0.10710516316684160     
  0.71222787462142700       0.69575605125468876       -9.3032100668152137E-002
  0.71995225464596913       0.68878743807887388       -8.5091810269427443E-002
  0.73107099386745689       0.67734974292758920       -8.2051981582279457E-002
  0.73304806239321896       0.67767075385604403       -5.8334274571028494E-002
  0.73023484655327886       0.68136612062320123       -4.9972778051639952E-002
  0.73391433881138568       0.67743734019794566       -4.9481242835839961E-002
  0.74616680426858717       0.66438281779778308       -4.2785179942143287E-002
  0.75448650388056338       0.65533652492193695       -3.5835102418217829E-002
  0.74977014283069521       0.66045219813622646       -4.0590970629782459E-002
  0.76142380762028494       0.64762508010435904       -2.8557675130370299E-002
  0.76689850225593281       0.64153650446591026       -1.7251106494067189E-002
  0.78189986421535762       0.62322121648789852       -1.5096942052925704E-002
  0.78333913154669532       0.62141059975798507       -1.5121887980355894E-002
  0.79247334933259295       0.60979773971060602       -1.1519862907996368E-002
  0.79613849806709869       0.60511426201304241       -4.7096058759257256E-004
  0.80775641013660249       0.58917478575069882        2.0066233299927530E-002
  0.80611588796657241       0.59139359674938774        2.0755454504473147E-002
  0.81555594794056008       0.57809896627124502        2.5885922330341548E-002
  0.82022147706537030       0.57021903948968233        4.5683427675346673E-002
  0.82185010421321281       0.56755189304793663        4.9469737238383042E-002
  0.83107125926399006       0.55301632634637776        5.9105878047137551E-002
  0.83776542442166646       0.54230601365383024        6.3665384617378445E-002
  0.84660563653168963       0.52783536211019544        6.8181571548123127E-002
  0.84464383164751045       0.52978440476712907        7.6845833493759799E-002
  0.84220610317249323       0.53305028471993132        8.0909046088850176E-002
  0.84628566618461332       0.52564246845909979        8.6605811367901200E-002
  0.85724100401045700       0.50705040458263595        8.9653489924995153E-002
  0.86007077128858112       0.49769996357101431       0.11212945481220286     
  0.85957695768594633       0.49570929369910305       0.12409572899867248     
  0.86299762479346964       0.49024282113621015       0.12205357809274958     
  0.86018714558604403       0.49166530625032184       0.13543744385626141     
  0.85726075220892950       0.49544538908642272       0.14013518171817735     
  0.85863449667249503       0.49153105434970129       0.14540984744453178     
  0.86824065580005128       0.47618883482315355       0.13929234439000543     
  0.86820583289660591       0.47512258421946707       0.14309843356559396     
  0.87015486690871591       0.47116098008815177       0.14435317259225086     
  0.87555207937289636       0.46009152998806613       0.14739179196630608     
  0.88096028546490723       0.44799278166030893       0.15235302101976705     
  0.89438303031854893       0.42186486774898951       0.14869105029335047     
  0.89598908067855021       0.41452587535316704       0.15928548574022419     
  0.89888973667125371       0.40360812060947360       0.17058055658595672     
  0.90580834627004292       0.39192869344173409       0.16094452176010374     
  0.90642033168576952       0.38609625730201386       0.17126547347330853     
  0.90686431008331037       0.37832228221823083       0.18565929514654761     
  0.90702673009407619       0.37070892437619030       0.19969327550695401     
  0.90770979652865491       0.35792256548631829       0.21898484514139524     
  0.90321411201098922       0.36195189153364449       0.23064062105235997     
  0.90535867932019931       0.36241181593908206       0.22132179614155301     
  0.90781346468421886       0.34934500963015580       0.23201891643687347     
  0.90555052768204936       0.33777832292051890       0.25667887793849298     
  0.90526678989147480       0.33506400676864517       0.26119753154983649     
  0.90215270421204019       0.34119892769732013       0.26401475341560654     
  0.89682596413440618       0.33589392957053832       0.28788618954728773     
  0.90109365254435225       0.31722436259045100       0.29563310559435324     
  0.90029214223318443       0.29909809190248016       0.31625051787068936     
  0.89833225436647568       0.29461872121800858       0.32588183421711803     
  0.89963897752466915       0.29623974246031720       0.32076740031588763     
  0.90744973344233526       0.27131201642405195       0.32081890689195652     
  0.90641980418683832       0.27514160438080915       0.32046877557204850     
  0.90516933397973176       0.27582398329751989       0.32340316488955084     
  0.90563071705384046       0.26736617712018379       0.32916307760848179     
  0.90388761224268066       0.26865813743406725       0.33288134466305741     
  0.90511900249795152       0.25668019727258184       0.33893195134897336     
  0.90571056883353684       0.25243367332519162       0.34053723155446991     
  0.90502088181954743       0.24833787338235408       0.34534838079032598     
  0.90345650952561030       0.23032927879273637       0.36154496086464649     
  0.90406529329442753       0.21582327893723488       0.36889870930818058     
  0.90142060753435427       0.20973430012921093       0.37875112100389302     
  0.90014061292927261       0.19735820800632209       0.38832539794333171     
  0.89203489997394081       0.19225113203996305       0.40903941064136379     
  0.89480382645591905       0.18343791748321453       0.40703395753827071     
  0.89545176130523496       0.17491690188808340       0.40935341773243822     
  0.89365578268257018       0.16283965291455946       0.41816574407364993     
  0.88510178801401640       0.16635979276962742       0.43464841447316749     
  0.88022963688324740       0.16054838898987159       0.44656466625242897     
  0.87635064538147345       0.16467369657867192       0.45265010769311753     
  0.87336277192644340       0.15627805205552112       0.46131837060612579     
  0.86882357884175909       0.14364528190279094       0.47382657358538460     
  0.86504710230972581       0.15174766708125303       0.47819050212331082     
  0.86221026253026134       0.13067732017937758       0.48940463951441510     
  0.86684966234413507       0.12953841961151541       0.48144725644499259     
  0.86548677971203214       0.12520911429851098       0.48503124831321803     
  0.86845045195967241       0.10538899309609448       0.48444501506902954     
  0.86815199260439624        8.4507169055312414E-002  0.48905077048837586     
  0.87120536776139579        6.3547027230114558E-002  0.48678843712022007     
  0.86526561766032384        3.8074125424026370E-002  0.49986575384606458     
  0.86650560270219923        3.3594439758047122E-002  0.49803559521688912     
  0.85743733724179338       -1.4384369114010709E-003  0.51458638108966259     
  0.86586593549788615       -6.0122439579402736E-003  0.50023997707796286     
  0.86270236846423565       -1.6027689233342107E-002  0.50545794743384720     
  0.86265929811988240       -2.0363595574985429E-002  0.50537536479588352     
  0.85473542211163711       -2.0511827418949972E-002  0.51865848409485904     
  0.85379369427743201       -4.1752665869360578E-002  0.51893452622165814     
  0.84954977343655858       -4.5475139479977569E-002  0.52554466427047730     
  0.85303908262321182       -5.8223319051840285E-002  0.51858882424897867     
  0.84725412030597747       -5.8276481709477579E-002  0.52798135128440782     
  0.84624848511847939       -7.1625820162818238E-002  0.52795193277483410     
  0.84345018632379254       -8.0889010139032796E-002  0.53108262184813293     
  0.84384484042200147       -9.4679030409440659E-002  0.52816831265600861     
  0.84634155317002191       -8.3997514902839562E-002  0.52597565805643731     
  0.85113508803642313       -9.4072379328767233E-002  0.51644888358932006     
  0.84663222087103973       -8.0554636288043394E-002  0.52604641730124135     
  0.84879237272934926       -8.6680967405344561E-002  0.52157254326330760     
  0.84733166386922854       -8.4453154802210842E-002  0.52430593745308485     
  0.84563414303848761       -8.9126519429213111E-002  0.52626928436114995     
  0.84875705341818986       -8.0338034835815961E-002  0.52264449143905956     
  0.85743724924095588       -7.3731036767433922E-002  0.50927899802691867     
  0.85749585188585564       -8.1468433712413343E-002  0.50799976211312992     
  0.85856142483109266       -8.9435012964899863E-002  0.50485013444384863     
  0.86407743010253235       -9.9229695176773977E-002  0.49348116720147278     
  0.86557153147762411       -9.1506030830629054E-002  0.49235411059227097     
  0.85788656730833102      -0.11289249191188581       0.50128427354332117     
  0.86018293522656541      -0.12688235723598512       0.49394957775794335     
  0.85671309667604156      -0.12531326358715483       0.50033914093630916     
  0.85936909921331417      -0.12979229962096955       0.49460965445126320     
  0.85997917194024498      -0.13206512162922604       0.49294485236994628     
  0.86058681920516145      -0.14590889090479658       0.48795586087808696     
  0.86264589456590568      -0.16309520084531573       0.47879224727413322     
  0.86784715967500992      -0.17467508945097368       0.46511280413391343     
  0.86842278135950346      -0.17271318782266359       0.46477094096765253     
  0.86770877841150817      -0.17921032821715027       0.46364332641364481     
  0.85855306475062998      -0.17297210383610029       0.48266684814871419     
  0.85572744920036103      -0.17872576809509283       0.48557968707912674     
  0.85497798658459945      -0.17270691356273565       0.48906539896355217     
  0.85805429019544288      -0.17195942405955453       0.48391403322728871     
  0.86316593219723814      -0.16275515658073428       0.47797001213512696     
  0.86175388776868311      -0.16547478975864255       0.47958141213968636     
  0.86372387179315102      -0.16660409689238617       0.47563026416884091     
  0.85465067603570233      -0.17684291651155212       0.48815858573972232     
  0.85770586304485386      -0.16139274320891067       0.48815267584843253     
  0.85813927793271705      -0.16078644049837626       0.48759070973612556     
  0.85401394190235058      -0.16989515947934941       0.49172738567411123     
  0.86001853368497727      -0.18666145817834967       0.47489537979335378     
  0.85883143281928054      -0.19171586216762079       0.47503010240921301     
  0.84961364647636017      -0.20507978475184663       0.48590012719413705     
  0.84460768433479239      -0.23132107182320533       0.48283374083962194     
  0.84861597667816635      -0.22702371067232346       0.47781916968569910     
  0.84616177071333243      -0.23111361427741986       0.48020490946980748     
  0.84616177061146047      -0.23111361426932345       0.48020490965347268     
