   8.4920429302844117E-002  0.89624756268786376      -0.43534908643878456     
  0.10248469719113830       0.89332419563415011      -0.43757144369375778     
  0.10783555633484546       0.88995254400826529      -0.44312070838900258     
  0.10241540450789487       0.89025292709923787      -0.44380267091436387     
  0.10626907792889428       0.88559913007937330      -0.45212947689660715     
  0.10051006628705644       0.88120429054144034      -0.46192718571905733     
   9.7115700619432338E-002  0.88096285391574825      -0.46311228737080223     
   9.2578730353803165E-002  0.88020172123059426      -0.46548266200662858     
   9.8704494105421911E-002  0.87895110306919644      -0.46658587768687931     
   9.6498651719667372E-002  0.87967001270699607      -0.46569161358173505     
   8.6004032928717264E-002  0.88147405733934614      -0.46433478499645814     
   8.2647888674828834E-002  0.89006054319557593      -0.44828735867074099     
   8.4814835611221912E-002  0.88348887550444088      -0.46071015890702899     
   8.7961840867652866E-002  0.88087235748587256      -0.46510923917769542     
   8.9249168762790335E-002  0.88921266984238956      -0.44870414937564573     
   8.9575066950279850E-002  0.89621199509263494      -0.43448862727686260     
   8.4115076619324505E-002  0.89961660912934105      -0.42850275432481444     
   9.3062607361750704E-002  0.89757505319151454      -0.43092734306293784     
   8.4955502135308544E-002  0.89992745117546569      -0.42768346388160405     
   8.3331209046976232E-002  0.90278935865353371      -0.42193279500497505     
   7.7302157620582262E-002  0.90233485327625351      -0.42404739002866837     
   8.2000207858481805E-002  0.89868498710043188      -0.43086106794587836     
   8.5521721681474330E-002  0.89907176278882051      -0.42936697646237282     
   8.0094071227401004E-002  0.90391975800380231      -0.42013570527219807     
   7.7869682684329047E-002  0.90418708867502851      -0.41997859611177601     
   8.8250091669622943E-002  0.90497316473607592      -0.41621568018020860     
  0.10781123426713583       0.90642396927252067      -0.40837767531299385     
  0.10872331286951178       0.90589588520397268      -0.40930659218877607     
  0.12918003559237046       0.90396714903608177      -0.40762226615818264     
  0.15019172930253449       0.90425238921798801      -0.39971247296359741     
  0.16660173084887017       0.90313029912448828      -0.39572657995321914     
  0.17202791324987493       0.90426543787628688      -0.39078179963414433     
  0.17940167255521405       0.90106013010938968      -0.39484893543181920     
  0.17166862787906714       0.89861320664050326      -0.40376253795193767     
  0.16274540530676329       0.90164610006615697      -0.40068471806025646     
  0.14864702794162174       0.89922748720526924      -0.41145350568274430     
  0.14625852068488721       0.89964701102163824      -0.41139239259726273     
  0.15673719549013773       0.89450709282916163      -0.41867709804598530     
  0.15416627600421398       0.90085381482997773      -0.40582651915475904     
  0.15176548908960352       0.90078579025176664      -0.40688105928132590     
  0.15336548306929912       0.90078573653780936      -0.40628079631328468     
  0.14932066461229290       0.89786386678372121      -0.41417848307695465     
  0.14845828047953402       0.90274674901329865      -0.40374304464966360     
  0.14717595584403576       0.90452163951050357      -0.40022473896377903     
  0.13810802064469496       0.91032876717371403      -0.39016369678583684     
  0.13959310996429575       0.91485272533510997      -0.37889082147423009     
  0.13837247691759050       0.91725464287692937      -0.37349294203827699     
  0.15083154675445984       0.91871531872934020      -0.36498220180674967     
  0.15812357759171583       0.91558366419574932      -0.36973434796821542     
  0.16161049952037282       0.92023917821956513      -0.35642937773779820     
  0.16606021457066020       0.91711775173633803      -0.36237968291121186     
  0.18375302440654903       0.91578546956642548      -0.35717194704014349     
  0.18996758847838199       0.91723412655321412      -0.35013407776717453     
  0.18608882478699837       0.91986858516235614      -0.34527197297318851     
  0.18746331824689180       0.91573867054068303      -0.35535924300381738     
  0.19320916225694545       0.91499633122175050      -0.35419194438991014     
  0.20777201685110372       0.90827955779869307      -0.36312399245799681     
  0.21409636729874895       0.90620876686078211      -0.36462092147069525     
  0.21139584387657900       0.90852287780037499      -0.36041362031009999     
  0.21630380276628644       0.91079313578371879      -0.35166536468367648     
  0.22257112614224125       0.90967013705266453      -0.35065985735803851     
  0.23302630387927592       0.90615785009197269      -0.35295423558452416     
  0.23548950404867811       0.90376149781285686      -0.35743509698121168     
  0.24660551749721010       0.90949934932485688      -0.33465900901902207     
  0.25876275701267898       0.90809271632047606      -0.32925590981620312     
  0.26977711671157334       0.90990990130531679      -0.31509407929273636     
  0.27305233684649938       0.90722060622921508      -0.31998936384786336     
  0.27887510502562596       0.90412625633847432      -0.32370416802432544     
  0.28444981003054182       0.90145904482239825      -0.32628192729827526     
  0.28808611689188951       0.90247180619310607      -0.32023589474121272     
  0.28020395496550127       0.90494624901150411      -0.32024682671605165     
  0.29967850076002439       0.90086155381145006      -0.31407205709302372     
  0.31560674762364233       0.90423719245785161      -0.28765861820979394     
  0.32913217213155210       0.90239291253801879      -0.27813493967698022     
  0.33565596069062448       0.90023396582043125      -0.27733352274124851     
  0.34687994195033911       0.89683051852350348      -0.27453474628431401     
  0.34268525215006890       0.89996685607485039      -0.26949299791570286     
  0.35270459920243918       0.89691520752792964      -0.26672565719588609     
  0.34536312317681150       0.90029933901708370      -0.26492529761228911     
  0.34196178733187554       0.90407779390774057      -0.25633079910088946     
  0.35431253236139587       0.89823262553650995      -0.26007841093301282     
  0.37388511966412125       0.89167161006297047      -0.25520904588484788     
  0.38251246343618756       0.88526076728911884      -0.26457057511117615     
  0.37893456194832126       0.89117282697838096      -0.24943854998053885     
  0.39951763863601081       0.88695236960815438      -0.23173508682369287     
  0.41281407994936703       0.88311267405159177      -0.22292720857940151     
  0.42532486400373887       0.87779941565317510      -0.22037909596680230     
  0.42451370564386415       0.88414467576984312      -0.19513150957329059     
  0.43770165780720538       0.87538840172655741      -0.20521307189223409     
  0.44907532558341645       0.87063006315437685      -0.20083487018930291     
  0.45426930065350474       0.86602556271017339      -0.20889980185797485     
  0.45100764741974420       0.87108016029912672      -0.19445168115023556     
  0.44700270074943987       0.87216132897706222      -0.19880443093570949     
  0.46445210373156059       0.86525187274202409      -0.18874172844325618     
  0.45815894622541498       0.86597305431802030      -0.20045211195878290     
  0.45774476092017918       0.86853300601673844      -0.19005302236390123     
  0.46471675269593027       0.86413694791723517      -0.19314677063837948     
  0.47604613085031344       0.85653256057187455      -0.19932900938557416     
  0.48964527140198577       0.85375573750311018      -0.17705549659413650     
  0.50920927865543608       0.84182610309217065      -0.17898246473847421     
  0.53000869334811329       0.83057460266012773      -0.17098717610217171     
  0.54069772163881480       0.82585929616718479      -0.16000748966482001     
  0.54458272927093421       0.82723908411185088      -0.13822137568989354     
  0.54153872437655259       0.83111939713338145      -0.12639761749835352     
  0.53823436098194799       0.83221064120415145      -0.13315112213169256     
  0.54609390991142859       0.82821703040824801      -0.12584908461880542     
  0.53856962627760563       0.83350814186168654      -0.12331640240243343     
  0.55866468650834877       0.82186366225229768      -0.11150734826803746     
  0.57305985977923091       0.81296663504462319      -0.10338107860740720     
  0.57034092794543678       0.81603394830505871       -9.3807361779311205E-002
  0.57589333545256693       0.81189890565803347       -9.5744624771340880E-002
  0.59118622830307210       0.80127498490460858       -9.1963264572911901E-002
  0.61074557108807170       0.78690194381397593       -8.8176971019027731E-002
  0.62117285067575301       0.77869492044856359       -8.8195864137514401E-002
  0.63727207676938424       0.76679271646191827       -7.6897530200830566E-002
  0.65113098568475891       0.75683412822551355       -5.6837855644992080E-002
  0.67071311196412897       0.74111340486787602       -2.9913919244009553E-002
  0.67927783382048756       0.73355488557718973       -2.1882740367268172E-002
  0.69032623651725955       0.72348316275531299        4.6690882926105157E-003
  0.70812198552757377       0.70599386010350218        1.1658606633807538E-002
  0.70817856424471159       0.70589835278236923        1.3807124372411743E-002
  0.71713917045792375       0.69655801185301081        2.2767220258550484E-002
  0.72942484447112510       0.68357552527253729        2.5766208814056467E-002
  0.74149467976507621       0.66947630493141741        4.4577090702094181E-002
  0.74215354168791436       0.66822498518668094        5.1802410487783265E-002
  0.74971418908571152       0.65959187217865900        5.3546212185415221E-002
  0.76715280836869426       0.63817579361882948        6.4870833592620400E-002
  0.77754380614735008       0.62498448864806422        6.9426352858331528E-002
  0.77605631036288369       0.62534525978873456        8.1730711520870122E-002
  0.78108541224768380       0.61709167654522046        9.5411956863243080E-002
  0.79209270154739841       0.60279975061543489        9.6029228953030135E-002
  0.79587338466868618       0.59685379705396058       0.10174035835536872     
  0.79546145970437332       0.59753418694315930       0.10096515022108010     
  0.80770381426978577       0.57746323301971814       0.11895697930113844     
  0.79951475671603867       0.58874423250604035       0.11898059709115065     
  0.79749919618461018       0.58762022261114055       0.13673882427216399     
  0.81164356652718217       0.56567154667258734       0.14577524549825804     
  0.82347150104257316       0.54638516669769854       0.15283303498726258     
  0.82434005538846999       0.54139256965097537       0.16540120498003608     
  0.83235126804605786       0.52370061559760428       0.18146358258562478     
  0.84539463913878043       0.50348417420076119       0.17835804003405373     
  0.84980360271837219       0.49909640722057430       0.16951876918615610     
  0.85456438664900858       0.49242855253273010       0.16502675456338223     
  0.85939370002798265       0.48206200393465554       0.17046610429853107     
  0.86011049216308055       0.47712833990061659       0.18043970886327840     
  0.86574513783376728       0.47075612788647003       0.16992358392679599     
  0.86469837240833458       0.46337848499772183       0.19384814777446768     
  0.87815201667291531       0.43343224549002746       0.20244881867465808     
  0.88313723087142104       0.42163877545410033       0.20564380487222128     
  0.88928533794757358       0.40918009541801148       0.20431161793979480     
  0.89291884274396915       0.39577345469258918       0.21461433510710201     
  0.89636621646224079       0.39146902771477354       0.20803751182230781     
  0.90100209229650918       0.37722840044424799       0.21422876458493267     
  0.90154843548593466       0.36862389765830322       0.22655427726720176     
  0.90914248655486063       0.35307244902575541       0.22090673344151446     
  0.90304884315084266       0.35576493272651205       0.24069503427787062     
  0.90764618399999974       0.33981130003198834       0.24638726639339115     
  0.90996030551194340       0.32920445088001710       0.25218380581115246     
  0.91224644276512057       0.32345540961664465       0.25136233936712243     
  0.91070038430221834       0.31186784470052464       0.27085652562499174     
  0.91230772882329358       0.30630057576158942       0.27179875867524111     
  0.91754050485377725       0.30055949562351170       0.26035247558495550     
  0.91721381323928475       0.30536463958847954       0.25587351893474286     
  0.92429250597923140       0.29159079814476241       0.24628879354922523     
  0.92223492404226648       0.28142068057134662       0.26511345764316624     
  0.92256158316742098       0.27289609871962128       0.27277801335010821     
  0.91991662748508785       0.27360974252256653       0.28087560818482832     
  0.92212274795500671       0.26083104148892022       0.28575654935576150     
  0.92130902630976164       0.25613827381984811       0.29254548830010518     
  0.92190715861828909       0.24707622193786113       0.29839660092109865     
  0.92133214167820732       0.24054169404363143       0.30542884300155543     
  0.91614452394469570       0.25133151691485778       0.31226860209028867     
  0.91815043931489804       0.22732420120743768       0.32453578898368035     
  0.92000902270868667       0.22137046673802566       0.32338601483489626     
  0.92012375002481006       0.21668111722483535       0.32622320285117423     
  0.92406721310640971       0.21007333958595067       0.31932581739809185     
  0.93241061854088159       0.19129214060678693       0.30662314879063435     
  0.93686473237226375       0.17676406409806153       0.30172659624332565     
  0.93280969096628819       0.16036031659399300       0.32272379723418643     
  0.93299174624891312       0.15694846743203147       0.32387278366997979     
  0.93823078154729866       0.14615463501070755       0.31362688536226124     
  0.94160535624767860       0.14876333791208651       0.30207420012132247     
  0.94003964876665336       0.14333781754414671       0.30948300245465588     
  0.94102713568985119       0.14417460703863705       0.30607452128625373     
  0.94290972939993867       0.13942092433013853       0.30246164725773800     
  0.94385866018785813       0.12605168965621211       0.30535520484051920     
  0.94566276607303901       0.11207141206123870       0.30522439525976419     
  0.94830261195240384       0.10729648986389685       0.29867979413936896     
  0.95128922895123702        9.7141940741402769E-002  0.29259570439491234     
  0.94881388105345765       0.10631844066847541       0.29740310740491605     
  0.94404691869446222       0.11117950688010889       0.31050689614465532     
  0.94490542676118328        8.8984326424335070E-002  0.31501670452227359     
  0.94713055420772185        6.9720856432976500E-002  0.31318160141430224     
  0.94756097456672284        5.1975573646104486E-002  0.31532005838880978     
  0.94608267106330834        3.2844642618944306E-002  0.32225581292654826     
  0.93632179463782950        2.8194800322506968E-002  0.35000935719058957     
  0.93479013154873891        1.3249960458015790E-002  0.35495330468521230     
  0.93460570803705334       -1.5664284539729399E-003  0.35568204453761521     
  0.94129043566192139       -8.7049464331302034E-003  0.33748561397337934     
  0.94181846178100526       -3.6312804617707375E-002  0.33415470259934632     
  0.93555409648678034       -4.5710738646506384E-002  0.35021287943077550     
  0.93611333465344171       -6.0115833859731932E-002  0.34652259840212796     
  0.92913104512010491       -7.6952789527204218E-002  0.36165421216682098     
  0.92412549105938147       -7.5897161393840992E-002  0.37447522971034397     
  0.92376096684739828       -8.8541630851061107E-002  0.37259368719208674     
  0.92129176556746961       -7.9446439456290457E-002  0.38067012747954460     
  0.91929265636000423       -9.6756176629910678E-002  0.38149607369739558     
  0.92191092560104282       -9.6581790849806712E-002  0.37516956557491937     
  0.92271425437989363      -0.10372592083874276       0.37126720581046896     
  0.92454387719406961       -9.8318317437786323E-002  0.36817404525463265     
  0.91900544313315335      -0.11667661600296421       0.37658407131706040     
  0.90924215565902855      -0.13891114086989487       0.39240590886828808     
  0.92168265746813838      -0.14320655559774284       0.36054536657167130     
  0.92173931797300190      -0.14196590353455002       0.36089099730567481     
  0.91610705854555774      -0.16552044778421870       0.36517234102313639     
  0.91725098195483301      -0.16870921990687945       0.36081551410839696     
  0.91978494664232868      -0.16520106316356140       0.35595541948367254     
  0.92218882364249011      -0.16893318916934397       0.34789272936633103     
  0.92066406761894248      -0.16820597525945138       0.35225619154581295     
  0.92190571553292644      -0.16686874047540862       0.34963505991229410     
  0.91864827573092844      -0.17087306936398858       0.35621305375115292     
  0.91278067118316031      -0.17007872463561646       0.37135518542325702     
  0.91003736938957225      -0.18367817780334583       0.37161043219122641     
  0.90830007059623463      -0.20907392290309590       0.36232454583809998     
  0.90746571128842868      -0.21853669192363434       0.35881429335919796     
  0.90443364140742066      -0.23073464710780484       0.35883326338920957     
  0.90187879054155762      -0.22757636265469283       0.36718339604638606     
  0.89537416505833989      -0.23098792294974285       0.38072258141256210     
  0.89889726162310513      -0.23496172929730558       0.36983333923823403     
  0.90104134448197037      -0.23776771372903013       0.36275475164660825     
  0.90028050199053955      -0.24829897820116481       0.35755088471421725     
  0.90302178760564500      -0.23895721101575640       0.35700294454398684     
  0.89961926447757934      -0.25494409889673386       0.35452600104724646     
  0.89282028645884826      -0.27281557780446963       0.35839028529628558     
  0.89291004323477752      -0.27531952693157863       0.35624543896117450     
  0.89124797608990391      -0.27223476496669202       0.36271928244743185     
  0.89015523170623045      -0.28926738470268665       0.35206255639203471     
  0.88859918702967156      -0.29227652123765857       0.35350519082952619     
  0.87971778460973193      -0.29164536321935125       0.37555239521802813     
  0.88024328934845064      -0.28791136234471121       0.37719862007943805     
  0.88117605236654550      -0.28288062710614981       0.37882359422789746     
  0.87144565218557068      -0.29211896119157499       0.39401648163398029     
  0.87274402433160203      -0.28824275621624468       0.39399743842104162     
  0.87198945639812453      -0.27307280436058123       0.40628269892914620     
  0.86612625945032851      -0.27482369488274411       0.41748920874865481     
  0.87298211786798985      -0.28094004990633625       0.39871657883933570     
  0.87301077114959968      -0.27375112938947049       0.40362422203674869     
  0.87677776944327845      -0.26866143432431411       0.39885056940772995     
  0.87674915464190195      -0.26349686108825393       0.40234353981560023     
  0.86734484261170641      -0.28433899341023783       0.40849022120648987     
  0.86734484250750687      -0.28433899352940162       0.40849022134510782     
