  0.16016871867068430       0.78400499260598300      -0.59973506911659213     
  0.16142727990960015       0.78812813829187200      -0.59396571528462450     
  0.15582590603352128       0.78274712705611649      -0.60251574427082633     
  0.15272606520115506       0.79041582465715321      -0.59322640967823159     
  0.16017712494932321       0.78660389100347172      -0.59632005441806790     
  0.16396940472780538       0.78462095692812839      -0.59789964731750500     
  0.17170667073518142       0.77383749978617766      -0.60966576347185297     
  0.17389461983249946       0.77635841504469361      -0.60582858349751190     
  0.16754032565909144       0.77763877042417218      -0.60597704742937863     
  0.17588484434457841       0.77539529390848250      -0.60648714719642716     
  0.16370022204116474       0.76945524129547416      -0.61736607369258378     
  0.15326056962355999       0.76266435679467293      -0.62837431255075149     
  0.16236578863987092       0.76934192412715852      -0.61785949410822716     
  0.16613418252290868       0.76752990233061702      -0.61911007294809728     
  0.16587863329073022       0.76245242111662959      -0.62542032630143096     
  0.15714826282886299       0.76620568720323745      -0.62308367687437027     
  0.14786232543604602       0.76632524412915126      -0.62520584844276650     
  0.16337326342388220       0.76022018679954650      -0.62878807588939956     
  0.15870234536357505       0.76986486868341908      -0.61815988995013438     
  0.16075699887431394       0.76278278472928474      -0.62635422137442431     
  0.18012384385942654       0.75530550427265053      -0.63013410960583782     
  0.17345687876335816       0.75565087109671847      -0.63158884744780297     
  0.18111656385417965       0.75159617558096115      -0.63427121891957849     
  0.18838028430629059       0.75190989790517648      -0.63177873810132934     
  0.19281902620368677       0.75413588361633144      -0.62777375875077557     
  0.19739813003303783       0.75543468594141683      -0.62478189277223162     
  0.18579821308617872       0.75379020064545466      -0.63030100541318157     
  0.18253658038340234       0.75161674303733261      -0.63383962357041523     
  0.18810849361318127       0.75369438963119861      -0.62973007048181762     
  0.17543568251368560       0.75178528672878675      -0.63564235538475022     
  0.19407587046989677       0.74975676503595667      -0.63261311224489236     
  0.18856511602179193       0.75500012439125108      -0.62802707679596337     
  0.18184209112450017       0.75773117258753453      -0.62671917473824634     
  0.17714645162269768       0.76578903300930190      -0.61821217361045655     
  0.18097125355400295       0.76566236064401660      -0.61726052431702094     
  0.17867498796130810       0.76988841111202866      -0.61265576232695473     
  0.19275721464532880       0.76916578379505884      -0.60928536273334721     
  0.20019598017879425       0.77187291205666897      -0.60343498171170784     
  0.21045922295485778       0.77426973954069223      -0.59683606283872048     
  0.21363184313523706       0.77307499142935521      -0.59725747649162464     
  0.22203720220462875       0.77797407118022277      -0.58775490249627893     
  0.22471212078228642       0.77618434968454741      -0.58910297748212326     
  0.22744385283350155       0.77015847817379590      -0.59592383095935531     
  0.23234919581826674       0.77703934854322299      -0.58499889061273203     
  0.23748574827361696       0.77306036953845314      -0.58819910269906872     
  0.22524330680932175       0.77551555720149590      -0.58978052975327622     
  0.24806125105336779       0.77491680882627401      -0.58135149017125753     
  0.26588037415530508       0.77235131722579620      -0.57687179634526398     
  0.26712989043150082       0.77430406444061661      -0.57366788077143982     
  0.26292758755197976       0.77733588331543557      -0.57150503778558792     
  0.27211217786825415       0.78227055367106446      -0.56036393844979104     
  0.27607325434348629       0.78769584308472207      -0.55074387606513120     
  0.29334606144946451       0.78647290481334020      -0.54351491076745095     
  0.29859457634201436       0.78797616180887753      -0.53845598464505995     
  0.30325364794209303       0.79405958754962791      -0.52678894866001813     
  0.30341715886192611       0.79651855542079830      -0.52296865926986502     
  0.29684876094805923       0.79962459813896247      -0.52199742832192531     
  0.30362868613784166       0.80321518567069916      -0.51249876727870458     
  0.31176445839856826       0.79956019743387696      -0.51332875738550499     
  0.31516517704758040       0.79851014238442619      -0.51288640427074106     
  0.33757839382919652       0.79790730355079742      -0.49938438397690704     
  0.34405540848560462       0.80039491711016120      -0.49091124712723910     
  0.35647814915934861       0.80779732260205772      -0.46945374081891306     
  0.35638611713572671       0.81488474030805891      -0.45711245391696170     
  0.38142475909501639       0.80815859735150486      -0.44877035850884400     
  0.38940125458525060       0.81104873947519007      -0.43653935117368026     
  0.40311736708062107       0.81392046211135383      -0.41836571288100000     
  0.42182306500251721       0.80903698530355572      -0.40929751800226344     
  0.43350144760219628       0.81609289880963731      -0.38218958049543883     
  0.42574177909081728       0.81779988470226572      -0.38723027531114296     
  0.42959715998279535       0.81748267386802820      -0.38362528339551893     
  0.43902555258073350       0.82080355159580798      -0.36542864401807451     
  0.43902322460159782       0.82062750328428058      -0.36582661072401773     
  0.45979346069749832       0.80994324692069908      -0.36411798948606300     
  0.46904462617973752       0.80416615705615258      -0.36512180227623792     
  0.47076260596518121       0.80281939305104022      -0.36587373637093340     
  0.46520742087500006       0.81343881648487393      -0.34914087042126407     
  0.44937045797658037       0.81701471795866520      -0.36132138344808878     
  0.46450186656465858       0.81600317649869947      -0.34405934357604639     
  0.47252950625955187       0.81718354238899993      -0.33004079105872280     
  0.46738814524244632       0.82719028072222067      -0.31193679033662597     
  0.47026784391773452       0.82853530445707047      -0.30393651351095308     
  0.48957934876153414       0.81666822593106714      -0.30555698326308128     
  0.49643683087762946       0.82206583760590701      -0.27885163006422187     
  0.49690602021143654       0.82192075203298731      -0.27844332359595059     
  0.49524010881265446       0.82626009826867597      -0.26838681903601014     
  0.50127978753104874       0.82039271912644895      -0.27508973266397690     
  0.49720505839652129       0.81275457574433507      -0.30367273422478613     
  0.50456892319416935       0.81061641641172644      -0.29717204981371609     
  0.50185094585163958       0.81425851499062030      -0.29176822807338565     
  0.51394066148028206       0.80939436049110880      -0.28415799422574495     
  0.52029681751371870       0.80909760777897100      -0.27322569932464730     
  0.51292877366876699       0.81519528791887064      -0.26899947155621584     
  0.50733983661071069       0.81759081007424317      -0.27230783585853735     
  0.50909921598664709       0.82121978956635755      -0.25771310697434069     
  0.51755298109522652       0.82253578881518530      -0.23574093381851385     
  0.53015926821588000       0.81736120278016333      -0.22550346896348858     
  0.53630594701703926       0.81774714027500761      -0.20896302487809462     
  0.54377975412635915       0.81597538272980308      -0.19618295996652341     
  0.53688736301224660       0.82064475705970363      -0.19568889122322733     
  0.54711692720286886       0.81658166675365418      -0.18400393878913257     
  0.56800226194327019       0.80799325872310046      -0.15658966851409298     
  0.57069354542410622       0.80818477788230336      -0.14541747491479576     
  0.58726250283044967       0.79521417643540304      -0.15085478568968194     
  0.59458495327890337       0.79070571931864608      -0.14578476865264475     
  0.59605098814962809       0.79052626390178482      -0.14068207280011860     
  0.59619600016808949       0.79032453265146096      -0.14120007957795400     
  0.61442879479747980       0.77819243035321406      -0.12997614190563972     
  0.62449831397343047       0.77190911998099621      -0.11898809324679376     
  0.63809253476570449       0.76162839248922987      -0.11296065169141870     
  0.64474468325773848       0.75729200255393891      -0.10398613503117918     
  0.64003183107904171       0.76293820997357897       -9.1019464774954414E-002
  0.64278062343223752       0.76100121840260704       -8.7807834102720750E-002
  0.65569377691723874       0.75068274391901946       -8.0876998548518111E-002
  0.67578591538711608       0.73275714063324482       -7.9877214619613057E-002
  0.68582458916702227       0.72359769296257592       -7.7788248682703870E-002
  0.68692128077487724       0.72262604315046608       -7.7141141936727456E-002
  0.69022649669953928       0.71984613735662706       -7.3545372299172837E-002
  0.70184684717463253       0.71031355747292779       -5.3531795983145745E-002
  0.70888856857049898       0.70427904541251507       -3.8314795352526999E-002
  0.71312201520205964       0.70097030738269006       -9.8802632541038840E-003
  0.72460433379808020       0.68911237615832244       -8.5259877123406626E-003
  0.73248630083481303       0.68077939272778487        1.7993127907219354E-003
  0.73892568589504237       0.67377900134425350       -3.2692617026479510E-003
  0.74491433222288561       0.66711896820763128        7.4107966182728573E-003
  0.75046071743210807       0.66033179383388052        2.7760288964898142E-002
  0.75109800431132756       0.65903307343056505        3.9079355729118539E-002
  0.75988233606856770       0.64849789314987449        4.5047951242523941E-002
  0.76167652291306864       0.64614517608397437        4.8428151590442559E-002
  0.76908289598249036       0.63707054952296049        5.1503534225319794E-002
  0.77447346825055552       0.62890961106137921        6.8290175651993509E-002
  0.78004200230748499       0.62064196722125164        7.9611702405261664E-002
  0.77530413242484697       0.62585609022425437        8.4897918550246088E-002
  0.78181201292947056       0.61764500989887972        8.5349974728649719E-002
  0.79565916819067162       0.59888949947927561        9.0872743369999745E-002
  0.79108860318204111       0.60621280490260832        8.1760975334195754E-002
  0.79787249130685522       0.59666807364484065        8.5945898731392190E-002
  0.79861719150908905       0.59498297929306776        9.0586068342096079E-002
  0.80471473689340889       0.58624166120741228        9.3567659430734307E-002
  0.80109519210591629       0.58869238147427227       0.10811000498998377     
  0.80392060915646757       0.58326088000981191       0.11626865451905981     
  0.80657682861331714       0.57803857350875365       0.12371429618297010     
  0.80328660323705281       0.58053631935136019       0.13307221713736084     
  0.80320943159622316       0.57827738103794823       0.14300307540316626     
  0.80514469873015970       0.57064637679291430       0.16156957250620985     
  0.81020066858324424       0.56285686464247076       0.16360631574639986     
  0.82374921067199258       0.54294818521056010       0.16323144946311105     
  0.82877725312799655       0.53060355460763964       0.17773050535951648     
  0.83547949370575092       0.51626810601979589       0.18825848799964956     
  0.84308731072732745       0.50107325791895174       0.19526744912823998     
  0.84489930937924018       0.49592317922403389       0.20051273605137679     
  0.85213705179736998       0.47127180524438012       0.22751995634622729     
  0.84695042981427071       0.48106457962763383       0.22638869155748406     
  0.84628761146052012       0.47900673687629186       0.23313048860149793     
  0.85446859494147831       0.45965309946560301       0.24207942583044670     
  0.85844903370586811       0.45118943774878062       0.24391258227775348     
  0.85460883447676217       0.44869529730714763       0.26137381316558828     
  0.84977447582385035       0.45104405751911436       0.27284170944889302     
  0.85136840142265791       0.44562376743094084       0.27675133777397298     
  0.85551644521927706       0.43906630161747018       0.27443103822878484     
  0.86134625277179233       0.43103822201991737       0.26886555003179335     
  0.86516262726820115       0.41753632916034500       0.27777156479684334     
  0.87158585126161181       0.40184011857093604       0.28082489737818428     
  0.87577272258556116       0.39004963749417582       0.28440010313946174     
  0.87485815194697836       0.38197980867445819       0.29785002893560802     
  0.86987503357305118       0.37952946473886573       0.31507905573254646     
  0.87382243945491056       0.36721072769978569       0.31873284387910528     
  0.87397176475963612       0.36491525893353938       0.32095203411163253     
  0.87933033276415673       0.34934430837210179       0.32363053021755200     
  0.87414568567013828       0.35512777139027146       0.33129078799698414     
  0.87962049228573447       0.34461108170805260       0.32788868829986678     
  0.88596878489907027       0.32830473123527909       0.32752910654321415     
  0.88336486205912323       0.31702051974331175       0.34520212997741678     
  0.87917113028853877       0.31651977917278051       0.35619285936074885     
  0.88076210184134640       0.29934872714440336       0.36694476357762523     
  0.88429499701621839       0.28676943747320771       0.36849104193099402     
  0.88377392905609187       0.27853849982891604       0.37597865156656718     
  0.88250693338440489       0.26823493812163418       0.38630497084471471     
  0.88284793948690587       0.25931343853741495       0.39158148109636887     
  0.88604615995470848       0.25060209595123889       0.39002665541519127     
  0.89070001557302392       0.23256679729824339       0.39059719283764960     
  0.89066778466882801       0.21444061045637980       0.40090662496423773     
  0.88621769695469377       0.20246301065416322       0.41668564040673328     
  0.88714495874438504       0.19652700643644538       0.41755353898099307     
  0.88997102560954500       0.17893427935078435       0.41944498715410794     
  0.88780361477714798       0.16914396516381683       0.42801292111020783     
  0.88130946382705877       0.16938190758425450       0.44113875181396323     
  0.87238392762954442       0.17083961374020684       0.45799575237194717     
  0.85802115320709049       0.15893542139948713       0.48840478342635191     
  0.86129396822041060       0.14692792711179853       0.48639992243191010     
  0.86102524613194131       0.12329232659343735       0.49339084682086093     
  0.86257087229985674       0.11431107668767483       0.49285339402946993     
  0.85834179638434627       0.11391087147441034       0.50027359908317437     
  0.85998018126045561        9.3021456253773477E-002  0.50177793546115956     
  0.85972213233863604        6.1622982493914451E-002  0.50703102784313403     
  0.85230357173090487        5.5953302946756267E-002  0.52004600710330662     
  0.85538781928368368        5.3855547761344019E-002  0.51518080185157267     
  0.85743274558952010        4.2474366926617844E-002  0.51284014560582125     
  0.85057780757770374        2.6555048828456468E-002  0.52517827700508024     
  0.84642844095199821        2.7584093839729984E-002  0.53178756295593232     
  0.84252683051116473        2.4876901610110139E-002  0.53807962202177051     
  0.83599319712416309        1.8796433704947560E-002  0.54841778640202488     
  0.83388462166042254        1.6605844236210025E-003  0.55193630086960721     
  0.82949821613289798       -1.1023533285607425E-002  0.55840056513782332     
  0.82629038980390679       -1.4416364201200762E-002  0.56305981934508997     
  0.82661292800507002       -3.4431222222541018E-002  0.56171661733577538     
  0.81116130187412139       -3.3776217086746475E-002  0.58384630640365454     
  0.81290637297273838       -5.4491557688391791E-002  0.57983954584091557     
  0.81532092538311918       -6.4648605883087323E-002  0.57538886536827194     
  0.81098925347167794       -7.1500956749781255E-002  0.58067550657601852     
  0.80745130206605131       -7.5506304405800043E-002  0.58508221028058705     
  0.80663621943848562       -8.8240875253755291E-002  0.58442412460852244     
  0.80097339915818722       -8.9849235655666868E-002  0.59191952889989341     
  0.80469583424381252       -8.3311515618650564E-002  0.58781273014113766     
  0.80264767857110697       -9.2616701096783702E-002  0.58921884793543633     
  0.79937598142430399      -0.10763632922980911       0.59111120861633371     
  0.80361773675394166       -9.6235579455289863E-002  0.58731358440051173     
  0.80044026261235712       -9.3658768896640224E-002  0.59205018452646974     
  0.79942190084242137       -9.9553462768025916E-002  0.59246411917042319     
  0.78757812552406181      -0.10652226952159805       0.60693797235959213     
  0.79276688286621921      -0.11037580784338580       0.59944795476629842     
  0.79318653127194660       -9.4333384618419766E-002  0.60162807377582606     
  0.80372988464595474       -9.9334331310408558E-002  0.58664381284567868     
  0.80066744937050038       -9.4828952798381841E-002  0.59155651059700098     
  0.81114504478090044       -8.4415381280553842E-002  0.57872079600671866     
  0.80642367657937442       -8.9953190327321436E-002  0.58445639478248579     
  0.80595007887899017       -8.3915786892724428E-002  0.58600564081340023     
  0.80405601756627609       -8.5883183692613260E-002  0.58831794072107058     
  0.79670218038962115       -8.9885145074192319E-002  0.59765064750020513     
  0.79610911244200211       -8.5848694836223177E-002  0.59903278932102222     
  0.79799936802578220       -5.3720251730714645E-002  0.60025922998687886     
  0.80513058943331950       -6.0930574338257062E-002  0.58995948934614617     
  0.79675781389019706       -8.0271476659585991E-002  0.59894363344124713     
  0.79020530883510853       -8.1881998018273852E-002  0.60734743622521836     
  0.78536314335600266       -9.4267947124083623E-002  0.61181556632941991     
  0.77526352724569303       -9.1005777339065994E-002  0.62504752764368154     
  0.77344844668519142       -8.3318966450644114E-002  0.62835933203053518     
  0.76826124909493076       -7.1231016637573238E-002  0.63616098230548090     
  0.77006710856756821       -7.7482818728288230E-002  0.63324012910135796     
  0.76938135309129307       -8.1415065765732389E-002  0.63358024004996594     
  0.76139885029719256       -8.6090907084269322E-002  0.64254194141979637     
  0.76618414389355993      -0.10559244450857676       0.63388649875888337     
  0.76352621098712559      -0.10741442252004266       0.63678086259743161     
  0.74577288585060331      -0.11155045468151281       0.65679471586669436     
  0.75455590349522650      -0.11923369935124060       0.64531288026779721     
  0.74526389615471278      -0.13027346226358880       0.65391937585466497     
  0.73305247117694361      -0.13409033514133686       0.66682370722932571     
  0.74348322876403283      -0.11499100329661269       0.65879416945465386     
  0.74525142958056911      -0.11920736227959476       0.65604108978512876     
  0.75121942373644357      -0.12587374907758958       0.64793917669349055     
  0.75400353059651548      -0.12894742123198710       0.64408946459778038     
