  0.18655602017481104       0.74557976361120337      -0.63977157441542987     
  0.19084616473928440       0.75146662315743740      -0.63156603430256142     
  0.19490389779526124       0.74292842803111736      -0.64036694281281192     
  0.19990465350961742       0.74411148835377994      -0.63744507403000783     
  0.18091202166149278       0.74974955464649873      -0.63651115129723246     
  0.17839660744486818       0.74876734711433812      -0.63837458466602337     
  0.19059249459569041       0.74257491963815647      -0.64207241782230251     
  0.18952454646709077       0.73474446372048074      -0.65133019223627797     
  0.20071278839022394       0.73526770656080598      -0.64737607019833054     
  0.20387185171215916       0.73901740845799591      -0.64209776364310978     
  0.21543161464156810       0.72797758719469752      -0.65087468222009803     
  0.21702372349863838       0.72177138057092560      -0.65722658012859370     
  0.21227572199296854       0.72291371332765142      -0.65752169617069722     
  0.21758437328334224       0.72298080954269961      -0.65571014140081596     
  0.24637623254256158       0.71492783880812638      -0.65435230368302033     
  0.24467571958476811       0.71317655543755221      -0.65689648577222859     
  0.24790323304109305       0.71816219093642630      -0.65022077370472087     
  0.24104570421998178       0.71428687381492861      -0.65703213800604154     
  0.23896091617387760       0.70691566441095233      -0.66570858786090759     
  0.23494919075830434       0.71458486998735837      -0.65891375865675161     
  0.22485687022813952       0.70890669430286435      -0.66849883072731819     
  0.22169019464853279       0.70846981331569603      -0.67001789619167518     
  0.21608723501456448       0.71359675687222768      -0.66639776068441225     
  0.21405744552415548       0.71114706710901343      -0.66966354160721753     
  0.20240839906651548       0.71461124647672247      -0.66959809318449781     
  0.20634194466439046       0.72502259219839305      -0.65708845878925637     
  0.20746308639800565       0.72967962538897990      -0.65155714413580945     
  0.21430508659334754       0.72527993589442685      -0.65424945124103417     
  0.21424229166419839       0.72838770214899795      -0.65080841714023308     
  0.21288670157821551       0.72230870046677054      -0.65798890075832839     
  0.22085327908363594       0.71662051116852443      -0.66157302853923006     
  0.22748767980838625       0.70257327753616872      -0.67427008329562044     
  0.23127396233035602       0.70192855954472833      -0.67365321319168370     
  0.24151704334487156       0.70330201683455396      -0.66860735180702335     
  0.24247395945145911       0.71100011552603271      -0.66006455344148041     
  0.24989100144219081       0.71720364023702665      -0.65051781361387562     
  0.24924327440808941       0.70655231918833117      -0.66231534061346098     
  0.25790380414977837       0.70705093227850679      -0.65845623010885623     
  0.25287459899957065       0.71234643406671283      -0.65468847175832035     
  0.25706377893087945       0.70740515434915074      -0.65840425360262589     
  0.27391970437141849       0.70478067625413965      -0.65440980580660080     
  0.27476665100585923       0.71086624630164907      -0.64743529975127856     
  0.28501784731558205       0.70579286856874557      -0.64855320012246731     
  0.29374719912228847       0.70413352360148695      -0.64645847813170887     
  0.29157359265041360       0.71310406140968496      -0.63754798852317340     
  0.31685254113764610       0.70643832693550523      -0.63288968818521707     
  0.31397027989540732       0.71225076925799247      -0.62779097240546411     
  0.32897554547650337       0.71331481496642291      -0.61883524885696051     
  0.33837249287480520       0.71428712192194310      -0.61261567358512592     
  0.35079689280945509       0.70801555763579371      -0.61290742379327523     
  0.36890247234277668       0.70274440343505029      -0.60832661403238297     
  0.37735501973774438       0.70869904217485002      -0.59611144654265491     
  0.38336359436829065       0.70866871093975048      -0.59230145420049163     
  0.38606972535039796       0.71744577114072050      -0.57984630087650457     
  0.39699792422237978       0.71681301254588559      -0.57321178739451473     
  0.40463908626444678       0.72748570728093476      -0.55410446268644353     
  0.41633564097083187       0.73266321353657782      -0.53839506831662398     
  0.42113820475294805       0.72567110852849270      -0.54409930595847367     
  0.42113535252383733       0.72858986234676126      -0.54018684484181101     
  0.43574064326504619       0.72541618357515247      -0.53282403513188570     
  0.43386865396539587       0.73132295960613958      -0.52623637261136957     
  0.44153364635644343       0.73012676296282530      -0.52150067031654856     
  0.45359652979137993       0.71563749590157055      -0.53114325997883904     
  0.46379215994425721       0.71222906525359519      -0.52690282878556649     
  0.46458106784188158       0.71902765001062685      -0.51687877681628014     
  0.45149746237869293       0.72631379302707411      -0.51828401048481720     
  0.46328321826883628       0.72169529103504826      -0.51431951797331954     
  0.47852320706725554       0.71211816807212869      -0.51371514966921605     
  0.48230056440932834       0.71513597960887487      -0.50593151338822429     
  0.48884437057213070       0.71818510455860096      -0.49521847395880642     
  0.50332342133448471       0.71464114533257161      -0.48575051923173435     
  0.49722334023269921       0.71969315935007094      -0.48457270487776194     
  0.49156968664494866       0.72436738304491965      -0.48337473822329957     
  0.49870521602075230       0.72026264601468737      -0.48219791400380096     
  0.49505474652074211       0.72004919818015234      -0.48626119539544160     
  0.50740555256523456       0.72768536238513715      -0.46153398422692737     
  0.49449988987936633       0.72743558350914972      -0.47571770069443298     
  0.49573464511544041       0.73253348839813104      -0.46652100703776911     
  0.51339705089401333       0.72753222221577496      -0.45510475032799547     
  0.52663576704135850       0.73039425198892138      -0.43494712958508497     
  0.53517683942927208       0.73379694836335319      -0.41848272259572095     
  0.55076596502441766       0.73313381678464462      -0.39896322945542545     
  0.55576177312194674       0.73075252845747729      -0.39639575387402254     
  0.54698234709253835       0.73937391078640458      -0.39260225676574673     
  0.55037059304385361       0.74320049788948506      -0.38045397914778140     
  0.55546292281624643       0.74194976118483702      -0.37546170677473378     
  0.56340191456834798       0.73834697920891701      -0.37070476251835149     
  0.56689182157139517       0.73978141678375575      -0.36243222541171255     
  0.56596859741739358       0.74518714676848685      -0.35266933950717977     
  0.56559009261185877       0.74796240898935540      -0.34736160104155084     
  0.56230845743672764       0.75254159469842186      -0.34276864930136980     
  0.56350423653181947       0.75191016865827698      -0.34219011335655736     
  0.56561036442358548       0.75450249658667756      -0.33288270952557775     
  0.56734454778163812       0.75446604025453001      -0.33000175485154554     
  0.56362043018789887       0.75439909615694534      -0.33647290290957005     
  0.57197423781708345       0.75022027263657598      -0.33168511241638465     
  0.58160835199054328       0.75127703510712696      -0.31195278715775182     
  0.58845855873732811       0.74612840493643007      -0.31146256275161827     
  0.59062340601134966       0.75192406262722844      -0.29287232083916120     
  0.59661403607619512       0.75115837000669494      -0.28251158405587234     
  0.59991743567030109       0.75589422066483913      -0.26215071532282008     
  0.60262582482129767       0.74721870877391394      -0.28018978660310884     
  0.61382423846940037       0.74132318610176851      -0.27140327561653205     
  0.61725643119943818       0.74215328372386669      -0.26115704394255790     
  0.61931211048725066       0.73897585767668972      -0.26526815032119710     
  0.62287145010061951       0.74521078119629758      -0.23810092028036275     
  0.62847798601583715       0.74502717128335438      -0.22349482128899978     
  0.62930901465535505       0.74719880464541921      -0.21369162456671975     
  0.64164349107519003       0.74093444330159897      -0.19826694401789227     
  0.64410921117765019       0.74109626337176326      -0.18947203617557057     
  0.65640524238416986       0.73371305434614598      -0.17549162844030439     
  0.66964711617308870       0.72323337317691028      -0.16883787408106635     
  0.68512355712318118       0.71207623580402957      -0.15347034201448814     
  0.69653107844333839       0.70682063303312037      -0.12348704175426975     
  0.70284227578831993       0.70051074642487021      -0.12368277773387440     
  0.70201748137059894       0.70272019861498292      -0.11556720256456744     
  0.70836181607735715       0.69709701178181882      -0.11081197448131944     
  0.71276178071748508       0.69223340122584487      -0.11306441604563328     
  0.70821637520066583       0.70062936865864167       -8.6879535395996868E-002
  0.71213890015563230       0.69781885306625635       -7.6857239024187465E-002
  0.72161648861196315       0.68956375614097565       -6.1412291767119279E-002
  0.73389930890077548       0.67805167755154305       -4.0468839426196924E-002
  0.73964417471592270       0.67215341506314230       -3.3708773750431090E-002
  0.74762613678250900       0.66374163157208244       -2.2409955771754093E-002
  0.75062633058204165       0.66038231092345812       -2.1338117450553164E-002
  0.75127189153268548       0.65980659063937186       -1.5678263352521076E-002
  0.75404743053021628       0.65681128062732386        3.3784836058777120E-003
  0.75895072536936037       0.65099157526457152        1.4274641707422932E-002
  0.76228008749853160       0.64723381797229074        4.1776879063577313E-003
  0.75868588233127288       0.65081197934090385        2.8974117718958727E-002
  0.75495473865276030       0.65502864012325235        3.1318097069031624E-002
  0.75984773204427014       0.64845813211269310        4.6189555140707141E-002
  0.76490846551252845       0.64126436756393945        6.0786925239640764E-002
  0.77155339605121764       0.63140607945224048        7.7664147922869228E-002
  0.78535386534310991       0.61253777158526901        8.9536498546631302E-002
  0.77523105634448308       0.62191844172550059       0.11060859424449174     
  0.77952591765396728       0.61480230644795120       0.11982265099730129     
  0.77707204443646594       0.61731569269657305       0.12280217142169562     
  0.77713892331106493       0.61628408556960745       0.12747164291933016     
  0.77642983496180751       0.61458326226088933       0.13944219278949854     
  0.79115858796351823       0.59189670119567750       0.15403370996391777     
  0.78678104443437258       0.59575514836238164       0.16140443401119894     
  0.77690164223199631       0.60267403696906929       0.18223019360312692     
  0.77882653917785294       0.59819695137377604       0.18865213817863150     
  0.78606587719010779       0.58659612938170591       0.19494978253834686     
  0.79646039104889788       0.56765608707376691       0.20836845322250014     
  0.79256441272070854       0.56901289283343570       0.21923954816137362     
  0.80142476647502092       0.55318792852820653       0.22737954923679957     
  0.80534588903450777       0.54729361720532677       0.22778870819583732     
  0.80059797976602998       0.54782578304727381       0.24275458023113072     
  0.80363646869464866       0.53536730429833668       0.25990435870205814     
  0.80551887269671130       0.53364735640164351       0.25760404642582324     
  0.81132712078231206       0.52473943160260983       0.25767582735766020     
  0.82204377232061765       0.49959728229491124       0.27321528491727576     
  0.82294479185501834       0.48921298942692126       0.28884688077712672     
  0.81755524430246407       0.48478343732322277       0.31078681022626969     
  0.82045791417087000       0.47664896617367808       0.31568112727869979     
  0.82631559439944890       0.47237944142002203       0.30669235689203733     
  0.82566173783166963       0.47548079538034860       0.30364569469244962     
  0.82850439260349018       0.46383181566737641       0.31375231985027452     
  0.83343404108816255       0.46222183203492168       0.30288393345593029     
  0.83804965957186950       0.45055087706545399       0.30769575113580283     
  0.84155828070159289       0.44937868601607228       0.29973064030400676     
  0.83956532439407605       0.43695800530609347       0.32279679006147366     
  0.83550599919394997       0.42975717078528353       0.34240107983116663     
  0.84193231732699103       0.41237778631210359       0.34798639972954803     
  0.83967511994415289       0.40605742874534356       0.36064256197444888     
  0.83632291830813987       0.39945599799612874       0.37549817839434890     
  0.84038307366941012       0.38668491748513512       0.37977765084252962     
  0.83854782350928936       0.38532370584046582       0.38517942495051044     
  0.83515120349624816       0.37357116858269868       0.40369177512370324     
  0.82809187133654372       0.37593378292712565       0.41585772023667250     
  0.83088879885248956       0.36484820814667329       0.42013044278370293     
  0.82776416235958616       0.35418085490493262       0.43515791792399328     
  0.82369584454917855       0.34097446125263109       0.45305802326621997     
  0.82056150248823478       0.33815579182384570       0.46079223202028774     
  0.81795616063327492       0.33280725389380938       0.46924093069310785     
  0.81837135739011646       0.31226873120571008       0.48244850597202149     
  0.81729038938458443       0.30910416690555365       0.48630343759963218     
  0.81000444830702534       0.31772630365496574       0.49289226986085416     
  0.81434488773111446       0.30333954641164496       0.49480048848902208     
  0.82089199736029939       0.28563260675604768       0.49452031568739824     
  0.81743376650083399       0.27863819331790646       0.50414560853863744     
  0.82393034689986056       0.25943954072633552       0.50381535125994636     
  0.82321213271080929       0.25949087847660518       0.50496165056879505     
  0.81583658033177719       0.25096971038635368       0.52098452823586072     
  0.80805699464127123       0.24451824870297148       0.53596149065259246     
  0.81047308805234175       0.23048211526603049       0.53852703561232407     
  0.80864851216895384       0.22927978961652534       0.54177334914181641     
  0.80277258588383471       0.21368155697806671       0.55668336382616235     
  0.80134451646360549       0.20460672692353507       0.56212369922584571     
  0.80483558046008752       0.18456293920274747       0.56407110358386359     
  0.80906032892460888       0.17951508930769550       0.55963891650889841     
  0.80411384881392389       0.17154436679720786       0.56918665511921740     
  0.80747598811736598       0.17004507387507678       0.56486033801702074     
  0.79980995723199788       0.15811941291399681       0.57905291949206394     
  0.79982596757057411       0.14071113932083240       0.58350560997374268     
  0.81821035352466953       0.13993739021538268       0.55762832084170932     
  0.81297979032884149       0.15275258148355209       0.56189902061401065     
  0.82271283898277225       0.14489550446303115       0.54968070491814780     
  0.82061336671042440       0.12275363927414171       0.55814446733900069     
  0.81364333235898267       0.12182429898500760       0.56845700618831574     
  0.81268977287897259       0.12282840955378600       0.56960382272629828     
  0.80623054865356303       0.12170601822615162       0.57894727527237788     
  0.79873073544971696       0.10807494881682232       0.59190287859259139     
  0.78536464930871108       0.10219240536886476       0.61053999041924534     
  0.79046739660787901        9.5634771973498428E-002  0.60499197126039606     
  0.79040467396764880        7.2284443226634298E-002  0.60830535969816213     
  0.79155793714175871        6.9485892399540408E-002  0.60713074613737272     
  0.78335352160537475        6.6186744109833162E-002  0.61804253501890782     
  0.78415964331089927        6.2366354291408882E-002  0.61741727515102918     
  0.77864731511590346        6.5862160360460067E-002  0.62399562057393310     
  0.77733540330918549        5.9257288678785783E-002  0.62628926583535349     
  0.77118200843404150        6.1387508200764995E-002  0.63364807559444225     
  0.76101511871396132        5.4369570811977387E-002  0.64645180706569072     
  0.76080537771965717        3.2284909733701926E-002  0.64817656686765257     
  0.75760589317679849        1.1089920054717411E-002  0.65261805391589145     
  0.75009081287759549        3.0733835530689763E-003  0.66132769997193042     
  0.75360604207372639       -8.8032457959107083E-003  0.65726740084491464     
  0.74514750930352724       -2.1614835627699457E-002  0.66654931419928498     
  0.74234824814868838       -1.8029947705135892E-002  0.66977160245588530     
  0.73169094350718988       -2.5941408445557434E-002  0.68114272110727225     
  0.72577977168988117       -2.3764167513439703E-002  0.68751653605435392     
  0.71328715512741558       -1.0867559617600006E-002  0.70078765006112698     
  0.70761357444407502       -1.0072096566470476E-002  0.70652783535628361     
  0.71749382072405743       -2.4754148576362357E-002  0.69612488057176525     
  0.70194601294516878       -3.1887950630067323E-002  0.71151595450488359     
  0.69728280834611700       -3.3421099180666165E-002  0.71601656078229670     
  0.69127897372254454       -3.6088978700039569E-002  0.72168619642161203     
  0.67884818191972407       -5.3305798210469747E-002  0.73234120311602735     
  0.67602854877260787       -6.5044372731887540E-002  0.73399906731569986     
  0.67101542157898386       -7.6522702558714101E-002  0.73748395236526298     
  0.67332371454621209       -6.6619215675414636E-002  0.73634031230979369     
  0.67875949230017940       -6.0900303615364214E-002  0.73183106290452016     
  0.66734111102394322       -7.5627268575888390E-002  0.74090239423629867     
  0.67111424831106015       -6.6981966744932953E-002  0.73832180100878886     
  0.66670216847421260       -6.5881586384298294E-002  0.74240678548035244     
  0.66875047386134345       -5.4184063059107453E-002  0.74150987250382283     
  0.66070558379131417       -5.2805068838795315E-002  0.74878552086155425     
  0.66572400898244255       -4.8723918409722448E-002  0.74460561617486298     
  0.66044876342184222       -3.2063049924609677E-002  0.75018623802632589     
  0.65176976257784569       -3.1586065387415589E-002  0.75775886472053944     
  0.65297566680831454       -3.4086763296219812E-002  0.75661143999031910     
  0.65107933957377906       -4.7338173343874072E-002  0.75753203953670301     
  0.65098264104088421       -5.5581664377055084E-002  0.75705500437452466     
  0.65922805483757041       -4.5639012796371746E-002  0.75055676149512207     
  0.65952750770779567       -4.1191195971693677E-002  0.75055096559205425     
  0.66786089148992389       -4.7907296508081641E-002  0.74274270145156673     
  0.66045355514656645       -8.3093214279073055E-002  0.74625506312187473     
  0.67472010897581014       -8.0544930934687980E-002  0.73366565180904930     
  0.67472010890550449       -8.0544930753752644E-002  0.73366565189371880     
