  0.18632120572384364       0.70068546361975503      -0.68871205112846945     
  0.19406091624066155       0.71390032448332219      -0.67281995176305753     
  0.20596030904741638       0.70628054318214895      -0.67730949012945452     
  0.21970511877983240       0.69929851732435966      -0.68022881771495980     
  0.22193956430248984       0.69579928200690611      -0.68308578447797819     
  0.22620503369519018       0.69740061083442462      -0.68004681510814369     
  0.24311224203358314       0.70681804079723987      -0.66430768095586235     
  0.24893014089668508       0.70187467891416944      -0.66738723395963162     
  0.26629107413477043       0.69794295513902860      -0.66480425330163884     
  0.25703075510096385       0.69687764727778945      -0.66954965137531153     
  0.26044022190911176       0.69690560654611033      -0.66820166594863462     
  0.26352141195675910       0.70777216325839765      -0.65545025010052760     
  0.25282891230393467       0.70990481097202263      -0.65735279756154263     
  0.23394227891045463       0.71263279037362270      -0.66138152092607527     
  0.22501743497496818       0.70656645270972440      -0.67091802916785881     
  0.22723205032812266       0.70333130195444149      -0.67356564267690278     
  0.22860919643558589       0.69588975979370649      -0.68079018612149156     
  0.23328493495766311       0.69868090268406358      -0.67633064054971093     
  0.23797139570047551       0.69856599274872488      -0.67481491433085361     
  0.23172147147410405       0.70081867765049310      -0.67465423789826673     
  0.24351418565314961       0.70291183115885458      -0.66829319838121193     
  0.24651875377074889       0.69840576429933621      -0.67190616341329867     
  0.24560293116096174       0.69477471374487076      -0.67599356309500258     
  0.24712134636185523       0.70525642221560991      -0.66448808800154024     
  0.24623062393721107       0.69449818772472838      -0.67604936734129184     
  0.23689065267337298       0.69936815502398664      -0.67436414674441980     
  0.25284077258094506       0.69907891113793341      -0.66884992316877223     
  0.26473570082088488       0.69991837875910556      -0.66334702214308694     
  0.26931883607541535       0.71114749137729061      -0.64941251146152856     
  0.27037163025144784       0.71059375652048040      -0.64958116871510885     
  0.27522258159572432       0.72063601871573779      -0.63634602152391551     
  0.26850856512335330       0.72646978937040174      -0.63256999263917213     
  0.27230050953355922       0.73188404937325768      -0.62465844329582787     
  0.28035660938658824       0.73311455020490257      -0.61963152586930448     
  0.29077145774739649       0.73255604579613798      -0.61547834984423488     
  0.29407542348601273       0.72700919179919599      -0.62046537400648227     
  0.30859175299025415       0.71433547043427315      -0.62808913831226920     
  0.30844319894309863       0.71390530044312372      -0.62865094848012637     
  0.30644518769403989       0.71106329095245702      -0.63283516273910301     
  0.32180720719779438       0.70758036431383431      -0.62910265412971977     
  0.33264892799821444       0.70251482065835347      -0.62914037976988912     
  0.33663651937350209       0.71065845205657352      -0.61777052239860908     
  0.34773739912284068       0.70621283304469817      -0.61671884655348785     
  0.34791793565928475       0.70755767034343275      -0.61507337219616109     
  0.34994761922449447       0.71432487238577902      -0.60603353082989442     
  0.34735727799445698       0.72061420143925659      -0.60004840980402940     
  0.33959845455189253       0.73775030761235139      -0.58343583476149941     
  0.33748112148942988       0.73790086498092022      -0.58447310126185170     
  0.33562809071999505       0.74332911270446200      -0.57863253877193044     
  0.32855408694157562       0.74672303960688602      -0.57832250005878394     
  0.34585085196897009       0.74020274499500738      -0.57661693046093776     
  0.35688257538969487       0.74460556017340696      -0.56408987505721764     
  0.34914437913083984       0.74124390851275646      -0.57328498202383860     
  0.34665625015739737       0.74550440942845853      -0.56925619869223865     
  0.33798090181846963       0.74161279973828509      -0.57946472305940933     
  0.34426969491002896       0.73339253639543989      -0.58618577663230709     
  0.34989399479890310       0.73735581976830433      -0.57782401080041423     
  0.34639255794069523       0.73948450077526084      -0.57721301866509045     
  0.34949593824179614       0.74695558992241418      -0.56560581312089309     
  0.36257314488965525       0.74353909075052849      -0.56186327085039500     
  0.36835690665886450       0.74897095832537375      -0.55077735329430955     
  0.38617288966070690       0.74518770205258533      -0.54365962513385968     
  0.39332521678544347       0.74330106438682375      -0.54110886291216798     
  0.39653033531800269       0.75557992978828115      -0.52140450983255682     
  0.39488382456779680       0.76245526372378580      -0.51257071308708435     
  0.39561412277957042       0.76753701948765496      -0.50435740261580253     
  0.40632743876773281       0.76774312799678601      -0.49544777920399019     
  0.41167680810225887       0.76884715657957048      -0.48928136638364444     
  0.42138804408519981       0.76435719335750807      -0.48804733096768826     
  0.42683279902736521       0.75873345544533910      -0.49207449157870375     
  0.43054116740302595       0.75525509419428305      -0.49419029317139174     
  0.44110925498901010       0.74611981378121517      -0.49872622614629664     
  0.45366977409183068       0.74408604705957271      -0.49042806877943645     
  0.45307231042513763       0.74650083146003643      -0.48730071840240813     
  0.45408087840582234       0.74555186103239868      -0.48781449176641345     
  0.48390368043844673       0.74007833157575365      -0.46703457172909096     
  0.49184331954565175       0.74299369284752526      -0.45392788128414530     
  0.49831106888898979       0.74792082268889160      -0.43852083372524525     
  0.50487069318362854       0.74722602336268651      -0.43215605187694572     
  0.51535203016029030       0.74941007909730850      -0.41568836687720051     
  0.51541727145500660       0.75419427834254760      -0.40686118861503717     
  0.52807238847278715       0.74194747932430871      -0.41310227602489941     
  0.54193289763701324       0.73315825786481992      -0.41083780666264624     
  0.55260219631023699       0.73024804748389827      -0.40170710944549837     
  0.55773392096856944       0.72536944015275728      -0.40345018117916515     
  0.56678698594981958       0.72572486016250048      -0.38996915249803826     
  0.57547302653966670       0.72172931265107942      -0.38462656562629255     
  0.57781126285093098       0.72287271645494322      -0.37893163014937614     
  0.59830988731340395       0.71365517132809142      -0.36430972424531344     
  0.60980703949976067       0.70844549685891389      -0.35530318399483185     
  0.61073295128883831       0.71236879369816486      -0.34573973444637318     
  0.61823702922688573       0.71348387019355630      -0.32973283528690223     
  0.62206625692271633       0.71084639961874696      -0.32822396034906670     
  0.61383461794387539       0.72391378224946001      -0.31489029467892099     
  0.62750973813266742       0.71226318901060748      -0.31450386027696253     
  0.63050777168983008       0.71407297299901895      -0.30423632109113374     
  0.63906361831307623       0.71399344679543175      -0.28602630942236695     
  0.64214743903752303       0.71438726448567469      -0.27802428469151030     
  0.65745853273021060       0.70046156347316757      -0.27767224534865637     
  0.65861914165617652       0.69560367696880698      -0.28697796227508099     
  0.66353886600293621       0.69486305099833179      -0.27727515875178660     
  0.67081044931981115       0.69098706292717915      -0.26935148032009193     
  0.66810366689042378       0.69789380802500156      -0.25803434462864061     
  0.68434531710683921       0.68532413221748778      -0.24900265210291836     
  0.68827960279148803       0.68393181431945516      -0.24188522431700890     
  0.69395813493148317       0.68500446967784501      -0.22179040439972100     
  0.68969784727661709       0.69138322481329995      -0.21518855896344280     
  0.69700468456709097       0.68772754839951789      -0.20301548922168206     
  0.68939470465387565       0.69808221622413347      -0.19343257374805692     
  0.67934897292409391       0.71090013631747717      -0.18195045801198406     
  0.67765162536853663       0.71211661466830778      -0.18351621658243078     
  0.69007495700773758       0.70042392004289344      -0.18221659074441202     
  0.68642329559029547       0.70560006022176502      -0.17593070876342184     
  0.69180797864069377       0.70268623492993365      -0.16623409977821049     
  0.69350400359158293       0.70238923741064319      -0.16031704891289825     
  0.68878407959405707       0.70983409184805379      -0.14735010603327284     
  0.68839238212172704       0.70991367899103430      -0.14879010927540906     
  0.69316648307877571       0.70457719721661261      -0.15195788856977904     
  0.69578260660500268       0.70305059430448924      -0.14699124529731014     
  0.70277992673288903       0.69684314158902927      -0.14321316490339722     
  0.70674421826636025       0.69491214015546543      -0.13270164811192628     
  0.72213223171335350       0.67849268523973694      -0.13480621646223359     
  0.74116534809358703       0.65856052421026101      -0.13027648574174608     
  0.75316999500193682       0.64524412097939388      -0.12804289504033875     
  0.75461124818236591       0.64591640870372158      -0.11555889011209057     
  0.75546421525078977       0.64480218187743765      -0.11620656488169540     
  0.76223283115127882       0.63796645161330190      -0.10954413599567213     
  0.75828346598367458       0.64306977783397035      -0.10708616181539304     
  0.75448240678741674       0.64888892878251736       -9.8485815992679540E-002
  0.75463885632720207       0.65137609105439853       -7.8926450090349556E-002
  0.75876079727314050       0.64918865101423440       -5.3255496577789538E-002
  0.76929372857740019       0.63835505330950226       -2.6267567182812902E-002
  0.77644145200392856       0.62985281522798109       -2.0593755350057065E-002
  0.78084064983490387       0.62473020761812803       -2.1738172801868180E-004
  0.78398723286796979       0.62062396929158647        1.3780690867330175E-002
  0.79803510768410524       0.60174097310459096        3.2369247608784936E-002
  0.81000432151573099       0.58262834417176179        6.6612398947286697E-002
  0.80684519638555918       0.58611418213289956        7.3966171810039338E-002
  0.80511403464391418       0.58839147117891211        7.4745353456345046E-002
  0.80371102520088678       0.59061376608466809        7.2277017660005133E-002
  0.81477525400333606       0.57305519002863869        8.8028601289810882E-002
  0.82155425388078351       0.56434251076452657        8.1031712769635264E-002
  0.82457464912102107       0.55848204191759443        9.0412703103602499E-002
  0.83030785967032406       0.54879690274745119        9.7009369158302092E-002
  0.83106966975420937       0.54486791101661169       0.11154444656290437     
  0.83579142706554843       0.53286524305049188       0.13231524172397313     
  0.83687247345588789       0.52902768848275938       0.14062065278760508     
  0.84487841443264744       0.51282457819369198       0.15228728386256854     
  0.84402306089938739       0.50649917779178466       0.17630557440499833     
  0.85578918154309425       0.47761388647679093       0.19877085349300075     
  0.85345856911670770       0.47497578285446534       0.21449120378945513     
  0.86067305618962420       0.45857203732181706       0.22125455235029670     
  0.86106514596405426       0.45429272892880779       0.22844021285298735     
  0.86362563751414634       0.44338842561409447       0.23991136334017146     
  0.86917442445507820       0.43023440083204956       0.24379126361268794     
  0.87634374023399764       0.40588176640765794       0.25938704796208928     
  0.87490167102538952       0.40433567682628230       0.26657030307671908     
  0.87269172956629992       0.40611970345015014       0.27106444181438044     
  0.87570412432941613       0.39009925842567533       0.28454323961076317     
  0.87765417534577583       0.38088104274891404       0.29095150759641381     
  0.87161369961379731       0.37066961225714601       0.32077031844403409     
  0.87468671390936015       0.34807038256154654       0.33729832684717403     
  0.87029409033935856       0.34574125732460737       0.35078651528242627     
  0.87146351283871593       0.34642961530090094       0.34718563828775278     
  0.86691498585296245       0.35189890008739466       0.35302347148715141     
  0.86734624288399109       0.35986056722539678       0.34381807269432457     
  0.86598892864011312       0.35352985537043602       0.35366625062975260     
  0.87018630767893346       0.34302953037090239       0.35370401640583898     
  0.87088908986855651       0.33311416364757007       0.36136843681386160     
  0.86901005037906842       0.32885648353983388       0.36969574730308102     
  0.86402259301394335       0.33306730889614272       0.37753294757695355     
  0.86476744971945085       0.32466378716746269       0.38310662120067390     
  0.86855525040988535       0.31967458046595948       0.37870825128234775     
  0.85973683323844685       0.32513761762997467       0.39387575093553429     
  0.86617216857814838       0.31954758108997505       0.38423315551911114     
  0.86234171743182575       0.31297788320219372       0.39800955642170555     
  0.85531364050665348       0.30902576108370194       0.41586254381693816     
  0.85074358560808316       0.30396931551527734       0.42876334588193971     
  0.83857335165369318       0.29720600025030713       0.45657784364936815     
  0.83063630014826095       0.28663468496427336       0.47737186160418105     
  0.82690921224420555       0.29046330838265166       0.48151035418677413     
  0.82672788878912096       0.29371866556856413       0.47984408237979370     
  0.82389598672715170       0.28623077892441035       0.48914961336100377     
  0.82202714962457479       0.27073094730146668       0.50097516849974610     
  0.80761071091638548       0.27213353761096420       0.52317136515722351     
  0.80796607191704983       0.24788481538593327       0.53455022676266362     
  0.79633950415590016       0.25257943225997070       0.54958804983365994     
  0.79930159399724054       0.24880805561382882       0.54700229733990702     
  0.79046568538591300       0.24953765510106077       0.55937014481829883     
  0.78554635805405648       0.22778039195733193       0.57535468398873146     
  0.77663755171415749       0.22348398509013626       0.58897285308889313     
  0.77696280003905394       0.20796642981826552       0.59420431791103434     
  0.77811511912420406       0.19395807851061664       0.59742541389766513     
  0.78010953613926926       0.19048935510647985       0.59593868578545273     
  0.78319211321252824       0.19333151021847711       0.59095942412177349     
  0.78370535412189335       0.17804933615761509       0.59506667846091921     
  0.77156081810898347       0.17372013011062548       0.61197648676509186     
  0.77593100064909692       0.16152352100541231       0.60978786015605890     
  0.76744877746933748       0.14640904724969198       0.62416885923943433     
  0.75983001390812710       0.14268401310431411       0.63427093766688025     
  0.75087250734923183       0.14766592070700787       0.64372762374224046     
  0.74833455060361798       0.13796143526266841       0.64881587738983859     
  0.72911043925992880       0.14390191262293420       0.66909656022554409     
  0.72720682367852829       0.12210509360451270       0.67547063719396339     
  0.72811426293833736       0.13003972709401734       0.67300764444624006     
  0.72299213593045097       0.11741872996152244       0.68080482756583649     
  0.71866358310264322       0.10453422508336800       0.68745563501093732     
  0.71194720735371964       0.11202183365244291       0.69324042202282565     
  0.70295900092380448        9.9073775541539080E-002  0.70429612381451601     
  0.70581485419546119        9.3789684219387603E-002  0.70216015746485372     
  0.70517665269779239        7.4428452977396087E-002  0.70511438354165634     
  0.69082234526061148        9.1990981912763239E-002  0.71714862234780496     
  0.69520511614631542        7.9794531826281698E-002  0.71436872774122229     
  0.69049232008920747        5.4145316178342104E-002  0.72131036359792555     
  0.68774434803023221        5.7017827832042553E-002  0.72371035577901444     
  0.68297634055992573        5.8943587039646951E-002  0.72805835740157021     
  0.67910084456586739        6.1051405329192551E-002  0.73150172167757499     
  0.67590139405849625        6.2048629623626478E-002  0.73437543060182220     
  0.67109520649164145        6.6245190659603381E-002  0.73840557862086509     
  0.67173865940809141        4.7769343467167678E-002  0.73924641580553907     
  0.66559467268138950        5.5841164795550957E-002  0.74422140254928859     
  0.66084623519909336        5.5682379984096253E-002  0.74845288828522216     
  0.66390813297698748        4.3381258661796394E-002  0.74655479193688734     
  0.64990715389596765        4.2866059511324293E-002  0.75880379035480205     
  0.63992732520989315        4.7531650901538609E-002  0.76696398912353481     
  0.64758693891679830        3.7131038075521407E-002  0.76108635683199910     
  0.66030963617318472        4.3126223753213566E-002  0.74975416851233567     
  0.65573676652828017        4.1948322657888427E-002  0.75382334220241898     
  0.65715918216866720        5.8275439267474582E-002  0.75149569690690221     
  0.64762826482396119        6.5297875644165518E-002  0.75915335607337231     
  0.64760686417123559        6.0417313801511253E-002  0.75957560365727139     
  0.63407744584427284        6.3368256889183475E-002  0.77066870748099603     
  0.63700239210799015        5.0412214428329924E-002  0.76921164908309192     
  0.63834790899239768        5.5311611133726533E-002  0.76775814730865877     
  0.63754971123646242        5.5670253594251477E-002  0.76839520337327372     
  0.62380563087858321        4.0888542886625669E-002  0.78050923245326231     
  0.63606299808085731        4.5807856739333935E-002  0.77027625092127772     
  0.63872883919909185        3.8667495753820544E-002  0.76845968973493251     
  0.64850527201254582        3.2137019497975296E-002  0.76053147479228012     
  0.63583939877182194        1.9179766445337990E-002  0.77158304512773579     
  0.63745751519226113        8.7905577812845154E-003  0.77043535901385141     
  0.62993371265934006       -5.3337960890421053E-004  0.77664871928138324     
  0.63174638002176919        8.2029552375776568E-003  0.77513174548250863     
  0.62703312758070850        4.2445681447174678E-003  0.77898102708449835     
  0.62873758615142883        1.8734259549180177E-005  0.77761754571865360     
  0.62693502938414525       -7.6686781292611122E-003  0.77903379920697313     
  0.61539077964118138       -3.7007751022526792E-004  0.78822208252195980     
  0.62128165632146293       -1.3996737872539588E-002  0.78346231233377595     
  0.62572166604725188       -2.9360027161811686E-002  0.77949367248497226     
  0.62323536280113634       -2.8622622601023735E-002  0.78151035055818374     
  0.62323536281519287       -2.8622622391171564E-002  0.78151035055479179     
