  0.13254091625142889       0.76900225398299493      -0.62535465048906858     
  0.12610003842594908       0.77318610729731030      -0.62151590791499967     
  0.12944309841020316       0.76894573069574801      -0.62607263757390641     
  0.12854861945182916       0.77851777248217946      -0.61431696246027057     
  0.14120704879786525       0.77617241486150668      -0.61450545300904669     
  0.14918298978014174       0.77479246887225039      -0.61436232447888650     
  0.14672141712999906       0.77287309225015188      -0.61736537725325424     
  0.14999767036423614       0.77682859095388845      -0.61158649360650397     
  0.15095131287529404       0.77501925606887323      -0.61364391454953371     
  0.14327379508844959       0.77767577162065715      -0.61212173125544944     
  0.14261128588012065       0.78150975502978526      -0.60737510974100950     
  0.14845930462826618       0.77664520501355394      -0.61219446289454849     
  0.15646802435919205       0.78175370825309964      -0.60363805130695558     
  0.14618017837647532       0.78104343399116916      -0.60712643631216034     
  0.14163875611926818       0.76878155276004034      -0.62362920626029683     
  0.13262967102550607       0.76697529334949865      -0.62782025274366260     
  0.13626526911148440       0.77081589020720953      -0.62231393993549589     
  0.13253932905981836       0.77558640704782156      -0.61717019650581317     
  0.13405109399191364       0.77073713637309027      -0.62289210206502010     
  0.13394790246464466       0.77579339322598451      -0.61660568473882482     
  0.14090282953531583       0.76914782321719188      -0.62334422165381220     
  0.13449601259832317       0.76782687331751631      -0.62638064721589093     
  0.13530317550100185       0.76826541123775183      -0.62566868915987217     
  0.14502197348109730       0.75979811962450661      -0.63377870319435026     
  0.15382009300679719       0.76123163108267966      -0.62997284292783839     
  0.15603360757235243       0.76381377834001007      -0.62629228426184091     
  0.14881309249342084       0.76937624347693589      -0.62122045964042671     
  0.16048107963868405       0.77900757567711154      -0.60612954070534419     
  0.15550394106656917       0.78395086196639374      -0.60103208760840077     
  0.15024384738365504       0.78540395526177098      -0.60047265831386754     
  0.14400915771387685       0.78800396002002182      -0.59859094671344915     
  0.15867564555751376       0.78926296207756153      -0.59319981136161837     
  0.17279698759931134       0.79475775162274698      -0.58180866039631973     
  0.18534907989655863       0.79494842850636604      -0.57767007417448768     
  0.20156210478485886       0.80185414235678598      -0.56249680203531860     
  0.19091287533513748       0.80940481605232417      -0.55535224658100879     
  0.18504762349683884       0.80299790764817103      -0.56652602530760410     
  0.19730178400056811       0.80613917795222123      -0.55786345264832560     
  0.20004578468784187       0.80112923943035941      -0.56406881296377342     
  0.20509268336167918       0.80502423301986403      -0.55666235321089075     
  0.20170251912452902       0.81411313511992800      -0.54455109677974356     
  0.21686465135444113       0.80085979859561807      -0.55820543349765361     
  0.21755721599062053       0.79520824374054855      -0.56596175388225956     
  0.21900991254678628       0.80360104290934142      -0.55340764544887522     
  0.22932753537471434       0.80350608694060899      -0.54935129905038871     
  0.22804771926401921       0.79934616134966652      -0.55591361925575489     
  0.22950200658988451       0.79934036575105649      -0.55532315695654544     
  0.24126270009093370       0.80639217322200452      -0.53992959958787667     
  0.24538224708264902       0.80885973614168682      -0.53435332886159748     
  0.26634991911194889       0.81340490064036297      -0.51713652762428153     
  0.28313487812861937       0.81221194191678003      -0.51004549031911417     
  0.28129601521780356       0.81555237499385991      -0.50571422311861103     
  0.28692790091173082       0.80401535801975688      -0.52079908193731494     
  0.29997885395184615       0.80108778608357700      -0.51794888374187076     
  0.29882811133103643       0.79846018897072946      -0.52265006123328084     
  0.28421174610584615       0.80134471139339380      -0.52637471149106740     
  0.29555082353631346       0.80486536853173629      -0.51462748590148333     
  0.28531531937136251       0.80896629223396010      -0.51397344927657396     
  0.27936304676478835       0.81540700470213368      -0.50701844619795555     
  0.29680269012509830       0.81182175117483912      -0.50284551052378179     
  0.29629283662373573       0.81969044652264533      -0.49022252788398707     
  0.30158136075993303       0.81607090792916381      -0.49302835220082142     
  0.31395793627680213       0.81608651899715767      -0.48521459969781677     
  0.30642728414870957       0.81353619121333498      -0.49422786760293486     
  0.32226874437628522       0.81845155935314318      -0.47568887036648211     
  0.33746032130506537       0.80973548941004092      -0.48005100638844977     
  0.35230899897747836       0.80566663888206447      -0.47621385556487328     
  0.35848713306164132       0.80544978013310964      -0.47195087362221316     
  0.36739302477834879       0.80657694314410677      -0.46309394309634810     
  0.36573593419102129       0.80797697903831989      -0.46196366500573627     
  0.36479703977903644       0.81139957133030172      -0.45667697053109141     
  0.37492067632709686       0.80460225387067252      -0.46048854440546755     
  0.37481464861565789       0.80172733603242252      -0.46556122888560619     
  0.40737166050148577       0.79113373340106585      -0.45624088604064572     
  0.42338861028612035       0.79072971792037505      -0.44214092535927002     
  0.43050284730239868       0.78977073240301587      -0.43695479022907058     
  0.44011702395102120       0.79012331909418143      -0.42661709512405893     
  0.45707081399143845       0.78052969507903713      -0.42645007456562728     
  0.47911418364902381       0.77198898875088751      -0.41771114454095115     
  0.48239114968970981       0.77519181437361817      -0.40789266925157802     
  0.49512096030885488       0.77396636850722411      -0.39475472775202858     
  0.50994504812187391       0.76297020653140935      -0.39728140132832712     
  0.52353789847586862       0.76072407556524402      -0.38367557873140240     
  0.52846944146112074       0.76307317140453812      -0.37207443411821756     
  0.52697686409284472       0.76808431633988949      -0.36378821820333357     
  0.53361547460787906       0.76387854805394495      -0.36296568581892868     
  0.54093459040003644       0.75976206631221244      -0.36076498098033682     
  0.54930993275679774       0.75699002763332934      -0.35387101582132274     
  0.55607791346090518       0.75165483163426083      -0.35467219829278729     
  0.55970668205592011       0.74953945788518017      -0.35343886477740882     
  0.57200256820860307       0.74129215176839514      -0.35113958433840159     
  0.56966175745612124       0.74073810545599861      -0.35607940296717855     
  0.57502810005255955       0.74391463258155865      -0.34049038691421080     
  0.57652725685819428       0.74210511952403824      -0.34190102906510750     
  0.59534702012809171       0.73015927461714647      -0.33530487517357160     
  0.60071207282676575       0.73521651796036558      -0.31400904012210623     
  0.62006508547950223       0.72426464408809088      -0.30159578096062467     
  0.61418959230913350       0.72615365476365057      -0.30898545980763231     
  0.63182613875926075       0.71767271743503980      -0.29281666795107536     
  0.65104635608923234       0.70735423099352468      -0.27529735581456816     
  0.65719588878567914       0.70909982442725517      -0.25548190299987505     
  0.66621871928574228       0.70308816714612599      -0.24863557125312316     
  0.67252082249733036       0.70101200561725274      -0.23727180887748295     
  0.67663385024188805       0.69922579953837782      -0.23075942877107908     
  0.68365762319332535       0.69952824598630081      -0.20802040120378268     
  0.69694651371992844       0.68485125748235720      -0.21270710410908356     
  0.70716631104057104       0.68118210340427798      -0.18949076634758405     
  0.70725700512120271       0.68394000047850989      -0.17892345975987739     
  0.70963739191826436       0.68202523009594118      -0.17679467611900304     
  0.70681187796406464       0.68533587118409622      -0.17530462868175525     
  0.70968292693153656       0.68648912017037289      -0.15837560137090317     
  0.72259449930627884       0.67283502758933733      -0.15858819382653103     
  0.72915007653863650       0.66675361390660182      -0.15420695258705469     
  0.73164068037649610       0.66694505011727667      -0.14101849149058787     
  0.74434779555415143       0.65549249419363509      -0.12757722880468295     
  0.75743383000585562       0.64148161298727724      -0.12163606932937997     
  0.75287977325461886       0.64630219448254655      -0.12436044560517674     
  0.75698452020190199       0.64359111172363603      -0.11298193256016248     
  0.76422950426086345       0.63728234867499189       -9.9118479026269690E-002
  0.76740941282722885       0.63308256242515792      -0.10143600079539689     
  0.77319884771626968       0.62764435656568796       -9.0697869663396546E-002
  0.77766922455247789       0.62338102458219602       -8.1404394075502887E-002
  0.78766681980825370       0.61286442496878102       -6.3072795885688246E-002
  0.78768507537508003       0.61289723917739514       -6.2523565478010995E-002
  0.79390793977999430       0.60505910944267560       -6.0113702553755977E-002
  0.80025684166060451       0.59789972926801871       -4.5879201351199050E-002
  0.80493418101984049       0.59282293584293999       -2.5336356574637516E-002
  0.82630537446579522       0.56301495436139015       -1.5283628312188687E-002
  0.83219869998387919       0.55418550380485443       -1.7993085274673158E-002
  0.82693315165487924       0.56224266203471185        8.0468429990779231E-003
  0.82728546894799027       0.56137958674094957        2.1253528132164908E-002
  0.82487573385736701       0.56437946866748867        3.2493676921421195E-002
  0.82992866004669330       0.55700521144183324        3.1042127178070582E-002
  0.83833501764962681       0.54352342492390926        4.2150738325498219E-002
  0.83868000153360289       0.54122698925957913        6.0738794230771880E-002
  0.84142600548634439       0.53564859627062367        7.1294169499372090E-002
  0.84144695222078314       0.53377673840889617        8.3960824983541738E-002
  0.83873762705364663       0.53650037661638594        9.3201603285010759E-002
  0.84010189765536447       0.53533708422252702        8.7424297606446780E-002
  0.83729789059007187       0.53541068077006815       0.11075940289993555     
  0.83024988232983066       0.54228252887291084       0.12889837768763635     
  0.83686774159071353       0.52932142245278979       0.13953929488647251     
  0.84718477285278004       0.50906510617857892       0.15208773230532599     
  0.84983482320684289       0.49828194286998301       0.17174364231234815     
  0.85571896891180566       0.47923045087008465       0.19514922803683843     
  0.85175757181189982       0.48352440950340619       0.20177508338612826     
  0.85561355048915766       0.47762711642003824       0.19949383418947403     
  0.85970456508728754       0.47397695524821210       0.19040458676647995     
  0.86553809075344668       0.46034585625801333       0.19729547911940457     
  0.86949956567926390       0.45164653150023720       0.19996478656847963     
  0.87120246193675621       0.43987384223130710       0.21798457109621949     
  0.87267611449086335       0.44198375711947724       0.20757349936752834     
  0.87513775194075438       0.43319177966164368       0.21558941801874429     
  0.88251554811483901       0.42448172678780760       0.20243905492470632     
  0.88288223107696229       0.41758438183765989       0.21480747215547577     
  0.88379804848607224       0.40875301275123588       0.22764442461654694     
  0.88267796771703921       0.40940094490841550       0.23080396793602731     
  0.88168903490425854       0.40215075327827104       0.24677766788612998     
  0.89208399559330687       0.36658888848350996       0.26419449586754368     
  0.89303290134701774       0.35945662269086820       0.27070865061058352     
  0.89530212893532846       0.35832739106989858       0.26464236005014186     
  0.89321183875119259       0.35787562034122228       0.27220883799042850     
  0.89081245753807548       0.34846845712680941       0.29158686507220388     
  0.88824021059776792       0.34206155137219929       0.30663206510421759     
  0.88651339770449922       0.33351978369138641       0.32071568339710960     
  0.88876495229212760       0.32343553012560200       0.32478657212012746     
  0.88625973329494767       0.32244795738000925       0.33252217959322306     
  0.88280830318068992       0.31846136096016581       0.34529966899872505     
  0.87565261773040359       0.32384052174635986       0.35827337263176190     
  0.87527098631952982       0.30952018879904475       0.37161532965291094     
  0.87503472963032680       0.29377326843831986       0.38472261265988422     
  0.87842036149018488       0.29382049414316785       0.37689147740552231     
  0.86916615966896438       0.29714589560111410       0.39529040415081651     
  0.86411089261665475       0.29695477359986783       0.40636218782940303     
  0.86351449876513653       0.28861018895016111       0.41357812956749429     
  0.86691571875393936       0.27485693792276522       0.41582544445122727     
  0.86471766388371474       0.26911331992349002       0.42407709535796395     
  0.86228134898457320       0.26677267598584936       0.43046859878589649     
  0.86430465709945270       0.25318466512557675       0.43459749776252382     
  0.86712986205599218       0.25273395913376506       0.42919849514103381     
  0.86663031476763996       0.24386877360676640       0.43529291148061738     
  0.86782811416437355       0.23274521631904421       0.43898066990074608     
  0.85663567424806619       0.22246600555079138       0.46549349939589479     
  0.85664147419422421       0.21571785617070358       0.46864825959290740     
  0.84797012066023403       0.21506404824174413       0.48445240181192301     
  0.84534079993291633       0.22001585342095173       0.48681819626245176     
  0.85106706921271125       0.21460544761854980       0.47919656254414855     
  0.84616312921964265       0.21569838248759676       0.48732142015455959     
  0.83601753968114334       0.20188507987812260       0.51021278685279192     
  0.83289954930971222       0.19971100219851987       0.51613356445840686     
  0.83430003834094446       0.19766714492185486       0.51465633761058549     
  0.82982648409317283       0.19544496546071805       0.52267511110978104     
  0.82840189379636786       0.20054438612914488       0.52300310854398913     
  0.82731560203224586       0.19073253469865314       0.52836539898203960     
  0.82710200875798734       0.18414048771141595       0.53103158841438447     
  0.82502052805738346       0.17042084781487826       0.53879296850828962     
  0.81710624471891780       0.15315450713708631       0.55577070972204368     
  0.82050206668624504       0.14326976355591836       0.55339871107026628     
  0.81401642605023383       0.14860152861672182       0.56151121432539319     
  0.80944282853063443       0.14392780334468080       0.56928647864208137     
  0.81134288890120376       0.13926397286147293       0.56773960800025858     
  0.81472701910568845       0.12360446725604535       0.56651727247587724     
  0.80229964317061409       0.11873514526396073       0.58499337419106867     
  0.79468947309296623        9.8742785922550272E-002  0.59893113425791888     
  0.78859971973303833       0.10785667563869608       0.60537378499332384     
  0.78258879724139729        9.6759010798318099E-002  0.61497355086344407     
  0.78181083835507303       0.10627941324202213       0.61439116151802609     
  0.77526150114438652       0.11266996918362163       0.62151032403936324     
  0.77900252250498614       0.10786771140799589       0.61767275054552051     
  0.77224558753143058        9.4803444259636133E-002  0.62821099918319301     
  0.77514539690900752        7.8329235889624940E-002  0.62690840196612807     
  0.77063537345402289        8.4339349804633895E-002  0.63167079658308556     
  0.76656354804367777        7.2170268273003726E-002  0.63810013257175369     
  0.77308860800493762        6.1672072431046616E-002  0.63129276857496774     
  0.77244642235298533        5.8722861641385869E-002  0.63235919390384421     
  0.76766358123231593        4.7885102330131477E-002  0.63906153305015001     
  0.76725001166315732        3.1319760958361725E-002  0.64058293153688994     
  0.76306165788700830        1.9105557709260340E-002  0.64604325236577520     
  0.75916477804112437        1.7775057628020799E-002  0.65065573624466788     
  0.75279383675077793        1.7954252351919310E-002  0.65801146203734684     
  0.75130874786515567        4.7900114554515309E-003  0.65993349753709940     
  0.74717347257372002        4.0916334912181850E-003  0.66461647618570419     
  0.74929449003130122        9.6594541747175664E-003  0.66216649126468086     
  0.74575807693389617        1.6234052372243735E-004  0.66621682981849961     
  0.75578191812487439       -1.0792484205048539E-002  0.65473446107576261     
  0.75820078610500774       -2.6868319587105262E-002  0.65146731410893766     
  0.76067069887414507       -2.4228829198485707E-002  0.64868563396300793     
  0.75789614844495090       -1.0506658955858346E-002  0.65229060877027334     
  0.75289593389923593       -1.0983940536267240E-002  0.65804792057136174     
  0.74768972164526071       -2.6693274777594825E-002  0.66351152908422018     
  0.74071723995933947       -3.4715286434503743E-002  0.67091938361832149     
  0.73904454346379411       -2.9228164206124951E-002  0.67302219665738539     
  0.72858319830943896       -2.0936143453838849E-002  0.68463727698575472     
  0.72970489992236187       -2.8171035203274294E-002  0.68318163895473039     
  0.72840574974622896       -3.3620957332970824E-002  0.68432060831502739     
  0.73301188823658281       -4.1634219462068606E-002  0.67894047122971168     
  0.73682566198899457       -3.9950506845436294E-002  0.67490140082627814     
  0.73937534841133323       -4.1206086527281527E-002  0.67203136280587794     
  0.73276488070881096       -4.0493083367432230E-002  0.67927604094300298     
  0.73018190010886530       -5.0264497190539020E-002  0.68140140378163971     
  0.72151337712555008       -5.2500824317987846E-002  0.69040720598413174     
  0.72252098002801568       -6.1780449114410316E-002  0.68858304475682341     
  0.71881931863691373       -7.6992530927201486E-002  0.69092035527677642     
  0.72084866184621788       -8.2870377801213313E-002  0.68812041620460673     
  0.72000375986165055       -8.6223734414176356E-002  0.68859280667805400     
  0.71704744512962082       -9.4852771924338511E-002  0.69054030518960485     
  0.72137859392744108      -0.10083366889963161       0.68516092667307549     
  0.72288512116664905       -9.8563403820925766E-002  0.68390230078799441     
  0.72412841390304206      -0.11412730030626379       0.68015659924981131     
  0.72763322158777743      -0.10988697467554318       0.67710763371745342     
  0.72763322168891087      -0.10988697450726877       0.67710763363623883     
