  0.15628196873514796       0.78063505579953196      -0.60513209789692024     
  0.15940115436097335       0.78430626809409643      -0.59954561946252283     
  0.16161103303836602       0.77715519400986377      -0.60820364880832745     
  0.13753022970655635       0.78238486410943353      -0.60742025018048684     
  0.13338226002089304       0.79228811578881753      -0.59538954835596836     
  0.12099941777486069       0.79553424484578616      -0.59370397183764023     
  0.10052196991598658       0.80151116082639873      -0.58947026441961270     
   9.3340502255593427E-002  0.80133429044408078      -0.59088992680291574     
   9.5912902310902368E-002  0.80663472268172720      -0.58321620290804010     
   9.2145176386818517E-002  0.80502998743537335      -0.58603411658234084     
   9.5592241130523184E-002  0.80430137635140231      -0.58648224136361027     
  0.10260854301896699       0.80765649786659677      -0.58065692827468174     
  0.10756428724655870       0.81384574882406946      -0.57103854618592009     
  0.10209810208230921       0.81514707258802999      -0.57018525726500080     
   8.2912802735257612E-002  0.82222066664539495      -0.56309736501229213     
   8.4833027103865435E-002  0.81669901901854425      -0.57079424475597362     
   8.7664430691690456E-002  0.81397384512853366      -0.57424866307042599     
  0.10353873874727998       0.80805104556512242      -0.57994244312667331     
  0.10635821517204598       0.80367449122271017      -0.58548718365420660     
  0.10309010922315073       0.80585931564507973      -0.58306362668957745     
  0.10620975440789927       0.80151498239898467      -0.58846683938737721     
  0.11989327280725294       0.79543025062305461      -0.59406760518421620     
  0.12361339903390058       0.79963084174285159      -0.58763104454487802     
  0.10835068110286265       0.80068607082607435      -0.58920450260469681     
  0.12002360355051411       0.80669684183258750      -0.57864889178851642     
  0.12016290519979297       0.80146042398548500      -0.58585157249848840     
  0.13424192976268326       0.79531697465077855      -0.59114297266052651     
  0.12589077997219608       0.79677826445986788      -0.59101261306533237     
  0.11894497201059594       0.79398133916324776      -0.59619269258682983     
  0.12502212868755933       0.79658472232535738      -0.59145773094640042     
  0.12215652638128925       0.80021327974050094      -0.58714264875701849     
  0.12383592309581117       0.79719425880439876      -0.59088575704641366     
  0.13292228578548859       0.80285163408129667      -0.58117202237767118     
  0.15170888580067585       0.79816769569657930      -0.58302036286525249     
  0.16311658191877484       0.79953656604590440      -0.57804347609730744     
  0.16052765841196184       0.80387626827306469      -0.57272490446299373     
  0.16589471231695560       0.80100497065988430      -0.57521298786052455     
  0.17414784961866003       0.80066088469887919      -0.57324922519477006     
  0.16553860687513017       0.80689347018745849      -0.56702724573223284     
  0.16003963917871855       0.81360782650886365      -0.55895403973409874     
  0.16558639955136387       0.80896723570966611      -0.56405066778781277     
  0.16340396331439530       0.81230562778968696      -0.55987383564009296     
  0.17868976614054730       0.80539796007168740      -0.56515846750181686     
  0.18276516476713728       0.81169957691085148      -0.55474380698696057     
  0.18956452145774400       0.81371459154404058      -0.54948508233874005     
  0.20351138520385176       0.81777955726033114      -0.53834906131571014     
  0.20942939585699000       0.81606179263408296      -0.53868588133885920     
  0.21705224295295547       0.81852539233542765      -0.53188768168780265     
  0.21650382282526928       0.82396576868751403      -0.52364731139693499     
  0.23605171134376363       0.82667835290359881      -0.51076657135356196     
  0.24805880744597186       0.82347725004767258      -0.51024704477576888     
  0.24166241532901178       0.82937883024652848      -0.50371622264549787     
  0.25343799774501297       0.82886617949508690      -0.49874847146454210     
  0.26452990147092492       0.83045922998280008      -0.49026666066963798     
  0.26082735718208572       0.83228897786206735      -0.48914634525336526     
  0.27222610737174496       0.83191723267522244      -0.48353558756644588     
  0.26841376213252677       0.84161296855416956      -0.46865943227390855     
  0.27489982543639946       0.84325842752119828      -0.46189318071336916     
  0.27855678427394204       0.84972880702540621      -0.44762380683576353     
  0.26789280543406147       0.85211255962949206      -0.44959718695554957     
  0.27935376126047529       0.85301842841643027      -0.44081859857722511     
  0.28613407690642506       0.84902849356801380      -0.44415977659231959     
  0.29773567607439788       0.84629313344732915      -0.44174811767841426     
  0.30823878678718486       0.84453717731145572      -0.43788789256927779     
  0.32463572279153152       0.83786510517382617      -0.43885500227258778     
  0.32159339950551030       0.84948007211192533      -0.41828374637225318     
  0.33446188103129260       0.84789210197043396      -0.41135657713614848     
  0.32709714607204465       0.86003363258673005      -0.39159878428207201     
  0.33147241919618486       0.86564565224991119      -0.37521146045004361     
  0.34091634670046689       0.86623467766583029      -0.36525816590677596     
  0.35508096206036444       0.86885603589895055      -0.34497347617498048     
  0.37075870694204266       0.86685745752659260      -0.33331086024490053     
  0.37333903130689439       0.86581258412059292      -0.33314641958341806     
  0.37875446014345859       0.86513984042658154      -0.32875236185935802     
  0.38640267316828680       0.86174147430118753      -0.32877744088914973     
  0.37103457230755216       0.86977980448310488      -0.32529438646537240     
  0.39038797058909641       0.86437530660130590      -0.31694252121989658     
  0.40081196383341894       0.86190216302873512      -0.31060333387519495     
  0.41090095790074438       0.85773164949921044      -0.30896087170322090     
  0.40764782610410732       0.86082348929762442      -0.30464105131458868     
  0.41163377675922452       0.86701780400508166      -0.28078062855037145     
  0.42128735995012623       0.86472759332502336      -0.27342850928271140     
  0.44258256966404314       0.85346710434842066      -0.27516280785145070     
  0.44419559326953512       0.85409079010088640      -0.27059046026194122     
  0.45518273912457019       0.85260079314692794      -0.25667208949997622     
  0.46489398991477876       0.85169608256292273      -0.24184160330284074     
  0.47622691633402636       0.84892973835052710      -0.22918600197893826     
  0.47379746802836442       0.85181866992568422      -0.22342988353384891     
  0.48323835484963096       0.84659126707406074      -0.22307827979469308     
  0.50631907608038063       0.83234933824900115      -0.22546745289189674     
  0.51873042376896072       0.82304595274359915      -0.23133116333268997     
  0.51596593439332283       0.82561541125686855      -0.22833822991513542     
  0.52604462543466013       0.82158014896865383      -0.21973418230205471     
  0.53584848403938534       0.81156760788435534      -0.23286137504008203     
  0.55457800016597558       0.80232162447719069      -0.22073344247800158     
  0.56202923517908432       0.79952819733863489      -0.21184381148489212     
  0.56618791970970173       0.79763734567037947      -0.20786030012176857     
  0.57051263414353681       0.79595007570870435      -0.20243223869213850     
  0.57223498202084966       0.79439594626464660      -0.20367180931561010     
  0.58276937448262245       0.78514525901235932      -0.20958716185765897     
  0.58294581301055903       0.78623995437493399      -0.20494124337956027     
  0.58984262420619815       0.78226584101850549      -0.20036424991788107     
  0.62151072080271341       0.75946913105290237      -0.19217456362651045     
  0.63454758763706087       0.75451555724877684      -0.16749815788107211     
  0.64353189067031735       0.74650672493201509      -0.16909883299882050     
  0.65311761180363093       0.74091446956043427      -0.15647087252233646     
  0.66676402252014566       0.73013153564760058      -0.14944456807000495     
  0.66408206062304498       0.73387716295026784      -0.14289620869258532     
  0.67815879815452662       0.72220325569854715      -0.13609960302670401     
  0.68436794656557320       0.71905601792744522      -0.12082614284974119     
  0.69027620683846225       0.71557352347534642      -0.10711344814626268     
  0.69385174362595536       0.71401665941826897       -9.3541263303406480E-002
  0.69052737130348585       0.71642324860726125       -9.9547367296758546E-002
  0.70195094223319676       0.70775059043192523       -7.9711833758784822E-002
  0.69990112699122420       0.71033559692924741       -7.4577155829271810E-002
  0.70970686689089135       0.69996601992598229       -7.9773015718935872E-002
  0.71006200622928051       0.70171818685506837       -5.8339810991163872E-002
  0.71632321706739366       0.69631037053534761       -4.5087876143663927E-002
  0.72476312837903489       0.68814800279124999       -3.4215990364860699E-002
  0.73451567804740814       0.67743932145104813       -3.9530803868621442E-002
  0.74607051122937851       0.66540826543036002       -2.4710980775613258E-002
  0.75986096448602813       0.64902886965206830       -3.7051869163647562E-002
  0.75427988388818612       0.65519137220471468       -4.2262543110027001E-002
  0.76622147868559420       0.64158784345180964       -3.5632635823323835E-002
  0.78259015239337737       0.62252954528359816       -3.1013909631390640E-003
  0.77724794759540217       0.62901472771364908        1.5036631207084952E-002
  0.78082306854824446       0.62456854980477117        1.5148010353459727E-002
  0.78817703357234137       0.61520417662881333        1.7343148721241944E-002
  0.79437598950958466       0.60673207430276888        2.9034071414917186E-002
  0.79957016468919984       0.59902854022562124        4.3039048944489351E-002
  0.81279300263826160       0.58085682256539395        4.4417187456126390E-002
  0.81776238935219758       0.57388577235521787        4.3815463585808345E-002
  0.81968429760688688       0.57035265410501423        5.3061306166269792E-002
  0.82813931975854793       0.55748119071821856        5.8309425183638519E-002
  0.83487403742359101       0.54670959244612405        6.3984085235507360E-002
  0.83599271464423053       0.54507419107273958        6.3326987044763861E-002
  0.83833449505616042       0.54094419256632265        6.7636195396409624E-002
  0.84294647563880454       0.53316838233083086        7.1921591270237450E-002
  0.84752974588671304       0.52573591278265563        7.2767299302581620E-002
  0.85178637397106161       0.51558467242152450        9.2910810357135359E-002
  0.85074691461520779       0.51574350263950819       0.10118461719962893     
  0.85869764265713333       0.50242353414146801       0.10103935290706688     
  0.86527689734931834       0.48933722754623110       0.10883459308007172     
  0.87053869938135298       0.48007621448256721       0.10811660911955749     
  0.86940027394443142       0.47734680470284058       0.12760561000730161     
  0.87255512817732805       0.46724124111603837       0.14259442798296948     
  0.87065088874092245       0.46162872400313054       0.16989982669173931     
  0.86284233925066633       0.46574653890187928       0.19642621794800832     
  0.86020785668100475       0.46055926530938429       0.21892374572428608     
  0.85967883521825639       0.45731053965289964       0.22763868432266818     
  0.86040201619166135       0.44946031785067225       0.24019532304126301     
  0.85837209701029760       0.45209235261285258       0.24250741799606876     
  0.86214124242317913       0.44341696621096949       0.24514051519338192     
  0.86351543410273912       0.43513337706799465       0.25495105261159412     
  0.86221431724719488       0.43301067682421213       0.26284639029324891     
  0.85970971333315949       0.43633278806852788       0.26554266485249045     
  0.86076583599200995       0.42918157860352374       0.27365187405965863     
  0.86770491261723304       0.41059086978956721       0.28018444329649672     
  0.87527927948751028       0.39436416756395987       0.27993407481300342     
  0.87826731140940262       0.38591737978179874       0.28233721981355886     
  0.87958510501874243       0.37932311070469932       0.28713066836281698     
  0.88395270408300120       0.35233872842037850       0.30738418534378298     
  0.88274017430169838       0.33826932210023120       0.32610374177500362     
  0.87854126659537890       0.34351489073835767       0.33190776238286634     
  0.87707632394497448       0.34649403265652129       0.33268454624251959     
  0.86322497654166597       0.36106000101467672       0.35281484597721241     
  0.86936912092682672       0.34398028028313593       0.35478852624521506     
  0.86403853270993547       0.34424919066786830       0.36732806687888719     
  0.85970094488399340       0.34458527024768992       0.37706137019574992     
  0.86456413747460581       0.32542630914168763       0.38291848938280520     
  0.86680478512954839       0.31138318466911546       0.38947397446021542     
  0.87300100859313301       0.30512256779372793       0.38048581789382707     
  0.87796388567634476       0.29179024527365655       0.37952321168965836     
  0.87905564584244333       0.28130292262713769       0.38487639214942143     
  0.88140763606753514       0.27550095648753525       0.38369232733571013     
  0.87108122290581469       0.28548036110707947       0.39964792821067074     
  0.87259796604407025       0.26623688391696049       0.40950056324495826     
  0.87265176927242905       0.26453856934860320       0.41048536504081745     
  0.86906504885541469       0.24935503934297037       0.42725636942262235     
  0.87613564449059345       0.24376425896764947       0.41589099353436931     
  0.87628686708181913       0.23535483693181850       0.42039199244601133     
  0.88016257096021355       0.23017437940429705       0.41513082726600048     
  0.88470522108059446       0.20684805523099836       0.41774460360355298     
  0.88678909229977310       0.18562207178081816       0.42326061976746687     
  0.88606751386506100       0.17441051892195691       0.42949427442326088     
  0.88116276021185813       0.17761630219345917       0.43818333972315793     
  0.88086192704963451       0.17190140098897447       0.44105801637928760     
  0.88087449296351061       0.17061015027784596       0.44153403523222157     
  0.88080697074989589       0.16441854601391601       0.44401083545907027     
  0.87515697758653888       0.15326169440083715       0.45892386907958721     
  0.87709718843292683       0.14612961338501798       0.45754415976493357     
  0.87653188855043984       0.13866263504918114       0.46093873995946227     
  0.87858611385982011       0.12280168279697858       0.46152593343703802     
  0.87615318731092628       0.11038980916689420       0.46922242316091567     
  0.86858088955193691       0.11254508732535554       0.48259801245352540     
  0.88012857727324290        8.5520060771463527E-002  0.46696895686182655     
  0.88249830849512678        9.5162815627195058E-002  0.46058742278219428     
  0.88050377483362263       0.10145801718112959       0.46305439556645350     
  0.87931366438156022        9.5608478852356946E-002  0.46654742353099632     
  0.88139563521214437        7.9854577930501644E-002  0.46558026226690680     
  0.87430552033523601        7.3369110108829239E-002  0.47979873988284921     
  0.87150939337801347        7.0068616468627151E-002  0.48534705751663809     
  0.87461683276868940        5.7121587232815803E-002  0.48143797119636234     
  0.87856546847379202        4.0950318738161406E-002  0.47586320408355676     
  0.87386593805146484        4.0916928895127699E-002  0.48444207831610164     
  0.87840755029350814        2.9822870512379220E-002  0.47698089267994781     
  0.86934730163388629        1.5988552297137429E-002  0.49394294745175005     
  0.86987854207566395        1.7200213400531222E-002  0.49296599750418285     
  0.87663366053659686        1.0275495117382258E-002  0.48104868715577964     
  0.87611217657349560       -1.0734651833714422E-003  0.48210611044888407     
  0.87055395941024993        5.2003255892712191E-003  0.49204548607715343     
  0.86936939914431555       -6.3021571358165950E-003  0.49412258665931108     
  0.86735617600983084        6.8463112964984758E-003  0.49764082625849254     
  0.86788247082343273       -1.5223073350250950E-002  0.49653627750164231     
  0.85384229894085029        1.4616108801602037E-003  0.52052972271815467     
  0.85043800244380663       -1.3925738756584918E-002  0.52589093717183466     
  0.85204971068498425       -2.7366893202968048E-002  0.52274500827655102     
  0.84759950909567638       -4.5472595793379908E-002  0.52868451387626270     
  0.83920468595898379       -7.7532947163271665E-002  0.53826028756416788     
  0.83537413762561930       -8.1515995994846865E-002  0.54360389309056734     
  0.83549027723354374       -9.4077351283664942E-002  0.54139213941806164     
  0.83132823809785183      -0.10747171699743858       0.54529183983142793     
  0.82781641225569691      -0.10197289138103133       0.55165343923834809     
  0.82885256551066200      -0.10696293476519582       0.54914693410125670     
  0.82601218478951732      -0.10793446851369998       0.55322149369480678     
  0.81986936099964480      -0.12884715508526251       0.55786435763585740     
  0.82076996588256346      -0.13373681721976013       0.55538376535965117     
  0.82517306700367243      -0.13118043925040279       0.54943707724344848     
  0.81460057225731342      -0.11994887551692060       0.56748407461380146     
  0.82315895541977713      -0.12634126858705139       0.55357674984055638     
  0.82001267977822678      -0.12651310051415218       0.55818781821285457     
  0.82341412048134754      -0.13997213569559813       0.54990634422667073     
  0.81490932476745126      -0.15177207421938341       0.55936395119296223     
  0.81400784956983607      -0.15673289396722170       0.55930852021701760     
  0.81217895418964248      -0.16348859787597583       0.56003287826337977     
  0.81135591374017235      -0.16121450735643730       0.56188207290913872     
  0.81124524752356963      -0.17119066269283986       0.55908398776678236     
  0.81119536023981664      -0.17037738445410999       0.55940471430974770     
  0.80661024234228518      -0.17327629278594353       0.56511524780957723     
  0.79656421600350857      -0.18896332371552962       0.57426327766373408     
  0.80007063228416786      -0.18922785223418484       0.56928007456369678     
  0.80057719139363070      -0.18877799134813614       0.56871700396844904     
  0.79468948421977359      -0.17744156348172130       0.58050246788422211     
  0.79530895391879064      -0.17948259294241231       0.57902475477933357     
  0.79523701293900817      -0.18068681880525592       0.57874896696398548     
  0.79382654068004310      -0.18514248176844181       0.57927686364689024     
  0.80055449031649561      -0.17123426550476883       0.57427461579904238     
  0.79537394340364387      -0.16189820766117732       0.58409696156600188     
  0.79311410262796267      -0.17115908757578557       0.58452937219002599     
  0.79290545921737821      -0.17599137298267309       0.58337635311945291     
  0.79234179466264210      -0.17535493893146986       0.58433306069683699     
