   1.8345149916141883E-002  0.94393112442394456      -0.32963235250548722     
   2.2421042968397902E-002  0.94583509896062534      -0.32387229336013523     
   1.1608048814115236E-002  0.94227480383990070      -0.33463927930116877     
   6.9513180965667509E-003  0.93912767885209791      -0.34349800871415737     
   1.9832642430697840E-002  0.93838396884049546      -0.34502491695148035     
   2.6832948771463971E-002  0.94185039496460998      -0.33495943988076587     
   2.0382554763353228E-002  0.94306048113929120      -0.33199620536181956     
   4.5487809647442789E-003  0.94393652075543022      -0.33009567306444360     
   1.0978325537133776E-002  0.94238936117487393      -0.33433780568881782     
   1.9058751659595925E-002  0.94392416289707448      -0.32961179997723822     
   2.0297033084323367E-002  0.94212723747063531      -0.33464055173263585     
   2.3620209068469379E-002  0.94462037137581023      -0.32731397725332223     
   3.7363545308534293E-002  0.93932155476396051      -0.34099704139155373     
   3.1431961900904713E-002  0.93352144350828759      -0.35714107336074241     
   3.3567434693164068E-002  0.93325776615639788      -0.35763552569185619     
   3.4111086013695523E-002  0.93434735392365864      -0.35472729811338694     
   3.6346388253057506E-002  0.93575436513083121      -0.35077444063037483     
   3.1611108346567225E-002  0.93775171610779573      -0.34586479549960830     
   4.2541782563393783E-002  0.93867913066071407      -0.34215740003450884     
   4.6545710595691833E-002  0.94212023128409528      -0.33202856297364630     
   5.5235136024155307E-002  0.94252151456660527      -0.32954859175463846     
   5.0498791714123387E-002  0.94297279094650699      -0.32901700194666006     
   4.0598058489805806E-002  0.94347659134769180      -0.32894333740904175     
   4.0977791707102133E-002  0.94746131322773142      -0.31723474041093341     
   3.5444817736510023E-002  0.95207961136639152      -0.30378952996449143     
   4.1828791123502115E-002  0.95302458944893342      -0.29999080675720324     
   4.9404782537268946E-002  0.95346521931374428      -0.29742771058097150     
   5.9819719438770354E-002  0.95382027417522286      -0.29436114848697159     
   7.3579545265059276E-002  0.94843920762155187      -0.30830037295596890     
   7.5964017463328898E-002  0.95284480566885843      -0.29379626335388903     
   7.1440411058548633E-002  0.95172251014146569      -0.29853062046934870     
   8.2445916421625923E-002  0.96106618207366035      -0.26373180418704939     
   8.1633418984087380E-002  0.96021316229035281      -0.26707052976569540     
   9.4242610387302000E-002  0.95750691730336313      -0.27257812403712678     
  0.10578605851772334       0.95357435380233813      -0.28196677391802621     
  0.10946958266854319       0.95730464031598050      -0.26755230535330138     
  0.11839652520935404       0.95953721613906029      -0.25548110235877175     
  0.12510645893747382       0.95986766089231146      -0.25100288346002891     
  0.13585817259452940       0.96137700703052942      -0.23936751511492979     
  0.16241214544735527       0.95772704080499715      -0.23744727903703275     
  0.15450594757799133       0.95816958190987056      -0.24091277356273733     
  0.15978565895229743       0.95877419345628101      -0.23499061503693716     
  0.15249030467511426       0.96057827644117966      -0.23245662350078011     
  0.15449827254976850       0.96025091594407253      -0.23248325145633003     
  0.14325822474454178       0.96304882303379646      -0.22806587972833969     
  0.15925740618200943       0.95989419847837798      -0.23073839364902266     
  0.16480649108086712       0.96005716920148010      -0.22611734202058278     
  0.16203249753732799       0.96118749532990577      -0.22330263895269734     
  0.14974924111511070       0.96386848757318144      -0.22030139229890700     
  0.14905409533705560       0.96429033345200987      -0.21892242798366704     
  0.14883533516985040       0.96358440747299234      -0.22215564966887780     
  0.14437677470753302       0.96651335785175563      -0.21214918340445130     
  0.15982664302887772       0.96343565067907388      -0.21505160120006159     
  0.17493765652644663       0.96393846276195039      -0.20054789038323068     
  0.18487912291187392       0.96229683558897372      -0.19951067672379003     
  0.18946840707102999       0.96457431659160020      -0.18357045103669259     
  0.19544935068762870       0.96293785902491336      -0.18587692425984695     
  0.19373555294887487       0.96298397100342525      -0.18742573759777109     
  0.19563754613822248       0.96622269871842192      -0.16774876161183677     
  0.19245996040968311       0.96557112822251212      -0.17501874180272350     
  0.20727027585117963       0.96417489838515413      -0.16554696636469693     
  0.21932355889022281       0.96118776866012445      -0.16737756687769778     
  0.22954228444982056       0.95899067780555758      -0.16627453061607364     
  0.24804932651463704       0.95561984272005718      -0.15894101992666348     
  0.25355213069354332       0.95588506643611071      -0.14830730523206320     
  0.24055448862510218       0.95838399437953459      -0.15373242117212366     
  0.24578314740972332       0.95890035110453908      -0.14177715295830165     
  0.23699790432999435       0.96246030161361817      -0.13229573372189257     
  0.25182042314798236       0.95793022758862112      -0.13768134789282332     
  0.26099392286271045       0.95665807592331598      -0.12918009908431383     
  0.27373699693197207       0.95358282653020010      -0.12549043572057886     
  0.27499027060364711       0.95393654966662766      -0.11993919410877818     
  0.29748797694170737       0.94899846567200963      -0.10441654910645899     
  0.29980416790763492       0.94742681758172365      -0.11180289008866835     
  0.30272955603970181       0.94761229262993574      -0.10191054291211873     
  0.30264941324806827       0.94836331549723474       -9.4922887017265714E-002
  0.30846042913268468       0.94770935931579747       -8.1848237149744776E-002
  0.32596028920980835       0.94183580567551239       -8.1824232387580798E-002
  0.31976083171145031       0.94432246166609257       -7.7511927444059880E-002
  0.33865138975455034       0.93812084897120729       -7.2418981923613887E-002
  0.33844691085111261       0.93744351886756194       -8.1567992917210189E-002
  0.33484730154124653       0.93955654057836091       -7.1489801419277368E-002
  0.34575436839997248       0.93662474994176159       -5.6462328404600567E-002
  0.35651042675060041       0.93286946686897321       -5.1525463624331566E-002
  0.37045447647242696       0.92756729359720402       -4.8809801375322807E-002
  0.37490654156260250       0.92540899295045542       -5.5346913735034170E-002
  0.38956407958954936       0.92016499628267423       -3.9194483153292173E-002
  0.39628774382328974       0.91776634689603565       -2.5709076229092721E-002
  0.41131761364837155       0.91103912958826205       -2.8731951929358752E-002
  0.42781813388602130       0.90296834565582451       -4.0246876423718270E-002
  0.43760407135018131       0.89820592432126356       -4.1578771650094742E-002
  0.42833849161567972       0.90295896988324753       -3.4514276868985456E-002
  0.43053167799044062       0.90113154736989476       -5.1033406524300273E-002
  0.44710161488209438       0.89362702322383547       -3.9126580912854245E-002
  0.43691484333322389       0.89878441570162260       -3.5944314807731900E-002
  0.45791295609142790       0.88818917925025043       -3.7890717944850785E-002
  0.47753729963708119       0.87790372484869728       -3.5258720227874837E-002
  0.49628695120563016       0.86771301082013452       -2.7809942762935313E-002
  0.50374450206012322       0.86343858103050442       -2.6744970222977497E-002
  0.50614612692689120       0.86211012414578847       -2.4129484914531815E-002
  0.52275184688548182       0.85186886558495578       -3.2402815075516969E-002
  0.53791540027604412       0.84282025103973834       -1.7350694025770424E-002
  0.54451538970218594       0.83872268538381034       -6.8736744210420265E-003
  0.55786829731878662       0.82980868655689444       -1.4160033946275139E-002
  0.57027505111925358       0.82136559646026208       -1.2038397834031352E-002
  0.57565819814236818       0.81752327883563070       -1.6532618465372975E-002
  0.59271210429028087       0.80528436992471231       -1.4472214161849413E-002
  0.58966680678428263       0.80760628485732466       -8.0712846423094085E-003
  0.59599654177745021       0.80288349393175928       -1.2892531219673807E-002
  0.61140324726940298       0.79124434443815705       -1.0883777977344864E-002
  0.61924596923512309       0.78519406674077652       -2.1695946935318530E-003
  0.62735739441226146       0.77872830098312462        2.2210187286980862E-003
  0.63319991763057970       0.77396889484884690        5.4785143133547739E-003
  0.64519476669851095       0.76372307002286888        2.1231706000656325E-002
  0.66337194178514158       0.74802529292611875        1.9895426484616362E-002
  0.66853243063698098       0.74331819012120104        2.3290715350789356E-002
  0.67097188980829137       0.74131608157407769        1.5722286307815508E-002
  0.67829222996884531       0.73459601219491688        1.6980860732485319E-002
  0.68610514569861691       0.72736227531154551        1.4277587313370347E-002
  0.69543874451618537       0.71800695088443234        2.8826569469713646E-002
  0.69998548327651711       0.71374773781177714        2.4176227387868423E-002
  0.70350107587678035       0.71026674942235879        2.4645099009915867E-002
  0.71390523085733026       0.69986804480192166        2.2891946611777420E-002
  0.71989541611170405       0.69276229333425421        4.2790124977856725E-002
  0.72343750232831838       0.68857843682712161        4.9979161274297731E-002
  0.72252502086122528       0.68853962255869650        6.2215612158154243E-002
  0.72738799220509132       0.68232134500822939        7.3104657457693317E-002
  0.73742074593943319       0.67253076178821980        6.2554119821852106E-002
  0.74394555320109823       0.66366466448253569        7.8065530098726438E-002
  0.76061981195968031       0.64563339261692443        6.7933967883373997E-002
  0.76495310293332663       0.64118306510852763        6.1082135937677050E-002
  0.76592547182647064       0.63936194359427179        6.7634877768453283E-002
  0.77554210222922271       0.62699325009198570        7.3579290625600507E-002
  0.78286298428249146       0.61665304497870155        8.2852700371241539E-002
  0.79106951279276883       0.60606582292424993        8.3025563611234851E-002
  0.79544245462772545       0.60035780073796707        8.2715249312871109E-002
  0.80264754876444899       0.58731644296094887       0.10400148215347606     
  0.80893066231847011       0.57750752221018364       0.11007381773906615     
  0.81830911047427124       0.56362164404635573       0.11269801274772820     
  0.82140000539744062       0.55472024074492343       0.13261781796190963     
  0.82172075641353071       0.55757383080571143       0.11784066225127333     
  0.82594433224471586       0.54719302373796430       0.13563095076469034     
  0.83502624223562671       0.53289784577151444       0.13693451263260026     
  0.83947886956567441       0.52264100559981519       0.14873334131374630     
  0.84936408342278225       0.50598202760675159       0.15020932571027978     
  0.85863089159136663       0.49186380801499863       0.14430171991351720     
  0.85597781251988803       0.49686655084877068       0.14291821130042093     
  0.86958469037316388       0.47133106380115813       0.14720562001729998     
  0.87202357054468638       0.47036042324724303       0.13541035653586458     
  0.87177896575032510       0.47104653766829274       0.13459789829713431     
  0.87361195127086255       0.46767284025962458       0.13447777913176542     
  0.87820029545181433       0.45507045059729057       0.14722474677011571     
  0.88668616754332230       0.44023719857765725       0.14134655735401513     
  0.89831431629339242       0.41821296575864619       0.13464510542048036     
  0.90496047909460942       0.40568793956124294       0.12831144520815774     
  0.91786976539192533       0.38410735173468363        9.9883112300018478E-002
  0.92870565825679396       0.35585255480582090       0.10428211524506242     
  0.93070763624052943       0.34749498103172771       0.11415136443041039     
  0.93493427394945872       0.33962777619191670       0.10271746216457954     
  0.94058924916015985       0.32499910075901806        9.8323185821840825E-002
  0.93575778463145287       0.33375500724585538       0.11386379424538065     
  0.94248144077592966       0.31385079960801865       0.11500612756863940     
  0.94395776244703777       0.30676067395480655       0.12182623539605110     
  0.94003071817940376       0.31557051866201291       0.12945074982595672     
  0.94763950391871310       0.28724499985787694       0.13953379758804782     
  0.95014741111450562       0.27742461566894910       0.14232174736609032     
  0.95485890782196592       0.26632662521005124       0.13158493400563459     
  0.95892723772069832       0.24648651174904168       0.14036720515541057     
  0.96224292897653663       0.23640506459895463       0.13491178994669009     
  0.96227568955180354       0.23606296680728653       0.13527665356498897     
  0.96548044827355217       0.22375458058266065       0.13334688473968034     
  0.97041003376560397       0.20673632795989944       0.12475759323061715     
  0.97451760397695730       0.18039875559346624       0.13331064668412301     
  0.97980232803009559       0.14746453857802466       0.13506149654425897     
  0.98265731795688260       0.13279906624909935       0.12941794106363996     
  0.98297422702495174       0.13039904463780214       0.12945175998126018     
  0.98574421722419947       0.12919313544103428       0.10778437717946254     
  0.98683761174566953       0.11494504377540951       0.11375045035327282     
  0.98970231039335788        9.6840418553726007E-002  0.10541000965937133     
  0.99086592569528409        7.8616569415309367E-002  0.10956346247447352     
  0.99023128048477360        6.0810362778595098E-002  0.12547553916289939     
  0.99126865087158422        5.0030808540766164E-002  0.12199745897348191     
  0.98984295964808544        3.1303380790475413E-002  0.13867593008956464     
  0.99070037571286684        1.7174717839547233E-002  0.13497331080445354     
  0.99223571268841271        1.0859785481093424E-002  0.12389655170755584     
  0.99205773799602459        5.3052718210110268E-003  0.12567139122774051     
  0.99010594382145456       -1.0367828580264159E-002  0.13993830119004350     
  0.99259069196994387       -2.1787965983440172E-002  0.11953661678720698     
  0.99124267997481730       -3.7141659377866287E-002  0.12672192602308585     
  0.98898063056633911       -3.6534214388161207E-002  0.14346624531103505     
  0.98794523667797429       -4.1316545833072017E-002  0.14918831175975164     
  0.98755924344725687       -4.4995539348834906E-002  0.15067230044234686     
  0.99014755120876208       -5.0373861969838937E-002  0.13065336147813039     
  0.98885531272565519       -6.8367948138640638E-002  0.13225352230303306     
  0.98804073674063297       -6.3670661858358332E-002  0.14043343390925736     
  0.98712990474074647       -6.1535272845106563E-002  0.14760745700134056     
  0.98655985949464575       -6.1583392237753214E-002  0.15135101398535752     
  0.98546037503629980       -6.1415024680300238E-002  0.15841730958715822     
  0.98196827914674456       -6.9772753466998627E-002  0.17569878093832694     
  0.98232711713126475       -7.8746709018332653E-002  0.16980103288072335     
  0.98183318764764627       -9.3903427112862162E-002  0.16488098134751866     
  0.98004144540099281       -9.7451152012351494E-002  0.17326868807663548     
  0.98026791484890008       -8.4800962976087677E-002  0.17855982693797026     
  0.98154449322643345       -9.5192661455695882E-002  0.16585766494752416     
  0.97767167281034661      -0.10129831564719538       0.18411070428212234     
  0.97659287115520022      -0.11101258083160118       0.18423509683540015     
  0.97305218446197272      -0.12681326800572146       0.19258203802923185     
  0.97281195219435612      -0.14841515008265072       0.17779158836612530     
  0.96630461417077096      -0.17741818778668772       0.18648908620818755     
  0.96483355954854422      -0.18499874073453457       0.18673957345865858     
  0.96252844075814548      -0.18970534727973110       0.19378049939343897     
  0.96610191204486240      -0.19921351884665514       0.16419826263391166     
  0.96152122211757451      -0.20483561412252443       0.18308279712898809     
  0.95914247142401132      -0.20373162511607709       0.19631389262658291     
  0.95880514770253855      -0.20593139555762874       0.19566540078102779     
  0.95774583546141434      -0.21791772627094297       0.18770929447744275     
  0.95429780798342811      -0.22943043055266119       0.19151337085029749     
  0.94938629493010984      -0.24580766223302658       0.19556138725835648     
  0.94460039738362500      -0.25662981747027014       0.20462459785635198     
  0.94853039772741887      -0.25678430287580234       0.18534267286206046     
  0.94567708025245401      -0.25880621558686329       0.19675925050375570     
  0.94284411802183665      -0.26706541440926335       0.19930136361308173     
  0.93242140187149203      -0.28088866070238011       0.22735850461512372     
  0.93484063535649176      -0.28411016345584950       0.21296572848080839     
  0.93464086320250828      -0.28140979047861947       0.21738212128611067     
  0.93173998816338111      -0.28063395464022656       0.23044560737902831     
  0.92963221459524958      -0.28095808904387076       0.23842503599149956     
  0.92464368658102070      -0.29563489181755487       0.24007095535670611     
  0.92476629114402575      -0.30086921322133514       0.23299146615122396     
  0.92094089067248053      -0.31848899599960995       0.22457211606639541     
  0.91538639597236338      -0.32631731106451506       0.23576420120186048     
  0.91024523006503932      -0.33568544242795850       0.24242298753581334     
  0.91562647348605020      -0.32337902643735073       0.23886013964646799     
  0.91242325608019492      -0.32003212599011716       0.25507496956436249     
  0.90655971964916060      -0.33592291135443425       0.25554896269951033     
  0.90682319885863505      -0.33953866564859558       0.24977025551767335     
  0.90847752668348303      -0.34003619177934680       0.24298965367122252     
  0.90928467492986931      -0.34450318475172242       0.23349290274781873     
  0.90707368892333384      -0.34845537270355431       0.23621214214566022     
  0.90664332072368692      -0.34548215793545028       0.24215690685047611     
  0.90245640647612635      -0.35335233107560154       0.24640325593148166     
  0.90225013419227473      -0.35150745449671245       0.24977430769249256     
  0.90264770826761176      -0.35006039140301937       0.25036940134527819     
  0.90387423128052202      -0.35279805220347027       0.24196055130637015     
  0.90173131224738823      -0.35653131989318304       0.24447097669831463     
  0.90564370053176857      -0.35269364151250782       0.23540748272680515     
  0.90671996213014583      -0.34719246665099135       0.23940823163689889     
  0.90270745029763355      -0.35461061099153546       0.24366077597626465     
  0.89957011538445086      -0.35823593993496078       0.24988120946986156     
  0.89915580919516624      -0.36279727566364733       0.24473856982834002     
  0.89915580926541216      -0.36279727562144221       0.24473856963323770     
