  0.14873190614671813       0.81720639642912962      -0.55682360378245466     
  0.14225507087043512       0.81370266883070530      -0.56360576784613825     
  0.14162518424117401       0.80912417691604743      -0.57031602951221905     
  0.13416676940219960       0.82200823259653732      -0.55344533924471151     
  0.14148299585730134       0.82201506201905594      -0.55161018817372276     
  0.14021470184026680       0.82343935854863681      -0.54980674803139207     
  0.12921324721692212       0.82075737430184437      -0.55647216396941279     
  0.13460653485416488       0.81763240283896421      -0.55978418573798205     
  0.13381561150468049       0.81893639452056410      -0.55806501758064597     
  0.13052190212184522       0.82415401174591341      -0.55112085606481209     
  0.12443912872129217       0.83115455029878871      -0.54193820382097313     
  0.12131321114421634       0.83044509017012302      -0.54373160383981045     
  0.10793317784724124       0.83256611525215640      -0.54330846933738119     
  0.10935147534466025       0.82820888878115417      -0.54964742461311600     
  0.11609197263922000       0.82801957596194675      -0.54854920992790834     
  0.11054667241550718       0.82395905136544889      -0.55576156298435042     
  0.11023640327516991       0.81980789123555686      -0.56192789293721956     
  0.10814263473206137       0.82851401380171885      -0.54942670074121158     
  0.11119682869120495       0.82818337210365112      -0.54931554452795528     
  0.10642281626938181       0.83487706464591571      -0.54005043385364704     
  0.11330272618167096       0.83590348433084061      -0.53705479899481501     
  0.11761541101130576       0.83385036100724108      -0.53931455621069169     
  0.11910569804463148       0.83085167677461891      -0.54359849511758673     
  0.13747511099527088       0.83644624321196204      -0.53052641411472978     
  0.13237205797641480       0.84172886940661318      -0.52342157834249936     
  0.13059943914252661       0.84382446675440959      -0.52048444338163735     
  0.12996934212921615       0.84633961981563965      -0.51654352966310291     
  0.11897204873598427       0.84057725614515721      -0.52846525720338633     
  0.11962998217417431       0.82953387338678075      -0.54549263997686670     
  0.11269297605221372       0.82843094355235802      -0.54863691537613890     
  0.10665169634789616       0.82652342730617301      -0.55270646801007606     
  0.10044937298979560       0.82386802342718024      -0.55780946876164317     
   9.5633369132962512E-002  0.82492542408282121      -0.55709272424799827     
  0.10059461092338638       0.82503491735938050      -0.55605585096370691     
  0.10629650319792412       0.82482880023871930      -0.55530037250541142     
  0.11971401919391096       0.82988640982162332      -0.54493770323020996     
  0.11441273937822365       0.83056944907683217      -0.54503588444081230     
  0.11655344157344359       0.82965369300360170      -0.54597623111530191     
  0.11936136535277020       0.82981179659622328      -0.54512865150427636     
  0.13788661220606427       0.83387608318686579      -0.53445108294704191     
  0.13736054070562173       0.82863880568978332      -0.54266915479145139     
  0.16662564986262626       0.82321103538976326      -0.54273334522615346     
  0.17640530449284489       0.82390017432429885      -0.53858116500224651     
  0.18482702612914634       0.82588284834380987      -0.53268798674624862     
  0.17787791189180363       0.83524807582076954      -0.52030769771233887     
  0.17948812815407278       0.84023206803585448      -0.51165817075068576     
  0.18288479727487766       0.83868587035289210      -0.51299041101772902     
  0.19347795067373413       0.83763993911088830      -0.51080878517249428     
  0.19665102525737926       0.84199590792910528      -0.50236566890648804     
  0.20589379169820221       0.83531015302575073      -0.50976925642121096     
  0.20933764030687524       0.83144999694034327      -0.51465391763655299     
  0.19124988658873845       0.83536283828118441      -0.51535658460778255     
  0.19316581965355420       0.83600470427015616      -0.51359818979016914     
  0.19596682652789812       0.84182145658279672      -0.50292508203250652     
  0.20173198972588480       0.84207928378143604      -0.50020664144669136     
  0.20231876144463407       0.84013725643348935      -0.50322610138974244     
  0.23431874499185626       0.83765534709090461      -0.49338448013233760     
  0.24632037161277692       0.83654908878655354      -0.48939952654138325     
  0.27430347712329900       0.83018774047648369      -0.48533073053395048     
  0.28220846015700435       0.83439168336731595      -0.47344366480423955     
  0.30110615398847101       0.83780058873103602      -0.45543963107331825     
  0.32492192379715201       0.83290081131295424      -0.44799774770659317     
  0.33197669192071139       0.82755118847079445      -0.45271459716023865     
  0.34015405370204699       0.82050603464529293      -0.45941818298879178     
  0.35877484898569439       0.81351219423533794      -0.45768823184095336     
  0.36637881665455946       0.81891187382328401      -0.44175774539677626     
  0.36958173017651114       0.81351453026257481      -0.44900273247653910     
  0.36204856720418516       0.81599339255235182      -0.45063912202149292     
  0.37545701438173801       0.82227247972473971      -0.42766809495083791     
  0.39037934887852782       0.81498021553486377      -0.42826535262138982     
  0.39849416190341053       0.81692780329094095      -0.41693089012345486     
  0.41660246505864007       0.80521554835317888      -0.42198377551435956     
  0.42137387469072490       0.80938720096083439      -0.40906774090474435     
  0.41778739523721631       0.81198835638451283      -0.40758876515046333     
  0.41844892415171064       0.81479570576502303      -0.40125858961915623     
  0.42862486470927597       0.81345080101920786      -0.39316474876845781     
  0.43864579177321605       0.80717773398499260      -0.39503667566252737     
  0.44721974264834907       0.80582418836848790      -0.38812611252763191     
  0.47142188006348729       0.79569321819382266      -0.38030739345661541     
  0.47347875263974593       0.79805363190877876      -0.37273082968265225     
  0.48729786953496729       0.79080015988607100      -0.37037264136386810     
  0.49290443014457702       0.78564914042380474      -0.37389925233301535     
  0.49654240575379627       0.78543511280184142      -0.36950957073693136     
  0.49709061469334476       0.78840618260200490      -0.36237634031311572     
  0.50327439802837171       0.79027760792240109      -0.34953709775305308     
  0.51735108170450084       0.78796663429593883      -0.33385092705504582     
  0.52191108960635080       0.79237040793897717      -0.31584482134195435     
  0.53340064387842245       0.78540457447885936      -0.31404363947987607     
  0.53769650973601169       0.77939042698537297      -0.32161005230133760     
  0.55972475914052311       0.76739850798163334      -0.31274226441695779     
  0.56730111580391884       0.76173098034869002      -0.31294625350793398     
  0.57952748101923057       0.75671528100565721      -0.30253905902549905     
  0.59032115347178704       0.74984247675432492      -0.29875942799964850     
  0.58602296115113717       0.75813095977279954      -0.28603240522295109     
  0.60360332566645725       0.74794116058683846      -0.27612867570103256     
  0.61290602973004071       0.74483370907108704      -0.26375925491244090     
  0.60427990514403085       0.75683602057038457      -0.24908840640685434     
  0.61172555447073484       0.75266319272157456      -0.24349530658646784     
  0.62346385047943720       0.74489921947159266      -0.23752469340253365     
  0.62838603867241760       0.74282932234784682      -0.23094498102757036     
  0.64510364822766886       0.72877498365255133      -0.22962644935977128     
  0.64352137802366538       0.72979341590925995      -0.23082852103242552     
  0.65075681724714984       0.72864232174002141      -0.21353203922519395     
  0.64897427802079544       0.73300166233792774      -0.20381596963246595     
  0.65143725470677416       0.72873724015726049      -0.21111972429898984     
  0.65969376528797019       0.72236527650637528      -0.20734643314523210     
  0.66361851185407261       0.72271456846197613      -0.19311686424910440     
  0.66759401231741711       0.71760752029746511      -0.19838770508893974     
  0.68245966222470056       0.70442105782198539      -0.19503790076060432     
  0.68820152554633984       0.70626965077561910      -0.16601759132385985     
  0.69735956455826531       0.69909560650665392      -0.15797142362528999     
  0.70889017685732658       0.69182866556357836      -0.13728734340683843     
  0.70910071724733670       0.69027928417232964      -0.14384256199696072     
  0.70733813105924048       0.69254057037981853      -0.14163448283386698     
  0.70989761137091689       0.69149141927180879      -0.13373480640179894     
  0.71567271645810149       0.68599797901418968      -0.13122246646794142     
  0.72811254924050928       0.67473635568867540      -0.12075995176569565     
  0.74589557394504380       0.65665734661943609      -0.11153888066462117     
  0.74775195120581384       0.65580828387029566      -0.10383888614096627     
  0.74762180314239790       0.65605931610162771      -0.10318824168660928     
  0.74423413157850093       0.66184650946443535       -8.9859642239096538E-002
  0.75087351154859938       0.65498026652839558       -8.4792806965375098E-002
  0.75777653928040523       0.64932186450857310       -6.4465748947192883E-002
  0.76931662041163229       0.63639094473545554       -5.6200560647905427E-002
  0.78199728539474933       0.61939892687823528       -6.9463767658639139E-002
  0.79665545298741525       0.59995042921675068       -7.3481778068125420E-002
  0.79539138051299130       0.60170916085575443       -7.2791740931941129E-002
  0.79504257185848148       0.60460044037453675       -4.8637603061497517E-002
  0.80936980246571377       0.58626876440565057       -3.4777273310068683E-002
  0.80667633684479612       0.59003056951885113       -3.3722612708992586E-002
  0.81874865143766595       0.57346945964371587       -2.7989723559693990E-002
  0.82335508837860971       0.56732623589111542       -1.5077815182210652E-002
  0.82824924619285623       0.56032904388585969       -5.8778192319858579E-003
  0.83350146140244019       0.55243872420996953        9.3150326493224769E-003
  0.83941276718485691       0.54335737605422774        1.2205251923924729E-002
  0.84476133307792378       0.53489337207319043        1.6351472367360707E-002
  0.84029677761625921       0.54165817727955479        2.2533186945516617E-002
  0.84817044667913832       0.52814858869914161        4.0816193296485476E-002
  0.84682890547974410       0.53038020094346827        3.9719608396157860E-002
  0.85238004767822184       0.51975955837136811        5.7430443161034260E-002
  0.86014842473209518       0.50607648369986469        6.3492362350728790E-002
  0.85921955337771216       0.50390743199909882        8.8425443563932088E-002
  0.87371058184349404       0.47689865643663953        9.5903548754108864E-002
  0.88070353355321607       0.45871394657060405       0.11807963926308629     
  0.87871558468812383       0.45510360295289143       0.14401260988367126     
  0.88644100849890617       0.43953432018603866       0.14502385951987484     
  0.88922163931227949       0.42891388180396045       0.15911554975753150     
  0.89479266611926767       0.41292610412125591       0.16981789421146107     
  0.89082092663159185       0.41388572284638830       0.18744781967031590     
  0.89367018582367685       0.39788208567682454       0.20746914196413752     
  0.89431288962146460       0.39699793789057608       0.20639063149168579     
  0.89623535023050738       0.38621363257950292       0.21817705426315193     
  0.89190125970810508       0.38637910100980083       0.23499645366250543     
  0.89716035943954087       0.37025239607324495       0.24086604711402593     
  0.89738680872479393       0.36410970827291611       0.24924091932935774     
  0.89958368022190793       0.36104000107804457       0.24576273090111669     
  0.90551188257384518       0.34351155254570798       0.24909444751982798     
  0.91220993143672791       0.32477584792734743       0.24978728869034431     
  0.91096692307050176       0.31569720210604002       0.26547041577901237     
  0.90700488887007769       0.31965708287868394       0.27415594272470045     
  0.91109169772959420       0.31454368560698687       0.26640981245625861     
  0.90746707199459153       0.30599484803427524       0.28787265625974939     
  0.90549680414391776       0.30624857445603226       0.29374708224729568     
  0.90844890319682392       0.30552574573635927       0.28526235113090154     
  0.91795426434455296       0.27795005017067037       0.28302603799257287     
  0.92145057881122971       0.26183320707659757       0.28700557917997882     
  0.91808968872839680       0.27244809845015083       0.28789469793918249     
  0.91926227181512488       0.25516447534244507       0.29974650313308165     
  0.92362318586451453       0.24634172024485304       0.29365961145566472     
  0.92458234367217562       0.23066781081940088       0.30321584856575950     
  0.92076911005983197       0.22959820283914578       0.31538692302101012     
  0.92495325013247520       0.21730914484963648       0.31183043570840241     
  0.92898632496549161       0.20304828413216550       0.30944434449201808     
  0.92194862557162671       0.20973523665875393       0.32560998496711746     
  0.92238163000070184       0.20308274722167988       0.32858716715377922     
  0.92113327828349567       0.21519934367287374       0.32434969727358443     
  0.91478254536541803       0.21398874885187538       0.34261014296073711     
  0.90783941507734134       0.22154463492025420       0.35601344240082095     
  0.90491018926782363       0.21306059834420418       0.36843280363247094     
  0.90416301745175320       0.21878938084254934       0.36690658852503005     
  0.90124990607835043       0.22034813568695788       0.37308887130688601     
  0.90232054673287676       0.21291745176468826       0.37481167228051149     
  0.90206207438784924       0.21923064671591116       0.37178211023610963     
  0.90081161986045488       0.21082018511853862       0.37959620002176930     
  0.89578288902704539       0.20448592111031372       0.39466254419950597     
  0.89314790786002496       0.21174819990678465       0.39679908583752665     
  0.88869604921133294       0.19211652391667899       0.41630586514525703     
  0.88584453682577458       0.18523791831881792       0.42540142241515894     
  0.88266018148308401       0.17622176219662369       0.43572571022670570     
  0.88185782759406506       0.15697686923963564       0.44461785213236515     
  0.87196317729553208       0.15547084610218828       0.46422950515122519     
  0.86912510751928129       0.14545432633424132       0.47272041042274704     
  0.87013794416986745       0.12658930428039447       0.47627209256646880     
  0.86585048734172976       0.12823099843693955       0.48359047200079819     
  0.86455019695226931       0.13024358997685984       0.48537569389054880     
  0.86504951299346411       0.12816051499217485       0.48504043384723072     
  0.85979136063507289       0.12000441498886874       0.49634439309865142     
  0.85652248932097685       0.11602803656546704       0.50289831976072474     
  0.85239244479627096       0.11760690530150578       0.50950538356296116     
  0.84317013429492293       0.10965647608176839       0.52634549669054009     
  0.84361882421626488       0.11442228896248532       0.52460920618738016     
  0.83879541219742182       0.11420100225898826       0.53233484533665509     
  0.83792710727862962       0.10670268716332723       0.53525012792132420     
  0.84362937580717245        8.3197464651879494E-002  0.53044100345910361     
  0.84143922255478698        7.7338153475292479E-002  0.53478859819878977     
  0.83438586999201447        5.2874927710291557E-002  0.54863873539634522     
  0.82731912779472805        4.6853001766797527E-002  0.55977482706031823     
  0.82091897172470940        2.4999696246785909E-002  0.57049720161453232     
  0.81626185105617677        2.2991245958289823E-002  0.57722438714907776     
  0.81193899188056740        2.2254302430469317E-002  0.58331794030982931     
  0.80647142340962286        9.6380305573929084E-003  0.59119451248352428     
  0.80494258066454727        2.8198877493602791E-002  0.59268226322474027     
  0.79728559170910085        1.7848643160310748E-002  0.60333830575424718     
  0.79980790547113922       -6.8863360247560131E-003  0.60021653819435961     
  0.80051984411176513       -5.6830293697556176E-003  0.59927930246293071     
  0.79393439053389558       -3.3563523008777081E-003  0.60799417630993680     
  0.79198239874748488       -4.2004041147289672E-003  0.61052947240854039     
  0.78403408771769589        3.4538171710881728E-003  0.62070816044549237     
  0.78472634971132460        6.6707095197826582E-004  0.61984200493761710     
  0.78557560071741461       -9.4534018263665517E-004  0.61876496498219036     
  0.78318541090763072       -1.6333679147682276E-002  0.62157366664535141     
  0.78199207834076723       -1.0640492609705140E-002  0.62319753636331887     
  0.76900687253211719       -1.2758554221868078E-002  0.63911317408776558     
  0.77410504987000961       -3.5233995961426103E-002  0.63207589520115037     
  0.76979939333706349       -2.8374818759566323E-002  0.63765489387148011     
  0.75484928134760809       -4.4776013901627360E-002  0.65436814640390395     
  0.75722454212894619       -5.2950974584150781E-002  0.65100475197051866     
  0.75876495822867873       -6.4830853702083815E-002  0.64813015558025866     
  0.77147173725460394       -6.7438542409242824E-002  0.63267954101194068     
  0.77200204878546874       -7.0534696536376590E-002  0.63169430364343160     
  0.76194370930825950       -6.2304299154574312E-002  0.64463940164438283     
  0.76030370105921652       -6.0353395996309102E-002  0.64675787567479215     
  0.73611331285624126       -7.1417831434838500E-002  0.67307999820894571     
  0.73818683977367172       -6.7409795443114262E-002  0.67121986640986497     
  0.73757106501815495       -5.7153894809425988E-002  0.67284645823255784     
  0.73128265456414199       -7.0883741362989305E-002  0.67838128979505818     
  0.73156040180461535       -6.2008283752102662E-002  0.67895091962349419     
  0.73721017509980191       -6.6449103194438378E-002  0.67238803857145935     
  0.73090811779194687       -7.1022511404696981E-002  0.67877030446212328     
  0.72745540112006934       -6.6175396926310762E-002  0.68295640872817376     
  0.71935199846004061       -6.2881213580402370E-002  0.69179379535393459     
  0.72691573484837635       -5.7420060938371764E-002  0.68432189138714405     
  0.71218804907312805       -7.4299646201303707E-002  0.69804566135158552     
  0.71580745514967303       -7.4768819312588164E-002  0.69428330731103605     
  0.71965580950825925       -5.8646317763791381E-002  0.69184978518010720     
  0.73134387869310258       -5.4906560291049678E-002  0.67979511673380943     
  0.71596663333208754       -5.0555630002559922E-002  0.69630159286774573     
  0.71787786510416163       -4.9121888250885072E-002  0.69443387798130851     
  0.71719257979315265       -4.7962614139863656E-002  0.69522254791865956     
  0.71330733060551221       -4.6987502292356875E-002  0.69927450027350779     
  0.70667006057382342       -3.8833677796622453E-002  0.70647673065544436     
