  0.47082769566621085       0.37725094506966733      -0.79749796578906007     
  0.46077919368046150       0.39306767528747033      -0.79572629547809171     
  0.46440617787361327       0.38337624847953711      -0.79834175266897978     
  0.46661970591861485       0.37741453580736722      -0.79989019134487149     
  0.47420039794339047       0.38048093851686687      -0.79395732757853832     
  0.47521375156209406       0.39352933479389957      -0.78696032491031687     
  0.46761756106844710       0.40502154644886995      -0.78567891882916330     
  0.47173912771009940       0.40890358544817634      -0.78119143184941586     
  0.46459916591315636       0.40973464174450691      -0.78502556543548307     
  0.46006467549300123       0.40815356000972419      -0.78851199471847488     
  0.44269440388631204       0.40656986694399272      -0.79920123126837506     
  0.44070511212298602       0.40912084209738059      -0.79899883648863768     
  0.43616730254383135       0.39946480078203062      -0.80634109229767692     
  0.44459141798208124       0.40133937115206658      -0.80079034723199971     
  0.45858469078645281       0.39909568427411735      -0.79399163482373536     
  0.46607732624183834       0.38440110541865108      -0.79687371403264284     
  0.45213883343841682       0.39691918218152550      -0.79876507066427016     
  0.45604893967695281       0.40001236767338444      -0.79499023285060577     
  0.45914264335332067       0.39735914335692524      -0.79453995761394958     
  0.44917959074670843       0.41115482468271897      -0.79321460235975383     
  0.44905436471091292       0.41903473357000798      -0.78915148710243888     
  0.44409958215133188       0.42452049778928036      -0.78902338881034062     
  0.45821398714316547       0.42218684575431731      -0.78217530596304530     
  0.46987036148061528       0.41932269358711949      -0.77678202994464229     
  0.48348010159120419       0.41883884637007157      -0.76864882237387588     
  0.48755043056625058       0.41824454716722304      -0.76639811874739638     
  0.49593730416027981       0.42688506186465336      -0.75618472233908884     
  0.49748210988555358       0.42491870873972143      -0.75627748962056629     
  0.50860860929874718       0.42379371707984365      -0.74947726310465468     
  0.51253357038555059       0.41039005400348688      -0.75424753417088142     
  0.51001810212812559       0.41671998929414189      -0.75247989077736499     
  0.51032781432806773       0.42277856433847871      -0.74888170458292846     
  0.50626230369715808       0.43715025001348606      -0.74336944971420060     
  0.51513693954269180       0.42441349390936717      -0.74465234821776571     
  0.51066368953227881       0.42974858170868191      -0.74467358803213723     
  0.51512287516485655       0.43586953886358415      -0.73801501920539403     
  0.52161437596161708       0.44007650479779331      -0.73092483383391116     
  0.51486658639822613       0.43754838005147534      -0.73719998190787250     
  0.51014514307073688       0.44014608724963827      -0.73893393133633467     
  0.51552714513927511       0.44218620239065337      -0.73396398075101821     
  0.52636868964865413       0.44705573834303680      -0.72324074095153201     
  0.52375331022198912       0.44915385751240650      -0.72383926552324718     
  0.51571586695301475       0.44962883308465285      -0.72929490402157182     
  0.52986139084257422       0.44794286430383773      -0.72013477683947913     
  0.53725791263851563       0.45498126101815300      -0.71017320945642293     
  0.54096291842655542       0.45938471639234335      -0.70450323152740080     
  0.54572072077676048       0.46133483127168934      -0.69954204188913127     
  0.54579096727758913       0.47001638380446920      -0.69368351500779091     
  0.55220980638515405       0.48241408192451601      -0.67995660397778124     
  0.55906078578791540       0.47885974580897761      -0.67686363592525767     
  0.56638526894136487       0.47096692109341398      -0.67631197413768140     
  0.56221053940637344       0.48191780587548005      -0.67206736102905518     
  0.55253721706796066       0.48925978109852392      -0.67477958649785641     
  0.53959434651163118       0.50961803185532317      -0.67016968211087613     
  0.53527250385432668       0.51926058973806155      -0.66622202497545902     
  0.54657172301309054       0.52561506832100613      -0.65191115311551973     
  0.55740421710623522       0.51729458853414578      -0.64938959602497004     
  0.56546648543330547       0.51631821820541923      -0.64316650363718919     
  0.56144610779173054       0.52398833162986869      -0.64047989536070971     
  0.55970101361365510       0.52290288765367654      -0.64288983927520149     
  0.55888331250580614       0.52168929161006128      -0.64458492537595913     
  0.56583431915314986       0.52748273528089118      -0.63371404217445093     
  0.58284306868402247       0.52903702682685771      -0.61677693012400459     
  0.58476807161475908       0.53886857528988319      -0.60635547411152180     
  0.59530143508250344       0.53029555047163102      -0.60365787540518590     
  0.60137124467027969       0.52090708858380730      -0.60581220782257383     
  0.59615504292784671       0.53077237715162717      -0.60239509331045182     
  0.59672789780166913       0.52774321177406613      -0.60448566435573470     
  0.59774432128250099       0.53851163765770049      -0.59389135578971408     
  0.60739009214291617       0.54485038929013718      -0.57811359546114061     
  0.60607607205117620       0.55428854967898611      -0.57046998043874819     
  0.61316858078853775       0.55268351017405826      -0.56441582996533046     
  0.62543518825807176       0.54439173957556641      -0.55898878268752394     
  0.62331696405226922       0.54924915422583809      -0.55659799578049640     
  0.63182071687929764       0.53700877761353594      -0.55894915197014872     
  0.63161343840730444       0.53556903712271553      -0.56056245940907579     
  0.63802883419593170       0.53333963943862739      -0.55539898787993591     
  0.64031049119229422       0.53285614722784380      -0.55323304423234099     
  0.63482628404797425       0.54625837265167865      -0.54644064580682550     
  0.63801670630844587       0.54189072015176276      -0.54707323996401769     
  0.64046848166972492       0.54850446276868969      -0.53753416478444360     
  0.64187047775676942       0.55578767126335549      -0.52830138581680286     
  0.64526323074366876       0.55839080273967645      -0.52137805330295950     
  0.62466161491900352       0.58663874859676113      -0.51541521658912137     
  0.64140045644093280       0.58105772033859160      -0.50097642670317744     
  0.64813544389939992       0.59109000955558433      -0.48013857058656401     
  0.64619164094759063       0.60381097959717300      -0.46674261010471757     
  0.65608797848369038       0.60222934828202523      -0.45482785376116991     
  0.66633008198228583       0.59913396982133660      -0.44389492906723665     
  0.65711714170538404       0.61062915129941364      -0.44196052047700424     
  0.64376770766335489       0.62784612922730176      -0.43746128581185773     
  0.65119752543173581       0.62958400179150975      -0.42375201186516254     
  0.65530603649518904       0.62642279554176095      -0.42210008263279397     
  0.66149599095949840       0.62837186027123437      -0.40935541912106166     
  0.66549922961042807       0.63091714649837594      -0.39881616020702360     
  0.67122144549655571       0.63030718016410814      -0.39009566741901541     
  0.66514884854064615       0.63668414684581320      -0.39014139288246708     
  0.67161905168171054       0.63274515980619528      -0.38543665129304089     
  0.67484770731184440       0.62362695909544730      -0.39455036158304607     
  0.67936972872599166       0.62886268856025274      -0.37813818985596143     
  0.68873997089629158       0.63125952469348090      -0.35657911460647473     
  0.69482174501208205       0.63685815279562108      -0.33411739834392906     
  0.70605110077263544       0.63727858276587124      -0.30881685680297966     
  0.71242958710072268       0.63423819414983362      -0.30030983417972168     
  0.71435062126049031       0.63724163338447537      -0.28918210626910812     
  0.70360422903658071       0.65295279494251091      -0.28034574449883148     
  0.70629945092463109       0.65438647142684903      -0.27003598211550156     
  0.71194793505762177       0.65269886719646419      -0.25906432893712389     
  0.71199733886899541       0.66259823256376682      -0.23242928310960176     
  0.72725000328886580       0.64809724518434408      -0.22600308294536653     
  0.72131250943107517       0.66052855478903094      -0.20835136679791685     
  0.72777812864333524       0.65623524357581453      -0.19923428559712869     
  0.73116823290859401       0.65658158323373528      -0.18518541990018236     
  0.72375043109269233       0.66473468684305947      -0.18523798098878830     
  0.72552889837320400       0.66523999944845369      -0.17624857661606103     
  0.73566585966046427       0.65503856313968323      -0.17239554440278135     
  0.75408952996271961       0.63743545155376702      -0.15819300206725884     
  0.75285084509312827       0.63944040990429163      -0.15598579173756794     
  0.75323876170639747       0.64033891722296754      -0.15032444562589875     
  0.75847104380713859       0.63998774864848618      -0.12303396801677809     
  0.75750002860613241       0.64443065220040763      -0.10441667092120570     
  0.75822531901880241       0.64444455086623742       -9.8922123196229561E-002
  0.75231546906784630       0.65277631410866144       -8.8907360437359431E-002
  0.75711764157631245       0.64883969386202733       -7.6025840889497376E-002
  0.75632422204435845       0.64992790993624616       -7.4614898210086253E-002
  0.76436599911054881       0.64218251737871990       -5.7846640151894696E-002
  0.76721091223089877       0.63949644095798752       -4.9312454369048124E-002
  0.77850008200988174       0.62682838380409700       -3.1996868099123346E-002
  0.77968659333658508       0.62560284183210424       -2.6643957340981132E-002
  0.77461984178521670       0.63242592299431766       -1.2460487282451094E-003
  0.77527736290296878       0.63155569397822009        9.0783243998989009E-003
  0.78215242827594356       0.62294375974655614        1.3366044099570757E-002
  0.77506359148190562       0.63101186984093183        3.3173020348203332E-002
  0.78748834159054026       0.61454420447656943        4.6877847681427914E-002
  0.78316467896129738       0.61840503049477535        6.5025409542775053E-002
  0.78567794004161073       0.61308061330735297        8.2718414628492151E-002
  0.78106083325310260       0.61573863960730113       0.10397068073509558     
  0.78270903373304401       0.61018618899745203       0.12263516326671238     
  0.78345518243111434       0.60503287104863823       0.14189151515320902     
  0.79800042591456366       0.58138066639365327       0.15871937809810185     
  0.79805156652362330       0.57835590907297130       0.16916896763168129     
  0.79426693869242870       0.57698464193717980       0.19033852229326612     
  0.80050571861016517       0.56777831785663091       0.19188115135239095     
  0.78897944593546510       0.57814836201468600       0.20798054089530416     
  0.78357694663658117       0.58432822192684064       0.21111062919595147     
  0.78782097053165412       0.57436653464528720       0.22235377727874944     
  0.77381462763576403       0.58026368416248575       0.25397830399289023     
  0.76319392481867554       0.57904345003176205       0.28678165229871561     
  0.77249445941149819       0.57024664925113877       0.27941200617795048     
  0.77967674428585765       0.55640774290573425       0.28725354315369683     
  0.76938496866386441       0.55776339239861827       0.31136275964554649     
  0.75381399617985045       0.56810090866455609       0.33019057639168337     
  0.75251972391838173       0.56834946801823649       0.33270549637358243     
  0.74438467089845906       0.56711978630986326       0.35251469431394039     
  0.73645253515499687       0.56637525654361076       0.36994152543197972     
  0.73314690018771200       0.56011770810677575       0.38569907416321897     
  0.72791878894366069       0.55927406512263556       0.39666958136968139     
  0.72963924632554145       0.55406671245891082       0.40079502038632187     
  0.72586346404247060       0.55392473182562008       0.40778624675212122     
  0.72448144836717876       0.55586621284618098       0.40760199262005803     
  0.71993313153446947       0.55365986764250474       0.41851766639062926     
  0.70471849904053296       0.56263695473290998       0.43221695278984196     
  0.70788172921462600       0.55427998550376578       0.43780949637263344     
  0.70131249664605466       0.55138967146273399       0.45180771601677788     
  0.69301316772758514       0.54897468393616811       0.46728957376916036     
  0.67978026554249560       0.55995394169116541       0.47365638786308312     
  0.68222080681542041       0.55714431858962254       0.47346064145969358     
  0.67287683929461084       0.56367722216386518       0.47906653854608344     
  0.66446062469701006       0.55470588443958480       0.50079283141370812     
  0.65272880610531703       0.55343385870873252       0.51735487792722512     
  0.65462812403368176       0.55642802271929226       0.51171268770360401     
  0.66055072327461850       0.54272966182658977       0.51876512619390336     
  0.65076835456325455       0.54041413674138150       0.53334145676958478     
  0.65147239671580737       0.52900635104448168       0.54381614252609811     
  0.64076104281883250       0.52842354496125232       0.55695048535422487     
  0.63495029901566180       0.52921969467787677       0.56281847210710634     
  0.62367947278799996       0.53464650649222178       0.57024295551856430     
  0.62525230427721668       0.53007263649715941       0.57278491253958830     
  0.62611778859991574       0.50978107662488892       0.58999980399481711     
  0.62925332439493908       0.50102515667538272       0.59414985156636080     
  0.62558514279849464       0.48939407820418129       0.60756618185056133     
  0.61360939291784433       0.48107640711935196       0.62613816641068365     
  0.60601746296123205       0.46954249984051827       0.64208463260659843     
  0.60514579072432695       0.46075095631433338       0.64923580325183750     
  0.60533437621410446       0.45223067156349828       0.65502497102836488     
  0.59811957609185862       0.46113558321943027       0.65544408349192773     
  0.60134166357975805       0.45178032139349877       0.65900132385657473     
  0.59484231141340460       0.43627397520282046       0.67515008932317300     
  0.60346649469933566       0.44176671039694276       0.66383007114800119     
  0.59903703811011177       0.42972955674996594       0.67563831672555708     
  0.58814977241581778       0.44976389199332539       0.67215495733219011     
  0.58990762766967508       0.44319070698875623       0.67497480549716993     
  0.58222794399699096       0.44405851448626760       0.68104526790903364     
  0.57029435973222065       0.44108567491325495       0.69297025235138077     
  0.56237340801813274       0.43877839919439621       0.70086351478335240     
  0.56440240047266554       0.44571746669009810       0.69482794289525718     
  0.57387812075763900       0.44853667937389397       0.68518519377750842     
  0.58066452684736558       0.42102037794105501       0.69682892349521297     
  0.57494559715336246       0.42275581730394451       0.70051058468065786     
  0.56645021058818057       0.41697778860872453       0.71081902248855500     
  0.54968504376849803       0.41844020650907970       0.72301738999408871     
  0.55097020987755518       0.41506852055185972       0.72398201018697628     
  0.55113684250770978       0.40087489181891917       0.73181111083380168     
  0.54516559729437786       0.38629550365761595       0.74402302073294357     
  0.53851588871572798       0.38381872133691092       0.75012254115711574     
  0.53092899099301605       0.39149733474373971       0.75156120403576343     
  0.53620765966056017       0.39028356937813541       0.74843842845942121     
  0.52638563125683835       0.40509494557259218       0.74754013422550025     
  0.52385407925431682       0.41426515747778198       0.74428575355741045     
  0.52716772611604257       0.40771087407724504       0.74556423713910158     
  0.51743228785112860       0.39896027388273175       0.75703007030933911     
  0.51329148136165015       0.40526553585334951       0.75649963688759347     
  0.51301028298652918       0.38874261877977390       0.76531015013151815     
  0.50931240952571200       0.39120468063874964       0.76652447276616620     
  0.51096409970167944       0.40011229835636797       0.76080604461323675     
  0.49930009583260404       0.39421847742431676       0.77155116898285370     
  0.50949201831633084       0.38419560684390813       0.76994260757136535     
  0.51026806452807327       0.37479801180328826       0.77404970943155671     
  0.52418104839434843       0.35942767089988453       0.77204014008060984     
  0.52134845663853457       0.35678383721058310       0.77517809583728015     
  0.52679708753528265       0.35214144135915570       0.77361568872524900     
  0.50839819891709581       0.35134068602723806       0.78618763261689950     
  0.50808779562819151       0.33168512222119345       0.79487846343374879     
  0.49645640037769784       0.32697903717179322       0.80412421414494561     
  0.49559980604849141       0.31445845784047471       0.80962751345127193     
  0.50465463094732022       0.29914123526739744       0.80983839426525184     
  0.51114984595255353       0.29363787796762753       0.80777634999135228     
  0.51847420378831344       0.29706205400880242       0.80183454407636257     
  0.52530690349811582       0.29849312177102583       0.79684033117846742     
  0.52169979892948193       0.27923003747164549       0.80613888751909379     
  0.50709565069292606       0.27948201038559173       0.81531822432664081     
  0.49627695396328303       0.28548167999766810       0.81988376941529639     
  0.48074167342688173       0.27409257360087280       0.83292298835340839     
  0.48480368255679895       0.27048793378658198       0.83174615541956864     
  0.48397231689482167       0.27662552002664564       0.83021028549967180     
  0.47305266966273146       0.28217659297877495       0.83462419213670958     
  0.46320960023695501       0.29068665247158199       0.83722048250337655     
  0.44203194741527041       0.29908800711554773       0.84566785528593535     
  0.44126466128657832       0.29762517858188670       0.84658416697558259     
  0.42925044987813143       0.29544776039221621       0.85349556071408228     
  0.42446067840903723       0.29330512490673349       0.85662432617103823     
  0.42451901385263424       0.28067286649968476       0.86081725638397710     
  0.41349042471928099       0.28987112232471729       0.86313405743701099     
  0.42423978948971469       0.29719641979044903       0.85539165829312480     
  0.43381426149977942       0.28203358150679742       0.85572322945088364     
  0.43802858883818130       0.27743677745790168       0.85507882085466613     
  0.42180637792205755       0.28654518315749505       0.86021580870936798     
  0.41706196440194337       0.29313839735087316       0.86030761815048118     
  0.41955817528203615       0.28919303661704154       0.86042915171803813     
  0.42681038707280061       0.29134436933431029       0.85612578044581678     
  0.42681038726492349       0.29134436928374624       0.85612578036736020     
