  0.49984201255186445       0.39542467266948561      -0.77058243603934540     
  0.49449378809361527       0.38059141118083689      -0.78142566586477424     
  0.49821484528271470       0.38634809860956870      -0.77621975924392161     
  0.51210008781578631       0.37255902258787571      -0.77392071606039259     
  0.52018755986869114       0.37347899472140766      -0.76806141880694900     
  0.52529497713199758       0.36835919186761473      -0.76705716394968371     
  0.52687480714786694       0.37306029607812968      -0.76369427985483584     
  0.52399668796021015       0.37876806708377136      -0.76286448492792858     
  0.52462345859536530       0.37840461707516021      -0.76261403899196478     
  0.51716686409613166       0.37378075442737801      -0.76995219481515431     
  0.50983675754917590       0.37637944989859862      -0.77356640978378266     
  0.49990095374695620       0.38268132919246922      -0.77695175959023866     
  0.50606601523779238       0.38601005715792175      -0.77129334496952562     
  0.49974968981099249       0.39672872214085253      -0.76997179725123899     
  0.50478092001996311       0.41334026660470230      -0.75785621775304657     
  0.48822196246969218       0.42200550139467136      -0.76390488423289615     
  0.47813375046786899       0.42369768245463069      -0.76932983209160966     
  0.48260082703610235       0.42767612253052373      -0.76432295265897032     
  0.49287787658852533       0.44411995741740629      -0.74821712236031279     
  0.48056535756207480       0.43688641917035304      -0.76038621361499015     
  0.48537858694661218       0.43358823841771804      -0.75921595533782738     
  0.49296353014294442       0.42832155936771654      -0.75731605009389169     
  0.50342128850408219       0.42484366201990348      -0.75237947149188478     
  0.49987325101018681       0.43175095758718923      -0.75081145672335858     
  0.48760095569530548       0.42728719183255948      -0.76136125702643231     
  0.48260264596087449       0.41517417450904998      -0.77118421335780196     
  0.49544739639819080       0.41617019081639806      -0.76245278521236770     
  0.49965513449673304       0.40604357446775824      -0.76516231101936583     
  0.51621960339453943       0.42330701184586284      -0.74453240009640276     
  0.52039266045789578       0.40564675804602851      -0.75142676730889724     
  0.50866099665955999       0.41426886764768089      -0.75474849835902968     
  0.50794751547780292       0.41845674504912139      -0.75291651200038179     
  0.51379366015938488       0.42922911684495990      -0.74281790502956868     
  0.50725270828189484       0.42982707344503018      -0.74695607426030231     
  0.51457620396182180       0.43193023490772842      -0.74070750130452634     
  0.51530957954651824       0.42184529162178080      -0.74599101010945423     
  0.52135346545218719       0.42199938399317810      -0.74169204119389864     
  0.52139978640305951       0.42097419429657035      -0.74224186790775726     
  0.53088037169762181       0.42061428347470015      -0.73569671433496187     
  0.52970513651013340       0.42925512743858213      -0.73154118402347479     
  0.54353714862850733       0.43051836722721204      -0.72057012395797215     
  0.54461085877826831       0.42663780267107093      -0.72206592346737786     
  0.54434824029914908       0.42522329895873540      -0.72309760012454039     
  0.54381780408615377       0.42934424308350932      -0.72105874718358465     
  0.54146829731046986       0.45631926344378687      -0.70610538364880060     
  0.55199413663202668       0.45942888355554024      -0.69586462338501709     
  0.55588260421394420       0.45921121532823989      -0.69290662433626937     
  0.56297582666874757       0.46765863892485504      -0.68143496830261974     
  0.57069871980469467       0.47347258876394299      -0.67091480748486432     
  0.55983548282382156       0.47959334229206130      -0.67570293635631651     
  0.55917797236669553       0.48730771976629667      -0.67070946129903630     
  0.56333297209522337       0.49188442256828591      -0.66385666930823717     
  0.56146225110950876       0.49550178296756470      -0.66275042335332224     
  0.56073734805113717       0.50700906337635043      -0.65461090439650715     
  0.55546619535849118       0.50557481509173630      -0.66019043628253127     
  0.55788408395287448       0.50643543084752951      -0.65748650423741706     
  0.55078412400702770       0.51033745830420929      -0.66044873184329045     
  0.54565562229571674       0.51179309329203648      -0.66357197915195509     
  0.55042601910354794       0.50603381692789118      -0.66404892411569372     
  0.54587931562190295       0.50910628415942005      -0.66545215019981074     
  0.54639757276113043       0.51215288410262172      -0.66268326958367707     
  0.55786007530106319       0.51938268404815857      -0.64732817325991854     
  0.55921084768770990       0.51271970287998425      -0.65146122993394984     
  0.56314984736384810       0.50871139774775320      -0.65121038322158364     
  0.55991198290626820       0.50756877417682189      -0.65488358574529049     
  0.56765651522461169       0.50725268305036675      -0.64842948441696813     
  0.56864017635382025       0.51530087126749446      -0.64118122391977250     
  0.59065361148604700       0.50788383963585848      -0.62704251584340553     
  0.59921287595632478       0.50917546043328799      -0.61780602115931094     
  0.59967739506885542       0.51914027006187513      -0.60899950890252397     
  0.59615642830355020       0.52163284371613083      -0.61032506858966162     
  0.60179403599958536       0.52255046262809690      -0.60397429766712019     
  0.61810922174760552       0.52502883008042567      -0.58505189306158911     
  0.61746015707386503       0.51609382517844071      -0.59362455983475182     
  0.62183597814435165       0.51687685598893907      -0.58835221766238510     
  0.63350747598106627       0.52158669029503191      -0.57150293296112920     
  0.63821235651536379       0.52604832946133728      -0.56210154159372505     
  0.64861678588078342       0.52851668573151811      -0.54769186407783399     
  0.64783098802010075       0.53236550313144693      -0.54488712779482973     
  0.65913263899840069       0.52841646628670569      -0.53508896677475459     
  0.66563894777778154       0.53068492166166459      -0.52468876976950951     
  0.66948499241751669       0.53861528175494422      -0.51155002022066232     
  0.67520257814079632       0.54784194907966788      -0.49393387948247958     
  0.67501653602042533       0.55902122799441456      -0.48150591143889621     
  0.67232502851225928       0.56545166794777135      -0.47774833045346493     
  0.68459356541217420       0.56507110352563483      -0.46046313441638942     
  0.69271345647204141       0.57188168394314476      -0.43943077588273971     
  0.69307653444144490       0.58081566190824641      -0.42696379739823637     
  0.69300076621745066       0.58145532741843153      -0.42621548568623124     
  0.68831464333965675       0.59414066576054303      -0.41619685372887766     
  0.69089600643586879       0.58676618202450714      -0.42233654343822558     
  0.68813697925607664       0.58479414022301934      -0.42951520501740015     
  0.68506942944666038       0.59699343905804625      -0.41746701733103908     
  0.68557511725554909       0.59899743979527986      -0.41374971385940601     
  0.69052109918553950       0.60291229760227616      -0.39959651272194407     
  0.69624927004767478       0.60608808459931485      -0.38457013360999764     
  0.69489349511811738       0.61056443700271179      -0.37991327788073598     
  0.70432007933720642       0.61010693884779044      -0.36290873372269017     
  0.70234699949924484       0.61244058803248069      -0.36280189969849558     
  0.72046213478530252       0.60037425854852389      -0.34710958213929310     
  0.72385680530870988       0.59639651654956471      -0.34690419492391844     
  0.72944550704501476       0.60757164515107442      -0.31427050173418336     
  0.72881681959057232       0.61712198578490185      -0.29662518123514164     
  0.73376720850428456       0.62170013507586674      -0.27399749227041392     
  0.72936732017118255       0.63096346766331357      -0.26440199458512809     
  0.72936892847220336       0.63146597672558613      -0.26319514892435114     
  0.73116167408009647       0.63164822465005255      -0.25772684503719201     
  0.72816850683925594       0.64018832856951036      -0.24480508493669401     
  0.73272260872149286       0.64073733953435641      -0.22928855269027776     
  0.73668538719259435       0.63686647603134283      -0.22736695451255562     
  0.74185702900978978       0.63415384511706019      -0.21793817754587044     
  0.74614412856234491       0.63161405657325997      -0.21055313569502465     
  0.73877756454661692       0.63824569672886722      -0.21644893330679443     
  0.73544598325991883       0.64674141406807362      -0.20210083878123303     
  0.73665502130299487       0.64925296187974291      -0.18923522684601632     
  0.74208143821489758       0.65024416589862899      -0.16278103013467304     
  0.73969990481460923       0.65446493852265164      -0.15658765935346750     
  0.75561332187541730       0.63498724346062607      -0.16074734351357295     
  0.75579289736459898       0.63689798149531618      -0.15211198986410190     
  0.75237760690336764       0.64203806417909204      -0.14736030936288624     
  0.75833217783437257       0.63929607815612199      -0.12740813363038500     
  0.76021052695024016       0.63728719749783924      -0.12627344384068440     
  0.76105411471250251       0.64095617927611692       -9.9858954165008978E-002
  0.75807162561853147       0.64607056970244514       -8.8995670661182538E-002
  0.75700083543939600       0.64999576300951767       -6.6747608299705399E-002
  0.76209705954824036       0.64627646564923724       -3.9176546247163754E-002
  0.76290460632991874       0.64607434740278802       -2.3759193350221045E-002
  0.77138129452097570       0.63620506245667752       -1.4629318768787222E-002
  0.77705887432384402       0.62907712484646272       -2.1011350015374075E-002
  0.77793415014359446       0.62832964107295142       -4.5077920869643108E-003
  0.78417016705878706       0.62044454690168926        1.1212194921226680E-002
  0.78442644976104614       0.61993305288717815        1.8924979610663986E-002
  0.79621034041947725       0.60404557492174982        3.4322546912389465E-002
  0.79414121295124585       0.60605496924316482        4.5134334469336582E-002
  0.79295757982072734       0.60662581053644349        5.6775017356733404E-002
  0.78393030754725734       0.61712719498476198        6.7877080955962288E-002
  0.78621775083063150       0.61180732710288377        8.6910544711490026E-002
  0.79537978446095159       0.59938234476796737        9.0065549747414334E-002
  0.79567078250660417       0.59826299075518408        9.4812445164072223E-002
  0.78764358194362327       0.60289738867740639       0.12701309597432414     
  0.78686628576549345       0.60297336768163079       0.13139469621065286     
  0.79062215892846432       0.59571678073186607       0.14155606297772860     
  0.79078071064929845       0.59362531332184099       0.14924762995952751     
  0.78989004343515856       0.59015151553141754       0.16671804940669716     
  0.79004594263353833       0.58676947091506804       0.17756406317251866     
  0.79587921081377089       0.57239219494385518       0.19734096625334885     
  0.79040201104718155       0.57618737129566111       0.20802109049797679     
  0.78098013730694826       0.58442762107097868       0.22025980309928753     
  0.77926923502192913       0.58196303598383359       0.23250480445964347     
  0.77794980814497072       0.57533432214245983       0.25255596166410321     
  0.76926011668849847       0.58324663395427212       0.26088740263456328     
  0.76699136724226336       0.57585167480351596       0.28305315967469719     
  0.75568309670514189       0.58585485554944250       0.29277490599993355     
  0.74535713429575268       0.59446723495384468       0.30174732628600742     
  0.75624655545145603       0.57589023710654552       0.31055045028654360     
  0.75354461949140494       0.56892703048183046       0.32938205844077251     
  0.74641066760041974       0.57025229464059768       0.34305019421278432     
  0.74558841567509115       0.56339653712768545       0.35592450936067987     
  0.74036506035674510       0.56609410837109853       0.36248729339176000     
  0.73847876755179331       0.56297025143893542       0.37109783867595697     
  0.73494131745372004       0.56507643566284627       0.37489982896496976     
  0.74414534653409747       0.55618575040201368       0.37000691112653333     
  0.73809771825324677       0.55965401526863989       0.37682773451942214     
  0.72301672323926702       0.56403118010215625       0.39889302549546179     
  0.70232279531434771       0.58310037159768269       0.40833399053285585     
  0.68562292090853771       0.58707323520783006       0.43042563449155430     
  0.68521791053841130       0.58268278432621312       0.43698648483359925     
  0.68084039672728625       0.57459598245068833       0.45419798671478018     
  0.66915746955745270       0.57218158801049246       0.47416928546380738     
  0.67226229633508583       0.56075577937138843       0.48333876404429149     
  0.66174520650973412       0.56681427057695699       0.49072891124499879     
  0.65424933238297878       0.56888482103242277       0.49832506607167071     
  0.66034041277998745       0.55553440828520984       0.50530392880004182     
  0.65578784706096738       0.53876482484471278       0.52884285298866218     
  0.65148527153355018       0.52653464943832395       0.54619429136134179     
  0.64990567639230024       0.52412785293182640       0.55037496815729225     
  0.64990894858146753       0.51627917838596116       0.55774023390719252     
  0.64011338894548742       0.52341322758720410       0.56239971770927344     
  0.62849173296832384       0.52702990339542732       0.57204687090961337     
  0.61236869618795331       0.51787713175157857       0.59733395712769066     
  0.61356785946455095       0.50255995622812866       0.60907140158447015     
  0.60501493355639180       0.48924857151376799       0.62816619253625305     
  0.59448881300058687       0.49014738922975409       0.63744692959368021     
  0.58971787025570688       0.48220837172636771       0.64784868583495570     
  0.59259418477879189       0.47140277333363101       0.65315507918083315     
  0.58567958406301757       0.47675856248864734       0.65550034165172577     
  0.58092302156578690       0.48383575412284097       0.65454671800205255     
  0.56670861882821344       0.47874802391431837       0.67055325735093851     
  0.56927027513655870       0.47520143400399628       0.67090606717072687     
  0.56633945966979982       0.47099849289958440       0.67632834932984942     
  0.56689980065642021       0.46092928324959037       0.68276556141821521     
  0.55903524761589063       0.46989104225745493       0.68314127406360314     
  0.55060822398293641       0.47660275432560895       0.68533232686894319     
  0.55353300067724931       0.45477025019839423       0.69769996180000693     
  0.55112177693236974       0.44921543004196179       0.70318581072368314     
  0.53519592593632248       0.45727581470048884       0.71025639747288993     
  0.53574865337106048       0.44416360998808568       0.71811702944119560     
  0.52951319981750078       0.44522569021639863       0.72207330375133172     
  0.52981752953777561       0.42833703471640677       0.73199779377047591     
  0.52871749306323157       0.43345379968194375       0.72977778540471983     
  0.53061467562786102       0.42315207102298280       0.73443201918033330     
  0.52478424101246202       0.41869042394057732       0.74114764337845329     
  0.50874633358261123       0.41420307386661476       0.75472709085185130     
  0.49689639578818318       0.41347064627273650       0.76297837225148113     
  0.48295470147999370       0.40897418813422426       0.77427054041744603     
  0.48787778240854668       0.40333284170747496       0.77414332538121933     
  0.49510220257004539       0.40196387093280489       0.77025895351823459     
  0.48911602492446471       0.40677582117142930       0.77155618426165207     
  0.48245051360335495       0.39927531022223012       0.77962858373125454     
  0.47747180698718156       0.40449621162266081       0.78000223609635322     
  0.46105572043967336       0.41000370567327765       0.78697178093247677     
  0.45352381921869406       0.41270476701979536       0.78993095943913083     
  0.45187129806024806       0.40355634951077635       0.79558444099849213     
  0.45668709877927405       0.39913703856169325       0.79506384539656383     
  0.46056022980094735       0.39425015522829066       0.79526793587329292     
  0.45961386118015440       0.38582027563171084       0.79993613090204962     
  0.46087400023822139       0.38160697443409114       0.80123109835282780     
  0.45549614000326644       0.35542289243028008       0.81620943021911885     
  0.44754254162650703       0.34078519724335854       0.82678360093454428     
  0.44956424373662968       0.34065882054758817       0.82573819018902028     
  0.44741264492853916       0.34258499672512399       0.82610982634084240     
  0.43309879663846174       0.33996147480468991       0.83477639401155668     
  0.43234879963018069       0.32712947015279098       0.84027425595212479     
  0.44764580729812981       0.32314891590203115       0.83377935292243111     
  0.44156818825738914       0.32521063399724165       0.83621503134911357     
  0.42859988420492684       0.33455327769617527       0.83927125748608189     
  0.44085239052313469       0.33730243951164968       0.83179097979572214     
  0.43284976624142896       0.32382431612527590       0.84129595990396755     
  0.45518614417145198       0.29158748128087048       0.84129799412253725     
  0.44340039879095217       0.29683939828660066       0.84574373067547648     
  0.44611200288210140       0.30083873388224530       0.84289983810690561     
  0.44543060764344378       0.30772716092928581       0.84077081788130248     
  0.44529191036003740       0.30439412202531629       0.84205660916849612     
  0.44056983520575366       0.30722245282825245       0.84351205372831961     
  0.44559717032817409       0.31961501701642264       0.83623525559086298     
  0.45023022971852894       0.31198209456939219       0.83663606957607084     
  0.43780238452881082       0.33126463740917278       0.83581864785553606     
  0.44669617778665416       0.32559723184382855       0.83333604708210607     
  0.45024406791115446       0.33252572309844136       0.82867781603508262     
  0.43621000388104836       0.31718384159685520       0.84208980705382952     
  0.41747971526208755       0.32533132325117509       0.84845165888005980     
  0.42135676633206631       0.32210925007346836       0.84776418093907002     
  0.42519416390865705       0.31074424195584743       0.85008701852769353     
  0.42151529566995594       0.30304283787587816       0.85468701518649670     
  0.42807035877606858       0.30559558618360405       0.85050990919708092     
  0.42120314910321016       0.29648641683387944       0.85713692711173384     
  0.40367764059990768       0.29735725082788761       0.86523004331782905     
  0.40069152321930090       0.31450561530657406       0.86054199267719045     
  0.40791074811678801       0.32186611592917591       0.85440682639329879     
  0.41521579428690453       0.32856972567877368       0.84831467012074591     
  0.41553810722375234       0.32788384023366274       0.84842222316410643     
