  0.55985671129318271       0.30208060732096459      -0.77156190257203539     
  0.57275205644281302       0.30078557366941161      -0.76255040522767514     
  0.57887059583111855       0.29907127727988653      -0.75859422907658813     
  0.58275922825598991       0.29028313419984630      -0.75903055530169339     
  0.58413427272021645       0.27768185679805008      -0.76267944631988804     
  0.59413219726684208       0.27625459986813850      -0.75544048622149496     
  0.59864628851755119       0.26045805447339387      -0.75748546065524958     
  0.59759103480783138       0.26294472668494839      -0.75745958692585247     
  0.59039237000931222       0.27789881667193200      -0.75776585904032878     
  0.59964242067365314       0.28433121622277802      -0.74805395982503664     
  0.59593683544331033       0.29073739586370118      -0.74855263997143606     
  0.58941921877549841       0.28913420764440073      -0.75431186820036544     
  0.57905451843657452       0.29134688674465070      -0.76145443479067476     
  0.57307176221799816       0.27800382417326308      -0.77091026007791552     
  0.56931869912975286       0.26579210308873735      -0.77796579407893740     
  0.56403167834505785       0.27084496761570587      -0.78007132323942308     
  0.54676620530727937       0.25894953295288065      -0.79623605552459353     
  0.53836837497892387       0.26646076988770628      -0.79947367119462009     
  0.53153000265393580       0.28054722829621337      -0.79923032285694662     
  0.52740803994519647       0.26594544944334858      -0.80691621456105433     
  0.52987901155359640       0.25794373393082215      -0.80789433915630882     
  0.52897469485999060       0.26486088884713377      -0.80624715922407197     
  0.53222621228299838       0.29114998026810002      -0.79496348843753672     
  0.53289099172457466       0.28368931074167125      -0.79721237189955485     
  0.55165762472870150       0.28312336517635373      -0.78454765640457025     
  0.54169495043203431       0.28305063794348445      -0.79148526015095411     
  0.54907013838929641       0.28251116540852367      -0.78658084425485320     
  0.56096673275532438       0.28566403794600431      -0.77698930633966889     
  0.57294826191595560       0.28208134609838986      -0.76951959257110913     
  0.57601493480636323       0.28419905438944415      -0.76644483974006050     
  0.57994922642439828       0.27012087105510063      -0.76856594368354292     
  0.58439632465221525       0.26228682098271100      -0.76791051514598108     
  0.58900847636922427       0.26375456666983677      -0.76387338173679775     
  0.57978383935124211       0.26749859915607760      -0.76960717192387773     
  0.58363583977500277       0.26992546457791278      -0.76583904973729644     
  0.58747163717648954       0.27933454670173696      -0.75950594897743251     
  0.57559109488668025       0.27703834465051325      -0.76937939086022933     
  0.56356849158065048       0.28105500389809851      -0.77678738408997750     
  0.56222712499389427       0.27232309201106292      -0.78085900998748448     
  0.55807202582141968       0.28118959498946638      -0.78069714080764763     
  0.56026942157508519       0.28458404970642626      -0.77788822712560024     
  0.56894102419914638       0.27950239726298398      -0.77342389470940920     
  0.56479532375445896       0.28747652822042702      -0.77353958398224554     
  0.56285686041854555       0.28914521886944616      -0.77433016025770174     
  0.57092752050972384       0.30277048508151971      -0.76313288468530849     
  0.58599682472782300       0.29206684551172801      -0.75584699454435711     
  0.59075866309575331       0.29274744431990118      -0.75186643482834559     
  0.59680136465136036       0.29517137401666388      -0.74612464850813565     
  0.60651645832535328       0.31059074350038479      -0.73189560446306035     
  0.61016486686257076       0.30566142124509138      -0.73093770651746515     
  0.61364181826312469       0.31459906442887198      -0.72420380248877769     
  0.62205061683302765       0.32290221606933689      -0.71329319985203909     
  0.63077247969449712       0.32219606093898068      -0.70591485122177444     
  0.62920358954246813       0.33215205315392560      -0.70269328763871464     
  0.63582123194360285       0.33432836291893547      -0.69566939472544442     
  0.63328932505274693       0.33717579989370855      -0.69660398415475222     
  0.61502605073511596       0.34866785726863458      -0.70722958240225375     
  0.62241710846866161       0.36053210240547495      -0.69470392702258299     
  0.62372445513239405       0.36727935316963889      -0.68998092785604581     
  0.63594453124248063       0.37130576964959305      -0.67654015298997938     
  0.64315249393185514       0.37928900523811682      -0.66520276612076290     
  0.64260968555979570       0.38086581215577930      -0.66482631202116216     
  0.65045490794126881       0.39061616101656288      -0.65140419670723515     
  0.65894929234228539       0.39346516420406064      -0.64107019481447813     
  0.66403212670097600       0.39471692524065860      -0.63502746683709665     
  0.65806482666243349       0.41316166691071687      -0.62948242303125446     
  0.65501395612501245       0.42940278688071609      -0.62174750815788116     
  0.66614835339508216       0.43349246589078094      -0.60690250723238293     
  0.67645964932915026       0.44355278670161152      -0.58793134653522128     
  0.66531328006077650       0.46862492182822169      -0.58116170040382431     
  0.66582928260119878       0.48160244370083444      -0.56985125484827925     
  0.67193183903592935       0.48787187672180005      -0.55721507121913283     
  0.67737279758830149       0.48604347859549707      -0.55220270734775290     
  0.67387066240539106       0.49854521206091107      -0.54529900227348738     
  0.66423030322030485       0.50126548272982407      -0.55455479450411238     
  0.68236611706144956       0.49051015940087389      -0.54201131520569745     
  0.67765730323907891       0.49545405597130399      -0.54342051653238455     
  0.68310449475977530       0.50009677467914615      -0.53223252925249465     
  0.67993465859327362       0.51169895599476822      -0.52521713460007613     
  0.69063650394190068       0.50667686607543005      -0.51604241376740589     
  0.68279111637243328       0.51669976196348089      -0.51654394526484271     
  0.69207925118565006       0.51146629248699371      -0.50934128217524122     
  0.68659478993410628       0.52198397238550520      -0.50608332022305247     
  0.69264134323852022       0.53142096502775404      -0.48768814581216735     
  0.68076753159688963       0.54110061742670690      -0.49372633081892203     
  0.66795807110524519       0.54559812098970872      -0.50611728444883120     
  0.67035994757667461       0.55986805960693820      -0.48699619764117252     
  0.67223114027954201       0.57248305723898663      -0.46943417346074240     
  0.68573480207640813       0.57324928564717081      -0.44850087817777795     
  0.69072054734328625       0.57264670520381955      -0.44156638968223244     
  0.70437273695603686       0.57442363968938071      -0.41700902819851066     
  0.70932970362924697       0.57642785529510754      -0.40568744026544395     
  0.72139438009909540       0.56265511619192676      -0.40374418705969189     
  0.71558097349429695       0.57495576323942010      -0.39669855140992100     
  0.71620005914665075       0.57885786960349817      -0.38984746001023701     
  0.71254738970277709       0.58798208063941260      -0.38282279226125815     
  0.70694733546870558       0.60902027191238528      -0.35961058559706377     
  0.71510867877094131       0.60416024269798263      -0.35158210803394618     
  0.71766035734350475       0.61814213866290424      -0.32072403699573782     
  0.71073095905131056       0.63250208116807116      -0.30790034290994728     
  0.70620916215600549       0.63359641116802023      -0.31594969068178841     
  0.69051389847910649       0.66107183278348092      -0.29355508496272997     
  0.69180647123931593       0.66016270950953870      -0.29255598323129622     
  0.69928788631053296       0.66085918760907281      -0.27250979103882383     
  0.69912807063376270       0.66719214286516393      -0.25704977212770308     
  0.70659755265666235       0.66774839122864149      -0.23416230395001233     
  0.70279078743186385       0.67390219027362608      -0.22790556606917103     
  0.70238739378398973       0.67477133250260934      -0.22657360368319027     
  0.72231919145471168       0.65867181088640869      -0.21072833506633729     
  0.73420536016180471       0.64925881072277691      -0.19850815048385276     
  0.73485453858167182       0.65184063271695913      -0.18733018087076256     
  0.73754184287427460       0.65118351339140468      -0.17886324915097870     
  0.74084963508311874       0.64993088586287040      -0.16950416454681635     
  0.73431173487937562       0.66221187613638655      -0.14920357610449331     
  0.72701481008014213       0.67068279000543429      -0.14708521718603085     
  0.72783315521059366       0.67272312730186834      -0.13305071277293345     
  0.71525081965476589       0.68420012765873706      -0.14243051040754179     
  0.73219832271022633       0.66692985620392808      -0.13816722883571128     
  0.72534230385691678       0.67509792178824324      -0.13461552002921554     
  0.72047311621293353       0.68534470336209552      -0.10592981821916585     
  0.71963846682370369       0.68945612606017193       -8.2284429303057169E-002
  0.73362001077291539       0.67651220489655772       -6.4287762595582748E-002
  0.73296830836036131       0.67845909405460336       -4.9504713249918043E-002
  0.73010327906827355       0.68261692219966996       -3.1358243260811873E-002
  0.73225472707046368       0.68101883982511169        4.0440680284617283E-003
  0.71691017951835301       0.69699872098242044        1.5250490216120653E-002
  0.70760774845726493       0.70587850005670216        3.2043992899456517E-002
  0.71446776844407145       0.69792016481115526        4.9429256564494900E-002
  0.71325763149519827       0.69701278669425404        7.3734159645107961E-002
  0.72051921484654480       0.68712310946124855        9.3348237697472858E-002
  0.71867392817125519       0.68628971065805822       0.11186696568592902     
  0.71117906056696567       0.69184129788915849       0.12481971938012425     
  0.70242942171633849       0.70252220041526903       0.11426051562520971     
  0.69484317892067371       0.70915524054732493       0.11954832291454165     
  0.69062153522913339       0.70877848437268343       0.14378788254967037     
  0.67902166641758321       0.71767257501133674       0.15451747995643050     
  0.66887931211237128       0.72462145990114635       0.16590420633248640     
  0.68304538327639719       0.70923760640725109       0.17444489686578007     
  0.67771592062231156       0.71250126775538281       0.18177754091753445     
  0.66747841128566332       0.72128294812909599       0.18499588969965580     
  0.66635227620346649       0.71615359820687396       0.20760218634158692     
  0.65977507911401745       0.71433606428007401       0.23328273028440452     
  0.65502991482286932       0.71407540154755234       0.24704682064711231     
  0.64815784617736150       0.71897845623204726       0.25092107506725353     
  0.63494792749716122       0.72342848386482528       0.27109474008195161     
  0.64879758090553918       0.70161593568693870       0.29461292877479450     
  0.66048169841125459       0.68633657763053457       0.30447664651035167     
  0.65781962470576338       0.68570468292326592       0.31158053400216168     
  0.64924843614209771       0.68644733209481912       0.32751569187894730     
  0.65213689346139780       0.68485506862296008       0.32510153362904720     
  0.64951192196471852       0.68646350525253297       0.32695889524847388     
  0.64444407339044474       0.69083726953247482       0.32777385999625525     
  0.64538196723585384       0.68167911537895021       0.34466752098645892     
  0.64554060401556146       0.67638532695190556       0.35465506911841477     
  0.64220573575512763       0.67992933260029564       0.35393204945714091     
  0.64086478301146532       0.67377634896692584       0.36785562584860215     
  0.64404212569958497       0.66225455730339389       0.38292119509795502     
  0.64390785808698237       0.66747175338454146       0.37398412897822492     
  0.64355771615664126       0.66600925455776105       0.37718051224667454     
  0.64512384172724158       0.65976573982648823       0.38538863162565129     
  0.63734940907114945       0.65388817054870474       0.40769595432518591     
  0.63228676469794043       0.65012489392863526       0.42136809262459846     
  0.62343311143726909       0.64585974057018536       0.44067715061511742     
  0.62987767583656251       0.63706347655439788       0.44430196974935260     
  0.62083767351595776       0.63771657366556611       0.45593656885091488     
  0.63145494964399695       0.61770142528799366       0.46873190180238489     
  0.62677903467532781       0.61777530410090742       0.47487020893555448     
  0.61788875389062470       0.60827424799904750       0.49821273271232702     
  0.61111126730652365       0.61624896162454912       0.49676980208913601     
  0.59407237273110380       0.63231776288227459       0.49724467086253593     
  0.57297433681850785       0.63393530875821302       0.51944820112983470     
  0.56884783586939669       0.63257596692911200       0.52560421011479996     
  0.56514369455679980       0.63338679667523579       0.52861495466944075     
  0.56359923995726247       0.61240465531944677       0.55436128550131314     
  0.55271502918808202       0.62757810365208044       0.54831726247317447     
  0.54152183124209097       0.62570142040271726       0.56147291902124197     
  0.55174325184803419       0.60264524475333925       0.57653975840035931     
  0.55542924643364966       0.59899147325783397       0.57680808521600746     
  0.55223816388457880       0.59679300176348260       0.58212638094791813     
  0.55581787385780879       0.57353805284971349       0.60176456611663887     
  0.54688264605598758       0.56654331171936967       0.61639925972445020     
  0.53747737473104118       0.56200235620018768       0.62870615018279019     
  0.53157720784706897       0.56298791516696101       0.63282721138828479     
  0.52359453450462912       0.56011999245718014       0.64196133644219522     
  0.53147268886962507       0.55229844275733164       0.64226412877687356     
  0.53107090222987885       0.54249256906759402       0.65089592817222630     
  0.53824439795909784       0.52856553387934491       0.65643845443460358     
  0.53935657520189373       0.52811696805118147       0.65588638714560288     
  0.53507088229452238       0.53592704951263936       0.65305539468045037     
  0.53525776900009181       0.52867944351941676       0.65878461330319815     
  0.54070294334931002       0.51651470451310422       0.66396753465446856     
  0.53721949227144206       0.50945180976435844       0.67220091539020854     
  0.52927264691334941       0.51781026773861027       0.67211828709967913     
  0.53036447580396306       0.50333016181569112       0.68218199258832590     
  0.53230441314001942       0.49686913275879530       0.68539993920570363     
  0.52328067030049930       0.49035028914086370       0.69694614858633896     
  0.52190638976352011       0.48360570359077082       0.70266581230232428     
  0.51866278341609851       0.48330158347898444       0.70527193089316353     
  0.50907192322262051       0.48732140978951877       0.70948123340027824     
  0.51667379373549072       0.47262437358033604       0.71391483551245150     
  0.51878196563355861       0.47171528500158200       0.71298664926438671     
  0.51805606245459479       0.47431912415500244       0.71178598231130719     
  0.51628412754809250       0.46766968570096207       0.71745087965537235     
  0.53073567979936542       0.46593721984885300       0.70797044101249462     
  0.53015403458587118       0.48195863147656237       0.69760488613366300     
  0.52783609743387760       0.47880717758759511       0.70152173233362880     
  0.51922679945555295       0.47807173211362947       0.70841439121535144     
  0.50958200739184656       0.47479452685641005       0.71756277426417103     
  0.50607267349443463       0.47280654932952521       0.72134902512812871     
  0.50607605171916659       0.46852533620853742       0.72413468305765871     
  0.49778266837375096       0.45875847067116554       0.73603877659683159     
  0.47942375407379395       0.45650666928272338       0.74950285184926713     
  0.46724877242311474       0.45886008672029932       0.75572879095885437     
  0.46634469667940159       0.45755479769256968       0.75707742733983852     
  0.46338875442823474       0.45306576786341868       0.76157880239656062     
  0.46051041544410543       0.44640777776815199       0.76723546139082821     
  0.45525473887342294       0.43944519584274261       0.77435847162927374     
  0.45433011823539926       0.41949420985055053       0.78588087619312252     
  0.45391438061289430       0.42051520284335370       0.78557539374042529     
  0.45949996265277548       0.41474370364064633       0.78539636147141467     
  0.46662078487835612       0.40281157925193933       0.78740578785024518     
  0.45797304611460438       0.42114885194397622       0.78287568204586655     
  0.45576236119125590       0.41724495282592394       0.78624889154940214     
  0.45321810093859749       0.41445693623284191       0.78918869796145530     
  0.45042429535885675       0.40556200362886125       0.79538507363604760     
  0.44922975694869610       0.41518295773859948       0.79108516423659703     
  0.45971201699701664       0.40269401850838660       0.79151903886520736     
  0.45293722670335623       0.40179343565027081       0.79587053201800606     
  0.46793848595311927       0.39954377623170811       0.78828823677536208     
  0.47754626741073036       0.38715789966154085       0.78870674094478443     
  0.46775091599023805       0.39250438475153665       0.79192764097555679     
  0.47575558122764544       0.39130259165320491       0.78774292043548744     
  0.47098889243312086       0.38540784137949541       0.79349244420335829     
  0.47867340884721726       0.38347453577364976       0.78982216230982549     
  0.48695504901557546       0.37490688848708964       0.78887236306209108     
  0.48918495964979214       0.37431969040559709       0.78777080716861370     
  0.48982392281951798       0.37725883942071292       0.78596965126691465     
  0.49311199233622027       0.35833673106577729       0.79273914384449085     
  0.49387605231424780       0.36657849119848307       0.78848376948491350     
  0.49034273554525681       0.37691018873067972       0.78581340745052075     
  0.49554448614186147       0.37506192600495136       0.78343105243272992     
  0.49378854337532230       0.35615608494417239       0.79330052161114639     
  0.49236837097031350       0.34653383614040795       0.79842826082112894     
  0.49377261208601775       0.36696516772537346       0.78836867849378645     
  0.49474124608425113       0.35894709174772227       0.79144683002009342     
  0.50019844036151229       0.36743547293608975       0.78408717212319112     
  0.48864548336701208       0.36573724425124993       0.79212490161117932     
  0.49267389866276373       0.36419642417030390       0.79033751916380457     
  0.48820542033174974       0.35957614839952873       0.79521095381091145     
  0.48697627373604030       0.35694752635971033       0.79714651868012687     
  0.48809948788546298       0.35693677835135196       0.79646407714742262     
