   9.8636046109152095E-002  0.79575561750470347      -0.59753152855532354     
  0.10509748864618194       0.79016922293913383      -0.60381049759012217     
  0.10361898487499499       0.79512960659383436      -0.59752156002223866     
  0.11041105453691191       0.79654148704801098      -0.59441656979545121     
  0.10927689868205437       0.79199483451941710      -0.60066857875952961     
  0.10425958907019324       0.79562759955562168      -0.59674673096069308     
  0.11228210094257776       0.79779495934453248      -0.59238157690155857     
  0.11023202451472745       0.80019749736607304      -0.58951918202926934     
  0.10637968908336974       0.79944469054190215      -0.59124575982825256     
  0.11242042984253102       0.80145723192434459      -0.58739080036223534     
  0.10748090155729223       0.80490511014742239      -0.58358857036357170     
  0.11129207341304834       0.79345229511178850      -0.59837072937875135     
  0.11111842456014624       0.79136990345380498      -0.60115419954516436     
  0.11281337419801325       0.79599895717563396      -0.59469219162299547     
  0.11352761146358530       0.80656497724228271      -0.58014172313455381     
  0.10686953726280715       0.80404771397682206      -0.58488133467728309     
  0.10461967190977003       0.80349424955759019      -0.58604753661915254     
  0.11616565823643678       0.79919958856431594      -0.58973346308745500     
  0.11306066335957231       0.79416289984885036      -0.59709511378369029     
  0.11061019024899202       0.79197675875278251      -0.60044833200577541     
  0.10776625761412376       0.78815781271802743      -0.60596509468069271     
  0.10462105759240002       0.78678422290666628      -0.60829681972980987     
  0.12883794099937210       0.78057070258380779      -0.61164545549432703     
  0.14142024488435675       0.78402014026915645      -0.60441106375477649     
  0.12795912292084827       0.78557387394012512      -0.60539255978582318     
  0.12188318105719455       0.79311931670049618      -0.59674637799647956     
  0.11583336114317802       0.79168493905981052      -0.59984797216639663     
  0.13074249345634750       0.79501085953374728      -0.59233785429282659     
  0.13914219974158748       0.79084697356428502      -0.59598700711952002     
  0.14385647550744618       0.78903168712498228      -0.59727239277173982     
  0.15522702769120092       0.79581903010165256      -0.58530047087134673     
  0.16593576142566785       0.80297696179561451      -0.57244503832732108     
  0.17255430000124378       0.81072515396408540      -0.55941910789763993     
  0.17623466311099312       0.80758983549973806      -0.56279658946697719     
  0.18765632993398812       0.80346317153202185      -0.56500622459173944     
  0.18121106083557476       0.79778565680419089      -0.57506573296306851     
  0.20058591135611728       0.80004662270664362      -0.56541196809152217     
  0.20076519892192526       0.80102550314372445      -0.56396052895143522     
  0.20153960134472576       0.79796863277791452      -0.56800338924372173     
  0.21889949583085686       0.80437608547756323      -0.55232429227473678     
  0.22653023698091662       0.80354955848825460      -0.55044723524303485     
  0.23247302886073917       0.80927018692154185      -0.53947943001776000     
  0.23640912901681049       0.80697134456020125      -0.54120973085876323     
  0.23559656906609461       0.81388565043632066      -0.53111618753162881     
  0.24109674506164935       0.81760380293452972      -0.52287319777137964     
  0.24183982852947727       0.81516664059486454      -0.52632389780259470     
  0.25847882315433118       0.80922076370651197      -0.52758928492436374     
  0.27593517742252793       0.80955411763283180      -0.51815239889874565     
  0.26866826622373768       0.81310069043936983      -0.51641517205766785     
  0.28354796813927918       0.81562127225890857      -0.50434362294257851     
  0.28661010923375607       0.81310246057745272      -0.50667448513607471     
  0.30577295306181507       0.81486138603786484      -0.49244677145891219     
  0.30641147118344453       0.80274770854300292      -0.51157416545028400     
  0.31614160648867928       0.80675186086526196      -0.49920528807014219     
  0.32482445023877798       0.80324994553000550      -0.49927808036515836     
  0.31342818837005165       0.80900734894919124      -0.49726238554838298     
  0.32832460035893718       0.80581163885537899      -0.49281899261732193     
  0.32273501785290226       0.80797359684325254      -0.49297137346469100     
  0.32633828310567770       0.80770063365533395      -0.49104277957465908     
  0.35395361872355391       0.80834869538815302      -0.47041388420918184     
  0.36917225702028994       0.81146286224421871      -0.45303406918791755     
  0.38644541563247525       0.80561988623463499      -0.44903957469240335     
  0.39460106382718402       0.80555714159558534      -0.44200417650832297     
  0.41014232069119688       0.80461448954403592      -0.42939352579402712     
  0.40367881095847230       0.80656646131168219      -0.43184946575201610     
  0.41338301296200020       0.80635585303667823      -0.42297130265296912     
  0.40256220398268616       0.81546369171207833      -0.41588777263092264     
  0.40352395850918094       0.82381151445716716      -0.39812435689978365     
  0.40329812892721012       0.82290024309789633      -0.40023219399897619     
  0.39944993428876568       0.82572353585991431      -0.39827175687424959     
  0.40565886720090066       0.82844664506289123      -0.38615675540551947     
  0.41380800867997541       0.82589682864042835      -0.38295869280379674     
  0.41846400931589950       0.82211183729248738      -0.38603108668970054     
  0.42291273833616350       0.81389479784350938      -0.39839687975218524     
  0.42476506793568591       0.82205169205698159      -0.37921715763905700     
  0.42473568696864922       0.82388305456764566      -0.37525499145455121     
  0.42817470291102683       0.82561807720141811      -0.36745232940516709     
  0.43043383893173598       0.82183696920553284      -0.37324349471832580     
  0.43234163968905487       0.81739621041275135      -0.38071530281018645     
  0.45186298864035329       0.81304587013114293      -0.36711885345171225     
  0.47023958088860823       0.80549315588249193      -0.36063210116705913     
  0.47317778230354351       0.80842422976265371      -0.35007577903499659     
  0.47830795510016999       0.80716515210421291      -0.34598542934128912     
  0.47766600290081895       0.80211344642953863      -0.35839811485229750     
  0.47972174597918144       0.79862647605910719      -0.36340445535531973     
  0.48814582245679594       0.79283658968567827      -0.36486134088658784     
  0.49961890855795660       0.78406754708337389      -0.36826488811997371     
  0.49576140151455261       0.78763480267286423      -0.36585796477158239     
  0.51317795413511580       0.78160580750364084      -0.35459942056675392     
  0.51404517505759917       0.78419789303212861      -0.34755031659310726     
  0.52687848327100906       0.78388278502916720      -0.32852221112271301     
  0.54681631111506113       0.77269544560784709      -0.32238745359490079     
  0.55581883390499787       0.77627807952008920      -0.29741850502799311     
  0.54920699379646021       0.77829729107929513      -0.30434356353253839     
  0.56125972743747055       0.77489819100663260      -0.29072377255990495     
  0.57036818846693393       0.77162752668111301      -0.28155122030091689     
  0.58134659066215899       0.76857750330978325      -0.26706696338481101     
  0.59556600730751053       0.75763056070830692      -0.26701510148417829     
  0.60678353162166976       0.74923845542411627      -0.26543451672007107     
  0.60751572706477674       0.75603619686058687      -0.24358552995926272     
  0.61106832608550232       0.75078776984422979      -0.25082508946951276     
  0.61468020340441576       0.75184552343894517      -0.23852999062491836     
  0.62035201839260856       0.75028203622554224      -0.22856123773174974     
  0.61501172648853264       0.75519971341420300      -0.22679058432990346     
  0.61475594942041734       0.75094556609478458      -0.24115530144449371     
  0.62814712697303288       0.74224864369602483      -0.23344836218516540     
  0.62437893872106787       0.74631849946556250      -0.23056374007424066     
  0.61909788667777377       0.75570018061508026      -0.21362360293153287     
  0.61755481856559202       0.75394286735322047      -0.22404508214558647     
  0.63240617484025341       0.73936565508369712      -0.23108625685352663     
  0.64115774360866795       0.73661146041036851      -0.21522152355827259     
  0.65683963634532860       0.72361463260919945      -0.21199895188323067     
  0.65057652835991520       0.73338915416267370      -0.19720681860350972     
  0.65697766796169554       0.73108538813989865      -0.18410458725394582     
  0.67489722078209702       0.71792487237506086      -0.17058024213212294     
  0.69148571012422477       0.70220876751625427      -0.16955930973347597     
  0.72112124322216753       0.67473117350055267      -0.15723229973603581     
  0.72815234546678942       0.67079078127458847      -0.14083284257672476     
  0.72737332655084286       0.67284689940656828      -0.13492625312120540     
  0.73357057741739529       0.66922822674976801      -0.11835450337384497     
  0.74784329627371882       0.65706655076134213       -9.4836449158809358E-002
  0.74940425633932084       0.65792428558847083       -7.4356539816008843E-002
  0.75555758089995861       0.64979461676278094       -8.3064420606596343E-002
  0.76570904488462743       0.63780537930527881       -8.3029854336381645E-002
  0.77191783794918767       0.63079238869065135       -7.9017807017113972E-002
  0.77950005576877446       0.62117173183757712       -8.0779592858486515E-002
  0.78020476166941910       0.62172966197418866       -6.8795038264588021E-002
  0.79481872530506947       0.60264073425438391       -7.1325586725671422E-002
  0.79877734442709669       0.59961519211571146       -4.9156641606542116E-002
  0.81675033369023731       0.57545021954498377       -4.2141870420234970E-002
  0.82194083872807755       0.56781876833700928       -4.4666586563381405E-002
  0.82843454869455124       0.55911899264501008       -3.2896057406363172E-002
  0.83145598712133073       0.55530820468290520       -1.7712687315601237E-002
  0.83362681482978529       0.55194014691137072       -2.0698014982111896E-002
  0.84428324910180230       0.53581280221056249       -9.5097988079673509E-003
  0.85075920302013541       0.52552730488363208        5.4617120292019088E-003
  0.85763858429054063       0.51326770744292893        3.1816964537762282E-002
  0.86217734230376775       0.50493146840236502        4.1163608139266034E-002
  0.86603165881185817       0.49598535708488822        6.3148170939123643E-002
  0.86853316470335773       0.48913041570722054        8.0009863394779834E-002
  0.86703239871474613       0.49210032624212874        7.8051832081912756E-002
  0.86896315094921395       0.48516543405715967        9.7557900185173782E-002
  0.86586210302041966       0.48922535127047623       0.10460102402622419     
  0.86753583051125371       0.48438910130821472       0.11291050134051654     
  0.86933820686303787       0.47778944706212628       0.12636584334473219     
  0.87190457481762207       0.46694622593447860       0.14745722938414552     
  0.87342508785067063       0.45901665907386185       0.16258020360953707     
  0.88286302779394155       0.43524740937834905       0.17638754713400237     
  0.88055141571913287       0.43349823156243733       0.19159459153971539     
  0.88136877496196020       0.42890423708984293       0.19806624631277661     
  0.88029304722249579       0.42509855918280526       0.21065461303383845     
  0.87211109758221117       0.44163032059886387       0.21067722563603256     
  0.86771304718485032       0.43871131536666391       0.23368022919030224     
  0.87527111926254164       0.42031540835440651       0.23923926367711038     
  0.88013964041325787       0.41643360433320231       0.22789749133169310     
  0.87380686321960432       0.41738318386455608       0.24950519757592479     
  0.87886198266132953       0.40124224415074261       0.25808191905182726     
  0.87813825221948905       0.39800108569523651       0.26545874589908308     
  0.87543461356061225       0.39747803137377236       0.27500082173552154     
  0.87961876508240233       0.37741520722051358       0.28953167266053592     
  0.87784921514611891       0.36482741937676388       0.31029294148954478     
  0.88266866007573708       0.34571925452709351       0.31839320590950621     
  0.88366174583185431       0.34264333614975517       0.31896310624516577     
  0.87915753232768701       0.34666383388937627       0.32696516576634227     
  0.88077840596667489       0.32965868105764146       0.33993316046855365     
  0.88225277476991337       0.31427242473804134       0.35051802301745050     
  0.87930039274442651       0.30729842632632254       0.36386604196718270     
  0.88053604353399662       0.29759272136224357       0.36891035256510463     
  0.87963399206078896       0.28605246088593500       0.38002372245992794     
  0.87823790736197938       0.29006209480939216       0.38021330753570237     
  0.88183823957850604       0.27606522683287044       0.38229479430250807     
  0.88161655269619521       0.25730074966831357       0.39566220217781906     
  0.87499382288859218       0.26074672673866678       0.40791782800201137     
  0.86774016374672325       0.25866942118795327       0.42440209561582065     
  0.86943621045930197       0.24774422131535512       0.42743827244061416     
  0.86738198040718373       0.23441218584268539       0.43897542891757046     
  0.86418240788670753       0.22598474817157582       0.44957720081534447     
  0.86525716965702215       0.21876756268522085       0.45107735907922403     
  0.86089198234236541       0.20432347737271433       0.46595805748259622     
  0.86285794615314104       0.19333193110733990       0.46701063068702314     
  0.85837922960637414       0.19617325920389997       0.47402652937750944     
  0.85717975281905112       0.17997138446008298       0.48254862152180195     
  0.85755863610681882       0.15827653613044410       0.48942999882430549     
  0.84883999905784802       0.15667585839491407       0.50489932798102455     
  0.84804110007711020       0.14994081819316440       0.50827555874699504     
  0.84677626573596920       0.14971278504957553       0.51044690005812110     
  0.84856095919817243       0.13930771348491591       0.51042889758347409     
  0.84487110189427084       0.14767132552747475       0.51418479246368154     
  0.83574792118375407       0.14953425157678851       0.52836059641347199     
  0.83845733571931258       0.13818588686539288       0.52715648231781875     
  0.83095030444338980       0.14397258545255440       0.53739509318893552     
  0.82476911407970854       0.13697944407878135       0.54862787056441153     
  0.82295429026757494       0.14142985659929569       0.55022162061527036     
  0.81925467472328262       0.13996655001040537       0.55608555350973854     
  0.82033584194162090       0.13462299395991312       0.55581089942821404     
  0.81908788217847051       0.10898342290701875       0.56322078690319843     
  0.81759078775733096        9.6740478263988960E-002  0.56761481978503814     
  0.81907696753136949        8.8068574182694231E-002  0.56688345142634322     
  0.82232257827788890        9.3916748851329931E-002  0.56121762404578945     
  0.82587006668106777        9.9812769323061018E-002  0.55495589377919952     
  0.82648497620838923        8.5716060086411125E-002  0.55639495068258948     
  0.82618409669183168        9.3283957954282973E-002  0.55562392097702662     
  0.82958784828575149        8.6024532413779067E-002  0.55170987103694946     
  0.83251601342963755        8.3810932202056473E-002  0.54762470271769681     
  0.83555523525854891        6.9057696593621334E-002  0.54504906510626583     
  0.82710113368076499        6.6880086399498939E-002  0.55805982538361310     
  0.82678094226514620        5.6480665371237818E-002  0.55968134500479760     
  0.82507883188029740        4.8384381714549757E-002  0.56294215758738964     
  0.82059672085854551        4.8473999615281031E-002  0.56944823564350444     
  0.81098011827220085        4.2184484410597925E-002  0.58355095496641840     
  0.80797948456618496        3.4915832309218929E-002  0.58817517558489030     
  0.80101395476733572        2.5403138073973708E-002  0.59810644942517321     
  0.79334772893896754        2.5827266575768164E-002  0.60822062879238692     
  0.78765881543576433        2.0708662627671043E-002  0.61576354370691821     
  0.79577631939723914        1.9181505782635333E-002  0.60528680749087371     
  0.78872372208804020        3.0010269908127586E-003  0.61474050139273162     
  0.78739227464297756       -7.6887423488115657E-003  0.61640432272466383     
  0.78224287415893945       -1.9955112108045805E-003  0.62297038754869305     
  0.77658754837997934        3.8916800888953119E-003  0.62999732898422600     
  0.77327483921217954       -1.3336660614589851E-002  0.63393071902616405     
  0.77234488534205425       -9.1170262191781117E-003  0.63513798336966754     
  0.76297962756367343       -1.9564565122476799E-002  0.64612639298698094     
  0.76019121599175754       -2.8536075555999758E-002  0.64907242085982542     
  0.77201155461559590       -3.9456482112566166E-002  0.63438264916319276     
  0.77847001710060237       -2.5394989062149952E-002  0.62716786190454643     
  0.78124725209144563       -3.2357399932379044E-002  0.62338249074639696     
  0.78669950877445249       -3.6760256470838859E-002  0.61624067249592651     
  0.78174911860384444       -3.6169033498205959E-002  0.62254326482415534     
  0.77885936941551126       -2.8203316712785302E-002  0.62656416718486974     
  0.78479342022585064       -3.5660429864626107E-002  0.61873065328305887     
  0.78340081051690047       -4.7834012676653485E-002  0.61967336340423196     
  0.77407872756053919       -5.4922904087498475E-002  0.63070246403898889     
  0.77979209378551784       -4.6439586306210909E-002  0.62431374748062862     
  0.77875404333618403       -5.9479799925056663E-002  0.62450323729218582     
  0.77789513062899929       -7.6127999263089191E-002  0.62376573605151719     
  0.78155032029801541       -8.2966327879229612E-002  0.61830064311814004     
  0.77882846441184161       -7.8019022647455319E-002  0.62236585311778525     
  0.77442013067474957       -6.0456358733507048E-002  0.62977653965068392     
  0.76397753267243296       -6.1758010205430681E-002  0.64228052885573883     
  0.76255197474836922       -5.5670763589698712E-002  0.64452715372488623     
  0.75821982955021294       -6.1404333749211788E-002  0.64910106907450060     
  0.75948207464348871       -6.9895618322506126E-002  0.64676238359581284     
  0.75835450445169872       -6.5519156366260656E-002  0.64854119817238443     
  0.77100144130723913       -5.3508165928025944E-002  0.63458147915076957     
  0.76206601080388670       -5.8750963739445321E-002  0.64482844186429689     
  0.76916340462587707       -5.1886675995512214E-002  0.63694225000267191     
  0.77019194025111737       -5.9615086410455632E-002  0.63502001279053655     
  0.76911387541053933       -6.4901222329081507E-002  0.63580789393587434     
  0.76867820972759959       -8.7339804120574030E-002  0.63364467054189944     
  0.76419593642933892       -9.1365650802657628E-002  0.63848013954882932     
  0.76419593629127303       -9.1365650863203460E-002  0.63848013970554907     
