  -4.7291632898618971E-002  0.99402379542535990       -9.8387984967399783E-002
  -6.0559346381089778E-002  0.99463829113725943       -8.3828607106687436E-002
  -5.1327939470162322E-002  0.99469120973163727       -8.9189909251883720E-002
  -6.3862429135632059E-002  0.99328787523195472       -9.6440588250410464E-002
  -5.6310065684053036E-002  0.99517499299540058       -8.0348676524647153E-002
  -6.0915741055406147E-002  0.99395746915003702       -9.1311675116186000E-002
  -5.1044217418759724E-002  0.99541043094219328       -8.0947895831724223E-002
  -5.9764452221085444E-002  0.99587058829669883       -6.8337263746074295E-002
  -5.0766508311038301E-002  0.99604839202855111       -7.2872233197857156E-002
  -5.8112681502335069E-002  0.99653667379752031       -5.9477508565703711E-002
  -6.2677945155473230E-002  0.99688186086298902       -4.7937779187524912E-002
  -5.8221714235849813E-002  0.99695463462097822       -5.1881485129003230E-002
  -3.7747900040406783E-002  0.99816317963572554       -4.7385259965923833E-002
  -3.0671892694690468E-002  0.99888186846207416       -3.5975656439330518E-002
  -1.2616377287490547E-002  0.99953261581547548       -2.7845591127011352E-002
  -1.2010141893388301E-002  0.99924915137235715       -3.6835987475901798E-002
  -1.0761311906470892E-002  0.99923967704921535       -3.7473483646865466E-002
  -8.1252888831958928E-003  0.99874333991592035       -4.9454227869389140E-002
  -8.5258438014769438E-003  0.99856547448520694       -5.2861168674243793E-002
   6.8447553330192677E-003  0.99894348214588724       -4.5443028097613157E-002
   1.6880976625706950E-002  0.99837625682129960       -5.4404801659895433E-002
   1.1480879211284160E-002  0.99878478845635921       -4.7928444171710986E-002
   1.7653443102587478E-002  0.99864733188382537       -4.8906670996293027E-002
   1.2142350342254034E-002  0.99932630748881157       -3.4633718959168225E-002
   1.6752160374441945E-002  0.99945092580623596       -2.8586920572964112E-002
   2.6503531259276077E-002  0.99868121657042086       -4.3970336594262076E-002
   2.1344583072914324E-002  0.99827933400079005       -5.4614833885889995E-002
   1.3842204482321220E-002  0.99838173550065734       -5.5157081084536166E-002
   2.0401060855553682E-003  0.99903231756726907       -4.3934797408556756E-002
   1.9303160955169891E-002  0.99850589862615813       -5.1121017066443897E-002
   3.0752665321655232E-002  0.99777605068965047       -5.9137350682778957E-002
   2.5574673471849527E-002  0.99845097443971820       -4.9412424724822879E-002
   3.9766674979498255E-002  0.99800586727925078       -4.9019388381181389E-002
   3.6309858430182543E-002  0.99759165290477247       -5.9097277733408254E-002
   4.3519112367629641E-002  0.99757883638416556       -5.4245295253565105E-002
   3.6651953163733826E-002  0.99799201642963131       -5.1658198497438919E-002
   3.1446750905999604E-002  0.99761786668368158       -6.1397833275744940E-002
   2.9477470285425800E-002  0.99626077698874116       -8.1212948347917882E-002
   3.5108259578195085E-002  0.99540736424566167       -8.9059470663679516E-002
   5.1346332049822037E-002  0.99331603485570741      -0.10337702396357627     
   5.3507232570511119E-002  0.99566547285884366       -7.6073926015544344E-002
   6.5488957153322966E-002  0.99624160392447481       -5.6690943729665398E-002
   7.0327564211481716E-002  0.99532524008264445       -6.6194411897877933E-002
   8.1003123881445802E-002  0.99483555025522652       -6.1161441037860587E-002
   8.7204529073520567E-002  0.99334536846835297       -7.5235291263727147E-002
   9.8337053064753321E-002  0.99276795245221794       -6.8859397168222827E-002
  0.10420953957342514       0.99237211411578130       -6.5863183853119900E-002
  0.11641572632549471       0.99145546855836464       -5.8850934825380945E-002
  0.12575743257633926       0.99051751634894958       -5.5318332926042178E-002
  0.14573015022088026       0.98792487271793639       -5.2603889417510007E-002
  0.15117817870593075       0.98727006609903978       -4.9426459188936664E-002
  0.16102318979624269       0.98657953143493016       -2.7062159955862392E-002
  0.16610145135732265       0.98579576016734882       -2.4840030053724378E-002
  0.16999492429856142       0.98464636834499897       -3.9664278863134554E-002
  0.18165142576323651       0.98285260312184664       -3.1678384661975263E-002
  0.19847858149034969       0.97955451079052680       -3.2851378654654477E-002
  0.20941241589317452       0.97589706537219578       -6.1411382232613852E-002
  0.19414911058000231       0.97923510850107409       -5.8350022621103274E-002
  0.19716768740715163       0.97820554396360060       -6.5106196336391933E-002
  0.19246748562509475       0.97933317255930885       -6.2151460981005664E-002
  0.20427421739857066       0.97721660895106366       -5.7617213542369441E-002
  0.20189227628744999       0.97744372545897329       -6.1994131467076864E-002
  0.21157249637736050       0.97639808624935454       -4.3403409373578040E-002
  0.21658275957096992       0.97470670000714477       -5.5124923744214398E-002
  0.23048837272256356       0.97235977355255321       -3.7303898141239356E-002
  0.23912616592531413       0.96989265146505599       -4.6118558129492365E-002
  0.24969868336452075       0.96607313751711210       -6.5979242901598276E-002
  0.24695076699225096       0.96644204840159498       -7.0746630755594772E-002
  0.24039759119487331       0.96846348113614322       -6.5478880972166351E-002
  0.23667849768370625       0.96942035659365899       -6.4864943968268876E-002
  0.25268762860735844       0.96564580885813156       -6.0639378159036514E-002
  0.26767918024620846       0.96190892732312516       -5.5489386361649726E-002
  0.28648142437083968       0.95664028458532824       -5.2609499132354881E-002
  0.30253535114870839       0.95153102842983739       -5.5326876295194775E-002
  0.30733690165899696       0.94929959885999582       -6.6138494712982637E-002
  0.31884482878560955       0.94537847563691002       -6.7804962643657846E-002
  0.31930339270210334       0.94527735463591656       -6.7052712260216335E-002
  0.31714043779896456       0.94638005347501086       -6.1536469652692841E-002
  0.32110582394428278       0.94468866191912948       -6.6741155747473704E-002
  0.32848404971534628       0.94145857323465010       -7.5855019382886441E-002
  0.31738178011256274       0.94598585729673712       -6.6178270203579720E-002
  0.31255647967500788       0.94723271731282632       -7.1124020311886402E-002
  0.31535213070587759       0.94683863916953070       -6.3636664234185139E-002
  0.32301155235734624       0.94414203592307688       -6.5263719222284133E-002
  0.33952145258607880       0.93881823318262747       -5.7840368927672817E-002
  0.35411231501241980       0.93291526504668620       -6.5372598230575507E-002
  0.36327964097288767       0.92991135632096367       -5.7382678918952712E-002
  0.37553963636574661       0.92425607157678225       -6.8707318909535298E-002
  0.38090639220656386       0.92194328219450494       -7.0220401541163074E-002
  0.38872619146363213       0.91861590730145282       -7.0970155156292292E-002
  0.39502067918105982       0.91645953726826934       -6.3722677041718565E-002
  0.40731188415784941       0.91141126499654967       -5.8536612997091578E-002
  0.41502296599686594       0.90728428659439475       -6.7758106482280797E-002
  0.42855545070456952       0.90110349735329687       -6.5975091732104751E-002
  0.43045419592675183       0.90155654143830932       -4.3646165912339621E-002
  0.43173045152403017       0.90160343364842643       -2.6834039208149606E-002
  0.44124415591645366       0.89673698250766887       -3.4152292347856376E-002
  0.44979963613947599       0.89252210036218838       -3.2933079021896287E-002
  0.46662761301912725       0.88418211642475109       -2.1923862860357590E-002
  0.47257747127582728       0.88019594314271610       -4.3882061456239831E-002
  0.48317049164171583       0.87483995471738218       -3.4660202492062177E-002
  0.49259136680346416       0.86959332564691894       -3.4076287078060659E-002
  0.50737869643074707       0.86112093400760037       -3.2211728021230082E-002
  0.51741966481150226       0.85504459028654456       -3.4287593792330151E-002
  0.53963661727196621       0.84112556352351564       -3.6057006067026519E-002
  0.55564153325712540       0.83098906034220732       -2.6826630635362472E-002
  0.56859695203828675       0.82250794709086261       -1.3348524455713729E-002
  0.57321759143591833       0.81911525862756429       -2.1720634242651322E-002
  0.57618188760228528       0.81693524450767740       -2.5124463780293982E-002
  0.59660105123197316       0.80216296989989710       -2.4530703012377086E-002
  0.60236961472879513       0.79773523971997029       -2.7736880870142519E-002
  0.59986100952433807       0.79974082340791552       -2.4111918780352758E-002
  0.61994209899778308       0.78426828607094123       -2.4393633463904198E-002
  0.63107282688872302       0.77520197258264745       -2.8442729592080149E-002
  0.62818793522291860       0.77757910303469335       -2.7398112419068098E-002
  0.65047636985250490       0.75929098441027865       -1.8912780249796382E-002
  0.65827436662390004       0.75261313185507372       -1.5758553398109023E-002
  0.65450258387498317       0.75554941237521311       -2.7775045642476476E-002
  0.66487198401700054       0.74684345915543937       -1.3041947171986893E-002
  0.68009945051664600       0.73305366974423569       -9.8516334414744666E-003
  0.69125988590890153       0.72258232500278685        5.8782418100077477E-003
  0.70804256502775431       0.70616694176618711        1.9941076972982111E-003
  0.72639196050478305       0.68689115821929358       -2.3135610520895786E-002
  0.73689453064183641       0.67590123528957302       -1.1998785112554511E-002
  0.75528168684462826       0.65537744827725164       -5.4748339454578597E-003
  0.77227888093775576       0.63516115760523428       -1.2475332745328841E-002
  0.78024308901339201       0.62514129376163008       -2.0471562736534919E-002
  0.79708437776041918       0.60352170016857321       -2.0446323775210478E-002
  0.81142746837729696       0.58347459449142125       -3.3806229394626935E-002
  0.82673397800153980       0.56171418437300158       -3.1434132593773235E-002
  0.82835796031545739       0.55889024102745566       -3.8272549775100757E-002
  0.83630701107928829       0.54676920483577851       -4.0423011551320130E-002
  0.84801123566334191       0.52855558790690638       -3.8806374233064905E-002
  0.85626870476661099       0.51560967285552151       -3.0831323278971815E-002
  0.86315781467581787       0.50452024862791700       -2.0442741706806981E-002
  0.86790629552838616       0.49651519358143736       -1.4537012243981642E-002
  0.87502168110177192       0.48376450258615200       -1.7577361559753556E-002
  0.87809582126972296       0.47847679637609508       -2.7720025827421102E-003
  0.88766160387460158       0.46040699285273895       -9.0707187734982968E-003
  0.89659136237906401       0.44285717532829294       -1.2046441381944458E-003
  0.90487066412099360       0.42561729528759712       -7.6810914134997875E-003
  0.90287076677604194       0.42970688466669188       -1.3280503427501334E-002
  0.91085676834535811       0.41255017254526494       -1.1929069214421101E-002
  0.91309024719295417       0.40772374253807342       -5.2488333805940091E-003
  0.91863578381339750       0.39510515242714012        4.6392140400699589E-004
  0.92306783172759566       0.38450546145181996        1.0066188128414848E-002
  0.93236721702674163       0.36093595628930036        2.0410979186107910E-002
  0.93450879188868630       0.35535954254062302        2.0320270865971136E-002
  0.93730111145574735       0.34775060917653489        2.3154703219189412E-002
  0.94099153053573337       0.33775755937912028        2.1325349757437682E-002
  0.94399626563833516       0.32889662935124342        2.6420780879214512E-002
  0.94853708244657775       0.31470477781677891        3.5189572930427092E-002
  0.95036653263518944       0.30888279509678007        3.7347992451644475E-002
  0.95721616930211983       0.28564352832296408        4.6313928291431772E-002
  0.95769751670290670       0.28167904774101060        5.8926908664916615E-002
  0.96159441205512830       0.27039741654816118        4.7131983073397180E-002
  0.96395749315186863       0.26295432541231428        4.0508939054470471E-002
  0.96526818718825902       0.25706676365157255        4.6626235404519920E-002
  0.96457613110181040       0.25915887035619017        4.9290640332277952E-002
  0.96615721453843528       0.25296023885067626        5.0510933033758282E-002
  0.96930676613329214       0.24041901915648053        5.1410975054508937E-002
  0.97248976824456668       0.22635068220848642        5.5036527174061982E-002
  0.97537211002532465       0.21497995332784978        4.9324098085027579E-002
  0.97305641657855135       0.22621689983793403        4.4577173340426560E-002
  0.97519229207333036       0.21734696663908246        4.1955805004238816E-002
  0.97707585122669149       0.20832061949347261        4.3878245674728859E-002
  0.97936845448912380       0.19845906368201627        3.8097642893519905E-002
  0.98038636941410517       0.19405187585088796        3.4444682402094230E-002
  0.98411987619852337       0.17410096959480989        3.4596555567717166E-002
  0.98643968015445982       0.16152337188408777        2.9102538582763508E-002
  0.98554462305094293       0.16659748183297740        3.0774584031046524E-002
  0.98569538775265120       0.16733670070090864        2.0075636021905922E-002
  0.98906694818033858       0.14522055419531002        2.5642984546229129E-002
  0.99009327987152751       0.13821115161658254        2.4758326317802955E-002
  0.99269393236808778       0.11545584677695435        3.5052875553923939E-002
  0.99265059561055380       0.11599917009929811        3.4481699063222612E-002
  0.99222314072488982       0.11858460703306188        3.7827635200334532E-002
  0.99227932054319101       0.11700496141538504        4.1128931745500870E-002
  0.99264286851358119       0.11484638176778660        3.8346371196981602E-002
  0.99261622787999548       0.11807955390009070        2.7753253864067132E-002
  0.99300552017707033       0.11439566293823555        2.9217617951965015E-002
  0.99381624569652560       0.10594105335765860        3.3253014948018828E-002
  0.99595764708233203        8.0038282483278600E-002   4.0770559909716529E-002
  0.99629896006220264        6.6421870275734013E-002   5.4557468123503580E-002
  0.99783170012433353        4.2797717735821465E-002   5.0002535771571953E-002
  0.99870496108655049        2.7200718503517313E-002   4.2994437012295536E-002
  0.99809192287302662        3.2080342249217533E-002   5.2757607383176766E-002
  0.99778960700623776        2.5083506404894106E-002   6.1536313318016539E-002
  0.99774219292818078        1.0461962201021642E-002   6.6340513999881154E-002
  0.99825904554118416       -9.7075252356596045E-003   5.8177675692672993E-002
  0.99750657455131253       -2.8973452334291355E-002   6.4351944700521205E-002
  0.99642981662583463       -3.0811407701843808E-002   7.8602020930970309E-002
  0.99555099665236602       -3.6742869980525422E-002   8.6765053852774776E-002
  0.99582118095666317       -3.8301555294108634E-002   8.2904562118910147E-002
  0.99537173226670739       -5.8237220287273496E-002   7.6443055783919023E-002
  0.99394945385278322       -6.1498752166837513E-002   9.1007618734232992E-002
  0.99192804025846248       -7.0592601223228343E-002  0.10533493058593409     
  0.99261678254342633       -7.4634443629279471E-002   9.5611834190566250E-002
  0.99036610521582491       -9.2898333767353111E-002  0.10268825260411880     
  0.99060412760233141       -9.8372579609046912E-002   9.5006831113797582E-002
  0.98904739658507568      -0.10467771877086879       0.10405682342456464     
  0.98820291285037243      -0.10472196501160067       0.11175112114939678     
  0.98948591468749436      -0.11776972229684807        8.3951873982520270E-002
  0.98859317680100955      -0.12371087802324832        8.5901975770087721E-002
  0.98928576780374988      -0.13159725959969754        6.3212584876708791E-002
  0.99004076421707099      -0.12700535162841214        6.0736528104769212E-002
  0.98913983352743662      -0.13340719650653524        6.1683949691811339E-002
  0.98653853118731372      -0.15342555353969892        5.6589097923669396E-002
  0.98688659965672310      -0.15207768697652999        5.4103757188021913E-002
  0.98447727828887155      -0.16031303720293025        7.1443814537775388E-002
  0.98272657250912954      -0.16822626374114322        7.7125922180256032E-002
  0.97813593532530618      -0.19149459950070780        8.1116646795538885E-002
  0.97660976233722074      -0.20118620264589135        7.5878086247366819E-002
  0.97755931456388123      -0.20008634079024432        6.5903283215367855E-002
  0.97427815144455288      -0.21646393012278847        6.2653416296171827E-002
  0.97690140451571295      -0.20554559040305867        5.8435059006435981E-002
  0.97408654026796559      -0.21765980634800081        6.1478620424800401E-002
  0.97440230797302996      -0.21543528376425949        6.4247807170712254E-002
  0.97457526166821784      -0.21411611822397927        6.6010205733806712E-002
  0.97368126769874019      -0.21589751020516901        7.3027761979831352E-002
  0.97318324333083694      -0.21408198862639335        8.4162206754823984E-002
  0.97352480755957582      -0.21404778150470560        8.0205961742284004E-002
  0.97117475792742358      -0.22358293929925649        8.2645379900606289E-002
  0.96825769395440930      -0.24198103964560425        6.2627586175118599E-002
  0.96631853103538679      -0.25163142122100363        5.3945569159190521E-002
  0.95899489877412813      -0.27474915190557625        6.9582236615142512E-002
  0.95684501447976200      -0.28026318338476086        7.6812540019601291E-002
  0.95606345597096576      -0.28162166764882762        8.1436505742489659E-002
  0.95694449570635276      -0.27779569678938071        8.4183032629009294E-002
  0.96012907438566586      -0.27075127979516195        6.9612534852609001E-002
  0.95854478691521172      -0.27745271321354048        6.4899024708507960E-002
  0.95841742162558352      -0.28071197063623132        5.1350126251955390E-002
  0.95519341993456020      -0.28933372671605012        6.2382089563597858E-002
  0.94993558211166385      -0.30469166406290504        6.9176438826753547E-002
  0.94715168866968447      -0.31512369756452302        6.0006115383582262E-002
  0.94916505340981683      -0.30675591134957270        7.0615240831078938E-002
  0.94884431469463859      -0.30929734242206613        6.3479291444602418E-002
  0.94851520234493691      -0.31041525698217876        6.2938693609184138E-002
  0.94765596318501000      -0.31161672123894585        6.9593063477477596E-002
  0.94367408247087048      -0.32106518876342455        7.9977313264869010E-002
  0.93868016781752450      -0.33509476835228436        8.1185212748338634E-002
  0.93616379211948120      -0.33795929065357727        9.6854902743247429E-002
  0.93082818493250585      -0.34985673003706408       0.10563691865550323     
  0.92923083930391015      -0.35180666640846686       0.11296953906745179     
  0.92847776740980692      -0.35136050501738292       0.12031139156218533     
  0.93243334577816972      -0.33372685105038030       0.13854401672004957     
  0.92924513985120905      -0.34276646533753530       0.13789351073534412     
  0.93022878983391533      -0.33468141679122021       0.15054151526655576     
  0.93797124692059575      -0.31177016330254731       0.15168818419549326     
  0.93663721412517642      -0.30859051116532155       0.16577884525642611     
  0.93672508910771080      -0.31090945351084959       0.16087703115704163     
