  -0.0000000000000000        0.0000000000000000       -0.0000000000000000     
   0.0000000000000000        0.0000000000000000       -0.0000000000000000     
   0.0000000000000000       -0.0000000000000000        0.0000000000000000     
   0.0000000000000000        0.0000000000000000        0.0000000000000000     
  -0.0000000000000000       -0.0000000000000000       -0.0000000000000000     
   0.0000000000000000       -0.0000000000000000        0.0000000000000000     
  -0.0000000000000000       -0.0000000000000000        0.0000000000000000     
  -0.0000000000000000        0.0000000000000000       -0.0000000000000000     
  -0.0000000000000000       -0.0000000000000000        0.0000000000000000     
   0.0000000000000000        0.0000000000000000        0.0000000000000000     
  -0.0000000000000000       -0.0000000000000000        0.0000000000000000     
   0.0000000000000000       -0.0000000000000000       -0.0000000000000000     
                       NaN                       NaN                       NaN
  -0.0000000000000000       -0.0000000000000000        0.0000000000000000     
   0.0000000000000000       -0.0000000000000000        0.0000000000000000     
   0.0000000000000000       -0.0000000000000000        0.0000000000000000     
  -0.0000000000000000        0.0000000000000000       -0.0000000000000000     
   0.0000000000000000       -0.0000000000000000        0.0000000000000000     
  -0.0000000000000000        0.0000000000000000        0.0000000000000000     
  -0.0000000000000000        0.0000000000000000        0.0000000000000000     
  -0.0000000000000000       -0.0000000000000000        0.0000000000000000     
   0.0000000000000000       -0.0000000000000000        0.0000000000000000     
  -0.0000000000000000       -0.0000000000000000       -0.0000000000000000     
   0.0000000000000000        0.0000000000000000        0.0000000000000000     
   0.0000000000000000        0.0000000000000000        0.0000000000000000     
   0.0000000000000000        0.0000000000000000       -0.0000000000000000     
   0.0000000000000000       -0.0000000000000000       -0.0000000000000000     
   0.0000000000000000       -0.0000000000000000        0.0000000000000000     
   0.0000000000000000       -0.0000000000000000       -0.0000000000000000     
  -0.0000000000000000       -0.0000000000000000       -0.0000000000000000     
   0.0000000000000000        0.0000000000000000        0.0000000000000000     
   0.0000000000000000        0.0000000000000000        0.0000000000000000     
  -0.0000000000000000       -0.0000000000000000        0.0000000000000000     
   0.0000000000000000       -0.0000000000000000        0.0000000000000000     
                       NaN                       NaN                       NaN
   0.0000000000000000       -0.0000000000000000        0.0000000000000000     
                       NaN                       NaN                       NaN
 -0.18457725987416085      -0.70137041247144627       0.68848440770069719     
  -0.0000000000000000        0.0000000000000000        0.0000000000000000     
   0.0000000000000000        0.0000000000000000       -0.0000000000000000     
   0.0000000000000000        0.0000000000000000       -0.0000000000000000     
  -0.0000000000000000       -0.0000000000000000        0.0000000000000000     
   0.0000000000000000        0.0000000000000000       -0.0000000000000000     
   0.0000000000000000       -0.0000000000000000        0.0000000000000000     
   0.0000000000000000       -0.0000000000000000        0.0000000000000000     
   0.0000000000000000       -0.0000000000000000       -0.0000000000000000     
  -0.0000000000000000       -0.0000000000000000       -0.0000000000000000     
   0.0000000000000000       -0.0000000000000000        0.0000000000000000     
  -0.0000000000000000        0.0000000000000000       -0.0000000000000000     
   0.0000000000000000       -0.0000000000000000       -0.0000000000000000     
  -0.0000000000000000        0.0000000000000000       -0.0000000000000000     
   0.0000000000000000        0.0000000000000000        0.0000000000000000     
  -0.0000000000000000        0.0000000000000000       -0.0000000000000000     
   0.0000000000000000        0.0000000000000000        0.0000000000000000     
   0.0000000000000000        0.0000000000000000       -0.0000000000000000     
  -0.0000000000000000       -0.0000000000000000        0.0000000000000000     
  -0.0000000000000000       -0.0000000000000000       -0.0000000000000000     
   0.0000000000000000       -0.0000000000000000        0.0000000000000000     
  -0.0000000000000000        0.0000000000000000       -0.0000000000000000     
  -0.0000000000000000       -0.0000000000000000       -0.0000000000000000     
   0.0000000000000000        0.0000000000000000       -0.0000000000000000     
   0.0000000000000000       -0.0000000000000000       -0.0000000000000000     
  -0.0000000000000000        0.0000000000000000        0.0000000000000000     
   0.0000000000000000       -0.0000000000000000       -0.0000000000000000     
  -0.0000000000000000       -0.0000000000000000       -0.0000000000000000     
   0.0000000000000000       -0.0000000000000000        0.0000000000000000     
                       NaN                       NaN                       NaN
   0.0000000000000000        0.0000000000000000       -0.0000000000000000     
  -0.0000000000000000        0.0000000000000000        0.0000000000000000     
   0.0000000000000000       -0.0000000000000000       -0.0000000000000000     
  -0.0000000000000000       -0.0000000000000000        0.0000000000000000     
  -0.0000000000000000       -0.0000000000000000        0.0000000000000000     
  -0.0000000000000000        0.0000000000000000       -0.0000000000000000     
  -0.0000000000000000       -0.0000000000000000        0.0000000000000000     
   0.0000000000000000        0.0000000000000000        0.0000000000000000     
   0.0000000000000000        0.0000000000000000       -0.0000000000000000     
   0.0000000000000000       -0.0000000000000000       -0.0000000000000000     
   0.0000000000000000        0.0000000000000000        0.0000000000000000     
  -0.0000000000000000        0.0000000000000000       -0.0000000000000000     
   0.0000000000000000        0.0000000000000000        0.0000000000000000     
                       NaN                       NaN                       NaN
   0.0000000000000000       -0.0000000000000000        0.0000000000000000     
   0.0000000000000000        0.0000000000000000        0.0000000000000000     
  -0.0000000000000000        0.0000000000000000       -0.0000000000000000     
  -0.0000000000000000        0.0000000000000000        0.0000000000000000     
   0.0000000000000000       -0.0000000000000000        0.0000000000000000     
                       NaN                       NaN                       NaN
  -0.0000000000000000       -0.0000000000000000        0.0000000000000000     
   0.0000000000000000        0.0000000000000000       -0.0000000000000000     
  -0.0000000000000000        0.0000000000000000       -0.0000000000000000     
                       NaN                       NaN                       NaN
   0.0000000000000000        0.0000000000000000       -0.0000000000000000     
                       NaN                       NaN                       NaN
  -0.0000000000000000        0.0000000000000000       -0.0000000000000000     
   0.0000000000000000        0.0000000000000000        0.0000000000000000     
   0.0000000000000000        0.0000000000000000        0.0000000000000000     
  -0.0000000000000000       -0.0000000000000000        0.0000000000000000     
   0.0000000000000000        0.0000000000000000        0.0000000000000000     
  -0.0000000000000000       -0.0000000000000000        0.0000000000000000     
  -0.0000000000000000        0.0000000000000000       -0.0000000000000000     
  -0.0000000000000000        0.0000000000000000        0.0000000000000000     
  -0.0000000000000000        0.0000000000000000        0.0000000000000000     
  -0.0000000000000000        0.0000000000000000       -0.0000000000000000     
   0.0000000000000000        0.0000000000000000       -0.0000000000000000     
   0.0000000000000000        0.0000000000000000        0.0000000000000000     
   0.0000000000000000        0.0000000000000000        0.0000000000000000     
   0.0000000000000000        0.0000000000000000       -0.0000000000000000     
   0.0000000000000000        0.0000000000000000       -0.0000000000000000     
   0.0000000000000000       -0.0000000000000000       -0.0000000000000000     
   0.0000000000000000        0.0000000000000000        0.0000000000000000     
  -0.0000000000000000        0.0000000000000000       -0.0000000000000000     
  -0.0000000000000000       -0.0000000000000000        0.0000000000000000     
   0.0000000000000000       -0.0000000000000000       -0.0000000000000000     
   0.0000000000000000       -0.0000000000000000        0.0000000000000000     
  -0.0000000000000000       -0.0000000000000000       -0.0000000000000000     
  -0.0000000000000000        0.0000000000000000        0.0000000000000000     
  -0.0000000000000000       -0.0000000000000000       -0.0000000000000000     
  -0.0000000000000000       -0.0000000000000000       -0.0000000000000000     
  -0.0000000000000000        0.0000000000000000       -0.0000000000000000     
   0.0000000000000000       -0.0000000000000000        0.0000000000000000     
   0.0000000000000000        0.0000000000000000        0.0000000000000000     
  -0.0000000000000000        0.0000000000000000        0.0000000000000000     
                       NaN                       NaN                       NaN
   0.0000000000000000       -0.0000000000000000        0.0000000000000000     
   0.0000000000000000       -0.0000000000000000        0.0000000000000000     
   0.0000000000000000       -0.0000000000000000       -0.0000000000000000     
  -0.0000000000000000       -0.0000000000000000       -0.0000000000000000     
   0.0000000000000000       -0.0000000000000000        0.0000000000000000     
   0.0000000000000000        0.0000000000000000       -0.0000000000000000     
  -0.0000000000000000        0.0000000000000000        0.0000000000000000     
   0.0000000000000000        0.0000000000000000        0.0000000000000000     
  -0.0000000000000000       -0.0000000000000000       -0.0000000000000000     
  -0.0000000000000000       -0.0000000000000000       -0.0000000000000000     
                       NaN                       NaN                       NaN
  -0.0000000000000000       -0.0000000000000000        0.0000000000000000     
  -0.0000000000000000       -0.0000000000000000       -0.0000000000000000     
   0.0000000000000000       -0.0000000000000000       -0.0000000000000000     
   0.0000000000000000        0.0000000000000000       -0.0000000000000000     
   0.0000000000000000        0.0000000000000000       -0.0000000000000000     
   0.0000000000000000       -0.0000000000000000        0.0000000000000000     
                       NaN                       NaN                       NaN
  -0.0000000000000000        0.0000000000000000        0.0000000000000000     
  -0.0000000000000000        0.0000000000000000       -0.0000000000000000     
   0.0000000000000000        0.0000000000000000       -0.0000000000000000     
                       NaN                       NaN                       NaN
   0.0000000000000000       -0.0000000000000000        0.0000000000000000     
   0.0000000000000000        0.0000000000000000       -0.0000000000000000     
  -0.0000000000000000       -0.0000000000000000       -0.0000000000000000     
  -0.0000000000000000        0.0000000000000000       -0.0000000000000000     
  -0.0000000000000000       -0.0000000000000000       -0.0000000000000000     
  -0.0000000000000000        0.0000000000000000       -0.0000000000000000     
                       NaN                       NaN                       NaN
  -0.0000000000000000        0.0000000000000000        0.0000000000000000     
  -0.0000000000000000        0.0000000000000000        0.0000000000000000     
  -0.0000000000000000       -0.0000000000000000        0.0000000000000000     
   0.0000000000000000        0.0000000000000000       -0.0000000000000000     
  -0.0000000000000000        0.0000000000000000        0.0000000000000000     
  -0.0000000000000000       -0.0000000000000000       -0.0000000000000000     
   0.0000000000000000        0.0000000000000000        0.0000000000000000     
   0.0000000000000000       -0.0000000000000000        0.0000000000000000     
   0.0000000000000000       -0.0000000000000000       -0.0000000000000000     
  -0.0000000000000000        0.0000000000000000       -0.0000000000000000     
  -0.0000000000000000        0.0000000000000000        0.0000000000000000     
  -0.0000000000000000        0.0000000000000000        0.0000000000000000     
  -0.0000000000000000       -0.0000000000000000        0.0000000000000000     
  -0.0000000000000000       -0.0000000000000000        0.0000000000000000     
  -0.0000000000000000       -0.0000000000000000       -0.0000000000000000     
   0.0000000000000000        0.0000000000000000        0.0000000000000000     
   0.0000000000000000        0.0000000000000000       -0.0000000000000000     
  -0.0000000000000000       -0.0000000000000000       -0.0000000000000000     
  -0.0000000000000000       -0.0000000000000000        0.0000000000000000     
  -0.0000000000000000        0.0000000000000000        0.0000000000000000     
  -0.0000000000000000        0.0000000000000000       -0.0000000000000000     
   0.0000000000000000       -0.0000000000000000        0.0000000000000000     
  -0.0000000000000000        0.0000000000000000       -0.0000000000000000     
   0.0000000000000000       -0.0000000000000000        0.0000000000000000     
  -0.0000000000000000       -0.0000000000000000        0.0000000000000000     
  -0.0000000000000000        0.0000000000000000       -0.0000000000000000     
  -0.0000000000000000        0.0000000000000000        0.0000000000000000     
   0.0000000000000000        0.0000000000000000       -0.0000000000000000     
   0.0000000000000000        0.0000000000000000        0.0000000000000000     
   0.0000000000000000       -0.0000000000000000       -0.0000000000000000     
   0.0000000000000000        0.0000000000000000        0.0000000000000000     
  -0.0000000000000000       -0.0000000000000000       -0.0000000000000000     
   0.0000000000000000       -0.0000000000000000        0.0000000000000000     
  -0.0000000000000000       -0.0000000000000000       -0.0000000000000000     
  -0.0000000000000000        0.0000000000000000       -0.0000000000000000     
   0.0000000000000000       -0.0000000000000000        0.0000000000000000     
   0.0000000000000000        0.0000000000000000        0.0000000000000000     
   0.0000000000000000        0.0000000000000000        0.0000000000000000     
  -0.0000000000000000        0.0000000000000000       -0.0000000000000000     
  -0.0000000000000000       -0.0000000000000000        0.0000000000000000     
  -0.0000000000000000        0.0000000000000000       -0.0000000000000000     
   0.0000000000000000        0.0000000000000000        0.0000000000000000     
   0.0000000000000000        0.0000000000000000       -0.0000000000000000     
   0.0000000000000000       -0.0000000000000000        0.0000000000000000     
  -0.0000000000000000        0.0000000000000000       -0.0000000000000000     
  -0.0000000000000000       -0.0000000000000000        0.0000000000000000     
  -0.0000000000000000       -0.0000000000000000        0.0000000000000000     
  -0.0000000000000000       -0.0000000000000000       -0.0000000000000000     
   0.0000000000000000        0.0000000000000000       -0.0000000000000000     
   0.0000000000000000        0.0000000000000000       -0.0000000000000000     
   0.0000000000000000       -0.0000000000000000        0.0000000000000000     
   0.0000000000000000       -0.0000000000000000       -0.0000000000000000     
  -0.0000000000000000       -0.0000000000000000       -0.0000000000000000     
   0.0000000000000000        0.0000000000000000       -0.0000000000000000     
  -0.0000000000000000        0.0000000000000000        0.0000000000000000     
   0.0000000000000000       -0.0000000000000000        0.0000000000000000     
   0.0000000000000000        0.0000000000000000       -0.0000000000000000     
   0.0000000000000000        0.0000000000000000       -0.0000000000000000     
   0.0000000000000000       -0.0000000000000000       -0.0000000000000000     
   0.0000000000000000       -0.0000000000000000        0.0000000000000000     
   0.0000000000000000       -0.0000000000000000        0.0000000000000000     
  -0.0000000000000000        0.0000000000000000       -0.0000000000000000     
  -0.0000000000000000        0.0000000000000000       -0.0000000000000000     
   0.0000000000000000       -0.0000000000000000        0.0000000000000000     
  -0.0000000000000000        0.0000000000000000        0.0000000000000000     
                       NaN                       NaN                       NaN
   0.0000000000000000        0.0000000000000000       -0.0000000000000000     
   0.0000000000000000       -0.0000000000000000        0.0000000000000000     
  -0.0000000000000000       -0.0000000000000000        0.0000000000000000     
  -0.0000000000000000       -0.0000000000000000        0.0000000000000000     
                       NaN                       NaN                       NaN
   0.0000000000000000       -0.0000000000000000       -0.0000000000000000     
   0.0000000000000000       -0.0000000000000000       -0.0000000000000000     
  -0.0000000000000000       -0.0000000000000000        0.0000000000000000     
  -0.0000000000000000        0.0000000000000000        0.0000000000000000     
  -0.0000000000000000       -0.0000000000000000        0.0000000000000000     
  -0.0000000000000000        0.0000000000000000        0.0000000000000000     
   0.0000000000000000        0.0000000000000000        0.0000000000000000     
   0.0000000000000000        0.0000000000000000       -0.0000000000000000     
   0.0000000000000000       -0.0000000000000000        0.0000000000000000     
   0.0000000000000000       -0.0000000000000000        0.0000000000000000     
   0.0000000000000000        0.0000000000000000       -0.0000000000000000     
  -0.0000000000000000        0.0000000000000000        0.0000000000000000     
  -0.0000000000000000       -0.0000000000000000        0.0000000000000000     
   0.0000000000000000       -0.0000000000000000       -0.0000000000000000     
  -0.0000000000000000        0.0000000000000000        0.0000000000000000     
  -0.0000000000000000        0.0000000000000000       -0.0000000000000000     
   0.0000000000000000       -0.0000000000000000       -0.0000000000000000     
   0.0000000000000000       -0.0000000000000000       -0.0000000000000000     
  -0.0000000000000000        0.0000000000000000        0.0000000000000000     
  -0.0000000000000000        0.0000000000000000        0.0000000000000000     
  -0.0000000000000000       -0.0000000000000000       -0.0000000000000000     
   0.0000000000000000       -0.0000000000000000        0.0000000000000000     
   0.0000000000000000       -0.0000000000000000        0.0000000000000000     
   0.0000000000000000        0.0000000000000000        0.0000000000000000     
  -0.0000000000000000       -0.0000000000000000        0.0000000000000000     
                       NaN                       NaN                       NaN
   0.0000000000000000        0.0000000000000000       -0.0000000000000000     
   0.0000000000000000       -0.0000000000000000        0.0000000000000000     
