  -1.6081460002793042E-002  0.98619787103511491       0.16478818467956236     
  -2.3110796425626249E-002  0.98357835533234095       0.17899583796921162     
  -2.6953985842209906E-002  0.98267574580884354       0.18336264953978834     
  -2.8304410266981363E-002  0.98346309669341403       0.17888319597334693     
  -2.6090334154712496E-002  0.98612072147164609       0.16396712215543535     
  -2.1617043255437684E-002  0.98725333845592955       0.15768179713750791     
  -2.9021939488303575E-002  0.98589778553912744       0.16481287418579282     
  -2.9363239312410149E-002  0.98910254183299373       0.14427044713520806     
  -3.6551649740194911E-002  0.99030758772865479       0.13399574093352162     
  -3.5329403291906460E-002  0.98970287086861630       0.13870854572612532     
  -3.3827694523373482E-002  0.98885649992076796       0.14497761774729778     
  -4.3682991225710968E-002  0.98552858652658049       0.16378400842724147     
  -4.7540665010096884E-002  0.98194090458839123       0.18311729865452320     
  -4.3417553102491430E-002  0.98442346116404333       0.17036832215056094     
  -5.8670554589577636E-002  0.98537451650531904       0.15998383745260172     
  -4.5611332826317366E-002  0.98670976494301466       0.15595975789897504     
  -2.5840100615668393E-002  0.98789935981007770       0.15292855876850089     
  -3.4471398097682994E-002  0.98607155600928009       0.16271019987274407     
  -4.0658570591480266E-002  0.98376951288234338       0.17476963741077622     
  -5.0543752916909365E-002  0.98526537328179797       0.16339361448035142     
  -3.9762930501989056E-002  0.98753193860631638       0.15231408204872132     
  -4.1591181356594807E-002  0.98643156662060083       0.15881731016419409     
  -2.8083286982275565E-002  0.98712020533259515       0.15749612444884545     
  -3.6256594563613208E-002  0.98554227795199900       0.16550491750952390     
  -3.0931168783779082E-002  0.98569533653630792       0.16567427781114366     
  -3.5046989434755246E-002  0.98277372943410357       0.18145937635113699     
  -4.9070448392025907E-002  0.98316576188615656       0.17600334016551764     
  -5.7607373062283022E-002  0.98229762885595551       0.17824914842105308     
  -4.8299052390589590E-002  0.98092193521645310       0.18830655471698163     
  -3.9477924626498524E-002  0.98363926460541085       0.17577056236387212     
  -2.4046064310470218E-002  0.98294277810678943       0.18233288721150750     
  -2.0125682792996896E-002  0.98258457841590041       0.18472277377563237     
  -1.8546498440596845E-002  0.98282727107006262       0.18359352558455505     
  -1.0911600284102466E-002  0.98411010600934934       0.17722368980897371     
   1.2420391297445937E-002  0.98535939954831409       0.17003701832778867     
   1.6520270046445122E-002  0.98152022354397439       0.19064399138650837     
   1.9185876476276349E-002  0.98167198206369921       0.18961018373221344     
   1.5651728456558236E-002  0.97979062779385961       0.19941250984739028     
   2.1458656699666338E-002  0.97812537808046041       0.20690643007795106     
   3.1846330044112491E-002  0.97723840815970842       0.20974008887239612     
   5.2808310893612397E-002  0.97258933618009091       0.22645367175061140     
   7.0639162314182255E-002  0.97145719322051971       0.22645315296471197     
   7.9723667454105168E-002  0.97296785204439262       0.21674338683288133     
   7.1621269318766986E-002  0.97467566378789761       0.21184367868971191     
   8.7996882673228666E-002  0.97444196206685663       0.20668674655886515     
   8.6493733037958570E-002  0.97201914553804580       0.21839783619039185     
   8.0021699116261016E-002  0.97221258609328642       0.21999821615720141     
   7.9563251507011393E-002  0.97607129063975384       0.20237224265812040     
   8.4550291252875567E-002  0.97504850454100989       0.20525998645959587     
   8.6207492341320260E-002  0.97660857450444349       0.19698720889595495     
   9.6423038203459502E-002  0.97874544655442197       0.18099709542586351     
  0.11204029824200895       0.97923600557418700       0.16894915494595289     
  0.11543808780731449       0.98032589319235930       0.16010993417021460     
  0.13476540316852126       0.97540033704620022       0.17444904298672742     
  0.15058694197814398       0.97190922024068604       0.18087575989284099     
  0.16261879259706077       0.96864678573482477       0.18782580435037824     
  0.16937707157779813       0.96551054623015109       0.19773920385721219     
  0.18380369564784305       0.96323684386337582       0.19593617351147150     
  0.18642685141429130       0.96477262559340116       0.18563084328141258     
  0.19360676905340540       0.96260663601276109       0.18948583926218968     
  0.18083436139967263       0.96383413263601825       0.19576184128411422     
  0.18742574403457643       0.96124303061318661       0.20219650484284143     
  0.20766647329896687       0.95623870744754080       0.20611203324072480     
  0.22332760215523667       0.95402457435629484       0.19990471139991139     
  0.24683901211563303       0.94899146004235913       0.19617775323529821     
  0.25042706470625326       0.94741713063741040       0.19921612845697551     
  0.25564641278194961       0.94545149085916158       0.20190688463722534     
  0.26903400186569898       0.94312588244747220       0.19527999308122465     
  0.27113023561447241       0.94427486347768774       0.18663702081804104     
  0.27799306361606407       0.94249217141299879       0.18554881677489737     
  0.28337599953205878       0.94118652864038332       0.18402706647412417     
  0.27983954614336132       0.94510268133901709       0.16873277731394770     
  0.28730994942967536       0.94246340709248611       0.17092606369521385     
  0.28485978904700410       0.94267467771261659       0.17383714385455981     
  0.29296818546308112       0.94164967736573990       0.16572726819526995     
  0.30998777640196457       0.93707342921487158       0.16062679334670893     
  0.31370726854692277       0.93815156278864198       0.14649025530067489     
  0.31905265437539521       0.93643051497498986       0.14595648104722636     
  0.33137241856298877       0.93113655000453022       0.15224009150475420     
  0.34334333650633103       0.92584688794418024       0.15786986210412673     
  0.33729526652654179       0.93054224424538656       0.14255888205772529     
  0.34464389622228814       0.92855491536503443       0.13786353378669380     
  0.36246738023138320       0.92295179155156215       0.12952755976995461     
  0.38318333453496556       0.91447896362604764       0.12999521998940761     
  0.39728054786705241       0.90887448798745651       0.12694617509792863     
  0.40310463676117220       0.90705002859832384       0.12151912376833443     
  0.41058638743686671       0.90378379895836158       0.12080423499171761     
  0.42900217743954794       0.89428984140985601       0.12729026397671350     
  0.44925662259995336       0.88373283700558047       0.13109065507560613     
  0.46323628473216399       0.87732209095580416       0.12537181991371274     
  0.46184483811492999       0.87773072328133495       0.12762493061552499     
  0.46279461514468173       0.87797254049904971       0.12241471448617104     
  0.46793757723946428       0.87723008729405494       0.10724643468817371     
  0.47863877612835615       0.87135203416231000       0.10793773458597912     
  0.48379040510090293       0.87015778308095026        9.3660431751883863E-002
  0.47750260578547260       0.87424925951301213        8.7632720538804790E-002
  0.48713047438716583       0.86944311756089354        8.2295602855370645E-002
  0.50444187651330641       0.85910271442907449        8.6492307636747437E-002
  0.50747126529540465       0.85836186821414462        7.5417624567495678E-002
  0.51218490969230790       0.85600702117205252        7.0132716956009991E-002
  0.51823388021532235       0.85208360564526409        7.3397373165091970E-002
  0.52248370717342418       0.84919009899440878        7.6726472017034503E-002
  0.52763378560363161       0.84561955360790231        8.0809398250150544E-002
  0.55530773228868990       0.82856344213453348        7.1525833225248192E-002
  0.57388620433341841       0.81736237393140598        5.0728435388822928E-002
  0.58799018491733246       0.80709065334777641        5.3593093953792623E-002
  0.58753193345184840       0.80773740157394658        4.8646862929704611E-002
  0.58945945600130423       0.80598719268682339        5.4057330265739674E-002
  0.59699427267701888       0.80028779568296027        5.6011449470131348E-002
  0.60432147458958596       0.79567949099553392        4.1105996630127789E-002
  0.61268366716606626       0.78926841455524699        4.0915691041297692E-002
  0.60842912006041461       0.79217908318050656        4.7605735303646202E-002
  0.62234738717646587       0.78179991622210099        3.8374739995747531E-002
  0.64047039384061000       0.76671805810856486        4.4057848153146950E-002
  0.65056675328362079       0.75859632563843848        3.5979358663930774E-002
  0.66750942458746620       0.74380250629196387        3.4481875249214533E-002
  0.67624762642185654       0.73605687190430458        3.0156741887261723E-002
  0.68548716061676418       0.72785728101285796        1.8197008164426539E-002
  0.70955859446673930       0.70419786887184532        2.5138864229238403E-002
  0.72049923137222260       0.69344542670952902       -3.7812389074420097E-003
  0.72479261596961519       0.68890499297539398       -9.2506480580389627E-003
  0.73881080622816875       0.67376753230109265        1.3996607352431120E-002
  0.74007940819795048       0.67251775734368580       -1.5282731396374719E-003
  0.74819492576065505       0.66336947051190553       -1.2053989329761657E-002
  0.76245273572882344       0.64690472243719410       -1.3420352755745723E-002
  0.77349845427408725       0.63375654036465645       -7.2655888005498052E-003
  0.77631845329041771       0.62996510633210734       -2.1762901570074131E-002
  0.78505746515200781       0.61905842167020986       -2.1247281432969972E-002
  0.80103386467307736       0.59774805594976521       -3.2280168140667836E-002
  0.81197814372233634       0.58310375828618366       -2.6105577751810497E-002
  0.81589649954878851       0.57723952865129691       -3.3278049619270153E-002
  0.82794447631020562       0.56013942955955365       -2.7418307754431277E-002
  0.84073699244545996       0.53996864073881090       -3.9939661396196542E-002
  0.85066547109487489       0.52263735391382626       -5.6731407358599828E-002
  0.85006597756006552       0.52144771850174076       -7.4027769547510697E-002
  0.85670257860996990       0.51226499615481036       -6.0376034297890194E-002
  0.86704342918067279       0.49299338690093869       -7.2063946509750926E-002
  0.87555704517726440       0.47921758917867147       -6.1240206255688989E-002
  0.88286934990150945       0.46526895191766809       -6.3769219737432131E-002
  0.88052809872880478       0.47068744185393402       -5.5889170954986772E-002
  0.88622627245267038       0.46012203477800750       -5.3765296673515400E-002
  0.89021487877756511       0.45060443798730210       -6.6881313303429835E-002
  0.89733996836576191       0.43371908386296060       -8.1662338114994237E-002
  0.89993438780195523       0.42871393503074862       -7.9513895401817719E-002
  0.90592032781383425       0.41454756460032466       -8.6363628557479657E-002
  0.90382081998945751       0.41406696341752786      -0.10796515715623993     
  0.90844785623838464       0.40494053646358974      -0.10366124842226479     
  0.90955735092416501       0.40189217216934436      -0.10577384992908118     
  0.91335901383233264       0.38862842243088758      -0.12142183135707924     
  0.92528772229983813       0.36845220740079371       -8.9919974547695194E-002
  0.92918405957354666       0.35618249148738962       -9.8747233846104648E-002
  0.93584673572386168       0.34085368728912252       -8.9496654107288173E-002
  0.93683398626462067       0.33589682241929814       -9.7546946995581571E-002
  0.93920485151657218       0.33038338930751271       -9.3493651963185861E-002
  0.94693783059361558       0.30795060791188011       -9.2060676063993541E-002
  0.94604383326716346       0.30409071893918793      -0.11193703673145289     
  0.95061980243918875       0.28889262142389877      -0.11341536270410386     
  0.95738507654841998       0.27020384333484632      -0.10199852081992611     
  0.95889922351422607       0.26346312686362949      -0.10535397442456435     
  0.96272284886624859       0.24024278521425027      -0.12429046795049778     
  0.96460654205875840       0.23460320341464044      -0.12039749152300834     
  0.96681221857732169       0.22554692702505663      -0.12001132329555561     
  0.97038091245644442       0.20393789684845645      -0.12949988019000860     
  0.97327271966904194       0.19278149837784539      -0.12480187110463863     
  0.97463391832459423       0.18890112536633424      -0.12002120682021218     
  0.97736783273209171       0.17150804890331295      -0.12384308096115923     
  0.97799475988111773       0.16213910880400592      -0.13129036157051746     
  0.98401120740860082       0.14129990946064988      -0.10842637723671766     
  0.98685335427520327       0.12357198210987493      -0.10416536081258972     
  0.98397396956053207       0.13039300826453321      -0.12162602773672773     
  0.98774099592947917       0.11457647371085332      -0.10601866171682527     
  0.98859407600494797        8.8342762704041136E-002 -0.12197257546571907     
  0.99013028485692645        7.3636467125389307E-002 -0.11924634048235316     
  0.98904657525508344        7.8712273001432229E-002 -0.12486492724195319     
  0.98890296454006499        5.9956799548009060E-002 -0.13592685132758550     
  0.98702015680578670        5.7258517579693032E-002 -0.15004223479959194     
  0.98902684871785473        3.9237747669892860E-002 -0.14242995356673949     
  0.98926975768457681        2.0221835134532507E-002 -0.14469424285192001     
  0.98667369775433411        6.1675804757661892E-003 -0.16259451131838798     
  0.98631995273397788       -6.5315228438765360E-003 -0.16471275010813208     
  0.98604750514208506       -2.0922756785806025E-002 -0.16514404576475580     
  0.98393629033260033       -3.4941457753196140E-002 -0.17506704743212587     
  0.98313375631292854       -4.6027247639296665E-002 -0.17700143974776619     
  0.98258520574394392       -4.9737735119500789E-002 -0.17903203947426283     
  0.98265947599707903       -5.3126900506869641E-002 -0.17764539587526379     
  0.98048480930150805       -5.7062759709352935E-002 -0.18813128443546526     
  0.98318054630263929       -5.8748528569643473E-002 -0.17292953409682685     
  0.98350498101481554       -7.3899308728865562E-002 -0.16509647024828733     
  0.98048636078466966       -7.2385417864051116E-002 -0.18277540205367113     
  0.97895785247625522       -9.5142451390878735E-002 -0.18052544701069803     
  0.97378858831667070      -0.11597619840749608      -0.19566631459495229     
  0.97329647546604214      -0.11324106688858424      -0.19967581630061315     
  0.97379625229104028      -0.10934361595264880      -0.19941121501641865     
  0.97434781991597141      -0.10139886678676555      -0.20090942147981392     
  0.97455537353201394      -0.10067930319287062      -0.20026358088398635     
  0.97323957500817604      -0.10151832301026549      -0.20615227316497975     
  0.97312772702571071      -0.10759509311085613      -0.20358222621889163     
  0.97277283586398222      -0.10683300948175718      -0.20566895217853551     
  0.97133274400922220      -0.10412659380613687      -0.21370623032060884     
  0.96964548439052600      -0.10256402284359700      -0.22196453730089216     
  0.96819760595030280      -0.10687586497876336      -0.22620995848357922     
  0.96998220907688248      -0.10523316278233161      -0.21922704104457039     
  0.97033176014698541      -0.10425032772196147      -0.21814707061960797     
  0.96699218927974295       -9.8270708261354783E-002 -0.23509354259481638     
  0.97089945044334536       -8.5051347156857013E-002 -0.22387613869194070     
  0.96934689610390667       -9.2816726714516962E-002 -0.22748989044729898     
  0.96930530991641839      -0.11436162998140940      -0.21764336368433429     
  0.97189401877322634      -0.11536433404095940      -0.20521473315557434     
  0.97156362599119972      -0.11226176311017895      -0.20847402042994734     
  0.97139572182950862      -0.10844285892584588      -0.21125931449125798     
  0.96898060755404247      -0.10820923846795169      -0.22218762993106517     
  0.97284355145320589      -0.12989993714225137      -0.19157617473566815     
  0.97080571123397841      -0.14262428258720933      -0.19285897711014707     
  0.97057947966961000      -0.14710246863386181      -0.19062092583473622     
  0.97310777522016934      -0.15308773947282189      -0.17212031207604073     
  0.97443721446448395      -0.15866376587890704      -0.15905321267997341     
  0.97221531259125848      -0.17558270090801625      -0.15481634637507360     
  0.97327140338481055      -0.18151903307214751      -0.14068978635961399     
  0.97411479306291970      -0.18382203441413003      -0.13156682560522109     
  0.97372733652221877      -0.18200756041709007      -0.13685145984009162     
  0.97130352160368283      -0.19329801552230019      -0.13858335439519526     
  0.96878978375595104      -0.21014488012392268      -0.13147427218965729     
  0.97218603144748383      -0.19270442525110967      -0.13311395399067463     
  0.97329480661768963      -0.18219086445871549      -0.13965567771780232     
  0.97257780529868310      -0.18100729762996651      -0.14604372922207901     
  0.97055942381246918      -0.17837615460206235      -0.16185287244342253     
  0.97054789355852544      -0.17886564240690592      -0.16138112738320304     
  0.97032336305982592      -0.18720487014764850      -0.15305851068552606     
  0.97349825433984438      -0.17816299998745375      -0.14338442813899313     
  0.97691335625396125      -0.16080273812389381      -0.14065124878393107     
  0.97335969027209168      -0.16073875082789557      -0.16350525170680408     
  0.97247266656585174      -0.16773773800578770      -0.16174351310331428     
  0.96902921699202993      -0.16659313016512475      -0.18228852294535125     
  0.96922316740864911      -0.18120085360392862      -0.16665143987242362     
  0.96929987982070187      -0.18292608634535260      -0.16430395586821350     
  0.96744999527861808      -0.18542049372808975      -0.17222005441013924     
  0.96858895275512580      -0.19464631118049985      -0.15475223469970154     
  0.96705938036698669      -0.20462643313547321      -0.15140732382045838     
  0.96854727751757286      -0.19940381636883051      -0.14884316991666885     
  0.96751723519471866      -0.19635599978336832      -0.15923165812815027     
  0.96619051370800590      -0.20325866571383022      -0.15862473335798818     
  0.97029271303614395      -0.19027750143691477      -0.14942062600552938     
  0.96626988852438878      -0.19389127619279226      -0.16949535553340231     
  0.96815842193524670      -0.19394021788770824      -0.15829233058338954     
  0.96951311327309331      -0.18100467618194832      -0.16517151810097980     
  0.96990288202986608      -0.18756335958436043      -0.15526875272116933     
  0.97007689119673290      -0.17891649243515606      -0.16413321997933095     
  0.96745368598161463      -0.18512865513312987      -0.17251303292558864     
  0.96637011649149795      -0.18472370467574598      -0.17890207065061173     
  0.96501210015501970      -0.18196254906447845      -0.18878897555830848     
  0.96501210011834626      -0.18196254927919889      -0.18878897553927920     
