  -2.0213509040387882E-003  0.87598387592286253       0.48233615172790184     
  -4.6006987928086393E-003  0.86937766691608165       0.49412681149495258     
   2.1787457047962454E-003  0.86861430200259460       0.49548405365228382     
   9.6826130299022366E-003  0.87065348121207498       0.49180154804372889     
   4.8597247177716262E-003  0.87155381442247015       0.49027577101189657     
   2.5695693201532319E-003  0.87855102304872246       0.47764159912381204     
   5.2179111080940289E-003  0.87421952554544935       0.48550282651984422     
   1.3889399848549434E-002  0.87856986992374597       0.47741184341616333     
   2.9710187667245397E-002  0.87520648546485424       0.48283632066056831     
   3.0681367427244366E-002  0.87603966679993350       0.48126204492548225     
   3.6887652242874859E-002  0.87638647955603077       0.48019375210783061     
   3.5344711744575867E-002  0.88245418788533136       0.46906860653355725     
   2.7773861067463983E-002  0.88340026906374891       0.46779544382080196     
   4.4816781442179647E-002  0.88376473888898177       0.46578035853570909     
   4.2600050847906253E-002  0.87941279630053482       0.47415015487778733     
   4.1818865242078125E-002  0.87248386324196880       0.48685017294054106     
   4.8591259919708168E-002  0.86682069310289567       0.49624668811794737     
   4.8087056225775845E-002  0.86838988749281276       0.49354497092337923     
   5.5132215966405065E-002  0.86451487075254163       0.49957429578627249     
   5.0481127692755617E-002  0.86269304702467720       0.50320210886098837     
   5.3347117001447272E-002  0.86795886970727809       0.49376258019831631     
   6.3394316735416387E-002  0.87147675538228875       0.48632234724923834     
   7.0606014316169127E-002  0.87330163015928319       0.48203636118401222     
   6.4512676558698731E-002  0.87442014640294641       0.48086122959527744     
   7.6110754210733655E-002  0.87654544333907147       0.47526333632522538     
   6.9147953792509556E-002  0.87575603864767360       0.47777601578401085     
   6.4010754219246457E-002  0.87723871522848573       0.47576765321799552     
   7.5195828152135907E-002  0.87569543317220377       0.47697284592507111     
   8.2786576807921397E-002  0.87821031757875778       0.47105522054069598     
   8.7094491236377705E-002  0.88082864270280992       0.46535518885105687     
   8.2671979652082839E-002  0.88775605412443215       0.45282947358340553     
   9.8665867572765409E-002  0.88577665440528486       0.45350277296472574     
  0.11228544438018437       0.88600908863851824       0.44986650667757738     
  0.11423339680421604       0.88673538754681236       0.44794093754285808     
  0.12751955954526006       0.88789049223102978       0.44202854629437971     
  0.14017740767627454       0.88886976520273642       0.43618898987204230     
  0.14010915013281361       0.89252431405303434       0.42868377024704535     
  0.13195424318567861       0.89898347483455932       0.41763236186827773     
  0.14465740850384448       0.89712309408062563       0.41742590747599351     
  0.14388903069684922       0.89940824198237945       0.41274781780075687     
  0.15297389902736222       0.89226974071737242       0.42479841809559438     
  0.16497871847470158       0.88087631918346454       0.44366533868698416     
  0.15917610349307940       0.88290457907523245       0.44174933200260480     
  0.16876018180776264       0.88219284718853397       0.43960866848323088     
  0.17795353499039193       0.89264556801312689       0.41414542046356773     
  0.17597784493824761       0.89758883263498068       0.40418570684756117     
  0.17297831563929458       0.89295327254546764       0.41558748220914277     
  0.18051634541530173       0.89234607748575911       0.41368143182125461     
  0.18681634949105502       0.89408866621980831       0.40706892352539126     
  0.18198516106460730       0.88800410889461956       0.42229149143519612     
  0.17626121348546647       0.89585838200958767       0.40788447384497828     
  0.17987661424756926       0.89369535218766949       0.41103895329395457     
  0.18023007172439270       0.90040788550638606       0.39595802929621349     
  0.18249299272523248       0.89906822190378965       0.39796060102596420     
  0.17844290750392378       0.89975738985460796       0.39823958638433843     
  0.18315895874540247       0.90376342353105343       0.38686492490109614     
  0.20351561476377991       0.90031356562552800       0.38472961687134094     
  0.22036594523059691       0.90193431902647048       0.37142069724893229     
  0.22518602185110845       0.90094866613761149       0.37092149647564376     
  0.23591226763715470       0.90000774964995733       0.36651255442114811     
  0.24141278751257822       0.89929768175846758       0.36466909055917074     
  0.25193175797137335       0.89850189663789071       0.35947841529578189     
  0.27154002161173724       0.89713835355376936       0.34843764326767140     
  0.27849538741911090       0.89379030053831376       0.35153835900213082     
  0.27260848388834064       0.89050891873849369       0.36425057331361832     
  0.26866057525821485       0.89018867997383622       0.36794783509128615     
  0.28681364476397514       0.89170421906232156       0.35014499694220902     
  0.29198792793308209       0.89354811066745266       0.34104959150242498     
  0.30856284880717338       0.89031001143954269       0.33486870840155047     
  0.31943252929883875       0.89122528819459590       0.32199432434160480     
  0.31402325739085929       0.89063888691413018       0.32886435947666154     
  0.33041691233145692       0.88516552334439280       0.32757695329157843     
  0.34822144759018864       0.87898447789650469       0.32577309750070454     
  0.35780150941654676       0.87590515469207131       0.32367922368156299     
  0.36521373452129413       0.87037678167194121       0.33024715902397045     
  0.37215669638000254       0.87005133938639911       0.32328015740446614     
  0.38258778582161362       0.86783624728052833       0.31699658365062017     
  0.38619360958115984       0.86728769547349327       0.31411231940016648     
  0.39293843421440577       0.87181863736455811       0.29245794648280016     
  0.37892756466087835       0.88007648255754889       0.28614556713202532     
  0.38111700162408979       0.88031379248582242       0.28248443821260605     
  0.38705432667744089       0.87570496928243780       0.28866893662865367     
  0.39406142248114390       0.87118974930044668       0.29282079165585739     
  0.39879077350847120       0.87268445240699910       0.28175834591296794     
  0.40522878014857255       0.86809866540306591       0.28669555780429468     
  0.39462277587117095       0.87119355606340632       0.29205248267619399     
  0.40490947356932078       0.87323649757836486       0.27112052211311166     
  0.41472688336253488       0.86909614668813528       0.26958022929776215     
  0.43970020676111904       0.86255647800876800       0.25031989617155664     
  0.45714659537538521       0.85364373584280806       0.24961843400083314     
  0.47213760412026601       0.84831231650129280       0.23969208674419401     
  0.48743950386890900       0.84327298487878410       0.22648046944859920     
  0.49632892696403114       0.84127156427094951       0.21428894373682233     
  0.49019035970477998       0.84279060735986466       0.22230025505718670     
  0.49761042384755988       0.84252333389927236       0.20624814644866016     
  0.50940658552278684       0.83434210498792538       0.21066129798882033     
  0.51866076809760375       0.82648788601679390       0.21888074813444774     
  0.54291028252063456       0.81526720411814757       0.20146416808639969     
  0.54128499576224509       0.82020086428485528       0.18515154762800054     
  0.54659024063108785       0.81809978714632214       0.17875079613247588     
  0.55098361799814433       0.81576038667040895       0.17593193069201879     
  0.56235493006898374       0.81034028860953922       0.16463763021654365     
  0.56972271657861029       0.80930880400501370       0.14295204081881313     
  0.57554674253418781       0.80526066313654476       0.14248232017755083     
  0.58577220977127609       0.79973607786812362       0.13150332321195948     
  0.59812276877936565       0.79081567024339772       0.12984501979356772     
  0.59107749117715902       0.79676032781772099       0.12569956022003731     
  0.61152834126043443       0.78126212257842254       0.12515024434462541     
  0.62376916751731970       0.77340374935726941       0.11295426567805199     
  0.63906954875582944       0.76248248892784320       0.10104734499937083     
  0.65270431141452301       0.75298369784465580        8.3621962671796154E-002
  0.64774621354938389       0.75794424893781698        7.7106149784076247E-002
  0.65265175632530215       0.75306665942535755        8.3284400864933814E-002
  0.67349663052028008       0.73598525148645533        6.8760441187130122E-002
  0.68510635676590526       0.72466510270156537        7.4092974332775854E-002
  0.69873700084409018       0.71253259894084031        6.3748718402936458E-002
  0.70621454249714977       0.70665612763062702        4.3567616960623542E-002
  0.71910748836668470       0.69347020552826932        4.4536436987460452E-002
  0.72790305134586564       0.68420437742306495        4.4961291757397458E-002
  0.72464833886652980       0.68671459975711135        5.7513854490975513E-002
  0.72327708714157724       0.68883595592586777        4.8736855045136779E-002
  0.73236255632968827       0.68026155628133000        2.9821152424866632E-002
  0.73857859243069723       0.67338082416639011        3.2556542323825079E-002
  0.73847532597303345       0.67360743224734132        3.0120095454122323E-002
  0.75374226024424296       0.65712563273161950        7.6490475857388064E-003
  0.76503067358912802       0.64387210367931635        1.2521284731815591E-002
  0.76976486343398398       0.63825978324419463        9.3007588686270289E-003
  0.78263376743700630       0.62207328179613708       -2.2565862330994634E-002
  0.78496636196656100       0.61883592099235885       -2.9494295558987634E-002
  0.79092556069237052       0.60958967329491587       -5.3265257491698165E-002
  0.80365670118408161       0.59246428483254487       -5.5874661876205628E-002
  0.80779619745794407       0.58710819763309097       -5.2623831526308368E-002
  0.81824051159433886       0.57346131101335029       -4.0306202459225553E-002
  0.82741364909879367       0.55921083757108814       -5.1671001810110459E-002
  0.83216371971022096       0.55232177986347386       -4.9438801426538254E-002
  0.84064654170699893       0.53907317212822237       -5.2091333325995297E-002
  0.85022301645822707       0.52412342854896043       -4.9147267785258832E-002
  0.86565893316968734       0.49777309279769322       -5.3446791392354483E-002
  0.86481977005930022       0.49717574331709974       -7.0021750704106656E-002
  0.87831760938952541       0.47489496907809686       -5.5072183364947722E-002
  0.88732889501349277       0.45710992184544486       -6.0810783785326131E-002
  0.90121951238359210       0.42994840240846321       -5.4293293927430201E-002
  0.90808923803031127       0.41163816577458623       -7.6993222112490281E-002
  0.91280523800148161       0.39975393128910919       -8.3566691306771620E-002
  0.90965506751815384       0.40345200354757682       -9.8763044566220981E-002
  0.91214773579548569       0.39463160936847602      -0.11069056405319443     
  0.91672775106967253       0.37797460862795412      -0.12940411759787288     
  0.92032162642295168       0.36717338442021746      -0.13487701698812601     
  0.92364309719681947       0.35371204607101631      -0.14755072844591618     
  0.92523338290580570       0.34179081639496944      -0.16468826608091097     
  0.93329414893990525       0.31707879059538241      -0.16859143545597813     
  0.93139656618373601       0.31057468183342213      -0.18985205688960582     
  0.93538040755322382       0.29962656650603287      -0.18784944452771296     
  0.93243606973416782       0.30120795168755327      -0.19959144695824813     
  0.93341378469354641       0.30006311196515556      -0.19672527895991587     
  0.92936856804374535       0.30241582280788060      -0.21170435717704172     
  0.93526165236003789       0.28928598764693858      -0.20395896395085236     
  0.93823473024659065       0.27584019242971647      -0.20887263870464948     
  0.94162498790086135       0.26221983618191419      -0.21114719906603518     
  0.94385284508961054       0.24365028418718845      -0.22310613131814724     
  0.94563036044310866       0.23075855004257048      -0.22920234071773249     
  0.94425752181510592       0.23046443097649030      -0.23508270576603038     
  0.94082128305183355       0.23211429177669926      -0.24693778347936829     
  0.94240132382066699       0.21457689380718889      -0.25658624574421884     
  0.93890608493212535       0.21653918098496119      -0.26751849800675626     
  0.93942394839042020       0.20063120030684331      -0.27790244089246197     
  0.93707852800873814       0.20243220042354895      -0.28443810675902131     
  0.93889100810738113       0.19682641860751229      -0.28238809435464118     
  0.94246291632090262       0.18973549576441051      -0.27525278019837091     
  0.93819346621483457       0.17605763200541824      -0.29798780203967745     
  0.94180391493528781       0.16775033628253166      -0.29131634092453867     
  0.93970556940655359       0.15636996610896436      -0.30414121148799605     
  0.94298741442947787       0.14606791553577578      -0.29906337167670938     
  0.93996739274204943       0.14434308422519262      -0.30923514453902623     
  0.93520942553235675       0.14734794287499842      -0.32198123256790262     
  0.93460479616061443       0.13894711906280666      -0.32742567568491016     
  0.94009876755394184       0.10919234668200641      -0.32294169546473378     
  0.93716038636406129       0.11682944975757885      -0.32875718988229807     
  0.93232868858244011       0.12064276063251914      -0.34089373821340951     
  0.93514661371664332       0.10141026180313248      -0.33943595810596655     
  0.93775179649760909        9.8809706052703769E-002 -0.33295376579231661     
  0.93131454622774534        9.7461420610076913E-002 -0.35093373659036303     
  0.92822790335664374        7.9768716099082440E-002 -0.36335920431720653     
  0.92657797316928359        6.8184794298250417E-002 -0.36987037386631305     
  0.92315108076807684        7.8435642040309894E-002 -0.37635080992932018     
  0.91888515269470672        8.5233773831689799E-002 -0.38520809954572655     
  0.91647359083037938        7.2668875341880615E-002 -0.39344045530043470     
  0.91315220144449893        7.5341076675481053E-002 -0.40059553063213327     
  0.91361304354468642        6.1944047770977798E-002 -0.40183845213065622     
  0.91543481114034175        4.8429316229373687E-002 -0.39954187250149609     
  0.92257000208712847        3.7457097242599817E-002 -0.38400723575879780     
  0.91682191227963872        2.7061940987114889E-002 -0.39837825306348801     
  0.91686536028775634        3.3452317552742618E-002 -0.39779247548785246     
  0.91359119369737396        2.8248385075977052E-002 -0.40565152475888272     
  0.90805361325863376        3.3083701473553162E-002 -0.41754533184403708     
  0.91325737924700090        3.0012029621629605E-002 -0.40627606049198839     
  0.91234953935670549        2.4012214140878264E-002 -0.40870739118305599     
  0.90712181063705322        9.0872566523752911E-003 -0.42077005886004809     
  0.90969875200670924        8.5514859409637489E-003 -0.41518074700741736     
  0.90824568675593753       -5.3671507411087588E-003 -0.41840287544680765     
  0.90577031742656955       -2.0517684966463477E-002 -0.42327196537520445     
  0.90465037800327386       -1.3157190110655494E-002 -0.42595138446414971     
  0.90133185553640593       -1.7829526406806268E-002 -0.43276205261483891     
  0.90169739539554528       -2.4361452344913499E-002 -0.43168081585418688     
  0.90232846450111703       -2.3695188711279468E-002 -0.43039735150555147     
  0.89762212184165313       -3.0977817246586135E-002 -0.43967590475158580     
  0.89875503009262536       -2.8303499384957388E-002 -0.43753663595837300     
  0.89858334941505980       -2.2637177610684078E-002 -0.43821857827325761     
  0.90120143212348758       -3.4255587240914161E-002 -0.43204459663483030     
  0.90151779419022071       -3.2977554788450276E-002 -0.43148365859969012     
  0.90272635889220909       -3.0812435170241285E-002 -0.42911037601075586     
  0.90289797656132986       -1.8121306738524877E-002 -0.42947277231920389     
  0.89703704222221392       -2.2339635844924592E-002 -0.44139040038444011     
  0.90465604137975486       -2.8006784810764636E-002 -0.42522119749569626     
  0.90302617119017559       -3.8483170201335133E-002 -0.42785836413101291     
  0.90386299352397581       -5.6150360696111679E-002 -0.42412123966098869     
  0.89956110588653437       -6.8794846842395868E-002 -0.43134335027229342     
  0.89771255406049577       -7.5930191791155344E-002 -0.43398937343757588     
  0.89148925823250791       -8.4284445041695730E-002 -0.44513260359140822     
  0.88805262223781467       -7.7841184467668606E-002 -0.45310406104692069     
  0.89034921935912725       -8.1577224276839597E-002 -0.44791006247446480     
  0.88763503999362559       -8.4274478597682473E-002 -0.45277129771287788     
  0.88717247734885751       -9.0867075703330663E-002 -0.45240266355075337     
  0.88286745786189025       -9.8158941606350025E-002 -0.45924925044163634     
  0.88250883493055421       -9.3436287022227699E-002 -0.46092061847677762     
  0.88697140564301513       -9.9322424889203786E-002 -0.45101749576461247     
  0.88330591783331025      -0.10102920793739854      -0.45778133935777160     
  0.88391511474068030       -9.6641210740064390E-002 -0.45755277981853043     
  0.87649624768500811       -9.2109834177458938E-002 -0.47251466246234280     
  0.87417016056261920       -9.2028666127843758E-002 -0.47681993980186610     
  0.86984601004426021       -9.5934903831300239E-002 -0.48390537611909229     
  0.86852211705487414      -0.10635498174828892      -0.48410530883666286     
  0.86837662353593170      -0.10055872268615290      -0.48560270076273709     
  0.86759487122999079      -0.12212842998063153      -0.48204127002351377     
  0.86614461424931866      -0.11102477163985329      -0.48730586625775141     
  0.86339747777607256      -0.10712475548151168      -0.49302036685409101     
  0.85321004515485277      -0.10967672912316666      -0.50990551471394929     
  0.85263184646536472      -0.11037873259909917      -0.51072053980908105     
  0.85629828010358777      -0.10254422432381451      -0.50619950370329747     
  0.85816761827175125      -0.10217653232551147      -0.50309869329160772     
  0.84682688059691114       -9.4552881468645933E-002 -0.52339658663816391     
  0.85635950946292316       -8.0459260353881637E-002 -0.51007322805233357     
  0.85841511319191099       -8.1694416182983329E-002 -0.50640844760750181     
  0.85186422321203359       -9.2845268500721903E-002 -0.51546784703644477     
  0.85182613535405904       -8.3811260920230224E-002 -0.51707630739643173     
  0.85585053534830802       -7.3139640690101496E-002 -0.51202583343395625     
  0.85800233595079523       -7.9164896634907278E-002 -0.50750853258222517     
  0.86228092993953087       -8.6557103695138485E-002 -0.49897842204099968     
  0.85136723938291003       -8.7235208488807572E-002 -0.51726573645026697     
  0.84418974400579061       -8.6916238043814500E-002 -0.52895107872065816     
  0.84667526158130624       -9.4185433851271927E-002 -0.52370803457334059     
