  -5.3047086094791002E-002  0.97461262035073049       0.21752298018815105     
  -6.8006881474960881E-002  0.97575580395048589       0.20802806332077350     
  -7.5951933675404024E-002  0.97325917821529873       0.21678993470788394     
  -7.6312247780553455E-002  0.96736723049606388       0.24161349755561104     
  -8.4355176432209272E-002  0.96714101848949940       0.23983839259840042     
  -8.3280997204583831E-002  0.96805347346068749       0.23650950937606710     
  -8.9240876060327254E-002  0.96999347775474332       0.22616082585904124     
  -9.4794804755429257E-002  0.96739074282911697       0.23488102452073345     
 -0.10466416955531450       0.96394305734583430       0.24466138601353141     
  -9.1208862630004287E-002  0.96541096158028872       0.24425932661489780     
  -8.9155142752807601E-002  0.96866201131826379       0.23183025762307730     
  -8.4291929886124731E-002  0.96917052108651125       0.23152401951627641     
  -8.1826715554239371E-002  0.96817656377485750       0.23651327653794610     
  -7.9855174081243013E-002  0.97075054671517280       0.22642112804384523     
  -6.5119850626927905E-002  0.97227291690621132       0.22459915428383584     
  -6.6827161744552444E-002  0.97011600419499655       0.23325751618736987     
  -6.1675329072880050E-002  0.97158198259721751       0.22852703314096467     
  -6.7744271321088040E-002  0.97166247187726140       0.22645695937317556     
  -8.1140706397428430E-002  0.97148857780770181       0.22276922802419280     
  -8.0146846473418812E-002  0.97151983907642725       0.22299256777139140     
  -7.2585639586659131E-002  0.97318756549334340       0.21825967858249659     
  -6.1900374147174822E-002  0.97481244459404115       0.21426395297629766     
  -3.8035746406838822E-002  0.97487233361951353       0.21949308676702922     
  -4.2730275100092044E-002  0.97250854002079568       0.22891322193462543     
  -3.1589360610964998E-002  0.97095027440591675       0.23718700834418607     
  -3.5254898283383150E-002  0.97206651075773509       0.23204264868835967     
  -1.7536213303976918E-002  0.97344540444627559       0.22824663367809697     
  -2.2639465395791789E-002  0.97309827817596084       0.22927537071733750     
  -2.5873830084814486E-002  0.97454369635396321       0.22269963810813959     
  -1.4837366252637270E-002  0.97574318530530502       0.21841494658777788     
  -1.2735871907754797E-003  0.97775943790209929       0.20972567694261454     
   1.6054402360791708E-002  0.97934135525637245       0.20157570798449018     
   3.1541854742979096E-002  0.97875527633950155       0.20259126446359496     
   3.8110492251428339E-002  0.97715096758262077       0.20910183388172837     
   3.4512683440259970E-002  0.97591866064952604       0.21538719200033279     
   4.8394744084148983E-002  0.97931071852817886       0.19649036953716742     
   5.8309385624338690E-002  0.97785728671289340       0.20098542825441199     
   6.1196609644751924E-002  0.97741718150500556       0.20226375915323594     
   7.6399752013011524E-002  0.97308572160786388       0.21741034081950333     
   7.7023852849447599E-002  0.97558180843209219       0.20568777588518666     
   8.1555274049706458E-002  0.97697906031602322       0.19713105533806061     
  0.10080914078800786       0.97730244334783778       0.18632619611833995     
   9.7773178965965754E-002  0.97908200933358303       0.17843437021550113     
   9.1793033089409504E-002  0.97863893826455106       0.18395615670228821     
  0.10014493526979866       0.97803717616769326       0.18279571650815624     
  0.11465129492652322       0.97440342237183797       0.19337282911960457     
  0.11735931925469319       0.97439247733634671       0.19179700282958223     
  0.12614494401903178       0.97442570446337307       0.18596236065261673     
  0.12808419632610191       0.97641902410663306       0.17378241572192130     
  0.14873566515283079       0.97353459782263363       0.17351682556417306     
  0.14997532292856727       0.97387874445842904       0.17049220980603619     
  0.15589873094654394       0.97135727824129758       0.17933383310718123     
  0.15345347747956012       0.97170257576955932       0.17957208717457052     
  0.14963362267312283       0.97231596585380642       0.17947546214314891     
  0.16284712578352076       0.96867176057891557       0.18749889034602371     
  0.17266259086825039       0.96732229901534172       0.18567498362013296     
  0.18228042904711786       0.96645581638286426       0.18093368996991532     
  0.19627216269241113       0.96268025104688448       0.18634369427579392     
  0.19186116181743798       0.96359283662724826       0.18622067497116182     
  0.20454807471429404       0.96119067526944246       0.18512852537021116     
  0.21657714292711980       0.95779887536008435       0.18898586063640635     
  0.21989997763164701       0.95753294346243711       0.18647965578518760     
  0.23147510265486812       0.95315338975358510       0.19472517159362854     
  0.23735168452375330       0.95388717128261213       0.18374831241726389     
  0.24094329809078011       0.95366174976483176       0.18020986138559822     
  0.23595193517088811       0.95613013213248443       0.17361409711607576     
  0.25433533092938865       0.95381333514624400       0.15985512546752068     
  0.26217073570311267       0.95323211639125616       0.15038296985076183     
  0.26084393377663190       0.95416990668004020       0.14669775525936088     
  0.26658506731279824       0.95029553422733193       0.16084402231174258     
  0.27573440057424570       0.95017290572974933       0.14540285264411357     
  0.27839139331860113       0.95126590712881021       0.13263259803128824     
  0.28757768117367066       0.94989370338280688       0.12247869024638650     
  0.30069894694746974       0.94582796832097427       0.12243201234358835     
  0.31101949713371835       0.94248652041042180       0.12241744666241056     
  0.30987311690900005       0.94343539347998606       0.11793349713445896     
  0.32838277677441030       0.93590432668800727       0.12746702791151304     
  0.33721372852983195       0.93222350474502413       0.13132493476834833     
  0.34886877283915008       0.92836013460219835       0.12821091926623607     
  0.35277465558125576       0.92648588628616324       0.13104939867114410     
  0.36762149536858213       0.92151594174177853       0.12515112967420688     
  0.38648085662358045       0.91323767676752921       0.12895539227093072     
  0.39934571096961008       0.90599701982672620       0.14032962337035865     
  0.40716480877037903       0.90217441333786907       0.14247156353971158     
  0.40883226309474469       0.90283000810917768       0.13324472638874410     
  0.42367209447497484       0.89672244126287737       0.12802663667664271     
  0.43240862879131181       0.89272816449674697       0.12672490702732966     
  0.44695278754402812       0.88563284898854178       0.12604627126202264     
  0.45897686890438921       0.87980081275886435       0.12365582751961902     
  0.46219113379044569       0.87735799042176443       0.12892754743880150     
  0.47162180127207476       0.87415983410060416       0.11583376455113155     
  0.47582178636608158       0.87335629818627347       0.10412686511059324     
  0.49239979977060860       0.86505406625858450        9.6041135121118157E-002
  0.51677531519631870       0.85100499878776814        9.3454618088010158E-002
  0.52313653875217425       0.84641944107986566        9.9510258689455136E-002
  0.53419457815836413       0.84084435980388039        8.7274940574083679E-002
  0.54081214658128551       0.83712722475145496        8.2098914061444539E-002
  0.55623836412557970       0.82608970591140995        9.0413937322175078E-002
  0.56166490726089002       0.82414346043903863        7.2938937250156835E-002
  0.56714189628772005       0.82071348428068380        6.9133538857984456E-002
  0.58121509010480610       0.81056866568460295        7.1885027959540423E-002
  0.58005471850011914       0.81244511677517262        5.8902086329117316E-002
  0.59927288401137802       0.79913737869677304        4.7449556987775220E-002
  0.61545169408034128       0.78642073760739728        5.2551267488760496E-002
  0.62705652925517619       0.77780751783348434        4.2609556676472017E-002
  0.63439903871470016       0.77173005113086701        4.4391303871514111E-002
  0.63866890730058246       0.76824989151580936        4.3521615703307995E-002
  0.65109733947302950       0.75781215868359741        4.2343673464261183E-002
  0.66699892701405950       0.74428919072379851        3.3853093415614759E-002
  0.68381832108269536       0.72911600264949883        2.7970670926156613E-002
  0.68224841893596377       0.73028400558374063        3.4962351865176843E-002
  0.67978841447039706       0.73282785634205949        2.9172667360467884E-002
  0.68893489310845213       0.72387226281079997        3.7116845108623356E-002
  0.69568587060484155       0.71736801055412469        3.7474082702591324E-002
  0.70240773870121831       0.71077107907948700        3.7786793418105057E-002
  0.71247078067787817       0.70110341946169430        2.8972088281210392E-002
  0.71741950640033925       0.69624338283069209        2.3545778831191425E-002
  0.72901913006154007       0.68403843807459341        2.4950415643539774E-002
  0.72274831049272414       0.69060798771751086        2.6372087150675051E-002
  0.72941141133806475       0.68301294474112229        3.8109189520022582E-002
  0.73881754915796172       0.67323248627423393        3.0110604132698518E-002
  0.74099234576365025       0.67067825740617015        3.3481615288183803E-002
  0.74572610353764934       0.66510886661136981        3.9022737698612864E-002
  0.75742679301356708       0.65186243965798840        3.7148526058487528E-002
  0.76310102230024068       0.64593586716835327        2.1063837964510806E-002
  0.77040903593484511       0.63736441667663501        1.5379132107991952E-002
  0.77816478803967148       0.62742348717887431        2.8272431651242200E-002
  0.78299677966710013       0.62129298463565863        3.0183940655023875E-002
  0.79091177203660357       0.61125674755858228        2.8701174505987182E-002
  0.79466192481944276       0.60597080086954636        3.6218969281020530E-002
  0.79875387159013855       0.60120035409616313        2.3460325113097820E-002
  0.80054331511841592       0.59896200455801130        1.9362792026586480E-002
  0.80718082484192988       0.58988424212120527        2.2264251718671906E-002
  0.81003474479146131       0.58567417849983849        2.8800501196533681E-002
  0.82342824714281937       0.56681094484545114        2.6292101679222867E-002
  0.83166592365824454       0.55472078118356449        2.4832364945266673E-002
  0.83438407184587837       0.55095189722238447        1.5975844170105797E-002
  0.84379833579730934       0.53660564646835318        7.6647690096799210E-003
  0.85317748088356049       0.52146608077933532        1.2700894056008650E-002
  0.85803179306928967       0.51345081183173602        1.2235436715980916E-002
  0.85812188875478668       0.51341795972154725        5.3686753749145359E-003
  0.86459830629397372       0.50214433902924771        1.7911770835709447E-002
  0.87170466115719014       0.48996899929985177        7.8334821075722802E-003
  0.88074457087967573       0.47327794388128303        1.7233360133208052E-002
  0.88692000551556849       0.46192270690044518       -5.6273086750608737E-004
  0.89576340569130397       0.44420919216754479       -1.6914922943134864E-002
  0.89833234345176605       0.43928555607751585       -5.2154510950401349E-003
  0.90333634335910074       0.42892541094142428       -2.5382307496852074E-003
  0.91110631763118011       0.41167878345109038       -2.0145898559778587E-002
  0.91065386156691275       0.41180358373061660       -3.3576075409295358E-002
  0.91452277449073283       0.40048082476035940       -5.7124460059005358E-002
  0.91708371642308117       0.39220336172354142       -7.1651797774946874E-002
  0.91643304375034218       0.39308993972386824       -7.5038494190439092E-002
  0.91254032142488384       0.40203252740497042       -7.5099991225961990E-002
  0.92232695078176985       0.37820733207272600       -7.9197284221318220E-002
  0.93130153949909300       0.35596389384008686       -7.7247322340784366E-002
  0.93642751780491940       0.34093589334231061       -8.2862660641554314E-002
  0.94284406872287108       0.32471842640989279       -7.4853227211551090E-002
  0.94976788764126052       0.30497386392113107       -7.0227501240410203E-002
  0.95228915406285375       0.29162767848107723       -8.9992578571736204E-002
  0.95661849913003894       0.27490136221993439       -9.6489834551704970E-002
  0.95947038147838115       0.26418248524648302       -9.8103015013406833E-002
  0.96389221110543088       0.24550993445057362      -0.10313426906880588     
  0.96458741995040931       0.24376657147048120      -0.10074208607597129     
  0.97010465050006556       0.22700621886913513       -8.5820415245343284E-002
  0.97028533700094310       0.21828771488068385      -0.10438792235280284     
  0.97329389145913270       0.20762612549569054       -9.7930551208425073E-002
  0.97261931002916091       0.20927978660821736      -0.10106259780758264     
  0.97649102386605569       0.19114375031526765       -9.9646108927725380E-002
  0.98131922338902378       0.16670130191704297       -9.6037793322870268E-002
  0.98229202012216110       0.15361114826019373      -0.10726603532576176     
  0.98433985224700304       0.14301892887356910      -0.10305649548769126     
  0.98543647002290036       0.13585636545737348      -0.10226441958725138     
  0.98628231272528954       0.13064031126501605      -0.10089751571685697     
  0.98727072726474130       0.11437047089467972      -0.11052559193905107     
  0.98566469399042422       0.11442102356270437      -0.12398766223953812     
  0.98671712470589479       0.11406200207915745      -0.11566838588752652     
  0.98458432421403241       0.11993883695763652      -0.12731215142808211     
  0.98507740032533886       0.11601617211598822      -0.12713285639764960     
  0.98429075548084877       0.10137698870308813      -0.14454900496521500     
  0.98608181741501899        8.8150923890386007E-002 -0.14096830842697772     
  0.98330056108169572        7.7331731150960925E-002 -0.16474164602072483     
  0.98314596234039275        6.9339791797806707E-002 -0.16916267320901437     
  0.98123863640240194        4.9968740251837215E-002 -0.18620919265385119     
  0.98002046170264012        4.3737372722288725E-002 -0.19402818576561481     
  0.97715518030384085        3.3244364789378221E-002 -0.20991085206610668     
  0.97522446190858914        3.4218779690445303E-002 -0.21855508232846019     
  0.97436921754904571        1.6711115862793714E-002 -0.22433315960749087     
  0.97340630714846499        3.5198191463570840E-003 -0.22905844685748789     
  0.97044043612329434       -8.4550675490645110E-003 -0.24119260305733212     
  0.96900950056440105       -3.6022583620081636E-002 -0.24438281708267309     
  0.96766010098749800       -4.0092660632467227E-002 -0.24905121465327920     
  0.96891844973463548       -3.7235746955568430E-002 -0.24456192858352108     
  0.96820750286448931       -5.1671790266097632E-002 -0.24475346266724371     
  0.96812541364571170       -4.7185718568734061E-002 -0.24598107938715877     
  0.96747627263688740       -5.3631516278941777E-002 -0.24721108863935740     
  0.96529970783486274       -6.6887180096607407E-002 -0.25243331632859423     
  0.96496161481909815       -8.2130805248422423E-002 -0.24920596452525745     
  0.96337606565668865      -0.11159109664953189      -0.24383187500487605     
  0.96222074338670527      -0.12640153340044577      -0.24115118359724208     
  0.96373563675303853      -0.12106712032088590      -0.23781584225913593     
  0.96015295124155675      -0.12329849570029011      -0.25080628217844475     
  0.95913246716265610      -0.13401276589492542      -0.24920972896672339     
  0.96008026273847391      -0.14413354709812903      -0.23973195385874754     
  0.96187145957528619      -0.15998178451089293      -0.22183129598687709     
  0.96145664888315174      -0.16611821635478677      -0.21910237450443712     
  0.95970362905935191      -0.16917168498144722      -0.22438780129687841     
  0.95571929976429482      -0.17487558004092296      -0.23668365292811591     
  0.95404332991460583      -0.17939145966687980      -0.24004172313170000     
  0.95545151401849560      -0.17784781763162513      -0.23554735855753431     
  0.95807400362979445      -0.17571237465495113      -0.22631695685894640     
  0.95701054972152533      -0.16453196815263391      -0.23887243285386398     
  0.95708714048644883      -0.16065606870424690      -0.24119252290228285     
  0.95268794874345542      -0.17843457022250028      -0.24606254584657614     
  0.95607666892952625      -0.18501306035047588      -0.22734900621813020     
  0.94611850666667829      -0.20585785194905812      -0.24996462976536007     
  0.93972827505880652      -0.22578475718733970      -0.25677229694196635     
  0.93570061927327774      -0.24108695651513465      -0.25756830257210184     
  0.93928084582051719      -0.24605633392178314      -0.23918146502533358     
  0.94183083176462867      -0.24797963668011039      -0.22684969501753155     
  0.94382350787353420      -0.24485050307037140      -0.22191308463333595     
  0.94098121037748317      -0.24699800487350332      -0.23140083687194180     
  0.93754670189670586      -0.26241220439607488      -0.22835502347573033     
  0.93931468854276978      -0.25636654473784121      -0.22795637878107178     
  0.94076909545823750      -0.24757404630451149      -0.23164757850472081     
  0.94217184366899343      -0.23694912584805150      -0.23699647414510935     
  0.94198420605860778      -0.22938632077565799      -0.24504626374858485     
  0.94552242066423187      -0.21929080815215135      -0.24062188903179038     
  0.94545475373243726      -0.21214431577674508      -0.24720456696499946     
  0.94107129569221815      -0.23195134323676922      -0.24613693504800993     
  0.94072689843825386      -0.23268057532138015      -0.24676436619344666     
  0.94000256354418654      -0.24179418632205724      -0.24068808028486119     
  0.93919725945515597      -0.23544659646193672      -0.24994681043456934     
  0.94208245554114955      -0.23125621354605863      -0.24290164811687956     
  0.94054032360696238      -0.23021695330541719      -0.24976800051263823     
  0.93972023394183679      -0.23314578652402163      -0.25013781030942533     
  0.94130691698221369      -0.23968749511783036      -0.23767875951708400     
  0.94498774488612902      -0.23873259488587628      -0.22361777691875148     
  0.94512531162933622      -0.23685950473574346      -0.22502382170314456     
  0.94589339798157146      -0.24333353409504385      -0.21464964672622244     
  0.94529946215394867      -0.23951249574421163      -0.22145584488523534     
  0.94853232551218902      -0.23337954733000291      -0.21405703526509001     
  0.95022864448999478      -0.23015276314411998      -0.20998863971137488     
  0.94817482325484925      -0.23315267481225935      -0.21588037144104666     
  0.95122857181815068      -0.22442778813171649      -0.21165153453520302     
  0.95192773346171167      -0.22152604253934927      -0.21156512648189998     
  0.95433012893894542      -0.21029503068066077      -0.21220274519995200     
  0.95388250280883291      -0.21204278758286776      -0.21247594468372938     
  0.95290499556810238      -0.20348831874218373      -0.22486567892151571     
  0.94630944166802122      -0.22112022945916252      -0.23580560793561595     
  0.94630944171008335      -0.22112022950626206      -0.23580560772308312     
