  -3.5443667668524088E-002  0.99550861816940994        8.7785748117989379E-002
  -3.5544806917518657E-002  0.99474880281584421        9.5975965729138718E-002
  -3.0110492122232990E-002  0.99455116173135572        9.9806537676485146E-002
  -4.0012355821050768E-002  0.99517795892123051        8.9553567539340767E-002
  -4.4453411560721620E-002  0.99482113205521427        9.1404646583170504E-002
  -3.9273005880409696E-002  0.99541704232498951        8.7192561942444735E-002
  -3.5048220171916770E-002  0.99599356575322084        8.2270524739820994E-002
  -3.5621651577242189E-002  0.99601640165459138        8.1746104335001415E-002
  -4.0523404625154871E-002  0.99645180960490165        7.3767505127277158E-002
  -4.2100648555525866E-002  0.99566208199783168        8.2973211718887108E-002
  -3.2146708332828317E-002  0.99618544705179868        8.1124251772031683E-002
  -4.1656265716817235E-002  0.99662369195412204        7.0752895080446271E-002
  -4.0985597093320794E-002  0.99583118857636177        8.1488801006600831E-002
  -3.0867565670067799E-002  0.99624318679664048        8.0911718254391946E-002
  -3.0482514177719831E-002  0.99649393929231989        7.7914345810507546E-002
  -4.1647421853147973E-002  0.99576535127862587        8.1956436269152749E-002
  -5.7824139413693867E-002  0.99441366441289492        8.8305339192955509E-002
  -4.9945544150478714E-002  0.99381612901891769        9.9171287787169771E-002
  -4.9280050561114064E-002  0.99306686085907758       0.10672247411014399     
  -5.1636982264760885E-002  0.99315334148295353       0.10478579275756528     
  -4.7173016008050225E-002  0.99335614629151603       0.10496796266276531     
  -4.6161908952595782E-002  0.99330196650738634       0.10592583015682060     
  -4.9642826377792375E-002  0.99466967863853939        9.0375993418214229E-002
  -4.5376290225153999E-002  0.99416693393919398        9.7842218634615272E-002
  -3.1478015100370300E-002  0.99405414420938121       0.10423767526904434     
  -3.1328061977478137E-002  0.99425738220484949       0.10232697818216942     
  -1.2743729060815008E-002  0.99301498618611028       0.11729805871975492     
  -4.0156833184493016E-003  0.99324851134192882       0.11593648694232543     
   1.6614414809054980E-002  0.99236315802749042       0.12222652662273842     
   1.4101945047771600E-002  0.99336290504032276       0.11415460584540334     
   3.6972456403014796E-002  0.99309403456128142       0.11134305540231544     
   4.4390238043904122E-002  0.99228712532151053       0.11574008677885840     
   4.2095654299367499E-002  0.99427310056183282        9.8229106624599161E-002
   6.2479140272576082E-002  0.99266224872708120       0.10352785607213796     
   7.2763357476023541E-002  0.99063781185447930       0.11550852580214931     
   7.2114145758475398E-002  0.99091148998383727       0.11355161381300058     
   8.6528987950818079E-002  0.98934982497662205       0.11704553841532890     
   8.2899958518798736E-002  0.98860330771625859       0.12566263108042094     
   7.1495883337616403E-002  0.98887877097736754       0.13041132993748605     
   5.5961235874978789E-002  0.98947451871163727       0.13344855525526822     
   6.2394329475040929E-002  0.99045356320832079       0.12291739818797458     
   7.5239513412312123E-002  0.98878804977772194       0.12898530241173919     
   7.4994361911261714E-002  0.98998004893166991       0.11964676509948277     
   8.8846002505523686E-002  0.98714291755080297       0.13287305282892040     
   9.1660755432860286E-002  0.98923300817033621       0.11408926969590416     
   9.7148061787334705E-002  0.98857384137702220       0.11525629803200216     
   9.9832347426370704E-002  0.98939991582085385       0.10545761698913550     
  0.11540643876975282       0.98780407262579373       0.10452017984283524     
  0.12796124783688542       0.98607210134555823       0.10624372922663107     
  0.14112178646886778       0.98485333338771031       0.10074002729278377     
  0.15227295165724208       0.98343087286967401        9.8370048695637535E-002
  0.15877092231368772       0.98166101305346876       0.10551516326338321     
  0.16130345194541584       0.98238138313107992        9.4382278357540261E-002
  0.14569851565042177       0.98483373017373466        9.4204386571710999E-002
  0.16203275256852287       0.98072474565515810       0.10919871956526596     
  0.15867192449112549       0.98217599032038494       0.10076479750614251     
  0.15728773863849294       0.98416178083152894        8.1768920896041070E-002
  0.18644404960812416       0.98046531859773234        6.2660796298573490E-002
  0.18565664055342929       0.98116894478589400        5.3283333286795201E-002
  0.18970241214646161       0.97990284042472231        6.1671858682682018E-002
  0.19196153470397653       0.97895287889588256        6.9296681706685292E-002
  0.19380802624582047       0.97833495874175902        7.2795312118710737E-002
  0.20039162774813665       0.97716401152542398        7.0666046358858897E-002
  0.21197805392237845       0.97433345374580593        7.5760316571737318E-002
  0.22118293653311161       0.97205990192180614        7.8598063986077937E-002
  0.23800504231746300       0.96622573946085177        9.8799899973611063E-002
  0.23515049939392715       0.96793251052665030        8.8379283208015441E-002
  0.24221385818672467       0.96670172931660980        8.2584583540618400E-002
  0.23372622704112025       0.96824170889657479        8.8769611614350305E-002
  0.23335698614163503       0.96831042987415583        8.8991170437411241E-002
  0.23945826653650254       0.96675162673046144        8.9727536472031841E-002
  0.25422187759901338       0.96308812841405045        8.8501377717826277E-002
  0.25508549545481191       0.96277829736161225        8.9383108796058416E-002
  0.26086134383607185       0.96110497310752796        9.0711575667148811E-002
  0.26435952814754404       0.95896991621362060       0.10242431193251385     
  0.27062314505859980       0.95872114217893900        8.7274766672290074E-002
  0.28937878222893310       0.95241927443307917        9.5694545738337855E-002
  0.30540532100935180       0.94753016127101031        9.4414953163723836E-002
  0.30921010838664936       0.94664604670233476        9.0831553627346864E-002
  0.32406233839906845       0.94268708278855884        7.9527761033029956E-002
  0.32968671237199587       0.93995561784270165        8.8261589444608129E-002
  0.33897030634375580       0.93700546815467523        8.4379405458071002E-002
  0.35349308956995978       0.93196318924823129        8.0543463499843260E-002
  0.36691052502869126       0.92619167742613062        8.6865662316822162E-002
  0.37908833056842867       0.92146687368129621        8.4798810928337104E-002
  0.38595582672095641       0.91985383907899865        7.0050086022579158E-002
  0.39986621812775885       0.91337756023995476        7.6475094313844541E-002
  0.40185074169768348       0.91425474478186419        5.1519346277586690E-002
  0.41400946414001499       0.90815365593216824        6.2073350316654063E-002
  0.41372949730910336       0.90853390556415659        5.8258437128859211E-002
  0.41803582373033543       0.90565076227669028        7.1012300805914433E-002
  0.42662440750850622       0.90111416485655782        7.7361985580026396E-002
  0.43797272131437914       0.89690237209598767        6.1204822629160487E-002
  0.44621251871932577       0.89337903063367230        5.2614596474699744E-002
  0.44903244354789984       0.89213403455837903        4.9666175854318921E-002
  0.46660019335632763       0.88359379862998566        3.9322494611487666E-002
  0.47425414078896949       0.87933834566603408        4.2977712664108679E-002
  0.46878164857036836       0.88166458420119342        5.3956713474648151E-002
  0.48493403401640472       0.87340468767498036        4.4757504398122441E-002
  0.49338395278671854       0.86841994648264786        4.9184059243090453E-002
  0.50546942974662823       0.86142228851756042        4.9520666764366991E-002
  0.51534447709084164       0.85415240417554428        6.9596985373682918E-002
  0.53202047545589715       0.84418208042635801        6.5656902018808069E-002
  0.55829269213158994       0.82656036509017572        7.1464905894129502E-002
  0.56070221630701500       0.82387505514422421        8.2721932638823853E-002
  0.56045621840498705       0.82282842638654186        9.4033015379856533E-002
  0.56269832537413456       0.82101142460112952        9.6492669646805931E-002
  0.57866828559263639       0.81063081362652745        8.9558356664650438E-002
  0.58249566610507131       0.80799200050027242        8.8587392423393377E-002
  0.59954881836108964       0.79623238777435945        8.0964183815826027E-002
  0.60404624079918467       0.79237989010629339        8.5218828503517557E-002
  0.59988395295223262       0.79553491899064332        8.5225792204904866E-002
  0.60942729639991122       0.78874445110899361        8.0501933190868277E-002
  0.61177846879016518       0.78725779093802428        7.7150993072954199E-002
  0.62547157705439604       0.77700339442218136        7.1070608225162632E-002
  0.64229654687723770       0.76364915614280104        6.5537105459153283E-002
  0.64753914353694542       0.75882674624777280        6.9821391897155000E-002
  0.66209234403860429       0.74616696616994860        6.9775257521559275E-002
  0.67143131269860756       0.73752667531056049        7.2349122545992239E-002
  0.68311780951902323       0.72655204560474451        7.3974207298843062E-002
  0.71066235206084705       0.70044320144796834        6.5866098325801453E-002
  0.71305687790100147       0.69601865117214712        8.4308517354889034E-002
  0.71180781289901518       0.69818284963469890        7.6618183037000687E-002
  0.73198192478131174       0.67694197556142555        7.7149358496625964E-002
  0.74683471446689531       0.66232488305350246        5.9696386451072656E-002
  0.74704302857921367       0.66291079765405370        4.9759298677345340E-002
  0.76367062949732201       0.64368775497591835        4.9731717617891726E-002
  0.77959882918510137       0.62359018593956361        5.7973662408702692E-002
  0.78501950900914030       0.61842762434763365        3.5939447947759558E-002
  0.79849446829955828       0.60106028828558522        3.3661757842600462E-002
  0.81063466405230122       0.58485539745949133        2.8558807736179657E-002
  0.81982500179871154       0.57132021887718021        3.8473028576827592E-002
  0.82647955250995708       0.56097787250603881        4.7279761436977791E-002
  0.83350758632256694       0.55133215999407359        3.6027113386968818E-002
  0.83608638041826622       0.54806054380503400        2.4273541216963936E-002
  0.83786890194298314       0.54539744217003394        2.2744960568061419E-002
  0.85513478506931617       0.51780107036761269        2.5030998593895917E-002
  0.86080680051506142       0.50862838459521087        1.7573234508436078E-002
  0.87421718244800062       0.48526486294791776        1.6196626217117371E-002
  0.88757881170341946       0.46021157214016312        2.0227750330298902E-002
  0.89457258517377403       0.44655456323019899        1.8135928809871818E-002
  0.90321576921512314       0.42870705390538455        2.0286354352101712E-002
  0.90429516903452356       0.42666971453344976        1.4254892520350162E-002
  0.90954688071549905       0.41533199137510196        1.4960238002711339E-002
  0.91230245187989500       0.40946550375510005        6.4990405840322577E-003
  0.92191737560620557       0.38723485733587559        1.0840563612189293E-002
  0.92851111802084951       0.37099000274020044       -1.5281412843641836E-002
  0.93484290601672015       0.35417726713094833       -2.5044051546539978E-002
  0.94085945451001629       0.33754058808888210       -2.9151985382236744E-002
  0.94487269594122936       0.32690908140577041       -1.8602176194953975E-002
  0.94773269703218521       0.31855385560681754       -1.8060344795465619E-002
  0.95065300274504183       0.30913128001788176       -2.6395455789620884E-002
  0.95304565821830800       0.30105790717579511       -3.2681950342084903E-002
  0.95521763002989579       0.29373467286470500       -3.5766202442168153E-002
  0.96190963055585321       0.27084388010902305       -3.7060157195987549E-002
  0.96316632996320439       0.26475464353267708       -4.7070155651927931E-002
  0.96438845404099760       0.25752327174702466       -6.0304844093349692E-002
  0.96705073815571418       0.25017793936275828       -4.7157910139148232E-002
  0.97070251198650315       0.23258341159018359       -6.0345587047971251E-002
  0.96937565214189225       0.23288811821123884       -7.7935674953829873E-002
  0.97172884650019631       0.23029686055175491       -5.2023118893461701E-002
  0.97228669977846394       0.22682926534081024       -5.6630891029992046E-002
  0.97537888618200597       0.21257325024992632       -5.8725136598663123E-002
  0.97788797417674533       0.19545728869879561       -7.4374446250152396E-002
  0.98246840224278975       0.17133820340989661       -7.3478286906878659E-002
  0.98464516332955987       0.15658958682867991       -7.7159598421243925E-002
  0.98710201818304422       0.14098641688592464       -7.5844814935691784E-002
  0.98681040621680005       0.12913964289831137       -9.7612370191131351E-002
  0.98867727248767323       0.11653689126619626       -9.4532554394482146E-002
  0.99082827533273010       0.10694883378912809       -8.2591014961146167E-002
  0.99035262814804004       0.11459453251668165       -7.7908696803073024E-002
  0.99341533457909659        9.6784792938521311E-002  -6.1308049055150735E-002
  0.99405302272033513        7.7428259153591056E-002  -7.6573185287078127E-002
  0.99334677780091551        7.0062437941728298E-002  -9.1397121520316454E-002
  0.99118697645568277        6.9097566189935053E-002 -0.11302169725884180     
  0.99250121570002359        4.9227940788879737E-002 -0.11188363007902845     
  0.99234575364649835        3.7423896691741197E-002 -0.11768329183095227     
  0.99305403092191691        2.1244363938353297E-002 -0.11572540201091083     
  0.99407583680260303        1.9953295428753622E-002 -0.10684145584339932     
  0.99351719552528872        1.0244424819937934E-002 -0.11321940626797733     
  0.99442472665063653        8.0749228096457619E-003 -0.10513923457693974     
  0.99465460528051897       -1.5292389326128225E-003 -0.10324668334886847     
  0.99457881160925343       -1.4850368537047099E-002 -0.10291964852368099     
  0.99332406830012088       -1.1378398906595068E-002 -0.11479471840647160     
  0.99315872710606712       -9.9616100151726922E-003 -0.11634650445527657     
  0.99297905037152789       -2.4145982029736456E-002 -0.11579972830312682     
  0.99313961297255138       -4.1518285296461170E-002 -0.10931578628346451     
  0.99168959243150145       -7.1661233883676678E-002 -0.10684764771070804     
  0.98998823738904018       -7.8337881268888437E-002 -0.11741578339236275     
  0.98981426070318090       -8.3754931672677585E-002 -0.11512098300969914     
  0.99148131003513174       -7.7708151390601596E-002 -0.10452872838829412     
  0.99014524611581622       -8.6719848694195981E-002 -0.10996390060699431     
  0.98723597996820289      -0.10754550795326788      -0.11746950061737219     
  0.98830705716938938       -8.9726465255260984E-002 -0.12328147542099667     
  0.98850004804701752       -9.1905590551284222E-002 -0.12008754072118824     
  0.99016894675340772       -8.2639589322179866E-002 -0.11285457528123613     
  0.99067291148644188       -7.3007760415214284E-002 -0.11505237662095644     
  0.98986594670852324       -8.2177028334004032E-002 -0.11581167281855094     
  0.99047129086918717       -8.8392437383465000E-002 -0.10560965380748025     
  0.98806925317080097      -0.10598855330060264      -0.11173888091322760     
  0.98906461613348018      -0.10301498685459039      -0.10554192340524927     
  0.98730443141907376      -0.11823576622011044      -0.10606725831566606     
  0.98845345032137533      -0.11716042422810502       -9.6089601635445304E-002
  0.98669711948230598      -0.13057414541351076       -9.6846202583532714E-002
  0.98806278406778625      -0.13098687244686325       -8.1082513446525617E-002
  0.99011506080196809      -0.12137301129056303       -7.0290529258051154E-002
  0.98755935254811067      -0.14012794109151214       -7.1349038677538543E-002
  0.98486408704081907      -0.15707015582446918       -7.3291856345229014E-002
  0.98571499726408041      -0.14956860489381185       -7.7428525743371640E-002
  0.98613557846999489      -0.14892118379459626       -7.3205887009608325E-002
  0.98382612690917415      -0.16296343386671350       -7.4357724771953029E-002
  0.98115030567489014      -0.17307961317391726       -8.5950713654020641E-002
  0.98041776705733086      -0.17841843334079521       -8.3353852235708153E-002
  0.98056622986962738      -0.17726268683301546       -8.4070260473045860E-002
  0.97831473306557082      -0.18190493716213457       -9.9049870786791713E-002
  0.97747971499452224      -0.17855720895197036      -0.11247546357098975     
  0.97241744973464639      -0.18982343322952752      -0.13554101832478652     
  0.97057940451069602      -0.18780829869043003      -0.15067734561860444     
  0.96738581437862925      -0.19011673199073698      -0.16739269505016632     
  0.97047478796051112      -0.18814930059764096      -0.15092556648102659     
  0.97069183894091282      -0.19440941019998900      -0.14128812773620072     
  0.96985630986042604      -0.19626823260162651      -0.14442132493281842     
  0.97289356038387131      -0.18633705827189001      -0.13695481327128692     
  0.97181002463488031      -0.18785611489510209      -0.14246177071646540     
  0.96562516964146283      -0.20980959750380551      -0.15345346053506431     
  0.96893052442834149      -0.19496790113023230      -0.15218789820445988     
  0.97065757920086526      -0.18755567641415777      -0.15048831245230881     
  0.97271730114983512      -0.17251415741339271      -0.15511259631547414     
  0.96854468064365906      -0.18907606306682001      -0.16177590664874644     
  0.96315843678512525      -0.20183604376426995      -0.17773023684005576     
  0.96227476816393531      -0.20716042665409401      -0.17638545343519199     
  0.95903246284188659      -0.21865679457062759      -0.18012756980408526     
  0.95905669288111473      -0.21971690019893808      -0.17870294795248395     
  0.95972511112186976      -0.21700655568640131      -0.17842607957145490     
  0.96063757944447192      -0.21429806104608703      -0.17678173545633372     
  0.95492665955325684      -0.24037980937058498      -0.17416263124280967     
  0.95716224097653135      -0.23099338335267214      -0.17459238613430228     
  0.95633832497590654      -0.24475447242162157      -0.15972556593072484     
  0.95455740674869394      -0.25424789570528433      -0.15549329487358132     
  0.95083801501467502      -0.26715959922688348      -0.15662955578013626     
  0.95198317588199044      -0.26186074343060284      -0.15860953277659745     
  0.95519832903278901      -0.24445072630165662      -0.16685321280562859     
  0.95098747754909196      -0.25228889531665760      -0.17881032085625004     
  0.95155821589659639      -0.25272332499293748      -0.17512247932290134     
  0.95111309194033544      -0.24581635771741644      -0.18697113311481611     
  0.94373973712327364      -0.26340238373336344      -0.19993622187606871     
  0.94761607673311432      -0.25815969968956137      -0.18808865083554660     
  0.94717224886307383      -0.26085250371478413      -0.18660306077177788     
  0.94472558173073828      -0.25976584208949127      -0.20003820261903993     
  0.94935913031541086      -0.24854105484952366      -0.19220974413658801     
  0.94880191501490996      -0.24934765886201515      -0.19390892471532073     
