  -2.9828045084189191E-002  0.99917176172142463        2.7678119606653711E-002
  -3.7358469530320924E-002  0.99877077608057208        3.2577317289235512E-002
  -2.6868345678159197E-002  0.99914591938126129        3.1393053121558788E-002
  -2.8275912391630735E-002  0.99887477840857886        3.8074267394571190E-002
  -5.8640799820716065E-002  0.99727699980545581        4.4719595877151366E-002
  -5.2480541193877503E-002  0.99739829060978769        4.9421075308730529E-002
  -5.9402522401967389E-002  0.99703862585014769        4.8839726607888025E-002
  -5.1949136801463791E-002  0.99703908955159393        5.6695159332272226E-002
  -5.5425169147795314E-002  0.99743177829231477        4.5364063724153553E-002
  -6.1696769826494649E-002  0.99713182161055236        4.3836502193927519E-002
  -5.6722221804110434E-002  0.99800410520730853        2.7756000125459375E-002
  -6.5943649491742362E-002  0.99759190512370888        2.1490135489546466E-002
  -5.3331737921381704E-002  0.99821365711511112        2.6929917919662441E-002
  -4.6707533471643803E-002  0.99869650362451090        2.0583973502993673E-002
  -3.5801345709339322E-002  0.99920691897910563        1.7429765049556702E-002
  -3.7386506601431016E-002  0.99918598065227182        1.5153388799163444E-002
  -4.2000977953614023E-002  0.99879199902222848        2.5504127903540761E-002
  -4.2331101593211178E-002  0.99879519408961892        2.4824143517654974E-002
  -3.5606524783652782E-002  0.99936016375308978        3.3820845979803307E-003
  -5.1168642537968108E-002  0.99868801131313756        2.0065094646522820E-003
  -3.6443287553029231E-002  0.99931718981676987        6.0861259468774458E-003
  -2.1060506234784941E-002  0.99975916172644108        6.1703825795681464E-003
  -2.3894124828086963E-002  0.99956030898410608        1.7557320476013719E-002
  -1.7276992338738577E-002  0.99972980291623514        1.5550778012449565E-002
  -1.1603996477727870E-002  0.99993267101093575       -2.6658582441113068E-005
  -1.1537849429609530E-003  0.99999901367726518       -8.0089000625028150E-004
   2.6548743471972382E-003  0.99993225582462286       -1.1332934469087031E-002
  -4.7316393757757952E-003  0.99974512585870479       -2.2074757316434615E-002
  -1.0450752434405974E-002  0.99963605811774159       -2.4870325377385292E-002
  -7.2686360312134097E-004  0.99952954392184912       -3.0662069347680634E-002
   5.3459007632896596E-003  0.99924681069391097       -3.8434784545723279E-002
   3.1101109440116268E-003  0.99941204223471047       -3.4145234603982028E-002
  -2.6835937638227066E-003  0.99928270809234432       -3.7773901468359364E-002
  -9.3007697316529764E-003  0.99935588805247200       -3.4659842718245300E-002
   3.4764240118061187E-003  0.99952534012262706       -3.0610601575867317E-002
   1.6720162766805050E-002  0.99982423651117269       -8.4812877501912569E-003
   2.7394634278163434E-002  0.99960791766611334       -5.7918004093724220E-003
   2.2941874295500757E-002  0.99968964094320356       -9.7104168117677723E-003
   4.0684091277924848E-002  0.99916158915487141       -4.5742184470289266E-003
   3.7325325282176254E-002  0.99930304287858163       -4.9858418298668781E-004
   4.1399239838992803E-002  0.99913607210739430        3.6348802678200587E-003
   3.6539752440393813E-002  0.99933178170189174        9.1464316423518419E-004
   2.8553513945533085E-002  0.99957604252798138        5.6949139994855484E-003
   5.0250122761265503E-002  0.99868174235429941       -1.0473903315283625E-002
   4.0466358524326715E-002  0.99909687412816117       -1.2958006602784077E-002
   5.1851492684893037E-002  0.99865239068585232       -2.1966528584482451E-003
   6.4482002317704137E-002  0.99783846612771854        1.2667552762126616E-002
   7.7533739843022711E-002  0.99686837891744806        1.5554880277662100E-002
   7.6393656764322596E-002  0.99695540000173344        1.5618566309250726E-002
   8.4878554369082052E-002  0.99618322821799976        2.0361896409211086E-002
   8.4990545093126188E-002  0.99629097701730063        1.3449771696417409E-002
   9.8146144467550697E-002  0.99492976272808042        2.1956811334976279E-002
  0.10970752278545111       0.99373368483781077        2.1392126190356367E-002
  0.13175233254141702       0.99086715285024074        2.8698576138087233E-002
  0.13558234475582703       0.99015125386617164        3.4898742925208497E-002
  0.15359816665938289       0.98756993875933319        3.3364940547873242E-002
  0.13793983589204686       0.98986772598318329        3.3682142612325404E-002
  0.15165294753908426       0.98768255214997214        3.8529984184068999E-002
  0.17310800153598116       0.98435592634223967        3.2818136435971125E-002
  0.17581327436024244       0.98361402248256680        3.9914249766151162E-002
  0.18328584437353074       0.98253463725381029        3.2124536553936482E-002
  0.18529569310112662       0.98201394141279219        3.6250861908178146E-002
  0.18870624936177313       0.98133534351863816        3.7025599427523710E-002
  0.20904878515786490       0.97756351826536603        2.5849046029965093E-002
  0.21273643781797855       0.97681389497762228        2.4037940909390682E-002
  0.22200496269024747       0.97470009942913904        2.5952123491698269E-002
  0.23977901891720396       0.97061587864778842        2.0269144133022193E-002
  0.22868869368980632       0.97324277142076421        2.2360439523419744E-002
  0.23958557737092248       0.97087142889818201        2.7239062105375300E-003
  0.24592023788568734       0.96926094971782006        7.5131851006411503E-003
  0.25312998146005045       0.96729523215630209        1.6283314580274953E-002
  0.26302475653074547       0.96449116986896488        2.3974167279339476E-002
  0.26189912721269842       0.96499757956549870        1.3730207498647935E-002
  0.28279707428291412       0.95917954009252027       -6.5164785451832241E-004
  0.29219516021481873       0.95632660479412590       -7.8366644673643626E-003
  0.31133857478441873       0.95021380377903475       -1.2728666818852395E-002
  0.33359572795911557       0.94265475907380891       -1.0765476437534552E-002
  0.33171634857440607       0.94287591909485913       -3.0810148968949923E-002
  0.34261646472968255       0.93898146038943497       -3.0459401521637001E-002
  0.35573055887467553       0.93437110778898746       -2.0159424889902147E-002
  0.35224334122453849       0.93560053862946280       -2.4005430203067387E-002
  0.36530326388011175       0.93061258657790724       -2.2665813493367715E-002
  0.38308239111682002       0.92330654173659166       -2.7439234731223713E-002
  0.39015814940024701       0.92039881674435053       -2.5350277950641039E-002
  0.39367692981464886       0.91891096297270314       -2.4922220211949418E-002
  0.40716958636403061       0.91326080416127897       -1.2947259279081611E-002
  0.41585472793037725       0.90920321929320513       -2.0355620472623712E-002
  0.42049067663951162       0.90699170710469801       -2.3529430561594261E-002
  0.42985556134077069       0.90258610758384550       -2.3717394061190472E-002
  0.45365125061101880       0.89101707124645535       -1.7003575107863635E-002
  0.45461968571058486       0.89068492558630286        1.1422336593828663E-003
  0.45231229130644368       0.89183522199633614       -6.5975707547006757E-003
  0.46006958999807163       0.88785871645804160        6.5476689353565400E-003
  0.48587632440394818       0.87402755724583936        1.6296804003358787E-004
  0.48354032782188128       0.87531426724039596       -3.6993155201445862E-003
  0.50816956412577974       0.86123532500267630       -6.1162949365814612E-003
  0.51401045924507549       0.85776669574471576        5.4353893936259483E-003
  0.52753688035121393       0.84949310912703169        8.1423224573955871E-003
  0.53073263413619642       0.84733951921826212        1.8401364998850877E-002
  0.54429641307816023       0.83877998915730878        1.3767516098241568E-002
  0.53941690722571267       0.84182582713276377        1.8938769001359029E-002
  0.55635272289353521       0.83050102869517139        2.7197225321967403E-002
  0.56186998912709474       0.82703303264695260        1.7845958340856269E-002
  0.57378045639003239       0.81853039012854556        2.7999791085969596E-002
  0.56456544723752367       0.82482449692568005        3.0502541808778798E-002
  0.55392007041225977       0.83198930964506745        3.1086077764872093E-002
  0.54975372026995895       0.83497230614016504        2.4333002862709018E-002
  0.55645149926980375       0.83057196722082460        2.2626007763623883E-002
  0.56618146018514148       0.82371940867198301        3.0412002888691510E-002
  0.57709637514864287       0.81605493093812220        3.1845305491954294E-002
  0.58915382115644610       0.80729054193699890        3.4347575108409988E-002
  0.60261252500546425       0.79718706871819278        3.6754893212137124E-002
  0.61044342030496235       0.79018397551217578        5.4480413454331286E-002
  0.63099816663610597       0.77387565797661928        5.4385473181051115E-002
  0.64950900352752339       0.75920650790112942        4.1755630725189709E-002
  0.65180592243639379       0.75625932099372095        5.6752787481851814E-002
  0.66273361878543047       0.74740287578724962        4.6616432687609469E-002
  0.67982425074396347       0.73166796897909481        5.0009711760983629E-002
  0.69455044660260112       0.71692689918073316        6.0129014254582808E-002
  0.70587425638077594       0.70385997694167468        7.9515200047247325E-002
  0.72227072896330213       0.68627905561488811        8.5709112159430764E-002
  0.72326094854518563       0.68485288739322303        8.8713713363181082E-002
  0.73221819121069887       0.67370815635954040        9.9869116921911721E-002
  0.73831433147169145       0.66563756995508916       0.10871326233627135     
  0.74581507814314318       0.65821673935280811       0.10252118439667272     
  0.75306509270690425       0.65234931476354518        8.5634909201077358E-002
  0.76102493644775315       0.64347451448582171        8.2350442087038678E-002
  0.77252949754477096       0.62852843662333302        9.0278346124923706E-002
  0.78263328923012410       0.61545215225101646        9.3294066683952875E-002
  0.79151503588013306       0.60376299497403052        9.4732221950408382E-002
  0.80244954815817393       0.59252689009215620        7.0615913068242914E-002
  0.80851860537263820       0.58386692180053135        7.3464837803253052E-002
  0.81717336182441824       0.56943563865766356        8.9279057740989903E-002
  0.82615224109203811       0.55625445394910211        8.9741055266753550E-002
  0.83471782955027740       0.54331241527721807        8.9765051309017491E-002
  0.83564078904421424       0.53906915904319874       0.10539883042056224     
  0.85065201210611996       0.51637250080271258        9.8745099698991687E-002
  0.86365710207875790       0.49391437724792320       0.10072238071411709     
  0.87136387755183009       0.48209172272621414        9.1173262400286392E-002
  0.88782941127587434       0.45189517140933932        8.6888955169576468E-002
  0.90021386622898891       0.42805373180274064        7.9906180854852515E-002
  0.90302194315171391       0.42457374702612011        6.5486666755204315E-002
  0.90196537965805446       0.42864040785428653        5.2209717992108141E-002
  0.90826114161998428       0.41385212589513631        6.1547676765576459E-002
  0.91635380815843737       0.39653240070232554        5.5296957120448284E-002
  0.91647345163806770       0.39645492119965431        5.3850792929951159E-002
  0.92382518784948597       0.38001501573101415        4.6212661834410931E-002
  0.92895525850249006       0.36589887336674143        5.6215141817162743E-002
  0.93444844664965254       0.35354453839302585        4.2571820803420209E-002
  0.93580603131532614       0.34857636877655340        5.2550802890298967E-002
  0.94040847416237694       0.33713310245063505        4.4420411474903845E-002
  0.94863174486003499       0.31439552519327640        3.5401502542255270E-002
  0.94873068411840200       0.31456089426028183        3.1008592589856426E-002
  0.94926811677534317       0.31360746776776888        2.3246475734692539E-002
  0.95269586509256354       0.30189729205326071        3.5051586076013483E-002
  0.96240213589274570       0.27037765634843053        2.6039427348061108E-002
  0.96731189940961659       0.25287348589414643        1.9044405800839034E-002
  0.96795923250823690       0.24731929665242874        4.3452154209126986E-002
  0.96684909988022250       0.25532134006325780       -3.7190548677897943E-003
  0.96657296490104094       0.25637830562318825        2.6206732338497039E-003
  0.96971279645649533       0.24401667270936594        1.0628067951228592E-002
  0.97186383998674442       0.23548885856980467        5.0669532968991319E-003
  0.97127934320508347       0.23778627361522922       -8.6096192300648914E-003
  0.97432347753859749       0.22418110627594451       -2.0894800932020154E-002
  0.97815606055791759       0.20676743036004824       -2.1399788226027630E-002
  0.98102652536674217       0.19315061653939722       -1.6727099488901095E-002
  0.97898112335737808       0.20282417984234083       -2.1408226951592859E-002
  0.98257499980223295       0.18475941092147780       -2.0256599902079883E-002
  0.98527818037840698       0.17095140049503460        1.5893202959580688E-003
  0.98881700692357544       0.14878798987487160       -1.0151890843529764E-002
  0.98987726495867501       0.14129337087275498       -1.3385950296886655E-002
  0.99088895456998594       0.13431508491174551       -9.9266145464122109E-003
  0.99356050047687960       0.10970021299942150       -2.8344226220092771E-002
  0.99164853866198177       0.11764946896757247       -5.2837280600021040E-002
  0.99374485276270730        9.7754291626531195E-002  -5.3993203981813266E-002
  0.99456041235900250        9.2685817838617249E-002  -4.7528153129270591E-002
  0.99557854225134468        7.6906484320630450E-002  -5.3932910899833132E-002
  0.99705974758486371        6.5482727143461539E-002  -3.9797891801762519E-002
  0.99749924430825188        6.0661217728478080E-002  -3.6269467437060526E-002
  0.99784071313643785        4.8260747902153914E-002  -4.4551222421964430E-002
  0.99806805475559979        3.7899085009934587E-002  -4.9232280383750472E-002
  0.99881754161830894        2.3385827516775835E-002  -4.2621844480439805E-002
  0.99918719722557403        6.5660874232407671E-003  -3.9772244045982348E-002
  0.99912873274350156        8.6682632769965800E-005  -4.1734492838512549E-002
  0.99899072699477287       -8.5265376288525365E-004  -4.4908800474023382E-002
  0.99941852142060150       -3.9051473558403952E-003  -3.3872833740149245E-002
  0.99936824423728288       -8.8658888065092471E-003  -3.4416688187019581E-002
  0.99895927990798650       -3.7215642855917094E-002  -2.6369547067373329E-002
  0.99848111720512822       -4.6803213989177118E-002  -2.9067468845491957E-002
  0.99793698516389451       -5.4674808033325105E-002  -3.3651731136991367E-002
  0.99724105191359791       -6.4187788748591851E-002  -3.7285548860473423E-002
  0.99453984167862841       -8.0416750473742582E-002  -6.6510522153207949E-002
  0.99356885303500775       -7.4985295714323830E-002  -8.4841851142800018E-002
  0.99115942984140082       -9.7076820408567785E-002  -9.0438241777664255E-002
  0.99187597015234197      -0.10513888548115838       -7.1609179538197246E-002
  0.99319838081414913      -0.10184127867496458       -5.6438730549185155E-002
  0.99110989847306941      -0.11938785613839180       -5.8717194716557369E-002
  0.98864629432014672      -0.13314692040530540       -6.9644829769517011E-002
  0.98848931347477476      -0.13114045411407219       -7.5439104189577666E-002
  0.98591411929904504      -0.14089352293894133       -9.0124161913677045E-002
  0.98622734373258325      -0.13618249507684099       -9.3861357910602572E-002
  0.98431195098510382      -0.15553889822088141       -8.3292462372864598E-002
  0.98545716787345894      -0.14866828376775390       -8.2291625870276372E-002
  0.98539066971074085      -0.14587613719636275       -8.7894144535838298E-002
  0.98810514115260906      -0.13222773276629995       -7.8511506897204597E-002
  0.98751369601364447      -0.14398652781617929       -6.3910718920332094E-002
  0.98597216898215589      -0.15211223455000691       -6.8707714944003836E-002
  0.98631019423632382      -0.15077851532684033       -6.6768555932719451E-002
  0.98631276790247246      -0.15400733688394141       -5.8897063241567710E-002
  0.98529589870458134      -0.15508679517437896       -7.1694337004205300E-002
  0.98466932232539983      -0.15605047675884104       -7.7939555904414787E-002
  0.98507011133286126      -0.15154774730791948       -8.1671023285869698E-002
  0.98527704077979450      -0.15229959217493003       -7.7678743138414455E-002
  0.98394928013400063      -0.16281399406154562       -7.3043941990482544E-002
  0.98469471250385798      -0.16197486141820627       -6.4346464048129159E-002
  0.98536107948746399      -0.16281848045310529       -5.0534002950913114E-002
  0.98367378248932258      -0.16966189999008580       -6.0006077483061353E-002
  0.98220018243148399      -0.18036581408097593       -5.2449735389861515E-002
  0.98275484502187949      -0.17632127955688190       -5.5711048827371955E-002
  0.98133503374411801      -0.18611869971428224       -4.8387820400342535E-002
  0.97868246208059062      -0.19060530365015563       -7.6486970369503124E-002
  0.97704999058369524      -0.20013215889646033       -7.2941311174418530E-002
  0.97462837223158538      -0.20911063525052748       -7.9826551136397500E-002
  0.97302160192674703      -0.22129036476085859       -6.5265125817036237E-002
  0.97583610046210800      -0.20943337347370763       -6.2302223959739049E-002
  0.97517385698549564      -0.21531868990034106       -5.1708900893684961E-002
  0.97405811438937939      -0.22059767423326518       -5.0472328211407562E-002
  0.97164272763399051      -0.22911877006813008       -5.8437993107620580E-002
  0.96753168818957680      -0.24479115729690507       -6.2926319281121246E-002
  0.96612896599493059      -0.25137521124557877       -5.8355156043032819E-002
  0.96638859863345006      -0.24985966495260323       -6.0524575678396350E-002
  0.96519346419903262      -0.25785456459541006       -4.3733284632903151E-002
  0.96368897672584009      -0.26295174494262213       -4.6475111282641542E-002
  0.96100950064636514      -0.27310149060937322       -4.3316457546319471E-002
  0.96138843186954381      -0.27360064893671765       -2.9579857484904229E-002
  0.96021404966114610      -0.27615021325598982       -4.1593732124136647E-002
  0.95682618645875306      -0.28691887100576285       -4.6488819812711690E-002
  0.95570538931202675      -0.29212673551793589       -3.5905142188565609E-002
  0.95930461933266642      -0.28031522873806269       -3.4029690926254852E-002
  0.95847963294289440      -0.28419975404971248       -2.3394294854462691E-002
  0.95789569521169649      -0.28618055329562792       -2.3163074284494801E-002
  0.96220116985501469      -0.27230081823430158       -4.6014257106802639E-003
  0.96109000423179169      -0.27615780974515636       -6.5473569089643273E-003
  0.96169908070986843      -0.27397264958433615       -8.5945006563706260E-003
  0.96375898350842981      -0.26659078104924505       -9.8983415960335608E-003
  0.95927212082542945      -0.28238902164709268       -7.3101751197624997E-003
  0.96000617188937154      -0.27991868455662811       -5.8034447013620809E-003
  0.95571286213552187      -0.29430031429811859       -5.0015273445445582E-004
  0.95615017322155693      -0.29249223869386254       -1.5004551050910066E-002
  0.95794812719867461      -0.28646701196062463       -1.6493533730023036E-002
  0.95804861705038213      -0.28659264121237887       -2.7395932064541223E-003
