 -0.11158397103264020       0.98046614783131425       0.16197268401002227     
 -0.12373892661412229       0.97897426950392841       0.16216675889230647     
 -0.11802184720311426       0.98330813309206089       0.13847728686600985     
 -0.11564352777608573       0.98145878500620276       0.15285688671973571     
 -0.11660387973298224       0.98053556314581281       0.15796690994489909     
 -0.11478925619154907       0.98063290709074069       0.15869003810495946     
 -0.11376714362049963       0.98263624475643785       0.14657096412113590     
 -0.11748720259848011       0.98343517292929483       0.13802904720062326     
 -0.11942490216136499       0.98411735279917645       0.13134202931008360     
 -0.11947028912889507       0.98537475227466176       0.12150492827498378     
 -0.11895148045653255       0.98597726262816399       0.11704436286072328     
 -0.10358196727184961       0.98847255664224054       0.11042092564929133     
  -9.7882290435806346E-002  0.98883283331547600       0.11237742200428238     
  -9.2633292695083358E-002  0.98914522070207411       0.11406491768599493     
  -8.9334046770471215E-002  0.98864333407395699       0.12084612562570089     
  -8.6840376030360031E-002  0.98998370910933209       0.11131489023952212     
  -6.7370422972498900E-002  0.99189376376925775       0.10774037081875298     
  -6.1297462707922794E-002  0.99189350081721106       0.11130994610612331     
  -4.6992347899239159E-002  0.99290437824122590       0.10923650904492380     
  -5.0753742320899055E-002  0.99374511253265496        9.9472151670126047E-002
  -5.9649763194134627E-002  0.99265637608775070       0.10523889377610642     
  -6.1146374286424721E-002  0.99259151949114177       0.10499141081961108     
  -5.1289130617908671E-002  0.99382062677229632        9.8437730989591396E-002
  -4.8169580090219738E-002  0.99190899436398938       0.11745738994951063     
  -4.2736011943455873E-002  0.99248783587506362       0.11463650781143443     
  -3.1929447860423329E-002  0.99376663421569889       0.10681005139465895     
  -2.5200128263274259E-002  0.99350714267837492       0.11094372890148539     
  -3.5413892301283320E-002  0.99290354304646933       0.11352713524898320     
  -2.6288797399008433E-002  0.99461737817192386       0.10022559637997509     
  -2.1377476257705429E-002  0.99646439846199497        8.1250883728280140E-002
  -4.4337118426019423E-002  0.99649896088753076        7.0880468958311266E-002
  -3.9751412755955659E-002  0.99710389760929763        6.4835503825103169E-002
  -2.2797579615178944E-002  0.99667279253048668        7.8253530228165294E-002
  -2.3666546322253425E-002  0.99677905427408620        7.6625136512989162E-002
  -1.4811560762734936E-002  0.99717827355619915        7.3594214550123105E-002
  -1.3954183543240566E-002  0.99731230050747077        7.1926740633359701E-002
   5.2480483429576171E-003  0.99748094232047291        7.0740566127589388E-002
   2.0817831731509247E-002  0.99718584477760419        7.2020891810456289E-002
   1.5336527387835244E-002  0.99767742228089040        6.6366798918134448E-002
   2.7845419752801238E-002  0.99772756104760407        6.1354270632042192E-002
   3.9394745953020997E-002  0.99636076390908634        7.5586256249397341E-002
   4.0611986360339060E-002  0.99742922110951771        5.9039100947837715E-002
   3.4614420640475069E-002  0.99757523832809247        6.0377858179748160E-002
   4.2405583336449601E-002  0.99689004589732755        6.6422909396683549E-002
   5.3917868182463080E-002  0.99712084330266937        5.3318733499894598E-002
   6.2598513698646552E-002  0.99679171743181116        4.9876829711402434E-002
   6.6811139688748938E-002  0.99674395393065685        4.5141576358952315E-002
   8.0171297916602782E-002  0.99552742251410109        4.9977134899846468E-002
   8.9412084671560491E-002  0.99528289178310159        3.7648963313116526E-002
   9.4650562190241760E-002  0.99476048942822781        3.8637284448871378E-002
   9.2604206953659965E-002  0.99452302344976706        4.8460465152707619E-002
  0.11287759296927777       0.99242181112412375        4.8555100767848206E-002
  0.11927196653160674       0.99194828166628279        4.2577041923922677E-002
  0.12525061779920466       0.99120607895560009        4.2694165671465868E-002
  0.11973925066512570       0.99171337705750240        4.6552009788595042E-002
  0.13285185706584821       0.98946873578501249        5.7463074910447484E-002
  0.14676126059685726       0.98722993871577447        6.1953050701867622E-002
  0.15059598530128765       0.98713706050592198        5.3677490504508159E-002
  0.16469296384599486       0.98475452995418966        5.5988779182297721E-002
  0.17320241807128220       0.98250098119170926        6.8503608164741603E-002
  0.16251042554830358       0.98452286931252675        6.5613119029185860E-002
  0.17093200903388842       0.98294620993355919        6.7815902743303680E-002
  0.20029164825264734       0.97786766403005043        6.0482123678406857E-002
  0.21786576726013726       0.97335660028328641        7.1494308452589139E-002
  0.24036758463724012       0.96853702222350679        6.4493882175597150E-002
  0.23987887685679923       0.96908058530008168        5.7800896466843325E-002
  0.24941459403776695       0.96632853970180732        6.3257518436533031E-002
  0.25960660709392891       0.96257943951258640        7.7751091187282115E-002
  0.26620313359005737       0.96040968133530269        8.2153123277548284E-002
  0.26980388136601308       0.95862903379696673        9.0753739103842324E-002
  0.27101991687360782       0.95910201614372292        8.1679417767681256E-002
  0.28314675439635972       0.95522650712338064        8.5850076084258931E-002
  0.29595948098160585       0.95088066233739010        9.0741124138416007E-002
  0.30115063776432238       0.95070791109832875        7.3910494175015704E-002
  0.30797521203238010       0.94864493939462702        7.2277574216171758E-002
  0.31892350426682947       0.94469758247963953        7.6382433080450243E-002
  0.32712355523794912       0.94168791336298741        7.8829267626605734E-002
  0.34071065244598542       0.93627201813768302        8.5504148216449610E-002
  0.34694674754821564       0.93185337573249027       0.10619435249426229     
  0.36298606392761273       0.92524556196889229       0.11028040374974703     
  0.36853723107927194       0.92305064452721275       0.11026249111243631     
  0.36859447299109538       0.92392778472035464       0.10244785552736017     
  0.37894344904075733       0.91993310572112241       0.10062277787551294     
  0.38939909573335441       0.91564955237262269        9.9770945078517262E-002
  0.38970845746507987       0.91603242147550767        9.4931138126036305E-002
  0.40300955774650904       0.91102334707227983        8.7291222091240961E-002
  0.41456714495768282       0.90347031261214206       0.10897466012864056     
  0.41807666279705435       0.90210085132867035       0.10689227313780132     
  0.41442365111480894       0.90424737256375087       0.10290639731437426     
  0.42202656300894270       0.90011735887379707       0.10808478324406232     
  0.42358991255349621       0.89939034069711032       0.10802129902782062     
  0.43618374667128734       0.89365324642936750       0.10548750772508855     
  0.44889694264030350       0.88668440068674548       0.11082557677257890     
  0.46402126626947149       0.87857521531778981       0.11309224323079710     
  0.46248790436808385       0.87975599852695885       0.11015589575255323     
  0.47512052987430387       0.87303703029279223       0.10984910481885120     
  0.49687261123096960       0.86086331042770570       0.10969033215360893     
  0.49950363842616152       0.85909369059612672       0.11159814504261809     
  0.49966336535006661       0.86087561084414244        9.6071348386341474E-002
  0.51344758718642536       0.85309732981999964        9.2717425904861261E-002
  0.52890858834642085       0.84273461253559134       0.10027002547063876     
  0.54176358448842510       0.83451547296198636       0.10037999755571685     
  0.57654550165726504       0.81072031834387492       0.10162602985051798     
  0.58271728736370965       0.80478319578342805       0.11298040003510429     
  0.60178439303920628       0.79036670545089638       0.11478682506773268     
  0.62988115555504232       0.77000729763019737       0.10167837268999154     
  0.62672253547785273       0.77225347516967557       0.10413180884134790     
  0.63230799745631061       0.76773677154631714       0.10376341343859280     
  0.64675805902117744       0.75687865506389407        9.4014438251956892E-002
  0.65058285048371400       0.75391109427200775        9.1433126327763611E-002
  0.66449404851063820       0.74258928881323660        8.3718621786273567E-002
  0.67913578282988751       0.72819665358405039        9.2218339765072779E-002
  0.68621129116290036       0.72201257319443379        8.8384998895159661E-002
  0.69933529268993633       0.70934893138817490        8.8058173594137215E-002
  0.72516269868495853       0.68367379237334291        8.2031738112751329E-002
  0.73441842356995868       0.67514239377589869        6.9370939503273346E-002
  0.73534524443621418       0.67548507623795995        5.4656045089648532E-002
  0.75610450691886810       0.65096986692331726        6.7410733379883889E-002
  0.76624779334291593       0.64165052319042171        3.3895800426745476E-002
  0.76660386095694977       0.64080099945844038        4.1141213630149866E-002
  0.76603702409995755       0.64173759240087025        3.6880078736563959E-002
  0.76788195750417709       0.63926236429320116        4.1242319743438519E-002
  0.78548379717710903       0.61779607926011104        3.6649813411047567E-002
  0.79980910969770114       0.59955540268093732        2.8960441306534017E-002
  0.80984811879864038       0.58644132694816431        1.5251049982853428E-002
  0.81478047585589386       0.57971888519516013        7.6674840804207035E-003
  0.82501556610272619       0.56483369268673123        1.7669614994910730E-002
  0.82893585372793355       0.55916995641046852        1.3939521234835460E-002
  0.83327135275283049       0.55231759122206814        2.4579078667039757E-002
  0.84123114733776194       0.54059282621938132        9.4632441020346663E-003
  0.85179752990869129       0.52381165237759941        7.8943571557115403E-003
  0.85197471949930215       0.52356079862405658        4.8132606646788673E-003
  0.85246931399398196       0.52277725643877748       -9.4068991995222397E-005
  0.85945297473643645       0.51107144520261338       -1.2106284120354088E-002
  0.86260302222938701       0.50544058960535199       -2.1114838860904716E-002
  0.86854430547862416       0.49551029144116715       -1.0017010359571317E-002
  0.87673581287350821       0.48095317647911373       -4.2844439168795477E-003
  0.87813978862313269       0.47827846290632309       -1.0964650331143265E-002
  0.88229820285208704       0.47051813159290812       -1.2750258283481482E-002
  0.88776937694901648       0.45988132591323633       -1.9357154435477471E-002
  0.88570707950612693       0.46398356122463580       -1.5563554415104805E-002
  0.89354492326278656       0.44881287017979044       -1.2019886533546385E-002
  0.90196589851169029       0.43170257921213295       -9.5079452874837125E-003
  0.90766241608767384       0.41861776632530590       -3.0134766279116192E-002
  0.91636035114575309       0.39910611097932813       -3.1591439140822485E-002
  0.92000203091345312       0.39089381978514653       -2.8253933688949191E-002
  0.92321716802862253       0.38190408186845232       -4.2653638876691519E-002
  0.92603433212806041       0.37575791350548371       -3.5586600823102894E-002
  0.92861677306149759       0.36907401241889942       -3.8147898315173900E-002
  0.93024093177649492       0.36630314673027931       -2.1767258511210027E-002
  0.93695830864911989       0.34747582944433092       -3.7009131378011310E-002
  0.94170374440685145       0.33225691767419330       -5.2909341592566689E-002
  0.94497963783764172       0.32244320068027610       -5.5171246200328421E-002
  0.94701769366561694       0.31732083711480069       -4.9648506694733543E-002
  0.94990118677847946       0.30994397449453465       -4.0279871292834189E-002
  0.95104808030245513       0.30414697877909724       -5.4792009021042726E-002
  0.95191894945184607       0.29921519887187520       -6.5731107084528548E-002
  0.95561046156788509       0.28737832862266732       -6.4979550475945544E-002
  0.95751476975790906       0.27977110811719635       -6.9954219017383024E-002
  0.95879215335201462       0.27554089129391274       -6.9244666910620270E-002
  0.96089881478046624       0.26020251255921539       -9.4700159510765811E-002
  0.96254680647326807       0.25360450470221296       -9.5856145044845784E-002
  0.96429102165418534       0.24453511375235526      -0.10171235765259895     
  0.96931361833040752       0.22765506515554437       -9.2759261684405847E-002
  0.97402215600233388       0.20825287449707466       -8.8947062235180549E-002
  0.97556501247842220       0.20155176765197574       -8.7463085838194662E-002
  0.98075079670955922       0.17961960553622791       -7.6581146900360886E-002
  0.98468151516295044       0.16077821618564389       -6.7473542196608130E-002
  0.98765007302708974       0.13644017068064013       -7.7015667719100164E-002
  0.98916976305349846       0.11816571617283904       -8.7063444579477081E-002
  0.98734959892151719       0.12302169616187304      -0.10003215374554920     
  0.98826100237865944       0.11424170379444190      -0.10143482780420010     
  0.98930809399244135       0.10265314197227871      -0.10359453462543555     
  0.98907936621229542        9.4678618380349591E-002 -0.11295116889466890     
  0.98896726064800988        8.6752315334573282E-002 -0.12007411523913863     
  0.98712858011111981        9.1528592900624220E-002 -0.13114756196527697     
  0.98794425119809892        8.1669530379463035E-002 -0.13151518669805501     
  0.98872659876094560        7.2984977376718885E-002 -0.13073984082876888     
  0.98994951163539091        5.9826207751244642E-002 -0.12814362753939687     
  0.98976830648963265        5.2576613295525432E-002 -0.13264388113673731     
  0.98972310485637260        4.2766974888408915E-002 -0.13645204861911819     
  0.98967402226544188        4.4458161411459376E-002 -0.13626738985117423     
  0.99081177652119889        3.8923483871991030E-002 -0.12952600476418222     
  0.99078880044231576        3.2043769940020152E-002 -0.13157032236073510     
  0.99203266333044848        4.0679869276570191E-002 -0.11923230737152658     
  0.98929285142708001        2.9751549021404703E-002 -0.14287931776888696     
  0.98928005264484520        1.4819564125890909E-002 -0.14527683214514947     
  0.98890135281577451        8.2565632970497682E-003 -0.14834400413111243     
  0.98987189411430265        1.5665257503724044E-002 -0.14109653769637390     
  0.98858946714610452        1.0198994670173791E-002 -0.15028920771465601     
  0.98744926059515425        5.9997616136739807E-003 -0.15782256052498350     
  0.98927164785350419        8.4146441927181390E-003 -0.14584512510304376     
  0.99078664732086363        6.2894802535176514E-003 -0.13528585265585932     
  0.98983516732781818       -2.4739448828733340E-003 -0.14219782388569377     
  0.98959284517852453       -1.4970880912441373E-002 -0.14311489613655920     
  0.99073236156450872       -1.1784524868324249E-002 -0.13531634314612373     
  0.98992515690035676       -2.4083904594291522E-002 -0.13952830994208973     
  0.99234009688663216       -2.8596828046518252E-002 -0.12018050397924702     
  0.99390745832026550       -3.2725443287934461E-002 -0.10524737363448737     
  0.99311716185415777       -4.3912868861241801E-002 -0.10858159502934465     
  0.99357275688089952       -4.9181985070351215E-002 -0.10195248466137274     
  0.99158972325329342       -5.1437734935575914E-002 -0.11876017919805250     
  0.99316809047754973       -4.4429095090939480E-002 -0.10790365872655759     
  0.99300778195230954       -5.7344632902963481E-002 -0.10318497012345368     
  0.99279217583434354       -6.1860654973513896E-002 -0.10264967105820318     
  0.99143148722838814       -7.3369468444731328E-002 -0.10807648787892460     
  0.98987235291239450       -8.2184873844132672E-002 -0.11575133455344130     
  0.98679440327440759       -9.2451545445176725E-002 -0.13300194514029637     
  0.98524938591483124       -8.6926953168816989E-002 -0.14740200937312120     
  0.98572457136629410       -8.5902205065545620E-002 -0.14480290249028874     
  0.98456496640666313       -9.9893980400962645E-002 -0.14371158479502064     
  0.98413633570045655      -0.11948235971317876      -0.13114739216411411     
  0.98373138485646350      -0.13080946490339262      -0.12313182504970682     
  0.98420356220426042      -0.12454917907984528      -0.12582070630456971     
  0.98389963328290253      -0.14031780744971856      -0.11069067051144632     
  0.98127440156310264      -0.15483977743806626      -0.11456523102540314     
  0.98389983501722611      -0.14031142726208914      -0.11069696487596514     
  0.98069935391621366      -0.15860866653188199      -0.11433314536607152     
  0.97824488991297176      -0.17114093402146913      -0.11725065484429734     
  0.97414014216547284      -0.18299343906900284      -0.13253069334887024     
  0.96972862577587271      -0.19100310126762246      -0.15213220453601412     
  0.96702572315664148      -0.21230812631603158      -0.14066453090082953     
  0.96258965042263156      -0.21993044528119085      -0.15827749093807961     
  0.96316162127084692      -0.23031388212716664      -0.13883517929699271     
  0.96307865969223727      -0.22475777712595185      -0.14820066419151226     
  0.96178689625213443      -0.22229019460013830      -0.15985316882163725     
  0.96096192636915223      -0.23378521771925570      -0.14797516022916818     
  0.96455945829434819      -0.22602972864301291      -0.13614555881290999     
  0.96690330464473317      -0.22094299723102542      -0.12760169059093712     
  0.96851329824614041      -0.21931875150386804      -0.11781882854267248     
  0.96446445079227550      -0.23548969919317977      -0.11980369248007521     
  0.96809127171207543      -0.22701566918153890      -0.10612810928757178     
  0.96472758181624718      -0.24369592332247672       -9.9563998709279775E-002
  0.96007347006400690      -0.26255869985384706       -9.6549786174357846E-002
  0.95932329088426804      -0.26686477568731087       -9.2097855916080329E-002
  0.95885121268983520      -0.27106404804114276       -8.4431237008481444E-002
  0.95662700045876714      -0.27969396225268300       -8.1462073829829187E-002
  0.95301657356849379      -0.29135400557050689       -8.2899058750921462E-002
  0.95462798590787934      -0.28854394621590534       -7.3673601945461784E-002
  0.95388135314962907      -0.28914070705834893       -8.0672273026305488E-002
  0.95520736177634302      -0.28848403460226130       -6.5998922626660073E-002
  0.95491491027449527      -0.29280955259539954       -4.8990611797921656E-002
  0.95630614205434361      -0.28764343448908286       -5.2343263792605850E-002
  0.95683243305488563      -0.28347460019679221       -6.4139271102318846E-002
  0.95499342356251748      -0.29148116488007303       -5.5011739406217675E-002
  0.95713265383874957      -0.28306852919136849       -6.1394549733894653E-002
  0.95813996914335298      -0.28353622567784104       -3.9686373711125322E-002
  0.95615846741730937      -0.29074404847554375       -3.5055434132708480E-002
  0.95951829338927530      -0.27785258896040999       -4.6071503766753119E-002
  0.95787092866313117      -0.28373846638350075       -4.4449597482652384E-002
  0.95787092864010215      -0.28373846649158735       -4.4449597290735471E-002
