  0.13326819795970618       0.75386702131125882      -0.64336933529028451     
  0.13344783945333930       0.75567604225683449      -0.64120620186043320     
  0.13690039782328142       0.76424154311008641      -0.63023261170820177     
  0.13073434642355769       0.76703854375924840      -0.62814043258884134     
  0.12788183512743626       0.76326152181765916      -0.63330725999078052     
  0.13680646725400247       0.77569300918919515      -0.61610416815055724     
  0.12325924737447132       0.77868336687957251      -0.61519051689844151     
  0.12910382652688498       0.77056566725870346      -0.62414802284255022     
  0.13515508155624750       0.77478281631399415      -0.61761208818649227     
  0.12211523749889551       0.77617799473788640      -0.61857545154593851     
  0.11697384731907062       0.77259366402603202      -0.62403217012442980     
  0.11961597068161213       0.77040102856726689      -0.62623819329420671     
  0.12410788954102059       0.77927992783971500      -0.61426380800092872     
  0.11456474507093806       0.77867162535694778      -0.61688363493514720     
  0.10270068322181525       0.77961295370384798      -0.61778330511833546     
  0.10813091705998340       0.77536470499827126      -0.62218749506777338     
  0.10951466210166276       0.78026301743325210      -0.61578905674810047     
  0.10266656287245535       0.78645789766599483      -0.60905135421139966     
   8.6917383920340346E-002  0.78924379365687292      -0.60789769085476186     
   8.5019747574902910E-002  0.78475890324637221      -0.61394226625787096     
   7.4729916592307710E-002  0.79235315334978951      -0.60546834759775137     
   6.4413985925791284E-002  0.78640894146430074      -0.61433851840996401     
   8.0670926415510449E-002  0.79169416779098145      -0.60556795350894244     
   9.1499085760790591E-002  0.79072186380095122      -0.60529897688009460     
   9.9492654035941097E-002  0.79392772207227003      -0.59981662524309953     
   9.8842188689360053E-002  0.79603343970252860      -0.59712727672620824     
  0.10604737372708083       0.79546670622466542      -0.59664618813302639     
  0.10135946987741049       0.79305384213807406      -0.60065952197248096     
  0.10461371854871228       0.79141096353207041      -0.60226626727108878     
  0.11978562638693470       0.79636235353062879      -0.59283927466915332     
  0.12503830001328120       0.80035671721420609      -0.58633996004015310     
  0.12117923580269269       0.79925789108975664      -0.58864455857591214     
  0.11195798446915839       0.79524242415830038      -0.59586483075646779     
  0.12111656322156238       0.79976454587766033      -0.58796891862622935     
  0.12757210909480396       0.80606472463934364      -0.57791436794148188     
  0.14632891808700224       0.80491140306217845      -0.57506997917815417     
  0.14637693268862395       0.81572850267937591      -0.55960772286766536     
  0.14534130066212012       0.82028320518045617      -0.55318294407973467     
  0.14999478249558371       0.81059145145926936      -0.56607690647584308     
  0.14857826053840498       0.81974801253068186      -0.55311634982829749     
  0.14959723955004756       0.81200738499303782      -0.56414951266111601     
  0.14574634966472494       0.81396936035719170      -0.56232720186659313     
  0.15176404847244557       0.81572775542761522      -0.55817192926219272     
  0.13578405616280059       0.81966904290587683      -0.55651177004061803     
  0.14063967966157856       0.82143882049889883      -0.55268322272533932     
  0.13667088436688588       0.82265646379575019      -0.55186720498816255     
  0.13775677223286253       0.82897521294708987      -0.54205458029917131     
  0.14405380517569341       0.82579182359468239      -0.54526724209196076     
  0.16213707838138031       0.82689525168254607      -0.53847545028423416     
  0.16333706783794241       0.83410120012874467      -0.52687397944279990     
  0.18313645838211171       0.84089132894139096      -0.50927675238757819     
  0.19898368571492392       0.83518516654420738      -0.51270969408021638     
  0.20337391948291028       0.83658740680563548      -0.50868512819658973     
  0.20146327779969947       0.83472686628774384      -0.51248766462778750     
  0.20372914878129433       0.84601318205963660      -0.49270288178391747     
  0.20151925593985057       0.84747401882312001      -0.49109854093169358     
  0.20800490732173446       0.84494662536997456      -0.49274654621414465     
  0.22545635929513547       0.84522334219847073      -0.48452753467293269     
  0.23761110811866776       0.83840066293209548      -0.49053571704172744     
  0.24377464142601010       0.83727245065309364      -0.48943719471959141     
  0.26013372283491620       0.84154105337416218      -0.47343331286460366     
  0.27856941717805583       0.83838377639607209      -0.46852078213131698     
  0.29253217438603268       0.83424060426242064      -0.46740511459423706     
  0.29690754621689980       0.83678908932731244      -0.46003253035217695     
  0.30362697461962002       0.84127084381842510      -0.44729635324287148     
  0.31423298727865423       0.83724638003010143      -0.44752221043477142     
  0.32359705499505248       0.84162289785768363      -0.43238390788761250     
  0.33155299090736307       0.84413148151187589      -0.42132488193904177     
  0.33457206986154164       0.84454111910578011      -0.41810504446624536     
  0.34796771973421620       0.84365021657264860      -0.40886767798383539     
  0.35723254940730476       0.84211835684486391      -0.40400690428365738     
  0.36251009502922127       0.84321305768855526      -0.39696116982070456     
  0.37529759704873167       0.83660478141393124      -0.39905407323418907     
  0.37427764577427974       0.83819045673060877      -0.39667745350523248     
  0.38155983018136075       0.83342903967131898      -0.39976009283633335     
  0.39520925816098318       0.83757565696582992      -0.37719578619346161     
  0.41069840963503046       0.83761194593155064      -0.36018473642843024     
  0.42080451303852234       0.83400274660736484      -0.35687950411558184     
  0.42442981353768899       0.83729776389825683      -0.34466184580156439     
  0.42905384957267068       0.83512233535398062      -0.34421429249783542     
  0.43874253947830771       0.83112274639793093      -0.34167230568497309     
  0.45799896934625312       0.82969571639540829      -0.31912687488345559     
  0.46393764332909848       0.82988102084676818      -0.30993443555140504     
  0.46228600058116365       0.83244784761973645      -0.30548688132216334     
  0.47025518537339356       0.83075724561712672      -0.29782958127775183     
  0.47429283303441783       0.82909048347556480      -0.29606634179257901     
  0.48446601497690672       0.82094033575596781      -0.30224103867819530     
  0.49825788212027772       0.81631098521437240      -0.29219079096261047     
  0.50925617826450309       0.81409489425902282      -0.27911941537775897     
  0.52795621640048274       0.80720803285531517      -0.26396481822004192     
  0.54400781679960419       0.80087264962188887      -0.25031678798783241     
  0.54663992379013182       0.80006515414125667      -0.24714478114588312     
  0.56898829164228049       0.78282733643041547      -0.25186044808834224     
  0.58171685977038823       0.78016599409841680      -0.23010110106496229     
  0.58734352791082456       0.77085618046976823      -0.24659344933072799     
  0.59538052890005333       0.76715386405050046      -0.23874039180473561     
  0.60221221298940464       0.76458747236827984      -0.22966594789800571     
  0.60604393462460215       0.76311273126639512      -0.22443196894353987     
  0.60556701113805833       0.75809268454859224      -0.24204147713817115     
  0.60444049816204848       0.76305180890062341      -0.22891837216593389     
  0.61638516360981177       0.75983734620321930      -0.20667979435967176     
  0.62153842187383601       0.75777223747620504      -0.19867366771891751     
  0.64937953990663333       0.74060713481888651      -0.17264786418026826     
  0.65033795139886319       0.74118538302376158      -0.16644752014449057     
  0.65313118582538587       0.73849920883354858      -0.16744722349011354     
  0.65355360491706116       0.73683204407131542      -0.17304977413912070     
  0.65911467611357533       0.73432630310002844      -0.16227360939827296     
  0.66590856736592563       0.73181369049737477      -0.14496379654683825     
  0.67112570036660446       0.72781261580897127      -0.14099322883293788     
  0.67975158066860197       0.72210273924536794      -0.12847343131119968     
  0.68729734698053890       0.71667987141360323      -0.11828913197793763     
  0.69134451534892027       0.71504047096021184      -0.10372987026871368     
  0.70641131075592190       0.70234768345100373       -8.7697158375334386E-002
  0.71500768459963004       0.69474966835152840       -7.8018647059009225E-002
  0.71307307985801460       0.69683003826146483       -7.7166576691801242E-002
  0.71826249106186690       0.69349362865649933       -5.6263495682754627E-002
  0.71954877704208564       0.69264445729846380       -4.9932086186691066E-002
  0.72000343626560259       0.69286920287244125       -3.9080934950838933E-002
  0.72900965730594780       0.68427355183371619       -1.7737694763847081E-002
  0.74509937983016861       0.66695338477200494        3.1099495762273565E-004
  0.75524457170345138       0.65544296385108891       -3.9755574487014247E-004
  0.76813238904975767       0.64020642478648937        1.0409925783261744E-002
  0.76988769199644769       0.63797305570685614        1.6227196444238333E-002
  0.77685173314594280       0.62935212064586044        2.0427749428244258E-002
  0.78565353612154509       0.61839760393245691        1.8246222357193042E-002
  0.78806153537535739       0.61515683277694511        2.3261288650277438E-002
  0.79994172113098294       0.59869647656262159        4.0691175277980760E-002
  0.80127802526575065       0.59731464275683321        3.4186894777029693E-002
  0.79692040205403414       0.60230505457806138        4.6330271095206113E-002
  0.80827829241201588       0.58597844074765293        5.7580109364820956E-002
  0.81917640518743740       0.57036779455720776        6.0254428186936347E-002
  0.81982887749988198       0.56803077416854530        7.2260993729436951E-002
  0.82558093906193097       0.55798876655501350        8.4051469089089226E-002
  0.83599750099347181       0.54058819587773166        9.4194377806366247E-002
  0.85027343604943328       0.51893415274027088        8.7991073799716130E-002
  0.85585135997785078       0.51001183468444178        8.6060316673092815E-002
  0.86029662212009050       0.50198871145287360        8.8865378762744474E-002
  0.86129700474938509       0.49895204436198393        9.5991286254192246E-002
  0.86707719575994335       0.48673739928827103       0.10613124293610637     
  0.86499052993763226       0.48631129027648273       0.12366370553980904     
  0.85753060476043863       0.49689637316988405       0.13317378206618349     
  0.86282855999652464       0.48609796820820828       0.13869261464899785     
  0.86699757811512868       0.47876314743591547       0.13820654181245146     
  0.87084361561742851       0.46879084734471971       0.14787338700450478     
  0.88252341615932939       0.44290448909771196       0.15807603698081890     
  0.88860865742579720       0.42803649416000150       0.16480113353717260     
  0.88746894069774696       0.42344624293461286       0.18191250270770079     
  0.88754888575140300       0.41906098177479889       0.19142849567236622     
  0.89660013068240907       0.39199210413248931       0.20603493868291217     
  0.89912352134940288       0.38369298125288154       0.21061004129320518     
  0.89510121644159257       0.38297316669007714       0.22830980250562111     
  0.90354576705394007       0.36905137227067952       0.21772949148894674     
  0.90581636624208928       0.35847160409004786       0.22582032616459735     
  0.90976789698001637       0.34534214346435299       0.23035011953980827     
  0.91510305071294507       0.33960152327103393       0.21738723966197823     
  0.91561700003012059       0.32758471401781947       0.23309604114550098     
  0.91767211501263646       0.31210876454527853       0.24589837010898341     
  0.91016587066219334       0.33061505932297014       0.24958319340572502     
  0.90853395921025948       0.32938183978910357       0.25704794996046110     
  0.90941567362270481       0.31440572903198999       0.27223550488726639     
  0.91662714498508879       0.30526582449418044       0.25808419841666624     
  0.91799935840631475       0.30211394258769114       0.25691310527047034     
  0.91654328531495310       0.29119634053990812       0.27414065258592712     
  0.90729260231235676       0.30286700789370008       0.29170483252560170     
  0.90403222323045584       0.29765133298735780       0.30680518791547162     
  0.90571934211449190       0.29301839913265193       0.30628857485944500     
  0.90623282726379506       0.27711821790317270       0.31929227378005598     
  0.90573992589302044       0.27139457317732918       0.32554596033924488     
  0.90600011917484247       0.25411725981500083       0.33850879208565104     
  0.89932951288277074       0.25687028604236878       0.35387015048821285     
  0.90280127106227281       0.23017826170362066       0.36327377115261855     
  0.90129383184855805       0.24035765330079928       0.36041313401633357     
  0.89870200043278303       0.22581130622865811       0.37595740237082820     
  0.89814949846349867       0.21970997303721462       0.38086087506824873     
  0.89973067852056765       0.20720387637741022       0.38412401609778779     
  0.89875961111834834       0.20119832782819050       0.38955152971273904     
  0.89147396710976823       0.19001446252880966       0.41130119133727228     
  0.88056449040800966       0.18211659538734132       0.43753825423270992     
  0.88121899927759095       0.16636715071007677       0.44246474037691608     
  0.87477154787706068       0.14383166596498734       0.46269557042455867     
  0.87258084310108619       0.13688010472938952       0.46889925269962701     
  0.86767519714168451       0.12841463798870864       0.48025975577323721     
  0.86776558257664316       0.10122939858297338       0.48655472719720683     
  0.86635215389706577        9.0235553652165165E-002  0.49121430180217884     
  0.86731399104889351        8.6867081524610743E-002  0.49012299586760560     
  0.86305582343929654        8.0687949663487579E-002  0.49862220207951136     
  0.86599224979396972        7.3895165559851386E-002  0.49456741482194438     
  0.86849527150181838        6.4478035361625025E-002  0.49148605914602322     
  0.86722117295210532        5.4485316746548780E-002  0.49493311410998081     
  0.86896100943089516        4.7190671364845740E-002  0.49262542019771544     
  0.86810111164335635        4.4641866989119906E-002  0.49437593355188175     
  0.86819934579779090        5.5119800945264384E-002  0.49314470847819436     
  0.86494190377311819        4.2136193926372884E-002  0.50010003425188199     
  0.86513901494317691        3.9034645166301313E-002  0.50001078118365716     
  0.85906018887828894        3.7117560201326193E-002  0.51052705962475708     
  0.85839887514347823        4.5989187384951911E-002  0.51091718095605654     
  0.85457148275387262        3.4271410829310248E-002  0.51820174764623939     
  0.85711882064480416        2.4490484522157421E-002  0.51453624115734586     
  0.85079803490048433        2.3799267901543734E-002  0.52495361571935573     
  0.84417418571223335        2.6487855029090436E-002  0.53541417399341040     
  0.84880711861444225        2.1568468546862112E-002  0.52826250723858037     
  0.84790521669041108        1.7906890447936863E-002  0.52984534232516756     
  0.83070828357699877        2.2729255220255935E-002  0.55624376720435154     
  0.83333013693380675        3.5488427396689587E-002  0.55163525485486586     
  0.82602515729748149        4.0296640589863569E-002  0.56219091087355999     
  0.82828663423866344        4.4067479677072849E-002  0.55856898300612690     
  0.82623448372698383        3.9632184157415665E-002  0.56193048313765515     
  0.82915012610332328        4.3250484274327594E-002  0.55735039606416370     
  0.83496352798566054        4.5765839219437721E-002  0.54839893772169213     
  0.82894947811728881        5.3345729572465625E-002  0.55677373848400835     
  0.81851280535584570        5.2728507565099100E-002  0.57206336358699106     
  0.81886901905690124        5.1649307312971217E-002  0.57165188592611060     
  0.82275888509333706        4.1212452899716354E-002  0.56689447935745407     
  0.81575758763863682        5.8891878494313953E-002  0.57538796029931372     
  0.81405145265301571        5.5605072331727200E-002  0.57812482074764704     
  0.81253095432880307        5.2403526633164263E-002  0.58055776513102653     
  0.81248348381324265        3.8768489949705949E-002  0.58169372759014448     
  0.81782432837830432        5.5945319435463478E-002  0.57274207907734553     
  0.81919929439919559        5.1980600419749862E-002  0.57114843362812728     
  0.82144849730984737        5.0866374216888464E-002  0.56800966386270457     
  0.82735674858325614        5.8872148761888662E-002  0.55858292193183190     
  0.82284412840017351        5.6859060964824563E-002  0.56541541148394348     
  0.82886822997708032        5.8136729052115026E-002  0.55641493336338732     
  0.82667737412792819        5.4925671377062259E-002  0.55998900857850131     
  0.83339016028893209        5.3017427798901055E-002  0.55013634044950799     
  0.83619593373358159        4.4115322215454868E-002  0.54665363691578128     
  0.83841545295278042        2.8164992871451949E-002  0.54430346446310285     
  0.83501909164465293        3.7369227717241209E-002  0.54895050542717938     
  0.83040489920339255        4.2755638297656655E-002  0.55551746936776281     
  0.82157660685609946        2.7233981476006076E-002  0.56944726649601440     
  0.82087483670490335        1.7264382976232728E-002  0.57084712799938786     
  0.83000318026019004       -8.6738271045035641E-004  0.55775798372161767     
  0.83501797795997290        1.0451790706447155E-002  0.55012338302845021     
  0.82508274449566632        2.8190170162255704E-003  0.56500488305727159     
  0.82139403992836724        7.8220052620549159E-003  0.57030750249653661     
  0.82353290276399305        1.1698397671027573E-002  0.56714786921669880     
  0.81503064222531518       -1.0953052580532646E-002  0.57931432130835459     
  0.80497482913337759        1.6807467750890228E-003  0.59330658141636006     
  0.80314517696759535        1.4364716939783201E-002  0.59561017420871054     
  0.81029274724982914        2.0067310837589489E-002  0.58568162579175387     
  0.80877830975720322        3.7760253692741802E-002  0.58690016945588086     
  0.80159884845344376        4.8797649973085305E-002  0.59586749828734353     
  0.80857643126036549        3.5172511451826718E-002  0.58733895601128217     
  0.81189245930426646        3.7198313756873991E-002  0.58262073425043459     
  0.81822988771888328        3.6741662967573675E-002  0.57371587135612767     
  0.81684987013507715        4.0808049458589596E-002  0.57540506841675731     
  0.81921629145302788        5.7266008080839176E-002  0.57061832439594273     
  0.81946482530933840        6.0560931396925297E-002  0.56992084860011261     
  0.81690978481681353        5.5620481604462341E-002  0.57407731665398098     
  0.81775302101423142        4.4882373572787453E-002  0.57381666860119263     
  0.81769400536201720        4.4272873673328286E-002  0.57394810414522135     
