   4.8997524848557163E-002  0.85735917369056991      -0.51238119583698438     
   4.3568756921286714E-002  0.85031258228523365      -0.52447142517753209     
   4.4887214320695909E-002  0.84568221278014866      -0.53179576246694482     
   4.3600765610225377E-002  0.85296226960034749      -0.52014838255677220     
   5.0729252695549731E-002  0.85851410942886752      -0.51027450145241393     
   6.0907500473756239E-002  0.85751084700180669      -0.51084774998064097     
   7.1663043052616796E-002  0.85228083926348275      -0.51815227422522436     
   6.5607555577731042E-002  0.85356917789790565      -0.51683199126390034     
   7.4794329982430491E-002  0.86002235409057171      -0.50474484511185469     
   6.4885626223210063E-002  0.86275666058651523      -0.50143873017869789     
   6.1190775165725755E-002  0.85814979692676341      -0.50973975229441471     
   8.6283585038350818E-002  0.85860814275701969      -0.50531890934762225     
   8.8948268836006622E-002  0.86106236008463810      -0.50065938273096433     
   8.8590189134512790E-002  0.86522431028875058      -0.49349637412494407     
   9.3178225654170874E-002  0.87139501224049631      -0.48165189806158282     
   9.2988737380790734E-002  0.87763055718203153      -0.47023153852191024     
  0.10483958375644288       0.87113217818441790      -0.47972636972491678     
  0.10384710842383202       0.86698904128145615      -0.48738668464564205     
  0.11821216463876072       0.86604460444471743      -0.48579072371095283     
  0.12537149012641755       0.86784670873410674      -0.48075365791937524     
  0.12595135457939011       0.86834837834835876      -0.47969505949028907     
  0.12509922607111551       0.86994395988510476      -0.47701959110274583     
  0.12647539880967448       0.87517364653688390      -0.46698507674578577     
  0.12882517641188115       0.87467688302735780      -0.46727339344327462     
  0.11038933471502399       0.87968929948075858      -0.46255911099039687     
  0.11528782140921917       0.87525887598590435      -0.46971333624095402     
  0.10677759498178080       0.88482733309130668      -0.45351861684437222     
  0.11416530708930189       0.89194387711621703      -0.43749560310030089     
  0.11479978566846577       0.89378852648919782      -0.43354708986076990     
  0.12671281777662935       0.88824982853195034      -0.44153833800030112     
  0.13029254716575414       0.88705653152877439      -0.44289339803749550     
  0.12437090186557133       0.89146958696310019      -0.43567631825586295     
  0.12447064467164819       0.89332054680195361      -0.43183962217064215     
  0.13201601168723437       0.89293022448614034      -0.43040374865622033     
  0.12828920687944440       0.89002051172136942      -0.43749899212852428     
  0.13759106264647478       0.88106432683502045      -0.45254209910080884     
  0.13968276663362975       0.88893200932722460      -0.43622082423818109     
  0.14845670367348640       0.89589003211462337      -0.41873817295782961     
  0.14455383329688190       0.89364507808054006      -0.42485605056489767     
  0.15006098545018728       0.89736589658946286      -0.41498933514478253     
  0.14617993860214312       0.89853007584819811      -0.41385399399607758     
  0.14908790968578553       0.89649134940566555      -0.41722422703665268     
  0.14338913223348473       0.89533140711520165      -0.42168854405881301     
  0.15381672271956309       0.88338234694711459      -0.44269181708500088     
  0.16128489996385334       0.88458458219355263      -0.43760404247345280     
  0.16863685162167263       0.89001255839159765      -0.42360271266880750     
  0.17710557879093858       0.88599089065179715      -0.42854842858557035     
  0.17364357350920906       0.88954342267724984      -0.42256408809859319     
  0.17652290617128913       0.88984953889704110      -0.42072254719894164     
  0.17334027016120720       0.88896117684118559      -0.42391175592282676     
  0.17533860731917253       0.88211688504377328      -0.43717979585525507     
  0.18290682652788692       0.87190437949658783      -0.45423325046078183     
  0.18570728880878998       0.87350459779692557      -0.45000280055897424     
  0.19518848681527751       0.86915051358351714      -0.45439942710381009     
  0.19881733170214583       0.87283754156333915      -0.44567509987939108     
  0.19990177206349841       0.87105331270466491      -0.44867071216216248     
  0.22313351992135422       0.85716195080131408      -0.46420342780508672     
  0.21233822874671213       0.86731669230791675      -0.45019354932824585     
  0.20903626211063672       0.86846801895325887      -0.44951878845963239     
  0.21995472651831052       0.86378514757362679      -0.45331571461120090     
  0.22135825423276217       0.85722034690167903      -0.46494494312852669     
  0.22755083956314917       0.85918887709891412      -0.45827403252160537     
  0.21102447117945980       0.86256392805702509      -0.45983925732615000     
  0.21184855221029752       0.87212277498221324      -0.44104654661806958     
  0.21757313279367987       0.87745223889225821      -0.42748040931638881     
  0.22324086336851950       0.87831237573291498      -0.42276575967890406     
  0.22901103371572235       0.88050559314363142      -0.41504680083002460     
  0.25711151836757784       0.87907918227261395      -0.40138940994703765     
  0.27698340993588433       0.87382153785596306      -0.39964498070078314     
  0.28405000752558268       0.87655416372284689      -0.38854651109597799     
  0.30223041864276340       0.87632036510370748      -0.37512583455625265     
  0.30736801625210680       0.87311293613482355      -0.37841604529838885     
  0.32006358869416307       0.87051343569241513      -0.37385245414628648     
  0.32318430918698426       0.86856525036249532      -0.37569443455828211     
  0.32642424949390053       0.87192240377853969      -0.36496373947475541     
  0.33692528458896626       0.87228536888383579      -0.35440032143867306     
  0.34229440549569323       0.87022077066694470      -0.35433084859517749     
  0.35530066901113827       0.87076242306913998      -0.33990327619927085     
  0.36345843249764792       0.87271801835124252      -0.32597734321794958     
  0.35609215972255331       0.87311652631429026      -0.33296532140899432     
  0.37437082817962819       0.86774509160633151      -0.32690203272726692     
  0.39057686547996118       0.86174333896568645      -0.32380260947083012     
  0.40740377838691544       0.85703717885596720      -0.31545116169491344     
  0.42939721400865150       0.84695931569279470      -0.31349314213041551     
  0.44600582747833900       0.84386652883746771      -0.29827518060201696     
  0.45169378803553500       0.83513999651512849      -0.31386925314662723     
  0.44625510666513180       0.83862999487608492      -0.31233973725645620     
  0.45190397281298567       0.83779203036620276      -0.30641036733556454     
  0.46634858076970981       0.83377987602447390      -0.29551669927550639     
  0.48503514549301752       0.82463839321038812      -0.29105399512797631     
  0.48766442108859082       0.82393694249375482      -0.28863701633431055     
  0.49844517064496019       0.81786301000886108      -0.28749349335239249     
  0.50932984002631831       0.81459156916896580      -0.27753142073935899     
  0.52139665768644106       0.81179347480822328      -0.26293892753298997     
  0.54161005746275925       0.80249343626685909      -0.25032544897352255     
  0.55000946923055438       0.79963836462029392      -0.24097317191775922     
  0.55287367803258336       0.80134858511112184      -0.22841002884971121     
  0.55978071219883274       0.79683165006622236      -0.22738706142370796     
  0.57478109334971750       0.78769496695394980      -0.22172806264232617     
  0.58705274189067702       0.78225847476407684      -0.20842446329166642     
  0.59840807945091601       0.77736553406291153      -0.19393451703848646     
  0.61650040976921894       0.76351568679700721      -0.19227854994585303     
  0.62574953934933630       0.76126422180911846      -0.17004204949791446     
  0.64115205564511801       0.75271255769566026      -0.14949196309265908     
  0.64822911209024836       0.74748101826258972      -0.14515903546045789     
  0.67244258463552897       0.72793920440103044      -0.13388608988496092     
  0.68764919917985390       0.71330454175292701      -0.13540756840720636     
  0.69449499721959851       0.70611041989317391      -0.13814765200768217     
  0.70345875211700826       0.69824229367485946      -0.13267811949848329     
  0.70872982740543622       0.69578878580885672      -0.11653324542163099     
  0.71151150258642049       0.69492955255690481      -0.10403988980326068     
  0.71182265534631073       0.69749331109564050       -8.2532347068097589E-002
  0.71513840932817174       0.69401033114284938       -8.3226893313192593E-002
  0.71658732600659525       0.69297720825795905       -7.9279209391390895E-002
  0.70797514125288552       0.70323458605639388       -6.5056255210781150E-002
  0.71581765044574563       0.69588452862660688       -5.7877578806116312E-002
  0.71812118632060429       0.69338594826882516       -5.9311790571791541E-002
  0.73644350282804960       0.67366520147519959       -6.1855989715886697E-002
  0.74900559490427676       0.65967736543659805       -6.1776956324507165E-002
  0.75628949883617447       0.65169470268934404       -5.7621249871701377E-002
  0.77018132401928263       0.63554920628195344       -5.3832467213425848E-002
  0.78425649564488142       0.61865229726249471       -4.7022166375531804E-002
  0.78815408900599893       0.61422485734803001       -3.9255020047327768E-002
  0.78508364905377181       0.61802964338709643       -4.1024674078322367E-002
  0.77985558264369292       0.62488199751876894       -3.6711842727102997E-002
  0.78920778761828092       0.61316124166892461       -3.4414527131442968E-002
  0.80234924544758490       0.59566664980308837       -3.7642139180118044E-002
  0.80471050271697520       0.59261018646713548       -3.5414315077105088E-002
  0.80920764031436021       0.58728385235008540       -1.6753257167121460E-002
  0.81993077388879976       0.57239556426305926       -8.7660733563033871E-003
  0.82204544369594434       0.56938691550094578        6.3110185435458826E-003
  0.82279039212178184       0.56788988546688368        2.2738703052157146E-002
  0.83199072354360115       0.55359186276067163        3.6434673356089353E-002
  0.83677647702533930       0.54632672822954265        3.6499774233070138E-002
  0.84385171001524839       0.53511603829700105        3.9561560404814629E-002
  0.84897037296946731       0.52593559429901049        5.1391210040532764E-002
  0.85226767969642259       0.52104215669069731        4.6420610680855602E-002
  0.85829532104007189       0.51135934448523868        4.2904110389896534E-002
  0.86508830462370523       0.49995825998044274        4.0791708478710983E-002
  0.87083781948831274       0.48981033481573616        4.1561136372062768E-002
  0.86953810655652264       0.49084749157799212        5.4518081933331963E-002
  0.86686780370504113       0.49607837241084507        4.9461695541153379E-002
  0.86508891394095322       0.49665924166312736        7.0361698722168450E-002
  0.87128401251093235       0.48428679287960030        7.9564261985144602E-002
  0.86814878791351191       0.48968265110965137        8.0799648801983842E-002
  0.88272978240283906       0.46201614407785763        8.5610827997779790E-002
  0.88730250236037400       0.45122423702911146        9.5346511328501124E-002
  0.88884518716128669       0.44432040247926302       0.11195362075825685     
  0.89625603911873630       0.42535888928480814       0.12567787255356158     
  0.89927885374473693       0.41806688571378064       0.12852090210208017     
  0.89765555508904016       0.41927022161948380       0.13574603375766650     
  0.89352774458213780       0.41958112364239275       0.15987448309515831     
  0.89300969169749900       0.41149950423085058       0.18221374413611205     
  0.90045827689132807       0.39455516441570559       0.18303309485116637     
  0.90504585088533140       0.37594073011801349       0.19889840430124470     
  0.91133777044163056       0.36223755010415087       0.19556949010779270     
  0.90862380560621459       0.36794234194545011       0.19753787710051413     
  0.91227916379819873       0.35704504770396073       0.20066280474900208     
  0.91741821672742163       0.34292907437683162       0.20185010667256864     
  0.91694449813889867       0.33001882302789343       0.22427742592621161     
  0.92259245990160021       0.30932047073248803       0.23052982305668479     
  0.92280453090496173       0.29895128067222476       0.24302248769550161     
  0.92506837445919510       0.28745337298319590       0.24823186929966615     
  0.92866671540469270       0.27747063709437036       0.24614665801083671     
  0.93018431307356975       0.27309492999849783       0.24530858713254761     
  0.92830332734405130       0.26107989433277873       0.26474557827685147     
  0.93050982427041729       0.25735156298339462       0.26061780439225812     
  0.93307854592487260       0.23701520054535224       0.27053321763726590     
  0.93143250745245731       0.23355890084129241       0.27907655562342482     
  0.93473281896662119       0.21952377877456969       0.27943490780367125     
  0.93704933584364813       0.21114029273604884       0.27813363510785877     
  0.93826999470514916       0.19638074360584445       0.28475256026384577     
  0.94106808542100107       0.18768290946590768       0.28136450397387391     
  0.94022311872474185       0.17474611094123649       0.29230854200045658     
  0.94068097233713266       0.15244210355380558       0.30311831575633486     
  0.93903852959303002       0.13978410043438208       0.31411310893611372     
  0.94187829357771058       0.13726931127747938       0.30663074905910315     
  0.93829632085742498       0.11992146532376570       0.32437456191881175     
  0.93765291544710383       0.10330270409368973       0.33186678273137898     
  0.93881190883522536       0.10478862921985192       0.32810294575846194     
  0.94191694082660615        9.0998567167033223E-002  0.32328275140717044     
  0.92975491604084215        9.6230359373996696E-002  0.35538080144070527     
  0.92654935933552618        8.1629171648088639E-002  0.36720969901538997     
  0.92622849191088763        7.9752394808476290E-002  0.36842955404635430     
  0.91957734469135621        6.0898235014089599E-002  0.38816093582760536     
  0.91595177877449752        6.6187394061133956E-002  0.39579232916673257     
  0.91304769774044658        4.5220002276811992E-002  0.40533819588703207     
  0.91706301520791722        3.0700279154140846E-002  0.39755869880763578     
  0.91288888719872519        3.4814255920670084E-002  0.40672084679022941     
  0.90929760137500726        2.2118827463655306E-002  0.41555821446012758     
  0.90207160015305132        1.4797102289353712E-002  0.43133267203070913     
  0.89787048133311964        4.5357307225142533E-003  0.44023632959746112     
  0.88810663473718310       -1.0450423133488266E-002  0.45951865467260755     
  0.89348193162356171       -2.1913646491924746E-002  0.44856418711222540     
  0.88895724067996706       -3.5207174810233784E-002  0.45663495166767554     
  0.89313965421280439       -2.6212525378207369E-002  0.44901499037997455     
  0.89165107860924375       -2.7393761937388503E-002  0.45189372182172288     
  0.89397439109192800       -2.7458271166564414E-002  0.44727601256535060     
  0.89397985411539183       -4.0330595946378889E-002  0.44628854283572239     
  0.89575216822727155       -4.5103314820951021E-002  0.44225981516333063     
  0.89932103139546427       -5.2416258885224484E-002  0.43413617482798461     
  0.90063427051223044       -4.2351359642115609E-002  0.43250927517842491     
  0.89708689018341570       -4.0373934261626235E-002  0.44000574643211887     
  0.88936121180251615       -4.9034734312046344E-002  0.45456817945398004     
  0.88359890261229723       -4.3383402064056262E-002  0.46623047919209704     
  0.88263514196924098       -4.7529001927173943E-002  0.46764965533692487     
  0.87522262210079127       -4.4895459898685548E-002  0.48163239035959809     
  0.87147353432917518       -5.5966789465740428E-002  0.48723874788517524     
  0.86952614396147643       -7.1378148004075603E-002  0.48870179553076515     
  0.86426660451367521       -6.2740028674124537E-002  0.49910612611384819     
  0.86368177221650277       -7.0284446425344774E-002  0.49911310635129919     
  0.86324080532671410       -8.0465287070290908E-002  0.49833788697587694     
  0.86664807370057018       -7.2735566920099456E-002  0.49358955991380427     
  0.85798271849689411       -6.6116327116780740E-002  0.50940581666218088     
  0.85456484357064555       -7.8143000538979351E-002  0.51343217624126636     
  0.85579962252599562       -6.9627023895157361E-002  0.51260031567281172     
  0.85489113845191178       -7.8100988164864146E-002  0.51289509360498320     
  0.85480041866434220       -6.8546133951226287E-002  0.51441002300849881     
  0.84986587492130083       -6.2949641477265034E-002  0.52322589507987394     
  0.85073075760836114       -6.6852183546993335E-002  0.52133287217870938     
  0.84326571265533812       -7.2369459271335548E-002  0.53260266543142520     
  0.83853399372660153       -7.8377784232399939E-002  0.53918240355535951     
  0.83822168942984809       -6.4307838135350681E-002  0.54152460823468440     
  0.83340782425012738       -6.3264353908800169E-002  0.54902551853549519     
  0.83214820460132288       -5.7810963669410811E-002  0.55153173803363997     
  0.83399570612040896       -4.0130284235811643E-002  0.55030966051839492     
  0.82358336820567746       -4.8934824073997588E-002  0.56508036473393575     
  0.82096541956799962       -5.5890777390096340E-002  0.56823586729127606     
  0.82301218351848615       -4.7246858621536506E-002  0.56605536843186022     
  0.81661790031949955       -6.1712471771434602E-002  0.57386999895937352     
  0.81838764593566771       -6.5729961462594411E-002  0.57089511571391294     
  0.81840391318561090       -5.9860863076669081E-002  0.57151702682789352     
  0.81410759282820222       -5.5392103105674939E-002  0.57806620919493346     
  0.80883318165452545       -4.4179038592706381E-002  0.58637624167733871     
  0.81244034448685865       -3.9399700169483069E-002  0.58171156966028204     
  0.81485572463440381       -3.8378851275361961E-002  0.57839191886239583     
  0.80623209239058879       -2.2736826850967281E-002  0.59116228728179354     
  0.81044694586791288       -1.7733749732776950E-002  0.58554356119232298     
  0.81023822470252127       -1.6398863742261526E-002  0.58587122859794816     
  0.80698116241891105       -3.6626073905054610E-002  0.58944035678881423     
  0.81835875999425700       -3.3783607759746447E-002  0.57371387275138963     
  0.82812322971918573       -2.5459226892398150E-002  0.55996762778352305     
  0.82082856146472416       -3.9631387698625356E-002  0.56979805702795505     
  0.82089236976171598       -3.4427297323541758E-002  0.57004427763638743     
  0.81876774913243877       -4.2326978562555517E-002  0.57256248555626166     
  0.82715457367208090       -4.2797485353097381E-002  0.56034247251195390     
  0.83586466969836015       -4.3238210354400966E-002  0.54723003491712718     
  0.84201804204897091       -4.8211767086672533E-002  0.53729064981478847     
  0.83873378905497253       -5.2141543305127179E-002  0.54203956549245391     
  0.83754138701267367       -3.4597455234298427E-002  0.54527739833244304     
  0.83754138713033210       -3.4597455160638266E-002  0.54527739815653553     
