  0.12672210542116807       0.76905703550210613      -0.62649244539925508     
  0.14347473608625586       0.77555382455099087      -0.61476114494111445     
  0.14032992967970961       0.78147472337800694      -0.60795128715823554     
  0.14747554673273483       0.77779848741031699      -0.61096683715084266     
  0.15615707323481567       0.78650466817324360      -0.59751600432158491     
  0.14684349141073666       0.79296017173255828      -0.59131307703802460     
  0.14076121139655667       0.79070667736665945      -0.59579294367586411     
  0.15770261316566558       0.79171764708408510      -0.59018052585320091     
  0.15299201001725302       0.79630055776363984      -0.58523402718587547     
  0.13648529884849858       0.78420897389637656      -0.60529996568530264     
  0.12773910882998121       0.77852011001617061      -0.61448283814581295     
  0.13311818882349527       0.77989853280952415      -0.61158631960329524     
  0.13285551200685949       0.77156770597559821      -0.62211951265407861     
  0.12003775156841147       0.77230701088891873      -0.62380511310041742     
  0.12415329145395840       0.76224137155368354      -0.63527478441467211     
  0.11892668541820486       0.76647769243692865      -0.63116431338598422     
  0.12912000898851939       0.75862397101624057      -0.63860605530980941     
  0.12521633025977608       0.75777532806441084      -0.64038849366080219     
  0.13825370570314902       0.75727115393259747      -0.63829954745475181     
  0.11855983034758326       0.76134272479847664      -0.63741730602830682     
  0.11833427214680435       0.76471923295228428      -0.63340468484876000     
  0.12321135697730548       0.76908634482375371      -0.62715640450963261     
  0.14684579662361300       0.77167804454517241      -0.61882898088318050     
  0.14978641053521524       0.77860468128892413      -0.60937573096895592     
  0.14482692506594477       0.77902614651080826      -0.61003559308327604     
  0.13989859595773999       0.79343655405302771      -0.59235700176625783     
  0.14426844136615441       0.78814162833468193      -0.59834721567977434     
  0.14507675307062373       0.78844143658817345      -0.59775650292511495     
  0.15474255271712536       0.79216876472409026      -0.59035869653465545     
  0.16453752496747492       0.78400739298760036      -0.59854808546879834     
  0.15151530273003683       0.78466416231717839      -0.60112000916098796     
  0.13778329613972731       0.79412063527918997      -0.59193595931371468     
  0.13257903460682241       0.79415507323108170      -0.59307716129021415     
  0.13431390923478304       0.79298466181185756      -0.59425171427367784     
  0.13214499803350108       0.79762618760293380      -0.58849822798776286     
  0.14575893439508353       0.80239840135046270      -0.57871507545097822     
  0.14488678103862143       0.80350044107824603      -0.57740355200442828     
  0.13697932104429619       0.79824422789921412      -0.58655163304847469     
  0.14316106148341134       0.80268833627964653      -0.57896143677757739     
  0.13621069222005774       0.80744015144943138      -0.57400962461639271     
  0.14515652194611134       0.80219513393943032      -0.57914812545704319     
  0.15233202177847949       0.80881572776872013      -0.56798950135969617     
  0.15367559152429766       0.81155706174640529      -0.56370111592864403     
  0.16244408772201380       0.81251638086807998      -0.55984734453706397     
  0.16899422464697231       0.81507860102372709      -0.55415505608915450     
  0.17465647055030808       0.81117150865943177      -0.55811817819713860     
  0.18841174545377515       0.80836575450943571      -0.55771482059512623     
  0.19627041901411249       0.80616575577619809      -0.55818876451771937     
  0.21108556299676179       0.80663860723737812      -0.55206615763736455     
  0.20873107559463178       0.80745846286243894      -0.55176278311692573     
  0.21356318249121073       0.80513769038415217      -0.55330287059358385     
  0.21847072967449799       0.79771592214999865      -0.56206747621960085     
  0.21616981992028006       0.79755666033701134      -0.56318201543347124     
  0.23406746689200472       0.79277284559427208      -0.56278205038106954     
  0.24295877265051113       0.79405934661357414      -0.55717213574243030     
  0.25332172500373135       0.79089500314756145      -0.55705762505988121     
  0.27072144478276300       0.79257054551818451      -0.54638981479502469     
  0.26664628075085584       0.79894574533896168      -0.53905978978820801     
  0.27249536541760283       0.80175237628514084      -0.53192048554935145     
  0.28196529947074800       0.79420180939818652      -0.53827414562007236     
  0.27683439555094452       0.79823322632799631      -0.53496395563247257     
  0.28468342865825086       0.79400369768133860      -0.53713450225780990     
  0.29645608344388436       0.79254124029283135      -0.53290916019919843     
  0.31239246800033993       0.79631908873546842      -0.51796414436925076     
  0.31106944240960549       0.79951054840725655      -0.51382748562577429     
  0.31534397367153610       0.80704895919430653      -0.49922956215796438     
  0.32399029230779736       0.80421839865413736      -0.49826003026179422     
  0.32753564838376592       0.79807581255908722      -0.50576219357122698     
  0.34031561277169037       0.79515108345247743      -0.50191636573056753     
  0.34609219449769751       0.79208947180387279      -0.50280658464784567     
  0.35296945169388688       0.79269742747023786      -0.49703456082347519     
  0.36205908314052615       0.79449922167697673      -0.48752867307484643     
  0.37618352490726714       0.79372806503244198      -0.47799760916577799     
  0.38979104277846244       0.79882719206471720      -0.45818998263567517     
  0.39520572108239688       0.79301041989937182      -0.46362367492910145     
  0.40501511452404065       0.79350668982104744      -0.45421348528673450     
  0.41197005483442539       0.79673314633540904      -0.44215039008260631     
  0.42505042786133623       0.78338803687790959      -0.45347030492797452     
  0.44131750893427996       0.77965248293337897      -0.44427566010739233     
  0.45833143081633010       0.77071579950783364      -0.44263919383043471     
  0.46227860026148970       0.76849135275389058      -0.44240200777434691     
  0.47441014069342341       0.77056730751778535      -0.42563017161855154     
  0.49073404840913759       0.76660196189161878      -0.41412742695443333     
  0.49675936316831482       0.76187055890168454      -0.41567221050179204     
  0.48944061029155139       0.77210886378144772      -0.40533417258794679     
  0.50709454176165580       0.76463677329411128      -0.39772569773891542     
  0.52472100178181058       0.76188013134842969      -0.37974535645033652     
  0.53722918734962921       0.76349131832549977      -0.35842127043640676     
  0.55887656737946279       0.75860288156350475      -0.33493081452397949     
  0.56431699219989573       0.76161173234186075      -0.31858107519702583     
  0.55911395956309307       0.76273340258094702      -0.32500667194531951     
  0.56343360494556283       0.76007681015670525      -0.32376815081174443     
  0.58076336702666020       0.75170870242849286      -0.31248670085801800     
  0.59611272462702791       0.73774336921837425      -0.31683487925426201     
  0.60059378342305436       0.73558743554156070      -0.31336597132900679     
  0.59898827085589978       0.74308548929722040      -0.29839069518497102     
  0.59812920734060626       0.74630699465128536      -0.29200568669233956     
  0.60374634669830785       0.74143760871931441      -0.29284914414256213     
  0.60988159166659228       0.73445940286259803      -0.29768075129732513     
  0.61684812162118985       0.73594219356759349      -0.27908328968128771     
  0.63857513892730067       0.72163879167676803      -0.26731862316582516     
  0.64080667164457072       0.72487624211176915      -0.25282650809938245     
  0.65080667606207132       0.71845164927606875      -0.24551557597336843     
  0.65286700367015460       0.71894436474101675      -0.23850298934372158     
  0.66509190906676063       0.71246925195348121      -0.22369693228736892     
  0.67742168146314230       0.70090869978266646      -0.22321930931848155     
  0.68800329320089137       0.69367475481022833      -0.21322946110633670     
  0.69345093980788464       0.69054422602619703      -0.20560755331806510     
  0.70020214864065433       0.68653237688258195      -0.19593429136055482     
  0.72025600000276113       0.66946724539666114      -0.18178256737385626     
  0.73020573567835056       0.65568219367483238      -0.19204281939244300     
  0.74535704070676045       0.64433194182320552      -0.17111174891046366     
  0.75311210855578181       0.63825344385202898      -0.15954527055882628     
  0.75767148873285106       0.63749408313007572      -0.13976841250972638     
  0.76753522024645948       0.62881630970421609      -0.12441758047474905     
  0.77917842166953177       0.61543558898633088      -0.11882770305625853     
  0.79225730755215884       0.59994800617455357      -0.11131373912227999     
  0.79590150705818019       0.59527703727050296      -0.11039039795639770     
  0.79373451901801395       0.59958485826219010      -0.10238901826832697     
  0.79528539120763797       0.59878403212293507       -9.4756685285599190E-002
  0.79306989041832077       0.60430933016871846       -7.6487792378311825E-002
  0.79855525380528725       0.59878482279136214       -6.1369720666556778E-002
  0.80913786181290814       0.58611053076910835       -4.2075721056086431E-002
  0.80723542759506295       0.58966658478297818       -2.5773692513803639E-002
  0.81381029450104447       0.58104554740818481       -9.9436613602948802E-003
  0.82112419627626354       0.57068427497646745       -8.6320672058272548E-003
  0.82913585980394988       0.55902962761448882       -4.4273509430829382E-003
  0.83254805390059083       0.55388267051513473        8.8161924527592143E-003
  0.82986150317225216       0.55750090555910858        2.2861011645682890E-002
  0.84182527986990940       0.53854199009103121        3.6093255335870073E-002
  0.84989206366082071       0.52489761501579146        4.6540024463744029E-002
  0.84168942188502049       0.53503347260086698        7.2788050417069608E-002
  0.84922911615303898       0.52160819532156222        8.2065820237848072E-002
  0.85228340081869747       0.51487509705003964        9.2285638788643071E-002
  0.85886435328830324       0.49990894482492870       0.11154850754130050     
  0.86267386397455581       0.48964370476365648       0.12666036002053288     
  0.86149135110355080       0.48621985230718578       0.14636566262671463     
  0.85856972939898035       0.48726121673863981       0.15948205674038113     
  0.85760589400430554       0.48589389820370210       0.16858010041961907     
  0.85071617415793643       0.49286134892063727       0.18267370299584793     
  0.85448724647882801       0.48233423491158006       0.19288657661250441     
  0.85939222988016217       0.47256563286400277       0.19526064083026862     
  0.86937969171894380       0.45660798666425345       0.18891293799285119     
  0.86616052558823675       0.45151829055644438       0.21423626491725339     
  0.86647797236907431       0.44904818591412887       0.21810926189965094     
  0.87247484820894439       0.42909675229465272       0.23380251583967471     
  0.87136725759156952       0.42672387130301825       0.24212773500264759     
  0.87639009394613288       0.41625686774731774       0.24222019586789301     
  0.87325520412709012       0.41987732872379785       0.24724153633384910     
  0.87661009629463504       0.41061942671595208       0.25089126225871988     
  0.87856395372508400       0.39774814561188188       0.26442729034132806     
  0.87606217780749651       0.40057447575928889       0.26843090355873334     
  0.87766491049401119       0.39464611439753622       0.27195357927129205     
  0.87424713478692018       0.39687463589202826       0.27961128500550630     
  0.87452100963648316       0.39005703720500878       0.28821608461575593     
  0.87117076534702620       0.37915291161986076       0.31193680003304969     
  0.87463703615414057       0.36376321678730833       0.32044715180517758     
  0.87645350198427441       0.34888376904883278       0.33182732641206958     
  0.88082649191040818       0.33525891608863229       0.33428453498760435     
  0.88037691956195341       0.33645992501108907       0.33426217010624792     
  0.88021666059705661       0.32326967243011584       0.34744114507969864     
  0.87565881884064212       0.32132195225953636       0.36051884275684121     
  0.87565464114978386       0.31697688352495496       0.36435505313313615     
  0.87268976522163322       0.32857085982323653       0.36118383650494257     
  0.88518656162268272       0.29391491748939136       0.36063662099101518     
  0.88436261822165041       0.28761179438454137       0.36767134131320561     
  0.87885497542392643       0.27411374250576581       0.39048122661927342     
  0.87745896888208430       0.26535267396822476       0.39956691097524905     
  0.87304271626960595       0.26086295380518715       0.41200356175720276     
  0.86724591040473631       0.26103434899303651       0.42396414887587092     
  0.86646689987664760       0.24433077933164307       0.43535914104259188     
  0.86020553043383352       0.23545276947134147       0.45233664317554712     
  0.85488054961601756       0.24362420929719592       0.45806821602522546     
  0.85664594781913694       0.24001431333804682       0.45667367942319353     
  0.85395344138939933       0.22165804863905553       0.47077726093422184     
  0.84599269385112230       0.22552527603910849       0.48315081684501493     
  0.84068239930264299       0.22253154336190170       0.49369303794131203     
  0.83905119190552413       0.21192731789361119       0.50107874560026933     
  0.84130550061389664       0.21648394241336039       0.49531783464152496     
  0.84061819506279079       0.20113170107162806       0.50289868656957959     
  0.83721011864063843       0.20046991985542612       0.50881335328279953     
  0.82806824229758191       0.19671400373377182       0.52498246335779897     
  0.83287851778834499       0.16628490425834630       0.52788512502483131     
  0.83214362267188624       0.15378374477029363       0.53281099002454368     
  0.83541228255883648       0.14366509962155502       0.53051546377138026     
  0.82465786078009695       0.14589253748915904       0.54649316570161088     
  0.81704692611410090       0.14942059508076183       0.55687324077675870     
  0.81134977639906070       0.14445449175594111       0.56643131988682205     
  0.81298962779421990       0.13244147042897927       0.56701598038293965     
  0.81413128911114785       0.13223844710684049       0.56542306036895351     
  0.81214728566878802       0.12573982277330809       0.56974229555980682     
  0.81307501070271682       0.11544951559420404       0.57059656178410390     
  0.80921071266223132        9.8251225903242867E-002  0.57924495606020954     
  0.80261573126221442        9.6492666439560379E-002  0.58864008804515189     
  0.79669715717644418       0.10341537446530306       0.59546528032385970     
  0.79740521127972652        8.6777186176191706E-002  0.59717221049147740     
  0.79712909138371624        8.0199030373821090E-002  0.59845912742381135     
  0.80717674756560531        8.6181942469158737E-002  0.58398490646732770     
  0.80885209922394330        7.8857730851034577E-002  0.58270038601844587     
  0.81277487317650443        7.8255198502912363E-002  0.57729812873435338     
  0.81405534994666873        7.6869685551892816E-002  0.57567780803706448     
  0.81979267080894547        6.9971234386762643E-002  0.56836960091680400     
  0.82920134922730826        6.0574949886422619E-002  0.55565798643218400     
  0.83104614027022849        5.2149078491983906E-002  0.55375336238653372     
  0.83134101365394630        5.6771340435210600E-002  0.55285543673008952     
  0.83016521009486044        5.1777439868769898E-002  0.55510793605279185     
  0.82645736835371519        3.4912600909785596E-002  0.56191576645576102     
  0.82450985021106371        5.0272797605047895E-002  0.56360992958418499     
  0.83160200229966452        5.1389066525060964E-002  0.55298939737835129     
  0.83354681110154427        5.6650087458447032E-002  0.54953660596305720     
  0.83288412492774744        6.5307422199550824E-002  0.54958072659891355     
  0.83045384721212778        8.1098996634165713E-002  0.55115275595383484     
  0.81890898951506352        8.5100751866701990E-002  0.56757900676746253     
  0.82165365723824868        8.0545474339763459E-002  0.56426739593068220     
  0.82480092179857245        8.7460997793113532E-002  0.55861794928668185     
  0.81335102856062147        9.5045049646287780E-002  0.57395691726567244     
  0.80971726739614969        9.8005389077142985E-002  0.57857833574404594     
  0.80154442636143142       0.10532745157990858       0.58858530436344236     
  0.80107131590808123       0.10327308318234157       0.58959258570584860     
  0.80813104410200653        9.8927159690470168E-002  0.58063554200046841     
  0.80921142025070592        9.8925854653707374E-002  0.57912913293743773     
  0.79955189253655334       0.11056849994880860       0.59033158306182987     
  0.79699090977039611       0.10565605993761416       0.59467830525572030     
  0.78606676966521649       0.11174096145105700       0.60795805049533169     
  0.78403652164631488       0.12935901189491161       0.60708564368326123     
  0.76761149331555201       0.12107942125035354       0.62937458566385385     
  0.76495730019960562        9.4200689939968357E-002  0.63715505089904489     
  0.76717638619953654       0.10607251771203882       0.63260494263327460     
  0.76445871387737574       0.10428077324569368       0.63618267432257891     
  0.76515005208615661       0.11670138820828684       0.63318732124293997     
  0.76655745690023047       0.11632230481485951       0.63155267925424075     
  0.76529034910099958       0.11537413159988696       0.63326099779667566     
  0.77498544381980128       0.12541461092889256       0.61940999122792673     
  0.77042497875799376       0.10904840502468702       0.62813517451844447     
  0.76575726568601277        9.4912948625396981E-002  0.63608752717870043     
  0.77053459634617938        9.5296161496132778E-002  0.63023414493165408     
  0.77627056800422312        8.5211211234482859E-002  0.62461432478798717     
  0.77937707221160935        8.1739556570263355E-002  0.62120047022081082     
  0.77834920712759181        8.0146113773498631E-002  0.62269503949433735     
  0.77993948144109326        7.8604719322357283E-002  0.62089910886524224     
  0.78816296330962676        7.1878037496142910E-002  0.61125501306139840     
  0.79222070174265324        7.5276086699775910E-002  0.60557400084675461     
  0.79794217685912971        6.7324351774270735E-002  0.59896219751123503     
  0.80181863832054889        6.7157089462455674E-002  0.59378177521435604     
  0.80014365553392652        6.7397979095950897E-002  0.59600976747246903     
  0.80705265547454730        6.0979923007256541E-002  0.58732227974214524     
  0.81792237808980506        5.7953213483578118E-002  0.57240231347090542     
  0.82369704160557666        6.2855207344992475E-002  0.56353563024873499     
  0.80921060717263660        8.2741573792457251E-002  0.58166315441640293     
  0.79853772082337104        8.1597744104500505E-002  0.59638856174416388     
  0.79853772086406416        8.1597743886593119E-002  0.59638856171962107     
