  0.25503559033566836       0.61785821447242850      -0.74377958729120786     
  0.26661111522601089       0.62079789757373216      -0.73724384270468934     
  0.25293650747766555       0.61113408679895109      -0.75002550032476434     
  0.25314090213995299       0.60330102066367008      -0.75627214819134025     
  0.24618320669550364       0.60559906782021644      -0.75673218366632444     
  0.23855959599453330       0.59726851336033804      -0.76574123704242036     
  0.25487232140040117       0.59125942637200635      -0.76514860681453034     
  0.26518473766936196       0.59067318202353969      -0.76209070781988808     
  0.26408803196065528       0.60172191092637672      -0.75378262999770529     
  0.27527999971340444       0.60232220270939862      -0.74928558366025322     
  0.27244687566107328       0.60449720561168108      -0.74856918741702771     
  0.26994454369390192       0.60990619020466019      -0.74508011816175068     
  0.26863619309678716       0.60946882604383645      -0.74591041408416747     
  0.27598395824581701       0.61662724647643707      -0.73729484854694249     
  0.26533225126556870       0.61374634098623693      -0.74358202329289191     
  0.27584254525585961       0.61840686697525837      -0.73585585348260574     
  0.26782467396294557       0.61626994423078696      -0.74059523348076273     
  0.28237995075549882       0.60921390975215273      -0.74102629884223270     
  0.27223994258547785       0.60763735585017364      -0.74609802133263015     
  0.28357978560097691       0.60593199479328852      -0.74325562418614133     
  0.27102834607442938       0.60679629267006308      -0.74722278794615615     
  0.25736737169471774       0.61572613505010398      -0.74474382347436341     
  0.25423894067802416       0.61607070330081981      -0.74553299697421116     
  0.24706065286210774       0.61387255048654066      -0.74974764125437499     
  0.24403167988083102       0.60573046181679890      -0.75732367376290799     
  0.24118136178049879       0.62337466538257003      -0.74379807561519895     
  0.25522077072093041       0.63167856033546155      -0.73201403989618419     
  0.25326256727834717       0.62696509142346624      -0.73673118988674779     
  0.25478737704964860       0.62447091691560241      -0.73832206144930190     
  0.25274537773697359       0.62266335749100066      -0.74054717423715055     
  0.25502054826383747       0.61805297650880708      -0.74362291397711511     
  0.25463949114847467       0.62106593962332790      -0.74123938655972610     
  0.26359167296938535       0.62589827583722069      -0.73401006685548653     
  0.26970962169161017       0.62308936461877040      -0.73417733802259633     
  0.27268220218751199       0.62832976283197273      -0.72859187872888498     
  0.29218440350981917       0.61974842657463669      -0.72838187930773823     
  0.30804569277881338       0.60741109207977295      -0.73222921027426813     
  0.30297614475582652       0.60118684686604507      -0.73944562400771474     
  0.30793045860986373       0.60771341930713574      -0.73202679777064539     
  0.31963214128887074       0.60658208704564232      -0.72793781735148511     
  0.33114222842340973       0.60396496816233458      -0.72496285545360784     
  0.32858559552490274       0.60362347014062689      -0.72640912212673447     
  0.33793728171933046       0.59388283510459605      -0.73013804981816743     
  0.34132546958105980       0.59082199132762458      -0.73104466236949506     
  0.33447936707764470       0.57762813614651465      -0.74462694641762839     
  0.35635576361056859       0.59024409058358351      -0.72430827916895102     
  0.36030419219341342       0.58984563674734336      -0.72267766943359546     
  0.36069156414349129       0.59870489782994885      -0.71516015050487347     
  0.36664909325314471       0.61360909860520141      -0.69932275561829127     
  0.36382320455312950       0.61456616652576768      -0.69995792930040712     
  0.36466124860699406       0.62098751186315859      -0.69382756061891293     
  0.38868387672555038       0.62120467147658665      -0.68046278377973324     
  0.39688444408847162       0.62224525361078231      -0.67475446082218582     
  0.38850368965693788       0.62202260508783280      -0.67981818295974672     
  0.40671211282096731       0.61978726580725241      -0.67115497646063460     
  0.42562540502125185       0.61533127995364334      -0.66348355707666673     
  0.42936780892004728       0.60965611250854124      -0.66630526723429861     
  0.43285732758309314       0.60506059437239690      -0.66823365007708524     
  0.43742170460083168       0.59661023024899551      -0.67284358175310233     
  0.44050053153255941       0.60059730386448185      -0.66726468534626326     
  0.44470606532422630       0.60043869505212411      -0.66461258560754577     
  0.46596777169442616       0.60029342786512718      -0.65001679686302460     
  0.45989283708863921       0.60868005877251308      -0.64653473568498421     
  0.46113929113492069       0.61984035498952672      -0.63493975186472673     
  0.47805483341458527       0.61428662725774130      -0.62778620231832172     
  0.48648355302193996       0.62599343486168868      -0.60948008347214622     
  0.47574380022671026       0.63416365584566470      -0.60951152093320615     
  0.49242771894237047       0.63053334678799422      -0.59995219826711577     
  0.49623021054673772       0.63048493794940452      -0.59686206208777903     
  0.50542301883006158       0.63003825977427919      -0.58957557891868795     
  0.50322067409895521       0.64258644897317241      -0.57779893453989761     
  0.51435422715575918       0.64308257855613427      -0.56734868129272586     
  0.52681818564266503       0.63983783225154145      -0.55952671758890904     
  0.53822090161477165       0.65051815243471045      -0.53585855822027728     
  0.55273078074466031       0.65619176876561625      -0.51371300024590594     
  0.54801638564951849       0.66648004747463396      -0.50545265592125321     
  0.54775138277568680       0.66604495477304226      -0.50631269082327057     
  0.55098585092093100       0.66874118836948493      -0.49919917374041012     
  0.55061763056673108       0.67744184446011846      -0.48774252663013856     
  0.56767918708878062       0.67612824679046890      -0.46967109176344674     
  0.58323791513228584       0.67227049739244060      -0.45594507639392834     
  0.58954520141586753       0.67220861730490744      -0.44785268817832152     
  0.59987327536811774       0.66799669818374774      -0.44037763875421582     
  0.60474003463866366       0.67357079357567284      -0.42496102944513398     
  0.61113025213080130       0.67662636171242130      -0.41072689413569624     
  0.61556435703280110       0.67417167453966909      -0.40813364918758333     
  0.61951245209664396       0.66877239571980940      -0.41103260749043991     
  0.63635885370911494       0.66689888160705757      -0.38767678679188045     
  0.64157869124022326       0.66939246650823570      -0.37455374611463044     
  0.64733815313253218       0.67474653082413327      -0.35450026042269511     
  0.65631314820182873       0.67065681222865592      -0.34564793028268215     
  0.66292209139062619       0.67309870065980038      -0.32782989478747504     
  0.66253548226655634       0.67539550813839688      -0.32386361685792686     
  0.66230739100496649       0.67705116022297029      -0.32085923122285959     
  0.65938872362783585       0.68269539576432181      -0.31485474072125658     
  0.66938626256153055       0.67877895057315674      -0.30196219589993339     
  0.67233567532199312       0.68488091976516896      -0.28089653865958519     
  0.68145339222287393       0.67653687243784055      -0.27913999079308233     
  0.68098520474886259       0.67913249386231023      -0.27393102543068920     
  0.69213947084750993       0.67330524491807542      -0.26000576928356656     
  0.69191562399678985       0.68017280322547002      -0.24211098079504453     
  0.70409808258174722       0.67444158779461616      -0.22220358853489403     
  0.70797579297007840       0.67675125111339418      -0.20193568452565114     
  0.71273690935156542       0.67349208314613884      -0.19599620401286511     
  0.71447399068980222       0.67475153242062069      -0.18503320276051202     
  0.72667446111076794       0.66529267648341084      -0.17125969224226664     
  0.72915373692882457       0.66235583665899056      -0.17210338046215157     
  0.72944980321692632       0.66628777860079580      -0.15480174635321270     
  0.73289694369284675       0.66340645577725066      -0.15084410614522087     
  0.73615666722249418       0.66344834931391261      -0.13382693711101118     
  0.73108782882832368       0.67012456966405221      -0.12823278703848140     
  0.73032079353290802       0.67473491052354395      -0.10660365403797407     
  0.73180492782109996       0.67534591746949157       -9.1484640099006004E-002
  0.73457196778404976       0.67312762726330455       -8.5458888131912478E-002
  0.74780539514052013       0.65941133480662883       -7.7225530281576957E-002
  0.75994514657264289       0.64634822304359218       -6.8682958359955720E-002
  0.76805874457509138       0.63922108503051156       -3.8498952377321372E-002
  0.77916723256759413       0.62613996742104783       -2.9106097143487112E-002
  0.77246754132214634       0.63491163782110838       -1.3457702739913825E-002
  0.77675257768244821       0.62976509786094093       -7.1662109843617424E-003
  0.76867762897172986       0.63963566466696642       -9.5875150456190992E-004
  0.77544065975874565       0.63139708293895147        5.4320207201687528E-003
  0.78239712505239367       0.62244780840299163        2.0333827088433579E-002
  0.78110055593295513       0.62357916069604091        3.2108439184245871E-002
  0.77386813693668766       0.63087515426530205        5.5898536339244964E-002
  0.77124347617381395       0.63300238757728400        6.7018488350523292E-002
  0.76781060008865809       0.63639608712059670        7.3938506132373960E-002
  0.77656286335131708       0.62513950460727929        7.8426520023324300E-002
  0.77966721282645601       0.62069912287907880        8.2774610241096988E-002
  0.77756589183911162       0.62191955797697274        9.2775790237401498E-002
  0.78461580794482533       0.61117162419364124       0.10415027462083717     
  0.78725412423499996       0.60663634015327850       0.11055900994681161     
  0.79104196567913498       0.60063200923089788       0.11616280825523997     
  0.79199014802623835       0.59968997830604642       0.11455799993309626     
  0.78976680759732742       0.59792599732397755       0.13694119665627574     
  0.79670076870019901       0.59155460248630809       0.12381856657940302     
  0.79647676790707045       0.59002519767830763       0.13226875779631503     
  0.78410096730728351       0.60171970696293431       0.15204955547525506     
  0.77914371507593017       0.60212897728416948       0.17428644804573251     
  0.77942195403398962       0.60057608133236751       0.17835298736296781     
  0.77573410692419498       0.60588443006338943       0.17646714357433024     
  0.77789812438583128       0.60159941801201078       0.18152864326220219     
  0.77670369647877979       0.60009632548877878       0.19135247061657076     
  0.78235941888772909       0.58868630363701935       0.20337692983187075     
  0.78110611702864741       0.58243650117085310       0.22503545508271175     
  0.77256032767195004       0.58999525690306509       0.23464044182385579     
  0.77843802258471961       0.57980004079520620       0.24055385610766625     
  0.77403398089720477       0.58158968307067704       0.25024954937456823     
  0.77022139313295279       0.58339109806853995       0.25770881291627579     
  0.76535529219515208       0.58329154301600150       0.27203355042142263     
  0.76567790275957337       0.57939478360597896       0.27935467412570969     
  0.77032228808610470       0.56998403004194886       0.28587021176563171     
  0.76632506671645129       0.56875322671646844       0.29877359190803982     
  0.77342923847130562       0.55768356436644917       0.30132416948068980     
  0.77180349156362105       0.55397997338764848       0.31213067695377217     
  0.78304382473579159       0.54009961072532697       0.30843926312564801     
  0.78480795111529200       0.54269220214988945       0.29926853090814770     
  0.78921276169869226       0.53018489198328467       0.30991482230541351     
  0.79616214211279801       0.50950826436644414       0.32638500579630492     
  0.80335880548474203       0.50019127410892283       0.32314597159088976     
  0.80696854706998999       0.48698584714277104       0.33413552448428163     
  0.80941556898694678       0.48004156845906193       0.33824034240891337     
  0.80266849432291154       0.48364343764306750       0.34901620799926447     
  0.79871559143039916       0.48571480004343948       0.35515424399090251     
  0.79724442138707441       0.46673295439213608       0.38283375223662880     
  0.79116892441557096       0.47413523102798194       0.38632566021059306     
  0.77563576407250268       0.48391761987464227       0.40523190726610636     
  0.79080095575547749       0.45396253306104939       0.41055068743459533     
  0.78509729837094944       0.44618052850697792       0.42958720659706595     
  0.78377125726436425       0.44429266028517334       0.43394313948138608     
  0.78523852356005364       0.42938513426501335       0.44612651522796021     
  0.77664661827704695       0.42022621646264285       0.46928664728108194     
  0.78034518233098538       0.41473533480050173       0.46803418516251188     
  0.78137718954488633       0.41174240858656491       0.46895402400477298     
  0.77942623911044973       0.39964145919259264       0.48247429141929926     
  0.78067518277173564       0.39351259845857278       0.48548336105236201     
  0.76568058438028819       0.39334142861228222       0.50893591270444816     
  0.77144083243129968       0.37610737325841848       0.51324680791833077     
  0.76232337503039982       0.36567125023798930       0.53399214285572216     
  0.75794403409311162       0.36937323250182030       0.53766556175174207     
  0.75966173524660752       0.36566542933635704       0.53777582856648520     
  0.77112930372994626       0.35720547031514599       0.52703306244096670     
  0.77574664205755273       0.34706031785925689       0.52703537177675519     
  0.77765885741187524       0.32997679403598856       0.53512803784382978     
  0.77429972451316376       0.33899494821565518       0.53436163943822146     
  0.76732833415043411       0.33277225568744434       0.54815130525668698     
  0.76755290484521732       0.31976451681577578       0.55552965001810894     
  0.76481770466609611       0.31600548343503704       0.56142177822762851     
  0.76862304296265271       0.30670529430625743       0.56138265049014890     
  0.75970515029435304       0.29718585498717054       0.57838451933966717     
  0.74430001933726264       0.30001942006160931       0.59666224013292946     
  0.74673110197760684       0.29408222431913522       0.59658051148090574     
  0.74009351448510785       0.29012764238381944       0.60670218471824222     
  0.73963018511729095       0.28578521410390317       0.60932257521197131     
  0.73810248721995275       0.28715951458861122       0.61052774837918100     
  0.73768082185857864       0.27727115396414626       0.61558729051324668     
  0.72817904812959400       0.27459356062107043       0.62797583578551852     
  0.71992468401760690       0.26014867160734745       0.64345249863768617     
  0.71276318741760958       0.26780984282368575       0.64826424145485784     
  0.70997648126793400       0.25298419754712614       0.65721563572227926     
  0.70822767048708202       0.25437343134225210       0.65856489747298985     
  0.70860359167671305       0.25299964884943166       0.65868970505460800     
  0.69669064747682308       0.25430064510418032       0.67078560182663638     
  0.70217522327692961       0.24143902042824755       0.66981874804356012     
  0.68192150390229755       0.23088879078352756       0.69402696547479292     
  0.68106101282701570       0.23009998069370394       0.69513300575630577     
  0.68010232562249162       0.22514263389674996       0.69769020423459549     
  0.66713277946744964       0.21629689586597042       0.71284606150190710     
  0.65858289014929472       0.21733294846621218       0.72044081388659875     
  0.64904530791248094       0.22149878118235092       0.72779013335681164     
  0.64411023678369017       0.21233986096862109       0.73486991115046008     
  0.64505004787567921       0.20026187615936630       0.73743177087288114     
  0.64075617794326578       0.19109627541739396       0.74358169285502018     
  0.64204242810627676       0.18193926304951397       0.74476816867559137     
  0.63861793581555937       0.19122054825592980       0.74538703636391168     
  0.61911486796516690       0.18541366560543704       0.76309799689897573     
  0.60301818430401877       0.18574514209372395       0.77580139957805361     
  0.60348362490992735       0.17615046886456912       0.77767507789845391     
  0.61432040254063913       0.16668940303583626       0.77124904274680528     
  0.61833945171564175       0.16820136669487729       0.76770086797786907     
  0.62566301506239230       0.17274399500128823       0.76072682598553709     
  0.63163505333314840       0.15296959105909066       0.76002464671354208     
  0.62526502508842385       0.14421916236685373       0.76697097833449634     
  0.61821584917270034       0.15330068576898453       0.77091378478688255     
  0.62811780656106153       0.16507469155208368       0.76040671176016406     
  0.63723680981647268       0.16388640366906435       0.75304083216472750     
  0.64326412966188129       0.16081237994817640       0.74856572052542281     
  0.65046569114995123       0.16548769100646898       0.74128820897284187     
  0.64341185976705506       0.16025290749137094       0.74855873807715401     
  0.64459157564590641       0.14108458365318621       0.75139659359204891     
  0.65383017520105347       0.11412167386201165       0.74798552496120696     
  0.65489668085290820       0.10612858532171880       0.74822928356584306     
  0.64886302017587294        8.7680676509175506E-002  0.75583654318585158     
  0.66154555910847923        9.0492401621165133E-002  0.74442501198756295     
  0.66402001811801281        8.8494850794862759E-002  0.74245947830258530     
  0.65335938577508557        9.0251368301890567E-002  0.75164898958173232     
  0.64381072474973433        9.6580492110765276E-002  0.75906518774138476     
  0.63830393680539321        8.7196762748107171E-002  0.76482992150215134     
  0.63467649826753336        8.6438163307867716E-002  0.76792850348897979     
  0.63825487264040937       0.10332322929137303       0.76285976944624401     
  0.63300219789726531       0.10673247551468383       0.76675706460895332     
  0.62820628105470167       0.11649256251350600       0.76927651161494459     
  0.63266654102725817       0.13080473255530203       0.76329756308122720     
  0.62937880028377791       0.12667416536513984       0.76670462473001766     
  0.63663487372033267       0.12213761848264380       0.76143183523837787     
  0.64368748977355461       0.10996927698738142       0.75734613858386612     
  0.64414463971550551       0.11172321245802040       0.75670047371720450     
  0.63877151564628265       0.10877732475148483       0.76166819837699729     
  0.63119979477849142       0.10905382684380646       0.76791541326002244     
  0.63094720010463556       0.10856427773610706       0.76819231204156058     
  0.63094720012193017       0.10856427794881149       0.76819231199740168     
