  0.42024091818125936       0.29154564588413368      -0.85930129003288236     
  0.41583030098552382       0.31461685499130160      -0.85328857682361536     
  0.41820809502173489       0.29385707409192102      -0.85950567727294669     
  0.41171096178794742       0.31117179234377879      -0.85654316855206070     
  0.42393377946978578       0.30016499547106956      -0.85450636400106217     
  0.42730294496999538       0.29941917688808584      -0.85308871152514398     
  0.41907433481151529       0.30365759842773093      -0.85566860689135338     
  0.42591583019783119       0.28893633958985621      -0.85738643402570092     
  0.44320113290218888       0.28522675438622752      -0.84983436878989238     
  0.45390338723938767       0.28289482509733760      -0.84495102401604150     
  0.44784347292952320       0.28009764690014188      -0.84910631369424339     
  0.44166162833658401       0.28678251538008270      -0.85011222490171834     
  0.44555250465174706       0.29896096578086873      -0.84386332219022597     
  0.45590425598062251       0.29407896624718999      -0.84004099363646478     
  0.46470459801890640       0.28295812477047588      -0.83903774420848465     
  0.46787498131799288       0.28592144482993709      -0.83626666156379181     
  0.47429838023031518       0.28080796865859348      -0.83437876965364699     
  0.47015764329365251       0.27361699424371350      -0.83909804606708160     
  0.48011596961255898       0.28081734464767827      -0.83104168046375371     
  0.49849340790225088       0.28716210686010135      -0.81795002699533415     
  0.49716904587083227       0.29496192542422150      -0.81597818744003348     
  0.49724783191685978       0.29376910902144449      -0.81636040094968432     
  0.50913827993652561       0.31358398223953154      -0.80152560656916849     
  0.48489491106337346       0.33365670211565868      -0.80842447412120444     
  0.49764365057900978       0.33481192530906140      -0.80015734184548737     
  0.51482778676580143       0.32982114312322358      -0.79130927172801202     
  0.53091279794744750       0.33784019405919979      -0.77717154107291864     
  0.52538606194560322       0.34904447015990336      -0.77597515666681172     
  0.51538068800416836       0.36615372861961942      -0.77479945369772940     
  0.52512479869402329       0.36323470099783006      -0.76961321310615405     
  0.52054116462516509       0.35860880330605127      -0.77487845635433594     
  0.53626805378677611       0.33324931310178152      -0.77547499624741878     
  0.53767984671862579       0.33900319955815245      -0.77199560434109371     
  0.53977372226234410       0.33865407930589214      -0.77068654025130889     
  0.53577763059154138       0.34667446075996211      -0.76990853275860238     
  0.54098782302062554       0.35076232661972206      -0.76439385500390078     
  0.53185248991268952       0.35225908598884964      -0.77009510147252136     
  0.53291682638570625       0.35535892136180464      -0.76793208890081022     
  0.54169774082227251       0.35768338896853558      -0.76067479966410712     
  0.55442808530276866       0.36387351383965788      -0.74846881308006852     
  0.56420577769093916       0.36871590989490183      -0.73872892065394158     
  0.57237810458368876       0.36994491932443235      -0.73179509567858070     
  0.55913009536029412       0.38863978690348089      -0.73234735781458793     
  0.55850918797565208       0.39240268153804542      -0.73081298734254108     
  0.55686819171449564       0.40002581260428977      -0.72792662151270793     
  0.55393912484636443       0.42038245969257054      -0.71863066560457067     
  0.54954294278952520       0.42573736142069990      -0.71885342951172526     
  0.55639413415672156       0.42453948234848149      -0.71427711387337312     
  0.56353074747156773       0.41862563628805288      -0.71216969417166298     
  0.56570703579364112       0.41599946145285227      -0.71198314426993958     
  0.57074962084318326       0.42406759418825307      -0.70314404346957959     
  0.57569005870866774       0.42556365508667127      -0.69819519603996405     
  0.58993321051866521       0.43404878053938711      -0.68086743440952757     
  0.59638033202276342       0.43338918734051940      -0.67565102817411771     
  0.58453161477580218       0.43999550398974963      -0.68170869716939908     
  0.59137029521998130       0.46015959504705206      -0.66221923938946814     
  0.60392879703157354       0.46629770384311608      -0.64640270691468660     
  0.62570866746013654       0.46773119597342083      -0.62427253005280792     
  0.61614051532823788       0.46838612156517967      -0.63323400611162861     
  0.62779671642354418       0.45903213403173460      -0.62861815339209492     
  0.62599856061109660       0.46376603127984528      -0.62693450243528437     
  0.63710099630964445       0.45501866573902261      -0.62214173170615994     
  0.64367203363257652       0.45690636079497537      -0.61394046175862715     
  0.64511577493620420       0.45019451585542258      -0.61737390196068620     
  0.64227224313958853       0.45240906616795251      -0.61871835477984893     
  0.63700893543178094       0.45286594901814481      -0.62380449533484861     
  0.65076816292412432       0.44135241128670905      -0.61782590361344392     
  0.64615611224517122       0.44881732435123500      -0.61728865854671600     
  0.65064604057642650       0.45265386833942811      -0.60972469636678717     
  0.65543098420012991       0.45786640511482707      -0.60064014186339132     
  0.65750374210138440       0.47806858985110207      -0.58235663688194994     
  0.66627283444542063       0.48120179484406028      -0.56967125846308997     
  0.67700008368200892       0.49189998906656196      -0.54745345688092051     
  0.68350137860000992       0.49024094810209640      -0.54082314877956550     
  0.69530547539443621       0.48680321957980771      -0.52874655676727644     
  0.69800289879086508       0.48847409621375587      -0.52362678560946918     
  0.68812251465776975       0.50231346029909107      -0.52361110800232324     
  0.69130764127968347       0.50905839661935526      -0.51278971707674770     
  0.69461456717255354       0.51059438202569862      -0.50675830542328659     
  0.69857743257121463       0.51682623775301939      -0.49485372654176280     
  0.69704566104436982       0.52477214969225450      -0.48861184730477830     
  0.69354009488792789       0.54111146680183886      -0.47560542183453580     
  0.69775646404510183       0.53934818409021479      -0.47142279665059134     
  0.69956194974408970       0.54081265888225749      -0.46704897651418859     
  0.70552496714853175       0.53802986835417377      -0.46125739179860764     
  0.72117166253216636       0.53045892900269276      -0.44556117178442312     
  0.72873805432133965       0.52084964483854845      -0.44458575736915529     
  0.73511849428254061       0.52897041287910118      -0.42401780819003798     
  0.74076263314304547       0.52449945808728415      -0.41972733983519211     
  0.74554059026648856       0.51470872111988386      -0.42337236644380788     
  0.76124605649157684       0.50103546130368681      -0.41166480052613785     
  0.77192634305430119       0.50379691055715226      -0.38770916137213229     
  0.77833764238155811       0.50681309012488229      -0.37058198300779005     
  0.77014220205339479       0.52115924889775644      -0.36779617440190304     
  0.77367341727787242       0.51954357268696316      -0.36263469149716820     
  0.76619974222862675       0.53722537065796006      -0.35260013631620063     
  0.76092268778279082       0.53603651920872908      -0.36559747440594242     
  0.76090319144273122       0.53455292644257113      -0.36780361891089336     
  0.76365484409076889       0.54943081078479994      -0.33905318647235866     
  0.76815848150357147       0.54743866924497941      -0.33202929194487291     
  0.77654753760590423       0.54004523637896340      -0.32453823272859078     
  0.78273653164582813       0.54609402814571950      -0.29850432903166146     
  0.77823000378818785       0.55121187957468587      -0.30087127649474921     
  0.78757904088264330       0.55000610115332527      -0.27787145059630480     
  0.79852615970631657       0.53975123986975571      -0.26650435516843690     
  0.80281056056447164       0.54313524378557421      -0.24596607653118377     
  0.80046777512589717       0.54705422906973200      -0.24491429407431223     
  0.79475991572808735       0.56215887587792479      -0.22876641935290964     
  0.79213974445300017       0.56734952558604079      -0.22500920220122117     
  0.78959253879610469       0.57593907572125913      -0.21174938898344842     
  0.80112424441119157       0.56306418232126254      -0.20287600056065144     
  0.79922309737124264       0.57487920208416499      -0.17537486604240368     
  0.80512346051127071       0.56906283181818462      -0.16716371250192105     
  0.80442676633193444       0.57724168508845275      -0.14031968716110824     
  0.80069037709076607       0.58238256782298337      -0.14044737352530104     
  0.79544824052741592       0.59087807909488965      -0.13462983431235676     
  0.79009031325380785       0.60300709626957383      -0.11018048262299870     
  0.78270874263836387       0.61353225928496058      -0.10461926693570105     
  0.78131103631340759       0.61817662910232940       -8.6085537499349329E-002
  0.78045705112486918       0.62009865070674486       -7.9777532809354346E-002
  0.77360722255524905       0.62836683893583190       -8.1773962458376204E-002
  0.77693683765366417       0.62677146091396574       -5.9385908096928501E-002
  0.77251308453243328       0.63309217287496466       -4.9171484324162421E-002
  0.76212899588666783       0.64657456415897185       -3.3177200174450000E-002
  0.74497046944688805       0.66659825311446030       -2.5802492066331482E-002
  0.74823576589163376       0.66342002577892789       -4.1361861717947312E-003
  0.75129636416733436       0.65976298365772268        1.6327234426078259E-002
  0.75581324645045678       0.65436566752436687        2.3492757509724602E-002
  0.76042140723764184       0.64854771091751784        3.3840066169734381E-002
  0.76187260290062497       0.64476717705125763        6.1850014929500749E-002
  0.76705247767162554       0.63650405728463033        8.0579659704080986E-002
  0.76844512715992164       0.63185350740240176       0.10125824276302078     
  0.77170652783258376       0.62632339611282384       0.11039944919371764     
  0.76688714007733405       0.63015301636238097       0.12161944891093629     
  0.76516791649364990       0.62669268168918302       0.14756131703799283     
  0.76124171942047136       0.62905321828092586       0.15748997804360496     
  0.75296545331683307       0.63668774455279242       0.16634825531893715     
  0.76455987505107748       0.62098482872842964       0.17270217123998216     
  0.75206522142797672       0.63133331955234817       0.18925153193964306     
  0.76156839035636026       0.61532762103865757       0.20343427832332014     
  0.76396593250041134       0.61196519439124786       0.20458410210096589     
  0.76537931470355469       0.60440864229873170       0.22109884155852350     
  0.75997694775225377       0.60670833241202649       0.23310949844866077     
  0.76072994767010227       0.59851748814721262       0.25113096802225315     
  0.75474556533758008       0.60431359463928980       0.25527281668324392     
  0.75627142219442745       0.59461009105188289       0.27293291408565928     
  0.74496791576123256       0.60600892429631636       0.27888346698860844     
  0.73695275441795294       0.60340384032588479       0.30463821696524845     
  0.73581374392918952       0.59801955759192049       0.31772746652197587     
  0.72604390516285644       0.61332815120284589       0.31094827016397497     
  0.73071737322411645       0.60057078518056140       0.32460260697667165     
  0.72305478880184781       0.60359748650464695       0.33594917275681518     
  0.71436230900578868       0.61266510131510710       0.33812418591764093     
  0.70705405184064607       0.60825231322953910       0.36069889274385258     
  0.69912438962353807       0.61136177320346063       0.37075850644191033     
  0.69926495665801525       0.60148096172586285       0.38632780520096632     
  0.68488503383650834       0.60132058859492599       0.41151675562316758     
  0.67835382254543375       0.60376138636747056       0.41869831593837337     
  0.66605326895027150       0.60802580404222206       0.43206210727101191     
  0.66350685842034962       0.60545571333050130       0.43952477521137906     
  0.67078159113033486       0.59634529168360340       0.44093576639625798     
  0.67957583109282171       0.58206779276870524       0.44651290509443170     
  0.67210517548540849       0.57295067036183300       0.46904388112164414     
  0.66571782266133539       0.56955602951776874       0.48210549657829704     
  0.65942745568238303       0.56421068880871805       0.49681156319700487     
  0.65606316048865398       0.56982864496379981       0.49484992152000934     
  0.65283570142899494       0.56794585083465310       0.50124151609719636     
  0.65280732091183502       0.56280723900538099       0.50704103728106054     
  0.64114276908055390       0.56230641502060885       0.52225228126107037     
  0.63538115411598439       0.55712437122962755       0.53469919017727496     
  0.63102305497490485       0.54896251253688877       0.54813325379813094     
  0.63026843362138774       0.54212944906598515       0.55574936980248224     
  0.62232425856900153       0.54571322723894822       0.56116805933071001     
  0.60460324579546765       0.55113544325877351       0.57506924657604552     
  0.60301488424536320       0.54449614404559488       0.58300685973497013     
  0.60139708689938554       0.54530309230993590       0.58392300981050205     
  0.59275494693577369       0.54810972383209422       0.59009940139257500     
  0.58185554223486646       0.54413340185751413       0.60445261927924410     
  0.56923065617056234       0.54480691367578205       0.61576122554664015     
  0.56269583248776966       0.52992951850428727       0.63446678834964276     
  0.57375328662365654       0.52116013651035864       0.63182218875333729     
  0.55292073946905906       0.53384091725547544       0.63975974469235053     
  0.54170726486370568       0.53624759323714044       0.64729572680596337     
  0.53987387920359031       0.53329725349651336       0.65125281877834718     
  0.53756885033730617       0.52588399471184966       0.65914016358657257     
  0.51441134693696933       0.53556491968756781       0.66973963817482285     
  0.52266780613702857       0.50942087628329402       0.68359983560169624     
  0.52578340436450721       0.50823385999134663       0.68209248291794367     
  0.52981236219712757       0.49419044710574950       0.68925660160242053     
  0.51701787543453082       0.51128618604433718       0.68649759827795442     
  0.50546486894470166       0.52369342360894799       0.68574810559815225     
  0.51463279735189627       0.51545810279133575       0.68516861293882858     
  0.52048789087970204       0.51363031124689640       0.68211161756417515     
  0.51351206910499525       0.51507964441953091       0.68629316970822041     
  0.49798974083235270       0.50701168709985922       0.70352353704043202     
  0.49988956212760760       0.51170960563631884       0.69875868880135661     
  0.50439744120941521       0.50686842410633548       0.69904765355829246     
  0.50618073544002884       0.51059786837854360       0.69503300632177079     
  0.50295334478004172       0.50364935628714214       0.70240676170301419     
  0.50571759598550059       0.49424930254768690       0.70708368673147248     
  0.50106463887269004       0.50127684464242273       0.70544720050243104     
  0.49213264035447690       0.50817973720269149       0.70679475025946159     
  0.49817673167134396       0.49718627077469768       0.71037015433814987     
  0.48957410626280295       0.50796818243834463       0.70872104533960512     
  0.48744530104171713       0.50692102167668018       0.71093470605578124     
  0.46892664767695708       0.50221336303112607       0.72656007122014143     
  0.47958840565110500       0.48568777823847586       0.73082305877332820     
  0.47654601532544977       0.48630769131166007       0.73239929317863139     
  0.46659082222025727       0.47998624661591949       0.74290390204883505     
  0.45211307788852356       0.48143067273809514       0.75087833378591440     
  0.45570881246781181       0.48015198055384811       0.74952221702187960     
  0.44627704656970713       0.47786490286057204       0.75662535796725416     
  0.45396188152934475       0.48511009381917086       0.74738665160216256     
  0.45100146568329552       0.49032351810137897       0.74577511727611689     
  0.44869568894245676       0.48141901661180803       0.75293287162201505     
  0.45676055895037965       0.46916548930357099       0.75581316172310586     
  0.46177366100218797       0.47514011238762333       0.74900397836387544     
  0.47641431700072306       0.47381754078454996       0.74062563863372699     
  0.47664707381420113       0.47838559355768989       0.73753290835108920     
  0.47110504975121315       0.47619832079429342       0.74249255307484552     
  0.45835263600143228       0.47663887237779939       0.75015214883979264     
  0.46508947116186011       0.47463239890085679       0.74727228620362940     
  0.46758302747828101       0.46865031220818554       0.74948849042624743     
  0.46172248451703812       0.47105188506530982       0.75161324420730624     
  0.45249690756839184       0.46596549938153770       0.76034380514814237     
  0.45184644746524483       0.46920047915375240       0.75873954574341707     
  0.45175002110460022       0.47012392329035047       0.75822517445814341     
  0.44396371095360077       0.47073738218260575       0.76243199065370726     
  0.44152855707196426       0.47722505128020476       0.75980838618730384     
  0.43552494048300300       0.47859179317103295       0.76240928753958070     
  0.43198960864707786       0.46973272174928765       0.76989359533571300     
  0.43828119127647169       0.45784687023712556       0.77348939280855411     
  0.42684614810521621       0.46450369702235261       0.77591151641170086     
  0.42383887732676512       0.46160674098017929       0.77928160683288616     
  0.42260455577109557       0.45579513630788326       0.78336210219769509     
  0.44050101306337358       0.45163297396684715       0.77587789910268889     
  0.44318908368904597       0.44441378950243432       0.77851128431060634     
  0.43599173467571040       0.46304354845059142       0.77168768263640741     
  0.43704701896039994       0.45492672179470972       0.77590694095036017     
  0.42446928213304030       0.46621818484948274       0.77618711187516776     
  0.41349750726691031       0.46073995878527746       0.78532700314110637     
  0.41116454665029945       0.46878040778305885       0.78178554914797593     
  0.42786123168354362       0.45148077926119951       0.78300694274057447     
  0.43961089873357989       0.45457654196749148       0.77466278160728208     
  0.44004258053884021       0.45418378455943376       0.77464806018990806     
  0.43116291129332934       0.46158934734851231       0.77526370890132246     
  0.41586887738225964       0.45345948673046327       0.78830677449769770     
  0.41319037317855151       0.43913992388517442       0.79776553119490712     
  0.40967707247721968       0.42730879384740306       0.80596022915970977     
  0.39800437756385604       0.42657510538258159       0.81217374674871545     
  0.39800437745643974       0.42657510556698158       0.81217374670459919     
