   474.328247       126.822281      -327.382324      -183.192490       57.9356346    
   113.211227      -296.602875       56.6871872       545.447144       249.235596    
   382.940857       116.208649       221.836273       56.8078766      -470.173065    
   332.037231      -492.972534      -112.551033      -183.347595       235.941833    
   328.993378      -103.237068       57.3204002      -48.6287460       353.821655    
   223.387238      -65.5326385      -261.367737      -18.1806946       278.338837    
   328.979980       128.353378      -229.323654      -165.821701       75.6188049    
   240.419800       270.112579       205.369247      -315.580658       408.945068    
   243.745682      -227.578995       218.570068      -42.9673042       391.691589    
  -143.169647       159.331421       65.1558533      -272.355713       221.375031    
   72.4222031      -152.562973       556.717285       84.5214539       232.292038    
   225.157288       430.318237       241.235138      -693.793091       45.4600067    
   315.154449       316.011841      -187.967789      -191.263046      -327.810150    
  -45.6390495      -126.001587      -18.2229328       140.693909      -205.958374    
   184.701553      -611.039917      -276.497253       262.765106       356.163544    
   549.978516      -228.967575       347.282928       416.131622       336.899261    
   282.152100      -69.8426361       110.605659      -261.199524       223.763565    
  -90.6765442       69.3807602       58.4056664       123.785767       467.658722    
   232.115356       138.215576       86.7861938       407.150055      -36.7346420    
  -17.5581760       85.0945740       101.171585      -366.112885       179.527786    
   427.073151       2.65041161      -94.5410385      -575.350403       681.241455    
   395.394653      -73.0968781      -104.733139      -156.040497       65.1239395    
   348.365753      -133.831665       40.9666901      -360.277252       226.604889    
   311.644775      -30.1656055       154.926437      -150.520218       586.982422    
   716.111755       94.6068420       324.398102     -0.291307539      -5.80838060    
  -129.782242       190.203079       354.030365      -89.8289642       593.858093    
   51.5727615       134.579544       26.7489014       275.724640       430.257568    
   176.803818      -200.357849      -111.968193       180.173035       53.5119553    
   178.075058      -119.284584      -264.476044      -156.858749       504.819946    
   334.531464       160.896072       308.719513      -401.857391       62.1561470    
  -44.8575859       62.2220955      -244.882385      -37.3448486       442.591125    
   398.963531       251.073105       427.248474      -217.524124      -30.9124775    
   255.103958      -299.686432       5.37088537      -324.172058       382.989899    
   306.930511       219.020859      -166.385040       387.958130       258.687805    
   106.397614      -180.591522      -83.0428848      -87.6755219       610.141785    
   521.652466      -101.379494      -201.769073       66.9205246       248.145874    
   346.993103       104.481644       10.6633215       212.053741       221.667770    
   161.708160       426.807739       12.8892584       402.565887       218.674316    
   323.966217       97.3626785      -40.4262199      -281.950806       292.197418    
   274.128754      -110.513649      -244.492752       225.612930       406.557861    
   308.251251      -83.3885345       433.761566      -77.9814148       347.993378    
   460.795929      -56.0263557       500.908051      -340.950165      -219.817795    
   79.6701813       176.991974      -719.635925      -52.5688477       582.359070    
  -66.3009491      -32.5104942      -223.620010       273.296234       122.800499    
   127.618561      -183.687622       89.0676346      -116.567268       840.820618    
   337.283112       576.384033      -330.673370      -634.907166      -93.4983826    
   449.268311       27.2006016       292.039520       229.868057      -139.314850    
   492.951233      -287.788208      -290.205017       384.428741      -30.0207062    
   331.712189      -74.5411758      -3.44283891       93.9079819       108.797897    
   527.364380       54.7351913      -232.246964      -114.261223       169.770950    
  -62.9264069      -391.371613      -671.713257       600.150391       122.835823    
   217.390625       325.032562      -285.241760       138.201950       438.927277    
   147.413269      -155.010834       623.250488       439.348145       258.726898    
   208.357910      -98.8946381       284.436096       7.96675062       437.060791    
  -139.720230       492.662872      -316.062317      -69.1603165       561.653748    
   409.248016      -8.77323747E-02   177.655655       107.667465       220.901794    
   196.488739      -266.270020      -47.1895065      -212.240326       217.155640    
   471.530182       70.5142288      -844.483948      -5.09574842      -155.851715    
   494.173370      -150.521042       31.7626896       150.565445       32.8868332    
   367.911285       3.68470979      -118.914223       262.816925      -7.74965000    
   526.726257      -366.715424      -162.612869       554.339722      -331.465302    
   139.612976       6.13592339       327.330383       202.086075      -319.374359    
   351.992645      -244.561584       102.633789       64.7603607       374.418854    
   177.340927      -301.903473      -380.115021       195.720520       93.0835266    
   550.867493       403.596161       143.530731      -163.678116       147.483841    
   469.929291       190.075241      -61.0310669       137.832321      -1.60332131    
   717.870483       15.1351252      -57.9490585      -506.945740       60.2442818    
   604.336487      -193.576904       126.733612       1.13169670       301.498810    
   430.875397       418.584778       106.427650      -303.660309       380.254486    
  -188.491440      -485.381134       173.389938      -16.4726276      -262.781952    
   564.135254      -163.751312      -376.897919       470.931488      -145.038864    
   470.938263      -236.537277      -19.8049736       246.955231       305.922211    
   446.040131       187.048874      -16.4420662       288.862122       361.436279    
   358.907410      -131.028503      -11.4798527      -148.032318       84.7703094    
   202.294144       7.61786032       39.5854301       28.6182785       427.776733    
   471.713989      -81.5478439       222.434723      -186.053146       294.535706    
   1167.72900       620.767395       279.793671      -389.714264       63.7094765    
   538.134033      -51.1125679      -329.466553       163.458206      -664.136414    
   448.762573       5.23464346       84.8622055       138.575546       123.129112    
   454.810425       28.2552624       35.9174004      -553.638855       121.147720    
   327.539093      -302.285858      -73.2641296       144.977219       71.3574677    
   461.538086      -243.536407      -135.530380       94.3720093      -385.552246    
   184.824249      -79.5223389      -124.303040       197.566574       417.888733    
   546.477661      -135.129333      -262.901611      -460.593109       428.389160    
   378.681366       326.382568      -320.178680      -151.329224       364.937439    
   111.131706      -132.636765       213.265320      -410.695007       20.0390987    
   481.780945      -33.4553261      -94.9902267      -190.860138       478.937531    
   361.951996      -351.710052       375.993591       241.106796       5.68908215    
  -392.706207      -320.228455       293.707672      -99.6761246       705.629517    
  -279.373535       232.814072      -56.5087929      -220.637573       298.679596    
   65.3474731       352.907166      -25.7635632      -199.980576       318.277985    
   193.074310      -203.934875       508.159302      -128.059738       236.813461    
   316.141388       243.167343      -218.499710      -69.8775177       228.406433    
   389.972717      -180.794724      -156.002914      -272.381531       466.934662    
   324.327667       266.603577       445.659637       347.943146      -24.4731483    
   251.988892      -668.629395       38.2233429       309.250702       254.354538    
   134.428940       101.853882       159.673828      -225.057068      -93.1535416    
  0.702545702      -231.910400      -681.937744      -865.664062      -320.394287    
   315.569092       383.496582      -148.596939      -214.011475      -132.631866    
   143.603912      -31.3179283      -11.2529306       112.015991       667.471680    
   542.456543       714.246216      -718.775452      -321.396210       294.982727    
