   272.642303       52.0249367       218.447159       162.391464    
  -276.603119       570.480469       705.886047       345.124207    
  -418.680481      -14.7797613       749.115723       800.842468    
  -153.745224      -261.837128      -385.964386       75.3091736    
   36.0969505       113.234436      -248.611633      -28.8684444    
  -559.387146       93.7809448       93.5079498       170.637283    
  -265.067749       175.666779       267.798553       367.235138    
  -366.981964      -214.373260      -11.4492111       107.862556    
   148.243820       2.91816092      -139.940521       127.668365    
   213.158600       623.092041       31.6775475       179.274704    
  -180.873642      -384.910156       217.129028       486.743927    
   2.21579432       54.5446815       202.590164       200.866501    
   429.362823      -143.233093      -76.4519730       358.602905    
  -303.536255      -284.354584       172.339340       193.892303    
  -178.959198      -15.7916336      -348.410461       102.109306    
  -89.9062119      -213.462692       601.304504       106.480064    
  -93.2948380      -372.365112      -493.353851       74.7093582    
   367.856689      -250.964218      -115.024597       362.595398    
   183.683899      -376.021942      -155.424011      -19.6719894    
   295.298309      -214.524643       90.0222778       229.164566    
  -206.797821       2.60896420       160.617905       223.952301    
   772.125244       66.4612045      -372.549500       726.004578    
   163.197510      -342.250916      -253.505981      -8.75467205    
   114.344208      -361.650879       242.897369      -24.4734840    
   44.9897003       102.367790      -83.3446884       42.4060478    
  -334.464630      -451.551971       196.849014       398.611633    
  -277.224670      -7.94283581      -197.025589       259.209534    
   171.498962       75.0999146       1.69463313      -57.3456993    
   372.494537       168.548447       100.965652      -70.1885300    
  -465.008820      -5.49227524       283.601868       482.676819    
   189.489227      -57.3270798      -95.1384811       406.285522    
  -37.7720604      -295.436127      -224.006088      -184.004044    
  -177.674606       603.979004      -108.126343       351.189636    
   235.665817      -9.45181942       211.700180       116.040588    
  -1.30936253      -102.626823       155.164017       69.4756088    
   250.675629      -76.5968857      -202.658340       149.040024    
  -345.912079      -233.614594      -251.895615      -57.6333656    
   214.763596      -228.149231      -130.278610       150.921021    
  -123.653816       5.69947433      -197.846664      -117.666649    
   109.987320       29.0494652      -67.8767548      -111.059807    
  -31.3848553      -218.325684      -435.576874      -173.539917    
  -533.854980       63.3480301       673.562988       855.816711    
  -43.9998512       74.7132416      -102.858772      -83.4385223    
   117.896835      -242.595276       425.429199       49.7364883    
  -212.688492      -22.1653366       666.395081       83.0049133    
  -61.9998055       572.500549      -84.2689743       159.980927    
  -79.9478836      -407.093842      -25.2470798       407.989990    
   98.8463898      -54.9859543      -38.5655518       245.441452    
  -496.583710      -150.256195       513.964355      -73.2479401    
   407.318176      -401.873383       15.5161982       495.650269    
   395.235931       466.732239      -13.5386105       574.540222    
  -99.5113068      -48.3878441       28.5610199       490.258698    
   63.0409355       182.594315       188.809998      -273.970978    
   18.1081486      -12.1196508      -283.693024       117.750824    
   39.7723465      -114.742409      -81.1429901      -93.5540924    
  -546.868652      -83.8367386       165.748718       259.813568    
   455.727051       261.993530      -375.524170      -77.9334335    
   622.429871       141.868576      -160.031158       582.614380    
   37.8559608       242.246475       55.7996559       415.442932    
   247.683502      -111.100502       45.4297218       570.050964    
  -220.118774       437.923767      -466.839142       281.522339    
   113.865112      -240.988205       89.2520218       227.979416    
  -313.672028      -310.551910       311.399109       388.474854    
  -221.824387       393.943787       224.699097       367.452179    
   4.48341322       226.581299       199.014374       314.895355    
   360.821411       97.5998764       64.3501053       79.4535370    
   217.458954      -725.641968       14.5669479       289.903076    
  -196.514008       46.3204346       276.044403       11.8892355    
   189.937439      -742.550171      -486.222351       492.746979    
  -175.503189      -116.419731      -131.239655       299.340424    
  -449.508423      -509.403992      -228.479568       241.922913    
  -111.341484       8.42370129       258.106964       315.739594    
  -712.308899      -58.3141174       639.458069       134.709106    
   414.857056      -213.844376       326.597778       365.190002    
   478.387573      -703.738586      -346.103607       420.658569    
   279.054596       102.812874      -173.724091       115.329445    
  -220.685242      -330.126953      -145.286255       151.037643    
   561.080200      -42.6368027      -154.996536       454.264252    
   137.309082       104.473991      -87.5471420       365.906158    
  -176.139786       6.89620113       295.837006       634.264771    
   254.065536      -106.808525      -141.105057       117.861649    
  -74.3161545      -101.634163       163.009445       436.544708    
  -31.6956921       442.478607      -32.5591011       316.843689    
  -319.569824      -59.5008659      -38.6882248       41.6327744    
  -198.283356      -335.800018       221.882050       18.1071434    
  -155.182907       271.829498      -43.6322174       419.618988    
  -395.874359       66.5628204      -653.376282       393.523712    
   564.690308      -629.324524       192.245758       388.323425    
   175.152237       293.637451       569.507935       363.010498    
  -199.995850      -543.719238       395.456970      -95.1883163    
  -241.987564      -557.940735      -28.5952282       455.285767    
   97.4719467       51.2876472       30.4642849      -47.4394722    
  -25.9529018      -369.508972      -105.932213       27.4263382    
  -34.5547600       99.2778854       15.3133135       465.306488    
  -403.424255      -329.029297      -129.072891       356.701019    
  -187.415970       110.225037       248.071426       454.965302    
   148.908035       145.906631      -91.3030167       418.496948    
  -26.5796719       9.32120037       145.518066       132.118210    
   13.7320871      -427.162781      -74.3537140       633.976624    
  -22.8725777       6.29596996      -190.798477       24.7345181    
  -303.649933       50.6494179       528.636292      -102.992920    
