   7.2212968955021495E-002   27.614822411713515       0.36238333382456689     
   8.0472610455412763E-002   27.594082520047206       0.36151805134739784     
   8.6691881126235160E-002   27.576427192279400       0.36134677288080935     
   9.1451807971235866E-002   27.556274623953588       0.35730676053142307     
   9.5309988122220801E-002   27.539943707278091       0.34784135615574180     
   9.9448782731411001E-002   27.527350753518938       0.33396128923406709     
  0.10616869160450904        27.513914954834114       0.32112444864358120     
  0.10834872837444109        27.499048287894077       0.30948917412377652     
  0.10987432051858192        27.481236565621924       0.29657843553638963     
  0.10987559459427487        27.465268751420954       0.28548507852599875     
  0.10694772679899245        27.449300452241260       0.27437091725460366     
  0.10370945371002804        27.435199468821875       0.26131295167841623     
   9.8943944310498466E-002   27.423117220641444       0.24616924795875614     
   9.0636748517326282E-002   27.411143757363643       0.23330235821945100     
   8.3835000908731416E-002   27.396819187331150       0.22366147255757549     
   8.1315008741750461E-002   27.380926114837607       0.21404533562890482     
   8.0528176116597905E-002   27.363196213585042       0.20501397066012569     
   7.8677729601157154E-002   27.345759410368316       0.19462699747078469     
   7.9272274707555823E-002   27.326801618168790       0.18328356608625143     
   8.3932580350634112E-002   27.310559634725752       0.17341154131593192     
   8.5492587624358407E-002   27.291698142641692       0.16487607378538582     
   8.6070484687652993E-002   27.271647929666511       0.15861347993044275     
   8.2923622672684161E-002   27.252081760268712       0.15536219231779824     
   7.8783386642083286E-002   27.232833436231516       0.15237052256264191     
   7.1551034800229729E-002   27.213860550519605       0.14698173677733201     
   5.9361775151316465E-002   27.200860993401456       0.14071559039950834     
   4.7677211122405083E-002   27.187699219319661       0.13077834673657499     
   3.9335174981857790E-002   27.174127066926953       0.11712063071580843     
   3.0549257725315471E-002   27.161536517477970       0.10590719590662322     
   2.6441499667736679E-002   27.147494505829691        9.3731861367011476E-002
   2.5523026594672871E-002   27.131376054413234        8.2914373380999759E-002
   2.5496922310999537E-002   27.113080757090465        7.4566073277310976E-002
   2.2364370166037872E-002   27.093018796542392        6.8439772755799738E-002
   1.8286375838727054E-002   27.074885232670535        6.2879069844627197E-002
   1.6313100923724733E-002   27.056395588169107        5.7022742239196775E-002
   1.3474966301362912E-002   27.038603044950005        4.9067763717241912E-002
   1.3524003375824378E-002   27.019548673647936        4.2242917780089186E-002
   1.3122526612562524E-002   26.998857589258463        3.9393773818008411E-002
   8.2862853890617316E-003   26.979298602438423        3.7489463398598342E-002
   2.1233979587833574E-003   26.959595572244897        4.0657982925623629E-002
  -8.4558830659062778E-003   26.943146278697537        4.3574373894336355E-002
  -1.9818894330608572E-002   26.928831460114630        4.8068142056269809E-002
  -3.3703480682270026E-002   26.914245097547376        5.3209463467027797E-002
  -4.8028392060700753E-002   26.903290767525704        6.0248866310131058E-002
  -6.2074545948064497E-002   26.897828648013618        7.1244060189511765E-002
  -7.6111458969688073E-002   26.896442598900233        8.4194350196803547E-002
  -9.1624265648679426E-002   26.892285690968926        9.6710958108788284E-002
 -0.10783872311360554        26.885559743427649       0.10607890040396356     
 -0.12340780402543317        26.876366087702607       0.11394485266604809     
 -0.14230343093696618        26.872348452033414       0.11955488822109515     
 -0.16123530380318485        26.867900943789891       0.12399375832630494     
 -0.18067991371517422        26.864963170697500       0.12915546299819383     
 -0.19796399254174091        26.863356688596312       0.13554576240077704     
 -0.21540353338260587        26.866246949671496       0.14309915669940154     
 -0.23367238928825884        26.871729790063014       0.15001431727052020     
 -0.25006122442564660        26.880861876172446       0.15493084935547749     
 -0.26543410141459489        26.892779682696283       0.15864033094347987     
 -0.28085285791765102        26.903731255882683       0.15986327568024833     
 -0.29851839149562664        26.914288363293714       0.15967160999662922     
 -0.31339979966837106        26.926300021502719       0.15615730299288949     
 -0.32432374890662885        26.941266375719607       0.15273403333382166     
 -0.33307371598874269        26.959528098858648       0.14991138378234023     
 -0.33775472953100305        26.977412921162720       0.14772290232090546     
 -0.34377391568947857        26.995236319361865       0.14225022863392250     
 -0.34938669431049263        27.013856154627589       0.13445207545354648     
 -0.35622772759506915        27.032303670709343       0.12878516250454813     
 -0.36154189530756753        27.052394374106385       0.12401464690320384     
 -0.36305143408218044        27.069951021256973       0.12146171151176918     
 -0.36333140206377124        27.090818866249819       0.11911809765065848     
 -0.36355726005761824        27.110878851050376       0.11937421769711955     
 -0.36191441523154211        27.130814887764366       0.12470308477244794     
 -0.36184044546087790        27.150054909945755       0.13346624345177913     
 -0.36024345005087710        27.168835293522768       0.14120653844064077     
 -0.35853189246124373        27.186948507160814       0.14873048302693018     
 -0.35755152958152081        27.205405412150647       0.15802187042099511     
 -0.35899319561821486        27.224163037054950       0.16559143176071706     
 -0.36137760083577675        27.242903784553505       0.17459298097944462     
 -0.36119321025704920        27.262820248441528       0.18317251788924263     
 -0.36083601266586385        27.280480759304762       0.19266750573195987     
 -0.35971838907165576        27.298105764502598       0.20023924635379717     
 -0.36280340363144958        27.316441495623920       0.20715917127100006     
 -0.36753783105314142        27.334546440732545       0.21803736341388597     
 -0.37264916692178218        27.352889677616613       0.22868284461568261     
 -0.38216733372038902        27.368225187216755       0.23633847364731836     
 -0.39418632395832276        27.384848124030501       0.24204961095473884     
 -0.40871246520629256        27.398264024882288       0.24762711056149059     
 -0.42502259463185510        27.408536461553240       0.25357987871681198     
 -0.44116243644342745        27.418337015204024       0.26180347155638756     
 -0.45915623676605222        27.426563044079213       0.26746936195108795     
 -0.47961634778050311        27.431516217759320       0.27125995371774358     
 -0.49633357174563386        27.432161038286690       0.28157070745944401     
 -0.51324874496323147        27.433499306745222       0.29299089296845682     
 -0.52904778080690207        27.434687741587908       0.30527314974491121     
 -0.54306409252814447        27.435012723835136       0.31996744220657486     
 -0.55378963407195769        27.436314295784129       0.33658616179672729     
 -0.56387945783134241        27.439191429016667       0.35416188944018601     
 -0.57399048368623951        27.442073850153470       0.37115399851858272     
 -0.57759587634653697        27.444139365108828       0.38715030402565820     
 -0.58301344614495121        27.448795315157923       0.40641513124633261     
 -0.58968663764278673        27.447362609073654       0.42757440890135828     
 -0.59826252903746435        27.441180324240559       0.44632952914490726     
 -0.60546977446595363        27.435649977613814       0.46573086494745319     
 -0.61201221904449610        27.429023904716917       0.48388136745476612     
 -0.62043751150096482        27.420355035728935       0.49986288298299475     
 -0.62917753296621526        27.409603315854071       0.51564364980514743     
 -0.64051175719377240        27.400360471355221       0.52928416322532923     
 -0.65334678193396001        27.392338116600623       0.54307585444651130     
 -0.66806863683134821        27.385969483319762       0.55663136794903323     
 -0.68154575729788447        27.378299704282448       0.56743163963133014     
 -0.69444055010623429        27.363958357548107       0.57795580819966674     
 -0.70331876891014189        27.348780683306501       0.58591528993413000     
 -0.71173919155683563        27.332164652449276       0.59234920508637945     
 -0.72241237324934615        27.313796052672931       0.59780062097561448     
 -0.73046648056001628        27.297146345425087       0.59884347960810902     
 -0.74281393770200821        27.282494413907813       0.59787287100049147     
 -0.75811596445278595        27.270070411039136       0.60011843187838787     
 -0.77309722039575290        27.261847402221061       0.60183788569686592     
 -0.78937368985342160        27.251208727341890       0.60125149257348620     
 -0.80534622678088907        27.241733148199184       0.59947178703624138     
 -0.82288869308332990        27.233589765244606       0.59858842830083525     
 -0.84250012971331656        27.226423160706634       0.59949548230915506     
 -0.86026427924593363        27.220760093292363       0.59660026845737735     
 -0.87777608580500099        27.216320861526803       0.59390418989878035     
 -0.89684689378216986        27.212016515001654       0.58792045593273856     
 -0.91686100244992885        27.209754771668013       0.58282748287826980     
 -0.93684594939027988        27.209310403607741       0.57888763991272596     
 -0.95594740124767141        27.208764881656325       0.57721082665282397     
 -0.97651661345818197        27.211033278353767       0.57927556568414584     
 -0.99806615324506764        27.211424943802434       0.57897851425218760     
  -1.0169483253271900        27.213087551459484       0.57938873721726813     
  -1.0366436114523319        27.216948994614516       0.58042728963401258     
  -1.0530459107876184        27.223201446483525       0.58633446120871135     
  -1.0710282497639072        27.230008288346014       0.59181872092193322     
  -1.0883954800000966        27.237878613204398       0.60033838366154757     
  -1.1037274610264178        27.247784479268390       0.60867791293573847     
  -1.1174521180535331        27.257035147725464       0.62006199819762930     
  -1.1328758850801124        27.265815052188838       0.62969993770148158     
  -1.1444482747303455        27.275096951704651       0.64132025699570860     
  -1.1557852655553640        27.282426591250097       0.65459957894968446     
  -1.1645790582212727        27.291742639158741       0.66869374643625745     
  -1.1762772913457569        27.298404184899049       0.68365566009311918     
  -1.1886577498661433        27.305386059760664       0.69835308749673508     
  -1.1991276239162063        27.312715378595971       0.71456036922554089     
  -1.2107537601098508        27.321247866478323       0.72841876131865935     
  -1.2234956896220888        27.334425043596180       0.73868494826676001     
  -1.2344830857727389        27.347683970458689       0.74828160070496186     
  -1.2480337275386135        27.359409716718734       0.75550324950031966     
  -1.2600360543110705        27.371881775666516       0.76398760020851320     
  -1.2712571269077289        27.385153857816725       0.77210691700401768     
  -1.2812090187433485        27.398723289983472       0.78046593131788922     
  -1.2919328543090935        27.412337189319341       0.79108170021528734     
  -1.2992751533337008        27.424576153046374       0.80375606280868972     
  -1.3067721541223578        27.438861335385962       0.81491675747909265     
  -1.3180220106056078        27.449864735546292       0.82596817072542561     
  -1.3282144843954471        27.463015481665813       0.83800303387835340     
  -1.3354903060587178        27.475393626386694       0.85065328506895965     
  -1.3409589419541328        27.488296319072386       0.86482134829602197     
  -1.3493321802450688        27.499583410611535       0.87902925925144049     
  -1.3575426690306445        27.512072419802038       0.89185070180792381     
  -1.3640721948174546        27.525943579852981       0.90564371287378442     
  -1.3693032806776964        27.538919550952915       0.91880705993567335     
  -1.3792238658232685        27.553863619411668       0.93125500575315845     
  -1.3908010311128416        27.567786665023199       0.94154828682588709     
  -1.4008184785531037        27.580664165520798       0.95085109120462774     
  -1.4122871834265938        27.597115361730232       0.95627676418940211     
  -1.4228089861037654        27.612013753567869       0.96251024351158199     
  -1.4320118797104564        27.628796366607055       0.96791109010956622     
  -1.4356943699300346        27.648170191565551       0.97116669015142654     
  -1.4403512470043134        27.668454278481665       0.97586068228579359     
  -1.4415140602909540        27.687780990672383       0.98169391101016212     
  -1.4403337891403909        27.704267069521201       0.99022787320649741     
  -1.4344827973374323        27.720394426442962        1.0005308484200419     
  -1.4266391455738601        27.737312804574582        1.0118370059544890     
  -1.4164794123123927        27.752110355788908        1.0226063662783857     
  -1.4047580048331072        27.762374064983671        1.0338222389865634     
  -1.3917006341499716        27.770472207776464        1.0435709956901151     
  -1.3796583957625737        27.779406555641440        1.0537903969588407     
  -1.3618824314270677        27.788649400684086        1.0614545019070454     
  -1.3456603667353606        27.797214626828552        1.0680814939021939     
  -1.3270132007759743        27.802454964669604        1.0751232291606130     
  -1.3056616959333966        27.807192847045489        1.0806470873641614     
  -1.2858586126221867        27.806640674650346        1.0798056346482008     
  -1.2663383913747859        27.809625251184187        1.0760054005710133     
  -1.2476488713270031        27.814213529895262        1.0723825530011555     
  -1.2294557717470462        27.819136056348327        1.0739394465572505     
  -1.2115141387929123        27.828381336333607        1.0764801427098376     
  -1.1935823944618258        27.837774121369904        1.0795434269843602     
  -1.1750622297545676        27.844069181206127        1.0832786018278180     
  -1.1568513625670407        27.852405242619646        1.0823494435434415     
  -1.1394308790514509        27.860124524789626        1.0795802932414678     
  -1.1193147371039929        27.864204615318503        1.0760044337343344     
  -1.1011793575998838        27.867808870492780        1.0716165936156057     
  -1.0819299817900736        27.869105317799018        1.0652504138013090     
  -1.0631562767298897        27.872007677544044        1.0575482290865381     
  -1.0457390661537020        27.874282789300239        1.0488382308474258     
  -1.0313336763179330        27.879445469079538        1.0369044454879750     
  -1.0124304691801436        27.883988637028736        1.0258902412144975     
 -0.99155916975224101        27.886214270587939        1.0193380129151235     
 -0.97078462201799254        27.885506335290223        1.0157241979570368     
 -0.95122944697858514        27.881230078094827        1.0116896759416687     
 -0.93283700882916931        27.876611319136838        1.0107889783380284     
 -0.91344130226717168        27.871704691520033        1.0092037191896257     
 -0.89504912806961356        27.870364296626978        1.0057465294472590     
 -0.87348260064534755        27.869724474003810        1.0035349059386862     
 -0.85128544578789245        27.869879337893767        1.0020378509114549     
 -0.83065735389798490        27.867129809093210        1.0009909072600987     
 -0.81208415675821199        27.859394959162113        1.0040511708081061     
 -0.79160114990648167        27.852609328699696        1.0028065287131971     
 -0.77263150170559469        27.845477106118864       0.99785368964701138     
 -0.75541567454977510        27.840385794574821       0.99732820455375815     
 -0.73564994796101302        27.837504357177842       0.99926452283274680     
 -0.71346375131305861        27.831317042995426       0.99675485767232741     
 -0.69300851088982340        27.827604425297594       0.99530296734982404     
 -0.67503799180221491        27.830752403610390       0.99394171650732133     
 -0.65458114536953160        27.833032059908284       0.99247193707409143     
 -0.63177906233999592        27.839477813645139       0.99198083745024956     
 -0.61177965030813453        27.845658624398691       0.98865711003900947     
 -0.59223892452527749        27.852436062414345       0.98341079957631150     
 -0.57392350412866278        27.860287441108738       0.97928811439900931     
 -0.55424131373615082        27.867361263087009       0.97565077846338766     
 -0.53540301776846433        27.875082785351751       0.97150432985147384     
 -0.51683755085616823        27.879691679009756       0.96314327293810864     
 -0.49831251758620865        27.883207200470554       0.95408248213822755     
 -0.48267082744426459        27.888791401912091       0.94206785601644183     
 -0.46829711125480755        27.896262727342442       0.93090702777168322     
 -0.45592055566346246        27.902264848166613       0.91692661330872971     
 -0.44476620241448472        27.907448207659353       0.89974767655633436     
 -0.43473867213094408        27.908705553697487       0.88380721036418086     
 -0.42769693242432183        27.912100283912263       0.86755887412322807     
 -0.41859502015200434        27.914744064531430       0.85209746976278544     
 -0.41113394719412710        27.913655111288971       0.83353753415757992     
 -0.40362681776167619        27.907034939191352       0.81585492485793509     
 -0.39380414434882383        27.903236296010338       0.79969177039850814     
 -0.38709575158938136        27.905786565294122       0.78130823303434127     
 -0.38179479537801342        27.910487984263202       0.76266251870075552     
 -0.37748115713411323        27.907629109070285       0.74362276204810251     
 -0.37165291199957551        27.904466891966738       0.72207415860934032     
 -0.36696425716692005        27.906544160138818       0.70247198522823218     
 -0.36122214105711592        27.913897354226439       0.68405561076649957     
 -0.35454488873959633        27.923054083890261       0.66568959693397001     
 -0.35199084850736639        27.933105317190485       0.65002874596898708     
 -0.34973692791387379        27.943085280241586       0.63330566153107071     
 -0.34587177161625604        27.955735332783764       0.61830905082402565     
 -0.33925688446525371        27.969207783586139       0.60577200188707603     
 -0.33122963182064424        27.982163660491935       0.59378317232004552     
 -0.32122977985352819        27.994268048201899       0.58165360166304969     
 -0.31250472542994956        28.008902479609805       0.56914074289457861     
 -0.30388969413558087        28.023790927803297       0.55709777822940965     
 -0.29140445748644694        28.034230316207637       0.54483131106433391     
 -0.27910101149033295        28.044744040797216       0.53466481114644704     
 -0.26830116314019392        28.054623184103995       0.52139263044422512     
