   25.210840095823311        28.010706089456583       0.44746515406515908     
   25.213404335681098        28.028170982741710       0.45603239654875111     
   25.215086956383928        28.044652493896365       0.46712233876014714     
   25.215527751326810        28.058711581926218       0.48047872689760590     
   25.217239555206746        28.071985052706381       0.49343143810529777     
   25.218621627246108        28.087855481873234       0.50609728517024688     
   25.218289832090115        28.104501437413475       0.51948064699384888     
   25.218856925609426        28.118527924438915       0.53120782476655271     
   25.219726965228404        28.133785123963936       0.54432398929809489     
   25.228346393772711        28.146556826088784       0.55775115861857039     
   25.233241461298697        28.158251405938277       0.57278824536911743     
   25.235426140952882        28.170935139368407       0.58679388408813660     
   25.240353087358717        28.184498630602761       0.60204467572109865     
   25.247252239524659        28.195937772791485       0.61676919537419994     
   25.251741317488051        28.210959719108416       0.62898547881047739     
   25.257541493937811        28.224613090483157       0.64034175820024064     
   25.263438078358270        28.236258455858884       0.65461541630193043     
   25.269944594004723        28.245543505004328       0.67026723566311841     
   25.275703627436005        28.256057883712302       0.68636183343917345     
   25.282152333857255        28.264826162599853       0.70250759174409438     
   25.285357968907721        28.276338594401150       0.71907897825543010     
   25.287551921304974        28.288532829184181       0.73518290809553177     
   25.286612242860969        28.298849817091330       0.75180306151857468     
   25.283272650734787        28.309720628542721       0.76832820511090949     
   25.282500040393646        28.319003742401527       0.78716956740296451     
   25.283387810382276        28.322576897939442       0.80776401959548472     
   25.280390730613949        28.325953506095900       0.82841605880609170     
   25.282598619192466        28.329258229161393       0.84715029787425378     
   25.285578889800128        28.333841992224034       0.86476379576248885     
   25.286596631117838        28.337765012433533       0.88273559326994644     
   25.291426828114467        28.340565643036548       0.90133536432387917     
   25.298622752716170        28.339771789444548       0.91989697213422583     
   25.305909425797037        28.342824167431687       0.93787523732076261     
   25.312885379017491        28.350698700559725       0.95528191413304397     
   25.325874140754781        28.352950531885106       0.97122643057744862     
   25.336973063583212        28.356365755984257       0.98698617031510161     
   25.349065182570733        28.357196518518112        1.0001134394885529     
   25.363844925383486        28.355898965343744        1.0138573161256863     
   25.376012571732296        28.360172637131349        1.0297926613202759     
   25.388831329937013        28.364524929903254        1.0431591289343312     
   25.400135282749709        28.369261424743829        1.0616181150011221     
   25.407913550823064        28.372821093349405        1.0783644648366058     
   25.416021903795809        28.372539587389515        1.0973312663601988     
   25.425658079203636        28.372024734482871        1.1134306621200007     
   25.436539738224710        28.369926682118912        1.1289030735226444     
   25.447635330188540        28.370100650475944        1.1429638316924708     
   25.458766081261292        28.371804659009648        1.1589027653022146     
   25.471786328004026        28.374356705404736        1.1735147332884073     
   25.488791802520428        28.372949295545489        1.1870765414432969     
   25.502119629322696        28.372161378420419        1.2016483796267841     
   25.512850971971691        28.373308972903743        1.2190010316984934     
   25.519202817628624        28.377305840509297        1.2380535943265405     
   25.524078910292658        28.380321296018504        1.2564738555237835     
   25.527852645054310        28.382219672360606        1.2735581797941633     
   25.533753215150629        28.382970108725239        1.2933024209793367     
   25.534869183263151        28.382795934652538        1.3135913650211957     
   25.537976237900864        28.387018622318550        1.3327540477965574     
   25.543343698020422        28.389514557648393        1.3505192228976455     
   25.548736848384429        28.389658799127471        1.3679960164190217     
   25.555379506996648        28.389854831916136        1.3882069265769297     
   25.564767828053686        28.389587503084652        1.4082447112384651     
   25.569448927491724        28.390029768428214        1.4263054769281776     
   25.572223351463144        28.390382937766447        1.4474495299197336     
   25.573280862364637        28.389774876415128        1.4687687276675467     
   25.575064233233313        28.391082342851707        1.4880390671621622     
   25.572331596268260        28.393490387465096        1.5086024811505625     
   25.566445113293963        28.396294244102172        1.5288840307482821     
   25.558405030777674        28.397508482173862        1.5485917102124953     
   25.555118196840048        28.401669305399686        1.5672347378280638     
   25.554007086484290        28.406577181469995        1.5846273459444042     
   25.552889626876993        28.408242784350438        1.6041168549723195     
   25.551180358962419        28.410283407259854        1.6231918801638163     
   25.548389191358634        28.417369788018707        1.6413097121927325     
   25.545748297265355        28.424338857531659        1.6600876180064226     
   25.543994156306347        28.428952268632532        1.6779922869407300     
   25.538870196179037        28.434098278330030        1.6957082274217106     
   25.534338051218747        28.438372943578162        1.7162870682981279     
   25.533158166551370        28.443328842768778        1.7354893605417712     
   25.532839022233677        28.449224112940424        1.7538504481790667     
   25.537186312521385        28.458430359347012        1.7721042972066265     
   25.540659569422385        28.469615566905631        1.7862890095782484     
   25.543937022873333        28.482454659298217        1.8019120694383601     
   25.543351298890521        28.493503088503353        1.8174426103226955     
   25.546983651100970        28.500480348367958        1.8357603885295384     
   25.550921751382006        28.509288234334480        1.8534895070844157     
   25.556224908696393        28.518689094413695        1.8679459645401528     
   25.561161392966117        28.526656656719549        1.8847040621189173     
   25.569756249119035        28.537259376061648        1.9000743522339854     
   25.577084915524704        28.548436270135401        1.9163167928616964     
   25.580274753960506        28.559301040229364        1.9319112382849675     
   25.587239197132025        28.568255227894689        1.9479443629150037     
   25.597606118346398        28.574193783772710        1.9655978876113920     
   25.608841250441014        28.577184934786327        1.9804902021120621     
   25.620562412483270        28.575563307195274        1.9956065021122071     
   25.631900824247388        28.572740150738252        2.0132790438758659     
   25.644713461086592        28.571321169745659        2.0278017398766512     
   25.657377838667511        28.567190825746401        2.0429224626647446     
   25.674276480166391        28.562735940620087        2.0572093063794914     
   25.690087790813195        28.561911239825559        2.0658073781212565     
   25.706640143106309        28.562466271789066        2.0751522850917112     
   25.724576803697907        28.563857205056067        2.0837681597857771     
   25.739881498655027        28.563048514785464        2.0951289546045593     
   25.754344412388537        28.558478056675959        2.1077171072355991     
   25.768331651530175        28.553914229669083        2.1208592540527156     
   25.781083232774233        28.546937817961236        2.1344424342278545     
   25.791074614016043        28.540699140878914        2.1495553834516472     
   25.802570123538494        28.537489620465699        2.1654557548105537     
   25.812712654188676        28.529912358068895        2.1820763750355265     
   25.822053527423574        28.520615245646955        2.1945387199311681     
   25.834308982469096        28.509116923300287        2.2074392522931556     
   25.844717200623734        28.495312782123957        2.2187655447275425     
   25.852596856598787        28.479581676819137        2.2250993499491503     
   25.862762433374371        28.464281342656275        2.2302936512850513     
   25.875866846642928        28.447709762015872        2.2334896591325601     
   25.889074252444662        28.434389059835901        2.2303102457712614     
   25.905358804590602        28.422806700533982        2.2236528804121902     
   25.917632171079646        28.413614852093243        2.2167633943926224     
   25.935058807003472        28.403907576053712        2.2091686834003590     
   25.949227665085036        28.390574961049484        2.2019735156839046     
   25.963136163274999        28.380068643060529        2.1942029423898108     
   25.975978001583059        28.369327753310362        2.1850561148873511     
   25.985357386142255        28.356247317389837        2.1762346596289901     
   25.995176063538327        28.339968777363907        2.1693286335496613     
   26.005198462992659        28.326450740353309        2.1568129887785559     
   26.014810499643946        28.315016030069369        2.1442500837654390     
   26.026859367468315        28.308023914944830        2.1289134357086508     
   26.037636674508917        28.301916422232271        2.1124471174751642     
   26.046894412726427        28.292134741774472        2.0968407839497925     
   26.055838699032179        28.282042004895644        2.0845915283343435     
   26.065347656322402        28.270878472412427        2.0715582595092279     
   26.074707740134471        28.263128055755988        2.0569424796064135     
   26.085782504361600        28.251757033028664        2.0440922901483236     
   26.095669014429468        28.238025239972480        2.0315547817409274     
   26.104648378215316        28.225044623252934        2.0193476318314083     
   26.116996888745749        28.217221212793390        2.0049565765724293     
   26.131473686673058        28.211766168133963        1.9933544223183610     
   26.145830931384729        28.204282887658984        1.9833188344516994     
   26.159377208551451        28.194811841916369        1.9727838053575262     
   26.173742442983539        28.184612842890349        1.9624744558661236     
   26.189183576385950        28.175039066761688        1.9523404880504038     
   26.202744050357246        28.167933735961011        1.9401811597980905     
   26.216462099672530        28.157775316476737        1.9297651954948662     
   26.227300498217286        28.146504200087275        1.9204442650568812     
   26.240211436559001        28.133949767259608        1.9146599896924199     
   26.256339694474999        28.120732978623700        1.9125859080951475     
   26.271490586983823        28.106697690193965        1.9110423881184158     
   26.289630512763591        28.096716440057744        1.9064158544062986     
   26.304130289342918        28.084536086160348        1.9021604252931139     
   26.316652231601193        28.069941019913639        1.8951853556792018     
   26.328538298565043        28.055647217918672        1.8864904507098592     
   26.338016623760982        28.041006855277207        1.8781780771016670     
   26.348074443281153        28.026707922828081        1.8659065586471537     
   26.357522200478535        28.014119019013620        1.8553304426567472     
   26.366956222279914        27.999473069869307        1.8463494496156549     
   26.373638751415633        27.985181514312220        1.8339528618455929     
   26.378480000268613        27.970405596465678        1.8248028603845889     
   26.382911742522012        27.957892321000241        1.8083347442976367     
   26.387246012857194        27.944704691822917        1.7913047413526977     
   26.392564025403367        27.934116367892194        1.7751085721497526     
   26.398045914344312        27.921769083781612        1.7576082665464381     
   26.401336187568354        27.907676220272549        1.7428061544432976     
   26.399451109445746        27.890839577140849        1.7315835195867639     
   26.396238957242470        27.874331070446406        1.7212295533987967     
   26.389452182205105        27.856542184904885        1.7126604289881446     
   26.382952537484570        27.838278646443570        1.7029654244914336     
   26.377879209910226        27.822769240163389        1.6912575478892307     
   26.375101962511003        27.804082076403589        1.6818777291882339     
   26.372168889244165        27.787573967897906        1.6761705656704098     
   26.367255747612134        27.768345649499871        1.6749397646468602     
   26.360499992577054        27.749758121283648        1.6689007521601966     
   26.354495373512044        27.733932560616772        1.6599812190045036     
   26.351121728399587        27.716682590495676        1.6492223060711155     
   26.352405041245738        27.700802157078638        1.6368778592048148     
   26.354397560915221        27.684150324416112        1.6248135535764714     
   26.360619730433260        27.670454725775759        1.6134715952328809     
   26.368834031267156        27.654515330001203        1.6050232789085517     
   26.376012912421171        27.639202384500390        1.5976388232834231     
   26.384509254455406        27.621441542462044        1.5913067049024194     
   26.391995247820308        27.606010938100603        1.5878821901315281     
   26.400907105728709        27.590443271206123        1.5827680746035377     
   26.411267290566169        27.575308272923337        1.5736637291240518     
   26.417970396379623        27.559182728567166        1.5621805892460567     
   26.423827712100831        27.542035658082714        1.5557141255435125     
   26.429920608813699        27.523996122872298        1.5468206007395930     
   26.434887006484249        27.504116552911288        1.5402528431882490     
   26.439017164417095        27.484903922194185        1.5348864677802989     
   26.438813444100774        27.465638202233023        1.5306876242158416     
   26.438655139417534        27.447507478070683        1.5289314083881993     
   26.436008280255777        27.427332290782509        1.5266455799924645     
   26.433418480359169        27.407222590540933        1.5206715433447151     
   26.429789929268033        27.388609149247415        1.5138987162280879     
   26.426513590222584        27.367600739975401        1.5072222616749762     
   26.426684762234359        27.347434387484185        1.5007457371725694     
   26.428327998570083        27.328529964278349        1.4941581700213311     
   26.428098394148176        27.311260262745545        1.4838553863367716     
   26.425022618165674        27.296897359089151        1.4701985247597584     
   26.420797118514347        27.276744998185290        1.4606745072720952     
   26.417954168111287        27.258131099122451        1.4551755524678427     
   26.415697547344916        27.239595225425212        1.4516524096565901     
   26.414446403708080        27.219578110962196        1.4494177764389755     
   26.412694914398685        27.200273953932939        1.4449566894922958     
   26.409688183724793        27.180237809045593        1.4381514936699273     
   26.401473946788244        27.164144225655008        1.4285691840653323     
   26.390328155826928        27.148297957771181        1.4213955102604363     
   26.376523446372207        27.135333462871813        1.4159508086379753     
   26.360829695608547        27.124549380182113        1.4091742856649734     
   26.344209897993370        27.118764399430166        1.4023505324490138     
   26.325667184774399        27.112351270644112        1.3962867751674357     
   26.307869012867251        27.106078561353428        1.3908904409839644     
   26.289491766971135        27.097359900137953        1.3887963938492638     
   26.270399236578044        27.092510048777353        1.3824474180961823     
   26.253160325498829        27.088454805358307        1.3738561969507317     
   26.235261125929011        27.088602668452250        1.3645594577556168     
   26.217902198790547        27.086752113235068        1.3543664425170558     
   26.202141963778569        27.089081184831144        1.3432961712859282     
   26.186891143593719        27.094053321779153        1.3317616790217797     
   26.173314881446867        27.098539201029173        1.3201363177165135     
   26.160903923823302        27.106245137485473        1.3064456010923613     
   26.150464199343364        27.116590464733346        1.2930513807510109     
   26.136809093661778        27.124081504244621        1.2815679767691748     
   26.122008900250933        27.134084509141154        1.2683207834666912     
   26.106726031735985        27.140199627363760        1.2540698771289664     
   26.092669700887992        27.147192228684890        1.2422269498702403     
   26.078353616224785        27.152632089956338        1.2318292800777382     
   26.061041753273468        27.155043848439650        1.2216774319822199     
   26.047047862170384        27.161030223867556        1.2136773515383883     
   26.030962647824204        27.170561134054687        1.2052982272140760     
   26.012937641432298        27.181538906081411        1.1984052381592463     
   25.995939134777920        27.187726218420533        1.1922427385794210     
   25.979322888393270        27.194011183306674        1.1868073787393054     
   25.965142060277696        27.201601726706059        1.1774435644037158     
   25.952718588687716        27.210459702898941        1.1636522960378344     
   25.943860874235664        27.218417166409829        1.1478240040460073     
   25.929865222190315        27.227848733846045        1.1368649675652109     
   25.913152883302502        27.234750462646872        1.1278450192454494     
   25.897885803576841        27.240806278716327        1.1164807314873479     
   25.883056491678452        27.245496208525427        1.1042917290489889     
   25.869922017189342        27.249020156292008        1.0901464580849529     
   25.854572260715614        27.252278281113568        1.0761693837237674     
   25.840457922060153        27.259639647157076        1.0615723119627660     
   25.824287851882122        27.262662952515846        1.0497515647879625     
   25.810565943585765        27.264558901189019        1.0353924866442352     
   25.798994159734519        27.260624337228567        1.0191404318357686     
   25.786668698718447        27.256084679010186        1.0006401054775313     
   25.777333315949907        27.252807820035752       0.98301586147689335     
   25.772600383193087        27.248747851227886       0.96409248778463841     
   25.768204601427176        27.241355465644780       0.94613808862860038     
   25.764227572822094        27.233143804378656       0.92880755775448021     
   25.757180636566289        27.221456489500337       0.91327165722966952     
   25.751016071261692        27.210981949845394       0.89799392695682334     
   25.744894806869748        27.200582746649552       0.88167537573183119     
