   25.820931557132230        28.220597325278234       0.67894515274004530     
   25.819478417821692        28.237273339717603       0.68582925621626734     
   25.816769057704473        28.256395700585518       0.69375266997057505     
   25.816362331202924        28.275510024881893       0.70524095061422332     
   25.817275716379594        28.292933681470103       0.71543425478927725     
   25.815527346617415        28.309612507421555       0.72302814245394986     
   25.816233308920840        28.327003251448655       0.73209528038256755     
   25.817506820111266        28.343191843981298       0.74201567950149083     
   25.822304651562234        28.361524302363822       0.74936959950377935     
   25.822440510959964        28.380347047355102       0.75375862631795776     
   25.817344282489930        28.398969517451327       0.75634011560020431     
   25.813091979660811        28.415739087537371       0.76268856744202773     
   25.809552680063870        28.434160559158734       0.76955085241783550     
   25.806679741674898        28.452047811832568       0.77823484570409229     
   25.802041506371438        28.469342593986497       0.78594282545834615     
   25.796016938887124        28.487355796660847       0.79241118030253133     
   25.789060556979727        28.503917189408746       0.80033054433778594     
   25.781805479644859        28.518014149689670       0.81193948851477693     
   25.776064412112309        28.534077746261822       0.81977212506583264     
   25.770981363944831        28.548349210140916       0.83451986376412846     
   25.768324166487044        28.557165238879886       0.85088927058379438     
   25.766407917811858        28.566415267211024       0.86843304520453501     
   25.766633018238231        28.575433907553634       0.88605998791264284     
   25.768457492543298        28.585521573973580       0.90371459164477252     
   25.772640879652393        28.589700151438510       0.92177014466030371     
   25.778540876995088        28.591803909639300       0.94025535562927143     
   25.788442689750859        28.593895160035121       0.95835231603353588     
   25.794918267232870        28.597696161905294       0.97706460949528984     
   25.801672066863826        28.602569384716546       0.99506588133062712     
   25.809200067984424        28.609587941500081        1.0106246906104521     
   25.816646416782753        28.618401896462956        1.0274909422579916     
   25.824117510823076        28.627489830407896        1.0424594832561078     
   25.830656970062090        28.632904058774237        1.0616946106829008     
   25.833804677174435        28.641053885849157        1.0808316005945524     
   25.838439372994326        28.650629057713061        1.0959124362655128     
   25.845811210031126        28.661996743069519        1.1109575144240615     
   25.855454413361674        28.673768838339562        1.1258845057223668     
   25.863223835348084        28.685718360023600        1.1382005222188514     
   25.871968816310368        28.695023051803396        1.1529058306861673     
   25.877870939580706        28.705543185460478        1.1678627211070711     
   25.879385670504174        28.718631156499441        1.1803036419218669     
   25.878552330107066        28.731052970762924        1.1962403551711998     
   25.879348670614092        28.742455944583902        1.2141506201622481     
   25.882999444350986        28.754807564241045        1.2291165390034706     
   25.888612251039387        28.768068692808676        1.2449599439991375     
   25.894230439710288        28.779570457698544        1.2584811396176030     
   25.900346216245868        28.792691418094147        1.2697629135410315     
   25.905519983741886        28.809530980826207        1.2817300493639512     
   25.913544438105156        28.825749478694384        1.2917026807414882     
   25.920491699321556        28.843497144298041        1.2991978062573966     
   25.930067614224736        28.857938641792074        1.3103823182822785     
   25.941771323477795        28.869849433940061        1.3200033866237906     
   25.955107495822535        28.882061172511019        1.3309111119727317     
   25.969321696641959        28.894837979701268        1.3399122686182872     
   25.983155576242819        28.904891305749043        1.3501175654453554     
   25.998875023558657        28.914903898723470        1.3594146153579212     
   26.010329786230429        28.930010694650235        1.3676935784988118     
   26.023499035993293        28.940282938558614        1.3790309841926545     
   26.033222901317455        28.954294537978196        1.3911383391515031     
   26.038198634723027        28.965908651279769        1.4065859793161901     
   26.045275192370408        28.974952815582039        1.4235257223124829     
   26.056813971732144        28.983266358814699        1.4379870432455657     
   26.071051518474196        28.986316301361544        1.4524458368138544     
   26.084456274862418        28.989758948848330        1.4663712556059270     
   26.101771468872844        28.992467027783317        1.4753280948957406     
   26.119750771467526        28.991891343999214        1.4811172768652479     
   26.139622936900032        28.992689976001220        1.4876058133085488     
   26.158413842696223        28.994798624123021        1.4844243260567902     
   26.177181640945012        28.997540093007643        1.4763791647338382     
   26.195239640911236        29.001491626559730        1.4703427796835051     
   26.215408520406513        29.004506772613720        1.4644458378010685     
   26.233622297042135        29.002421967138236        1.4575751576547544     
   26.249959089077581        29.001710283117475        1.4459673779011997     
   26.266533257638702        29.001224684733728        1.4361202751236524     
   26.282801422301798        29.002719157231954        1.4265014793746271     
   26.297266036028585        29.005039826389336        1.4147087505032943     
   26.310352512023304        29.008151013234784        1.3996131607627289     
   26.323381648786750        29.012028700085335        1.3848251619729237     
   26.337465198482761        29.009197420609848        1.3708825595715839     
   26.351182758567287        29.002989319986728        1.3576552678107556     
   26.366081195935685        28.994652027502944        1.3482793840207705     
   26.381094700671085        28.985080989128146        1.3395273128916971     
   26.398369452063399        28.975353588998662        1.3337225625552811     
   26.416445650067015        28.965636423386563        1.3285780687921596     
   26.433765368707007        28.957157434813340        1.3235550041609083     
   26.453962647387332        28.955428958552837        1.3186729869697662     
   26.474081908139091        28.955123941113662        1.3163820264877937     
   26.493835760599595        28.957444217402990        1.3138442152383305     
   26.514425182621814        28.959387606980346        1.3136642839498154     
   26.533042128573616        28.962293015341107        1.3164787125762043     
   26.551972950129763        28.963014532456345        1.3191242964150873     
   26.573066071251723        28.963215306217219        1.3185112608024887     
   26.592984292341569        28.960748765398293        1.3181486747436377     
   26.610972733059796        28.958805821243036        1.3162483221659103     
   26.629482592168142        28.953945166521084        1.3147569303443729     
   26.646013432019817        28.948368242299814        1.3120234425740573     
   26.661650489054136        28.942132545230233        1.3048519105471827     
   26.676857072850041        28.932534270782920        1.2952012342488133     
   26.691561503892917        28.921607918230062        1.2887988032386353     
   26.708658361069567        28.909779061015527        1.2808930019275460     
   26.723904627600341        28.903054987967963        1.2744377466898311     
   26.741835825765786        28.897976771903021        1.2658350756563470     
   26.757105010631889        28.892971113875866        1.2579566928980581     
   26.772553936785890        28.886920246178235        1.2479082404306070     
   26.785113536400797        28.881405205420926        1.2322856154443331     
   26.796905716984025        28.878378702524060        1.2175778539269411     
   26.809385628892574        28.874324303617765        1.2045138963621151     
   26.824375342978694        28.867888767601983        1.1922890921848666     
   26.839715394149529        28.862327530219211        1.1811379685362495     
   26.857472560902099        28.856856107611332        1.1738467061694140     
   26.875306077821463        28.850222495248335        1.1663831655814589     
   26.890002725308840        28.835718671841750        1.1623751934520317     
   26.905292559597175        28.822901738698224        1.1601320924730303     
   26.918300471381478        28.810063917573395        1.1534246600978808     
   26.930978566004750        28.795348964644589        1.1467329660376939     
   26.942066273763125        28.778306379642334        1.1430657808696056     
   26.951924361598032        28.762347287008748        1.1386154886729198     
   26.962649467983880        28.745292769032233        1.1364674434768498     
   26.974271513179438        28.729727264878981        1.1310611921743401     
   26.983061134014108        28.715188020362586        1.1255678841222334     
   26.991666063578265        28.697641856839954        1.1199482993758250     
   26.995227215559691        28.678941394869440        1.1185575299002499     
   27.000720251973384        28.661433890904622        1.1147333915104585     
   27.005282402352254        28.643440640432264        1.1112045945437306     
   27.014094376956464        28.624519443436313        1.1083051983581957     
   27.026324516696508        28.609479663001736        1.1055780095272734     
   27.038438368582728        28.593698896792837        1.1039775765710684     
   27.048312593628207        28.577203151273473        1.1025675233668180     
   27.058577021006503        28.560383804600164        1.1004641873413266     
   27.065437290705926        28.542006930191445        1.0988773044891564     
   27.069929389278499        28.522938760861919        1.0986363057580502     
   27.073598090191478        28.502012626272268        1.0991392775828310     
   27.076036737094181        28.482389159990465        1.0985539693545077     
   27.078010333514101        28.461178470552412        1.0982650129377027     
   27.077593369038240        28.443590166896467        1.0981890992713181     
   27.075459790951573        28.423480508972620        1.0952731322034917     
   27.071665873660923        28.403741260573177        1.0928678022707385     
   27.068628477001219        28.384699553400345        1.0933876087520156     
   27.067924713271108        28.365864383268917        1.0945094647921536     
   27.069254491893936        28.346443730962573        1.0968286025560623     
   27.068953455815130        28.326995021559377        1.1003513681286514     
   27.064894967488168        28.307962452548047        1.1033656019546101     
   27.053870908705399        28.290059343233388        1.1069910497041286     
   27.038228259867306        28.279627109293411        1.1128721467140670     
   27.022908290915495        28.271766772720984        1.1180501806302265     
   27.005916631940259        28.265043359670340        1.1251068117480378     
   26.990630966660532        28.260070961990174        1.1375136720359573     
   26.977404924724521        28.251876633566550        1.1512529933965101     
   26.967073495536553        28.239129435821933        1.1643576616997418     
   26.959825418003120        28.229336371690355        1.1790480471912159     
   26.949488326034214        28.217120213223083        1.1924762862125793     
   26.941005291266556        28.205161322463081        1.2038178397817338     
   26.933709576620718        28.193983840869368        1.2183574607245127     
   26.924541985697971        28.180507859749710        1.2298805662927716     
   26.912035394102666        28.166651018175852        1.2344319589888659     
   26.898072556485399        28.153412035430559        1.2396625431091786     
   26.884498983522537        28.141790103326624        1.2433349690834954     
   26.872261842963855        28.128973421867673        1.2445053818158760     
   26.857943364160473        28.116668759433026        1.2499560454538579     
   26.841045325812285        28.107199078832988        1.2544972821825742     
   26.825854585668740        28.096642027649924        1.2586509998476647     
   26.811623517129853        28.083117022021181        1.2560927097620169     
   26.797645744836110        28.067596798661803        1.2547816284011675     
   26.783149154745960        28.053823840720263        1.2516354444976867     
   26.768366076533418        28.041822785104102        1.2493167763530795     
   26.753335192180412        28.030381394557164        1.2492844791370936     
   26.740064499057240        28.016900049007578        1.2527389838981655     
   26.728319246136163        28.000001323725733        1.2581030978994949     
   26.715959981680360        27.984858103869094        1.2621133539370675     
   26.704873586412635        27.970828274911195        1.2650347871000713     
   26.691904565096628        27.954618222423523        1.2692245905593502     
   26.678805358322947        27.942055189819371        1.2748677093250458     
   26.663919933716365        27.928120152870395        1.2771292300967487     
   26.647332027670146        27.918092615458100        1.2737260259328105     
   26.631577463303817        27.906754068966801        1.2662447474440974     
   26.615120608979716        27.895147148702883        1.2610607720939297     
   26.598486573238912        27.886740198276375        1.2554754855835610     
   26.582660792327623        27.877887267919021        1.2536947018943414     
   26.565290572195789        27.871111778056331        1.2500870930670152     
   26.547579011177177        27.866569257222320        1.2458212338184596     
   26.527416607943788        27.861661407617252        1.2429394735628134     
   26.509487546618463        27.857639663461349        1.2393435774919208     
   26.490160376632868        27.857119280248039        1.2358781956474751     
   26.469443450641478        27.852052875011093        1.2321686704601378     
   26.452082586007418        27.843028976514876        1.2249854179081672     
   26.436326153796887        27.834889973701248        1.2172761868426325     
   26.421208091821793        27.826660899942524        1.2066361955786511     
   26.405418515412951        27.816006556143812        1.1985625624943681     
   26.392382788765605        27.806354402598121        1.1905271737879319     
   26.378427685123750        27.798961356556280        1.1781776628737664     
   26.365694949416632        27.789009991648154        1.1666778927588481     
   26.350571908823028        27.779779116474955        1.1562922248431255     
   26.335590966658490        27.772531832653343        1.1448940611870837     
   26.319251313908914        27.767316692803778        1.1341676129576652     
   26.303390603198935        27.758503470940191        1.1220310736995913     
   26.288583701843656        27.751059889258372        1.1137804912485256     
   26.275606219765137        27.737066401117868        1.1066041688756201     
   26.263457083833995        27.721732070146032        1.1032931699623187     
   26.248482846199931        27.708565006392625        1.1024783807001550     
   26.230564169286406        27.700614559578501        1.1043527598408585     
   26.213207102441380        27.692428018316303        1.1055606997548750     
   26.195298904442119        27.684650438387866        1.1066571602952058     
   26.179026108213485        27.676682499743897        1.1126267926345588     
   26.160265991987991        27.669685488180104        1.1155242083111609     
   26.142561110708559        27.662117652393366        1.1178954766478673     
   26.123289931609939        27.657821767482815        1.1233483641053474     
   26.104229607363887        27.661410323687022        1.1283309533353720     
   26.084518461399050        27.663418331730607        1.1369941617580057     
   26.067438412750491        27.668526548027994        1.1461593221520077     
   26.050104861524623        27.674979046751389        1.1534471051384920     
   26.030988566779911        27.680436842864427        1.1588888542638935     
   26.012452853153171        27.686195508508511        1.1601612933273291     
   25.994622822861785        27.688654065571704        1.1629827494110414     
   25.973494819587543        27.688375080567461        1.1645409137356955     
   25.953737115773777        27.688497347953977        1.1646159708797579     
   25.933809833220355        27.686566658963809        1.1639325904589750     
   25.913830730931579        27.683061326561592        1.1599351805676177     
   25.894866719497884        27.681226717228345        1.1522740117346721     
   25.877638143687943        27.678314822725394        1.1444588281295134     
   25.862209844248799        27.676453812874492        1.1341813987261304     
   25.845621681006431        27.674988516896267        1.1207017835915671     
   25.828218855808771        27.675993000023126        1.1100691374741372     
   25.813667963235282        27.679397284678050        1.0977990416435777     
   25.796576113605255        27.685484612763464        1.0870253759474733     
   25.779159862742439        27.691508267465906        1.0785856217333674     
   25.765408601730758        27.697796449985301        1.0690629141863530     
   25.751140009996092        27.704531495918840        1.0570353449915364     
   25.739555100622493        27.709230009777471        1.0436859051443914     
   25.724668601077909        27.718178925521489        1.0313212448158426     
   25.712958674476997        27.727201359145148        1.0192340346448161     
   25.701694043007386        27.741275838583242        1.0086705254854342     
   25.689196991463760        27.754132534522480        1.0002682356342865     
   25.677784130074784        27.767416961467063       0.99194245859498242     
   25.666765392721828        27.780241764251571       0.98278452843690012     
   25.655001300781166        27.791293311452115       0.96926911941277771     
   25.641640424763885        27.799834831591618       0.95779074105597217     
   25.629776825916846        27.810470423459929       0.94640540603752166     
   25.619620062179532        27.820639210278031       0.93461544049115863     
   25.610472095980704        27.830848966093704       0.92110060410751604     
   25.601011678217166        27.844043350844235       0.90859663940517355     
   25.593223718948625        27.858330282921145       0.89456790793755581     
   25.589864519480663        27.874506761486252       0.88308095378129814     
   25.588822253779661        27.890697685680738       0.87244818130959345     
   25.589222875401592        27.907398143329505       0.86120199987629598     
   25.589445317522713        27.922282462097645       0.84828799310652037     
   25.592025444262063        27.935353200111891       0.83354889611377359     
   25.594456419997684        27.950617141975378       0.81997512223521185     
   25.592363252156211        27.963278123661652       0.80613335561363830     
   25.588725132509591        27.979497198424919       0.79561677295925026     
   25.586334967237590        27.993996184665445       0.78263031829649998     
   25.591003021548229        28.007577867142214       0.76863782200057751     
