   27.819206521341876       0.61763958762027804        1.6966156365002660     
   27.812926683150295       0.61010825798884716        1.6790664388933807     
   27.804148611332714       0.59967971384688290        1.6629367082331319     
   27.794834507598477       0.59183284412775716        1.6472472743194519     
   27.785625589797785       0.58866673743208386        1.6321126702765463     
   27.773195280812903       0.58122754182551239        1.6153304008597067     
   27.760061073532526       0.57060484605825312        1.6043569950735954     
   27.745415390930184       0.55766638764685228        1.5972977426188286     
   27.729709254511153       0.54813052490823033        1.5892887331199002     
   27.717129247731549       0.54123692355767505        1.5770586544435301     
   27.701042179429990       0.53501390345251876        1.5654465448762063     
   27.684503924389229       0.53015618536955655        1.5538991355134395     
   27.671495011859879       0.52465724868173347        1.5404425569177465     
   27.654894347086508       0.51772557198710389        1.5278231928519683     
   27.638937496289746       0.52220510452320601        1.5158601678063366     
   27.622830272530653       0.52800375438840041        1.5054057260969909     
   27.607403489549480       0.53878683178187636        1.4992477387196645     
   27.590812889651346       0.55102963593265875        1.4958588093759504     
   27.575927557571848       0.56525231768773809        1.4939458988764736     
   27.560421493810757       0.57793714899913573        1.4938412919168083     
   27.544745704894577       0.59223404136139679        1.4961070939699739     
   27.530217066229014       0.60561384345146851        1.4960928159136677     
   27.515990644751014       0.61893912652326755        1.4961914140802075     
   27.501385835837517       0.63363002279937441        1.4974520600365659     
   27.487615332406296       0.64908880465141616        1.4953006345012843     
   27.473681681204592       0.66288313485408945        1.4921955729459053     
   27.460421599513346       0.67559097977667959        1.4870763670779681     
   27.445656696401237       0.68818294955710935        1.4822068736345346     
   27.429729185087925       0.70179054371531968        1.4777484936598169     
   27.415324237057863       0.71374916316588100        1.4748502008919326     
   27.405130796683959       0.72829977339090957        1.4696433765996824     
   27.399639090276562       0.74215269721984378        1.4592532666523623     
   27.394501693177578       0.75892905315127746        1.4469143644469706     
   27.389402893853227       0.77587974254002379        1.4388075115853296     
   27.385777922058821       0.79414359536929169        1.4314795105337568     
   27.382409612685535       0.81387636002616859        1.4301147701277823     
   27.379976033124688       0.83222025951015655        1.4332592502059027     
   27.375955075447330       0.85099887707016553        1.4377345072759591     
   27.370246610912904       0.86959355741413247        1.4437540654874867     
   27.367257077137243       0.88878408505658790        1.4494978980519431     
   27.361556341109214       0.90652219779856558        1.4552568305072833     
   27.353934572085741       0.92352852584438505        1.4621261460365229     
   27.347706345100104       0.93956669790680980        1.4739621030309575     
   27.342415443866553       0.95149266687644496        1.4845360482695531     
   27.338582054142773       0.96264274411200812        1.4991788699824573     
   27.335808930546790       0.97213928868181176        1.5129243991023695     
   27.333263269955957       0.98334350605083187        1.5274314055178486     
   27.331501511766916       0.99371955631239461        1.5425606810063013     
   27.333091804747585        1.0035501422554769        1.5601526137819983     
   27.335564749535553        1.0176137022068861        1.5758218132327320     
   27.338017228974451        1.0294716437597617        1.5905959052363245     
   27.336659810272398        1.0431711246161504        1.6055591678842356     
   27.335888837548175        1.0593045634604374        1.6166319148146684     
   27.337804751743690        1.0751374924002588        1.6258278819636587     
   27.340987913946417        1.0903083278423620        1.6384494034023702     
   27.341619029050989        1.1047344854767638        1.6513248738230153     
   27.336890376293422        1.1198156002636923        1.6625837649634168     
   27.330337224173771        1.1353557466314803        1.6713113206323567     
   27.327455795158958        1.1539812732445025        1.6770805328498901     
   27.323023879778468        1.1719609611037007        1.6846070355303902     
   27.317908505980377        1.1889722430187342        1.6913589606287107     
   27.313595879607199        1.2081338896744822        1.6969616405802570     
   27.308185467376720        1.2270327774615639        1.7035238838947215     
   27.305854375111952        1.2452198189293673        1.7073288004702165     
   27.305369735332935        1.2651287231690374        1.7122749159534001     
   27.305236303596235        1.2822114163674738        1.7168125820300040     
   27.304478812469640        1.3026230966363190        1.7200694146442359     
   27.302593054487996        1.3221706789788488        1.7228567806016706     
   27.300065179592718        1.3415965287554694        1.7270002771635993     
   27.300962381388612        1.3631354431634959        1.7306046764397014     
   27.296856261794680        1.3826019704017354        1.7315474265001287     
   27.295387390285686        1.4018684538866204        1.7365345991627659     
   27.298206971979912        1.4235441105181195        1.7381224960334181     
   27.300885543006192        1.4442989052533151        1.7395022744325157     
   27.303901353953258        1.4647207298165024        1.7383172616660698     
   27.309229690464054        1.4854356118537599        1.7378394382059170     
   27.315068455285335        1.5021683484510364        1.7372705890844848     
   27.322301750337008        1.5216301761878366        1.7352913886186638     
   27.329208910616853        1.5420418909894817        1.7367345445707425     
   27.332334938967541        1.5620765809493966        1.7381312678628584     
   27.336621858933903        1.5805815325713808        1.7418757315698936     
   27.343980439436741        1.6014586185999280        1.7419137727371832     
   27.346433144162102        1.6214556757156509        1.7418144625793219     
   27.348291967019538        1.6408598978391418        1.7402863272012745     
   27.349331951061963        1.6607024970278121        1.7348202573497062     
   27.350077819747746        1.6818127394265474        1.7323581014426936     
   27.352393387931400        1.7000278864314697        1.7323456109393331     
   27.354917102965807        1.7196634835593152        1.7314299555115809     
   27.356863779119660        1.7388577254531434        1.7257513094468415     
   27.353017213066170        1.7580623238458397        1.7233999494326331     
   27.346336397799316        1.7770173343056448        1.7207041647872072     
   27.340338604086462        1.7955986317329657        1.7178388542376941     
   27.335360299112274        1.8154948165673437        1.7149018206474806     
   27.332727750207315        1.8344406197710255        1.7103783289946266     
   27.331715036506985        1.8517494538298460        1.7015157140363200     
   27.333377573953232        1.8687100130797822        1.6924251127016652     
   27.338552750340142        1.8844933584458696        1.6832914761325848     
   27.348105492687516        1.8966457026662982        1.6672374781798298     
   27.356260453021683        1.9079866893297537        1.6534427770323368     
   27.366116860901204        1.9207752409453911        1.6440658338092848     
   27.377147922046063        1.9354733745770951        1.6352245899942519     
   27.389283276563777        1.9479302610064904        1.6265389749381725     
   27.397166734991306        1.9645157688644279        1.6186247610871110     
   27.402812557341917        1.9797991061046205        1.6089530582919911     
   27.410089956305008        1.9917409790571556        1.5944310588871287     
   27.412780143258534        1.9987865872095816        1.5759559167698547     
   27.416253878986719        2.0043412352552532        1.5603175554272724     
   27.420046661108969        2.0109285553274767        1.5433988574878184     
   27.427578171153044        2.0193685478675865        1.5251937666003494     
   27.439083858763713        2.0248260884309626        1.5072758355862965     
   27.449074182593520        2.0295626269439091        1.4899999494605216     
   27.455187250340778        2.0339158262573669        1.4704553809404555     
   27.460173953007285        2.0406967305019332        1.4487710035901433     
   27.465320003986111        2.0473621069770882        1.4299117163847024     
   27.466264337704093        2.0539103214860863        1.4098119284590664     
   27.466176655573548        2.0553327672577955        1.3888399339754678     
   27.466559676947764        2.0560630070800436        1.3679623994171854     
   27.465514348353537        2.0530277090914772        1.3472140866373534     
   27.465641966485759        2.0469890038887799        1.3289828346221775     
   27.466313975928248        2.0388145503194304        1.3107629318357217     
   27.467497672925202        2.0321043298219363        1.2925801786765714     
   27.464651602223153        2.0269162438203661        1.2722152624636986     
   27.459978215502030        2.0228224139423654        1.2531536800127900     
   27.457360769852905        2.0171321550027974        1.2366812281054778     
   27.456786682418091        2.0094148108620677        1.2203994548753105     
   27.455350611212925        1.9986181196000172        1.2042898661996291     
   27.454691214079592        1.9921253202190314        1.1855079662289107     
   27.457631486434924        1.9881277948915934        1.1660373471725540     
   27.455461542483533        1.9826768819186835        1.1465055646512976     
   27.452074170172299        1.9757099522088712        1.1285759244252753     
   27.449986386774633        1.9660357763153815        1.1122168644093420     
   27.449528169510248        1.9538625189936181        1.0963219488214651     
   27.455124611132927        1.9435061442531036        1.0834484935759374     
   27.463176296203354        1.9280747477597284        1.0716918925238823     
   27.471890714453295        1.9137684651767664        1.0611335307999925     
   27.475002852123154        1.8994291668794765        1.0466252437606063     
   27.474942101788230        1.8857493266130481        1.0342737227508401     
   27.476040883911040        1.8720014911887211        1.0201469163862138     
   27.476361629375184        1.8593976582860203        1.0070381820446244     
   27.476250356312274        1.8435690154802040       0.99088907480711819     
   27.474155039318081        1.8286942561334538       0.97680379955254182     
   27.471291307921778        1.8123715798864433       0.96469669988625162     
   27.468001264683199        1.7953745833798733       0.95605711771729829     
   27.460518082771955        1.7791062251538154       0.94957956848924718     
   27.452745022418469        1.7623711112111384       0.94689839722644464     
   27.446402387476983        1.7448958351572024       0.94292069484422436     
   27.438164784990988        1.7279062065053183       0.93964213283964748     
   27.428766609334836        1.7101008150247028       0.93348297716775042     
   27.424145062873492        1.6931094258344066       0.92986966610097721     
   27.417901018350058        1.6752961543112936       0.92466486194492836     
   27.417409813825444        1.6548918258542693       0.92001710565778405     
   27.418498992692133        1.6350753013531854       0.91280525771072929     
   27.418191453672275        1.6174000934877499       0.90563947251110322     
   27.420295003782719        1.5999054590835795       0.89876288122513659     
   27.423920483414282        1.5821684332115746       0.89568186230654867     
   27.431013138883660        1.5642004497377964       0.89159035993116642     
   27.438116084487316        1.5438503577353933       0.88972018892367333     
   27.443704427242665        1.5261172785340025       0.88856287801371192     
   27.450502483173771        1.5082775997743465       0.88663933278039231     
   27.455792260480298        1.4887847697255507       0.88568772025149212     
   27.458185448044720        1.4703898470616050       0.88210487235740154     
   27.464175979924743        1.4524921747927595       0.87805719334790344     
   27.470390379130858        1.4340886983835897       0.87394098731263270     
   27.474899437233354        1.4139501410336190       0.87348883813185041     
   27.478429098112745        1.3949619133091187       0.87583538385240856     
   27.478074577859161        1.3757938052543823       0.88213275002787850     
   27.474979890902087        1.3574425812954223       0.88759579369419017     
   27.471571920250927        1.3401183679680886       0.89479220782621294     
   27.470516436396846        1.3222947891094372       0.90293808289013977     
   27.470373635471603        1.3050403338038059       0.91050933238917553     
   27.469591565543450        1.2840225338018771       0.91459018169680562     
   27.469685866185877        1.2646958902609569       0.91644621069909782     
   27.471228922005380        1.2451156509469468       0.91989958998035204     
   27.478827917523940        1.2278491510483391       0.92055051285374045     
   27.487529653407289        1.2092769551912075       0.91963487573678759     
   27.495059565361206        1.1894528864360809       0.92047470721000502     
   27.502282439408344        1.1699538405136090       0.91664422811466317     
   27.506785934152951        1.1507416889053899       0.91706461441936493     
   27.514655648816497        1.1313149020407778       0.92225721392449966     
   27.521792807121273        1.1137005243180389       0.93054888946245684     
   27.528288096771700        1.0989943092380765       0.94201700483497419     
   27.535565408749694        1.0845713528349217       0.95037618583002181     
   27.540139038793772        1.0712884869011163       0.96130009585928122     
   27.541550113525965        1.0560776982535622       0.97380221009277024     
   27.543803128722839        1.0399717742462187       0.98602839993873237     
   27.547577349609902        1.0245242800081036       0.99918856545398826     
   27.554507509702319        1.0116604050848097        1.0135668131823727     
   27.563389940986436        1.0007190732407467        1.0280965074704218     
   27.573242845076180       0.98901573926035946        1.0397720435616569     
   27.577922069000081       0.97655330689943975        1.0543919667544215     
   27.589293524210575       0.96411233080430736        1.0676673601502780     
   27.599874563298563       0.95184446821931135        1.0790973645046562     
   27.607761507496456       0.93767743852072627        1.0903987554051910     
   27.615198240427134       0.92841706864191875        1.1053220186029489     
   27.620669966715610       0.91909860055162618        1.1218735063181207     
   27.624616347788784       0.90711965455937316        1.1373433884021227     
   27.623604647912654       0.89277225327739118        1.1518596608039082     
   27.622403835276913       0.87922705131467049        1.1654414495900052     
   27.617520581640726       0.86625186651127228        1.1794608441173768     
   27.612687269116257       0.85338296676762415        1.1928334320182852     
   27.608032048540299       0.84124323040359850        1.2059115996032530     
   27.604726240501090       0.83128929682280739        1.2255256007241278     
   27.601609710282645       0.82556392414590540        1.2442978018079318     
   27.598210032378880       0.81923388897506233        1.2638700744055991     
   27.596579824152339       0.80940353412553045        1.2816409880449584     
   27.596820161203681       0.79578402782975910        1.2964003120052197     
   27.596991635020956       0.77845637953814573        1.3086282588062619     
   27.599779790814122       0.76283934816098842        1.3182990718159413     
   27.602612596511108       0.74522051579136284        1.3277897687345279     
   27.603005630655741       0.73072851666860072        1.3424911707052714     
   27.603437294309142       0.71918229241833620        1.3589161729375379     
   27.599074902821645       0.70761615835859559        1.3740641356779091     
   27.594649855557620       0.69303021856355562        1.3879127621166214     
   27.589843185673200       0.67635086378105658        1.3996166372276373     
   27.585861881796550       0.65992584678568356        1.4103217132230825     
   27.577153352313157       0.64767790835435923        1.4207703988247311     
   27.569433463375741       0.63280693096286444        1.4332141393043709     
   27.566317915593203       0.61879715688782044        1.4483071079854466     
   27.562791066701557       0.60401773878468212        1.4617760670654900     
   27.561760369807235       0.59249433204382429        1.4764429768223677     
   27.558191197817205       0.57992139769302864        1.4925977639415273     
   27.552984900841516       0.56822023147112277        1.5092214975805642     
   27.548852159348023       0.55792784062024614        1.5241024215351693     
   27.543172618626389       0.54699062405255294        1.5407122463283422     
   27.537666134392605       0.53428254294652633        1.5557479539970467     
   27.532594748602047       0.52572190857325318        1.5716877923020964     
   27.528130554924417       0.51414531886462933        1.5856617293737283     
   27.527640254359312       0.50271473719066306        1.6011138573347448     
   27.532056231316677       0.48911579432773433        1.6160620523926930     
   27.536180162103168       0.47219967632407028        1.6295610504176794     
   27.540531702927645       0.45871718684950691        1.6439527999474850     
   27.544073875898942       0.44505901921418556        1.6574087044269972     
   27.552511844559287       0.43139771630506574        1.6701093130896947     
   27.558270920760002       0.41906723403410984        1.6857808219861239     
   27.564385620912081       0.40665139816245371        1.6985522603226193     
   27.571815162951097       0.39408938708390495        1.7117424735020086     
   27.579395448490846       0.38067678416513390        1.7234680463643124     
   27.588540254697932       0.37033189305226089        1.7374002868548646     
   27.598578279805228       0.35884411003161321        1.7506384417696210     
   27.608191743991004       0.34982741457908367        1.7682051000393730     
   27.619758055808372       0.34387272101155231        1.7820075652029994     
   27.632630400132260       0.33568403748626119        1.7964246500526830     
   27.645211737026823       0.33016899455824489        1.8094587260881569     
   27.658925122772285       0.32752906955647976        1.8230290495674120     
   27.671398193729456       0.32394230016782882        1.8388883879819788     
   27.683392275321076       0.31780480619104617        1.8546845968983847     
   27.697347079194429       0.31546365228005707        1.8697214408928617     
   27.715324928861470       0.31619829160408125        1.8809881008277274     
   27.732552143124252       0.31797359802584935        1.8903049104621588     
   27.750191489647168       0.31527445957049272        1.8987434260175622     
   27.767695265844612       0.31384351335939681        1.9084564639581312     
