   28.803235332348798       0.60146652045242965        6.0909838726506944     
   28.793601556479231       0.59539416544113277        6.1108580213649208     
   28.786612065865135       0.59018495986681629        6.1293331755139144     
   28.782751212613455       0.58266059083786992        6.1476717745106280     
   28.773432962843874       0.57790341687141389        6.1659839145645190     
   28.765932802047473       0.57565061924616157        6.1822514870880854     
   28.758545731408592       0.57253815942348141        6.1994760862111615     
   28.749531333982308       0.56374650939629878        6.2144785222534926     
   28.740716966541854       0.55251158640696529        6.2284731496442385     
   28.733962957925872       0.53894185584968413        6.2419030356231575     
   28.728699341740224       0.52771279852182995        6.2566719592620625     
   28.725814788215970       0.51761219886908538        6.2750090533677634     
   28.724127845080734       0.50877763627018868        6.2930021509534946     
   28.722916954059727       0.49787748188402980        6.3113561292513234     
   28.718166450004325       0.48965903315537490        6.3271329343219493     
   28.711836622182226       0.47991389812886165        6.3450384550028689     
   28.707844605698494       0.46675265855346260        6.3590565768699632     
   28.699585567385828       0.45283227798668341        6.3727381083019177     
   28.692233721143158       0.44274012180265010        6.3865297168987656     
   28.689243365374729       0.43557703515221469        6.4039429228158138     
   28.684167575211887       0.43155915759863100        6.4214622516674806     
   28.679587035825477       0.42780026445801156        6.4403993777310315     
   28.672089043427864       0.42628166381770816        6.4604580520665049     
   28.667799830913694       0.42338579997755577        6.4796044177365220     
   28.664390142092092       0.41800096098636774        6.4988536563704820     
   28.658167838102724       0.41539849775920412        6.5170527177793698     
   28.652710060681862       0.41148463577195032        6.5356605302465107     
   28.645850089756845       0.40982155943709803        6.5538696810522072     
   28.633994222678698       0.40982877298856768        6.5710579849639368     
   28.618891853421729       0.40904137917248878        6.5848026982798133     
   28.601397422848180       0.40850087696477771        6.5954933644297666     
   28.587287677803559       0.40874962772533874        6.6079882055457437     
   28.569629965690591       0.40613171182724928        6.6205274614084511     
   28.555531536052186       0.40244871049882869        6.6328291466541467     
   28.545317291849464       0.39940495430273559        6.6485547581334732     
   28.537359142168860       0.39366777494913452        6.6665075468660602     
   28.527211480965235       0.38541175521962034        6.6825022290689891     
   28.518084263974156       0.37731750606695458        6.6975095611329820     
   28.511531482306673       0.36957143419864780        6.7155338169481080     
   28.506468105932225       0.36005863442708302        6.7340933855455756     
   28.499023161560388       0.35623196504212074        6.7531117324495940     
   28.488195797315587       0.35426965993528231        6.7702922030131116     
   28.474836926127612       0.35411503767867014        6.7857807540855761     
   28.457373306072135       0.35735013091090512        6.7995513100649205     
   28.442681639443585       0.36425696696586962        6.8101113262697304     
   28.430704585945826       0.37616553949165993        6.8195892961098110     
   28.417769682593782       0.38556516260117829        6.8342960798208985     
   28.408269085063747       0.39888513339670856        6.8473336895087487     
   28.401613118863487       0.41146327752694417        6.8605811609159550     
   28.392348057276433       0.42562594081970528        6.8712016383241785     
   28.381860518776062       0.43931079315750299        6.8823836777033467     
   28.374929808206328       0.45509437017159049        6.8916379856916725     
   28.369404874220965       0.47118037343203895        6.9002606933034825     
   28.363796703241981       0.48715358079185350        6.9100916185085381     
   28.359677731793532       0.50299418490996817        6.9242364394276654     
   28.361553574608621       0.51584441867988140        6.9379037107987678     
   28.361382217064943       0.52810599094791910        6.9524219301315044     
   28.361150555318694       0.53885196096816501        6.9681267962003712     
   28.354193076701694       0.54671264291182686        6.9855658927182356     
   28.344162849927251       0.55321647209241265        7.0030055717622535     
   28.331774341943827       0.55549017368358578        7.0183391175024274     
   28.320220201138959       0.55526356383847508        7.0338479097106736     
   28.310930891132614       0.55187494409741866        7.0511364327560759     
   28.304111186137131       0.55174542685060768        7.0708274665497166     
   28.301220163949470       0.55550743640536016        7.0915457315988872     
   28.296234509762467       0.55815047891528957        7.1115215411492683     
   28.292026113953050       0.55989519317990200        7.1296789761268142     
   28.288759679623134       0.55988882007133545        7.1485738627629400     
   28.283304615184580       0.55634417680516834        7.1678195892975953     
   28.280065621167580       0.55576781350488669        7.1874671893779469     
   28.277759481610307       0.56046406019582207        7.2080573325499691     
   28.272604675938137       0.56884610389302104        7.2245296788312432     
   28.264897809424390       0.57941093566717305        7.2402184300799552     
   28.257062262327885       0.58668798009033096        7.2564940564978064     
   28.247561789418320       0.59692311254759733        7.2707247251384937     
   28.235409132027936       0.60794450883404549        7.2842688631531569     
   28.224069499480503       0.62049320069892877        7.2988316294489479     
   28.218300951626372       0.63373517469940954        7.3110577444955389     
   28.213484181562549       0.64674602809123827        7.3259115169603453     
   28.208753796305285       0.65628707772389616        7.3421526128653971     
   28.201240322424049       0.66525760718859339        7.3614020102166844     
   28.193617743494773       0.67252966320396013        7.3786796194052986     
   28.185701860466285       0.68272516121951943        7.3943738163042978     
   28.177729971021215       0.68993632646634340        7.4105087741254074     
   28.168140221453726       0.69595788849244333        7.4256130315390658     
   28.156549471986999       0.69792427283843550        7.4417111704837264     
   28.144033313757493       0.70229150147557062        7.4563889268155812     
   28.131757938200835       0.70944342323591503        7.4702049646174915     
   28.116166944423227       0.71487715299659271        7.4823167394787680     
   28.101912444666588       0.71908432235876463        7.4920987954689000     
   28.085276996694674       0.72679946046251320        7.5028240258943413     
   28.071540863598205       0.73429627378299622        7.5134647880125334     
   28.053353014395011       0.74493030035029328        7.5191468642532975     
   28.039259475581094       0.75643701761245585        7.5243687741308376     
   28.027721137217611       0.77085022471774167        7.5294927243028971     
   28.012986033953670       0.78267556661609750        7.5325526272176120     
   27.999012584097535       0.79368044563380913        7.5393567148851579     
   27.987351880317874       0.80538011231996454        7.5487763600552036     
   27.977930135558029       0.81877439167222477        7.5596419535399741     
   27.973505125897336       0.83365905439804744        7.5715681441140141     
   27.966567240804050       0.84759912501722712        7.5845528293890592     
   27.956534105127439       0.86426665674427128        7.5916628401180928     
   27.946831190976365       0.87840492085159960        7.5991340641382541     
   27.936986345208851       0.88922756295674710        7.6133722041242970     
   27.928894548359938       0.90146181639620671        7.6273683966140666     
   27.917879577832693       0.91365150746142065        7.6395682881058979     
   27.908673433543544       0.92614940836758619        7.6518452622425261     
   27.897518351003455       0.93587209156676066        7.6679830224533312     
   27.890284036440487       0.93920223898179400        7.6861304027090656     
   27.886275967029675       0.94181960640823470        7.7061113448984591     
   27.882972987677956       0.94736510190187218        7.7226131979242911     
   27.880160883690905       0.95502299118293243        7.7405044235972280     
   27.875198197221344       0.96608779801185218        7.7551580818183528     
   27.871813160208873       0.97998731600482203        7.7709164248421940     
   27.871976809823117       0.98934768166209608        7.7891884057451453     
   27.871024432282553       0.99356783902599066        7.8073415969151831     
   27.871699561930260       0.99680236694077629        7.8268785893428898     
   27.872987589721831        1.0010096142763287        7.8447450154040954     
   27.877684358058215        1.0071539208837879        7.8633804953471449     
   27.883794905561459        1.0117141411730146        7.8821397475013057     
   27.890496693631295        1.0143064517520155        7.8991517636131263     
   27.900172617662605        1.0193183447783847        7.9159001206151673     
   27.911425327056641        1.0261924602565824        7.9310958259312097     
   27.921760817492366        1.0357548565107968        7.9459012849652089     
   27.934622434413829        1.0489732816087347        7.9578504557598473     
   27.941867312196969        1.0666421257023879        7.9685150317056106     
   27.949975373865549        1.0832560158388669        7.9771211160152538     
   27.961096536787288        1.0972017693405673        7.9844119361731689     
   27.973930969367821        1.1127077996139259        7.9870640632252643     
   27.984082696246261        1.1266845825276357        7.9919458820057780     
   27.996108843971268        1.1430870698148601        7.9967609079770865     
   28.009321481248222        1.1581415504448269        8.0009983264844937     
   28.018773116097442        1.1742552264371031        8.0065012007287493     
   28.029992087087660        1.1900693739425652        8.0106824531984984     
   28.039359928123258        1.2069077538020101        8.0122256931203637     
   28.049615404669947        1.2234915999894889        8.0152932526798590     
   28.058614458949574        1.2406479145493201        8.0141196755703419     
   28.069674202795813        1.2565784643315716        8.0084164371721958     
   28.078402178005376        1.2699925397949599        8.0007472096928201     
   28.087423883342872        1.2859387398235453        7.9890656106704618     
   28.095568736715450        1.2989139535003091        7.9773902659365490     
   28.107720901800587        1.3138607635238246        7.9723060457202308     
   28.120444198106046        1.3277167708367987        7.9697291561529413     
   28.134294492172188        1.3412394098177769        7.9647175634849354     
   28.144903602758223        1.3547287176699443        7.9556524327056914     
   28.155705267091577        1.3659137784535356        7.9444677628163625     
   28.162653389230456        1.3783652650629752        7.9310832866269951     
   28.166449331873523        1.3917972813672934        7.9163451770412099     
   28.170915387714661        1.4074197498273162        7.9046822898896059     
   28.173172619141514        1.4187872171595757        7.8870374266845129     
   28.176665393352248        1.4290534265524881        7.8697101636981257     
   28.179694850298151        1.4360898558593049        7.8522236924263522     
   28.188476680773451        1.4432840543671166        7.8360957272756826     
   28.198299481435733        1.4467547580505016        7.8178631642001699     
   28.204171107480875        1.4518121148420831        7.7991556576861250     
   28.209593054872876        1.4565704616024768        7.7811350733378015     
   28.213847450970803        1.4595379373422142        7.7620704140348327     
   28.221850877070725        1.4599433958785060        7.7439748138423363     
   28.230010876384519        1.4566895260021306        7.7270028007794398     
   28.237067639662051        1.4483522111331126        7.7125677237562655     
   28.241884939336114        1.4387682174343690        7.6949735194950222     
   28.240639963895124        1.4289739899799914        7.6759261856047507     
   28.242721792493608        1.4201020183802548        7.6594236419073480     
   28.244383115006297        1.4099835793726216        7.6426268370154924     
   28.245415197110571        1.3970911442220106        7.6263274015984441     
   28.246831773384972        1.3818995627764066        7.6110074080460821     
   28.248195892224217        1.3700138041476841        7.5939140953055571     
   28.251718441034505        1.3575340512933738        7.5763810455117726     
   28.254559440856369        1.3501678419675003        7.5589112804453169     
   28.257246169516449        1.3479104143495748        7.5398845459539938     
   28.260521043692389        1.3482550747188597        7.5203170699464117     
   28.266947753033932        1.3474055454817926        7.5028345078004302     
   28.273487643779148        1.3510444140708382        7.4852617409456483     
   28.278366111936393        1.3557244553747085        7.4672878466513382     
   28.285405608017928        1.3618732444175072        7.4488336741230627     
   28.294926014978330        1.3669171561742910        7.4298379357778783     
   28.303554930548003        1.3732047711069393        7.4120524152079765     
   28.310764449707097        1.3811346261889768        7.3956357741884053     
   28.318967915739723        1.3937793486199910        7.3797425490501807     
   28.322459283440011        1.4054827337695230        7.3641858652620966     
   28.325907851549474        1.4159570764458453        7.3458100233510235     
   28.333814707813445        1.4238071473965743        7.3277482067176889     
   28.340748828603409        1.4298405833682344        7.3099738822229074     
   28.348544382906226        1.4399497583873395        7.2945765142931132     
   28.358166006474018        1.4497720847090676        7.2796035907157997     
   28.368813110804350        1.4624226757138490        7.2665670894409207     
   28.381549651053852        1.4740317553519917        7.2561877774075763     
   28.391263194433900        1.4871766020800345        7.2474559320202170     
   28.402185303830667        1.4998339411860422        7.2387749919329307     
   28.411472340325641        1.5131431814707275        7.2278754434278563     
   28.413784003111282        1.5299953516784772        7.2156635036064589     
   28.415588434905121        1.5489682214764751        7.2113546710634466     
   28.421338257322603        1.5666076505760598        7.2057392313449551     
   28.423220153135389        1.5834087460850754        7.1993063716136021     
   28.428143118726332        1.6012153038482335        7.1923568468370114     
   28.435682654229648        1.6192992571238949        7.1898311063147107     
   28.445680301013198        1.6372432487408461        7.1878402558046197     
   28.454481126488488        1.6550869371372563        7.1861461647266580     
   28.462489336693775        1.6734963705879620        7.1849477781476949     
   28.471596270363069        1.6917460098297379        7.1837944650999654     
   28.476135157166805        1.7124091735478149        7.1821222934146460     
   28.483146460247365        1.7306934151219004        7.1766712780617841     
   28.491750227209060        1.7455349280082360        7.1714928603809103     
   28.499785835608215        1.7614182919283972        7.1601329925315849     
   28.509451533167319        1.7755112504358783        7.1491235486022031     
   28.521204217912757        1.7895295157829372        7.1437978290014668     
   28.528535916394002        1.8068403785562579        7.1380539348361403     
   28.538210785387140        1.8250283717535476        7.1350167997437364     
   28.548177665803230        1.8418667630034955        7.1369856081912451     
   28.556410327972525        1.8616039152575117        7.1390837754395600     
   28.561239638280547        1.8802094741102313        7.1395657054474828     
   28.563486996187674        1.8992274376669316        7.1411584769848577     
   28.569745386204790        1.9179082159240333        7.1387880714619572     
   28.576276094884843        1.9365150779952662        7.1366785802059152     
   28.580756329725727        1.9549935145826689        7.1311968113386683     
   28.585532400622686        1.9722242292303802        7.1264183247387249     
   28.589224023477549        1.9896729140866667        7.1165584351182822     
   28.596476741386237        2.0051515176789989        7.1074110482730477     
   28.602938472915799        2.0207017550318929        7.0993564658656405     
   28.608475497309037        2.0383567407130578        7.0908075667122139     
   28.613311433604348        2.0550969847991207        7.0801222111245110     
   28.621556685028132        2.0710449392871988        7.0682786496572190     
   28.629131732244883        2.0861505949563566        7.0548162595675681     
   28.631876564689282        2.0995349531848069        7.0408589907043790     
   28.635442293783441        2.1152580494550288        7.0300291418482690     
   28.640822094043280        2.1309915640024979        7.0210727104050719     
   28.652554085837131        2.1453768672159730        7.0116494327490475     
   28.666876081018653        2.1560536096426670        7.0033836444145976     
   28.681203090443102        2.1679794026831476        6.9971256636238692     
   28.696772560513718        2.1805402709816080        6.9931197361953652     
   28.711009109067863        2.1908516189136629        6.9876372958860120     
   28.722128429250645        2.2036448637735480        6.9768412857637747     
   28.732097814857319        2.2177558758624478        6.9670270249352892     
   28.744662154045184        2.2319308375886733        6.9582307361043005     
   28.754791345142515        2.2475348647699098        6.9529517148470745     
   28.766540523447837        2.2642610174696465        6.9466210049399848     
   28.776721702831136        2.2780136448897133        6.9369860166407005     
   28.787010178596951        2.2917926505427362        6.9281708490056459     
   28.798177308779856        2.3057631467697788        6.9183394129730216     
   28.806922545743273        2.3176019565476471        6.9070712299819697     
   28.815824952380076        2.3304330028314344        6.8947412297193713     
   28.824637750441568        2.3413374001175722        6.8792803086207286     
   28.829915261040124        2.3494603749981979        6.8620676719529916     
   28.835268140325134        2.3602923035602705        6.8437738638215553     
   28.838623987677604        2.3690873983963834        6.8259582270847430     
   28.836714795471760        2.3783890768228790        6.8077682322826298     
   28.839664099433968        2.3899981637786829        6.7912007647661810     
   28.841626169348217        2.4022027708348808        6.7767748128662877     
   28.846451067453035        2.4175673672521771        6.7661149295661502     
   28.850163685095691        2.4322320387295626        6.7528233005670417     
   28.861657098441043        2.4460432300261270        6.7429736843799661     
