   24.836025650434479        28.375091055346882        9.5692665720864802     
   24.833006612576163        28.391395560299298        9.5588793009016797     
   24.829593152026920        28.409476683823414        9.5500854047123873     
   24.826011738824697        28.423502160755206        9.5393855657624496     
   24.822609056730762        28.437726021063419        9.5271537782533926     
   24.817181896607654        28.451859690889016        9.5143263446897155     
   24.812560462534158        28.464541974949736        9.4992513623863548     
   24.806879502074032        28.475844387942281        9.4834095361865884     
   24.798804057560989        28.485139535667386        9.4681764331201510     
   24.792597795967513        28.496815179121736        9.4539494994580568     
   24.785978887302615        28.508810202315242        9.4392871969549041     
   24.781776524019115        28.520205033579323        9.4245632242789554     
   24.775297027864077        28.530516966712543        9.4085960913141307     
   24.773873012340051        28.540719863542108        9.3928087708140815     
   24.769048832238607        28.554361553602416        9.3781349634234843     
   24.765239492132665        28.567359068100888        9.3630270102836519     
   24.761682994142930        28.580609167540501        9.3492449542696772     
   24.761399719341501        28.591959281594931        9.3336355596233371     
   24.761847864158117        28.602747526289683        9.3175119045011794     
   24.768202354630770        28.609669343051529        9.3002349982341368     
   24.773279950162230        28.616269249336359        9.2824178496517487     
   24.779675038399350        28.619346195391838        9.2625219346718382     
   24.787013138910854        28.625818206534007        9.2448686991753828     
   24.796995879953869        28.632041096558080        9.2255713678249691     
   24.805089625453004        28.637842003992937        9.2080640822249826     
   24.813578880200019        28.642450542560660        9.1922889462475190     
   24.821782728887708        28.644298923619996        9.1740679887211751     
   24.828399531102480        28.643203964313845        9.1569856100711586     
   24.833146537658735        28.640594166418737        9.1371345055581497     
   24.842133449275604        28.637091792262936        9.1218272273371923     
   24.851141369695224        28.628200383093347        9.1038977450579956     
   24.859236510314656        28.621249043251961        9.0894862814577611     
   24.869328721225056        28.612846538637275        9.0754444739242803     
   24.883250723043368        28.601198394637056        9.0629210504514912     
   24.897626735957324        28.594560352811317        9.0499326501038500     
   24.913263158336502        28.587283679166681        9.0411329308729531     
   24.928338319000254        28.576919175084619        9.0321217864543613     
   24.940033513043051        28.565883867613007        9.0209771957245000     
   24.951583453352853        28.560859673843296        9.0079317589592858     
   24.964391008392962        28.556583019922499        8.9944213476964094     
   24.977626745024885        28.551641156612853        8.9796852078168605     
   24.990933265904076        28.548326042937429        8.9618006259460223     
   24.999435384641249        28.546354613137130        8.9447531604071919     
   25.006491734909801        28.545917000158802        8.9241064676120860     
   25.011645111550546        28.545461315522189        8.9041021449620796     
   25.013763190222502        28.542126969259222        8.8863106677157369     
   25.022436834521731        28.540366351362078        8.8676632867624239     
   25.030809719612510        28.541447846036913        8.8507491835323755     
   25.039429800062234        28.544009429354407        8.8311766606720141     
   25.046878808640308        28.544026664752174        8.8118711051932088     
   25.054179328226574        28.544523766132883        8.7948942409137612     
   25.063739175772405        28.543350768131667        8.7757614759288600     
   25.074846610234701        28.546529863118543        8.7585094875454548     
   25.084216782786594        28.544395328176876        8.7436061425754232     
   25.096257988764997        28.543817588646849        8.7253697306293834     
   25.107390001201207        28.542640623728680        8.7112730971279788     
   25.119432912478587        28.542887960560627        8.6945375490846182     
   25.131458342895311        28.544927819320137        8.6782049015186793     
   25.142039873646457        28.548474605868677        8.6629631106008098     
   25.152643991544334        28.553380659929111        8.6467081293622829     
   25.166976965969983        28.556650250728676        8.6347612494370800     
   25.183800106781813        28.560019413866890        8.6239335673010267     
   25.200460319195340        28.564890416154501        8.6100612188591938     
   25.216206162148907        28.573565315333074        8.5983864107278443     
   25.233029674415196        28.582305802804537        8.5907730693487014     
   25.251707920638800        28.590801901261891        8.5846041552222108     
   25.269804069603261        28.599769682612607        8.5787287679290554     
   25.286064652395414        28.610925300215225        8.5760499704006872     
   25.304294693913761        28.621858399619299        8.5752336491330219     
   25.321724769345717        28.631533138353753        8.5714997243584516     
   25.337774220529656        28.642100617261210        8.5685077300788883     
   25.352244150865758        28.654424731584296        8.5641834323996004     
   25.367738381008667        28.667107957199224        8.5615804282143610     
   25.385240570353936        28.675944613135648        8.5553215798205748     
   25.401151674114875        28.683918635627339        8.5513904179404268     
   25.417638381379486        28.694477485763567        8.5493082682544017     
   25.433130432477299        28.706178667677051        8.5472020936197612     
   25.449926267046333        28.717867991402301        8.5432388796455569     
   25.466453023811397        28.730693086358183        8.5411594317636617     
   25.479473180747995        28.746737437611738        8.5427854442013107     
   25.492319548496688        28.762397735581381        8.5441754943310180     
   25.505672651029137        28.777634380235689        8.5467402448517955     
   25.521419220705663        28.789864910482343        8.5505716567051628     
   25.536764501462613        28.800391460758302        8.5540863278179806     
   25.553168958336425        28.810243581756328        8.5564160818895552     
   25.570069733762388        28.817566147506831        8.5582776590682315     
   25.587242030162109        28.827737597593227        8.5634548189983892     
   25.603889299357697        28.837080361466398        8.5695889001137751     
   25.617804177493372        28.847252202836760        8.5762368621201777     
   25.631386036990278        28.857369294274541        8.5825501168867468     
   25.643833869963800        28.869988156329491        8.5926442022955101     
   25.656477646947621        28.878517027648282        8.6063741573628878     
   25.666231171768192        28.888769769968267        8.6197754186808933     
   25.676468905059306        28.901193538990054        8.6325939743158582     
   25.685223151851819        28.918934034157843        8.6407300151603632     
   25.693737117510739        28.933952559692994        8.6480362837306775     
   25.703542631397674        28.948602632462876        8.6555302907400087     
   25.714750708942599        28.961270799415221        8.6665597383413822     
   25.724228002030916        28.975322319110720        8.6771734542154437     
   25.729859281388070        28.992997970610240        8.6864613531386841     
   25.737202524753059        29.010155115857238        8.6950249850415542     
   25.745567567986107        29.026004451509710        8.7058166000572879     
   25.757163905541116        29.038284881324046        8.7153631215120022     
   25.768391493467462        29.048821444082126        8.7257585984166184     
   25.783472751933651        29.058452681469216        8.7356416264691248     
   25.797846902623053        29.065771070438572        8.7483136856706132     
   25.807452991072751        29.076350297929444        8.7597581384077028     
   25.819953264905106        29.084128929218529        8.7723657573878633     
   25.833096553395883        29.086971909752823        8.7844517985839587     
   25.844647005938313        29.090349015682865        8.8000051164952247     
   25.857542435809016        29.090993681187705        8.8149533858320979     
   25.868013121022368        29.089870392377929        8.8283409637534600     
   25.877879857734552        29.093106273345924        8.8443120246707672     
   25.885725380017785        29.097593458418416        8.8618701654884369     
   25.889760265037737        29.105107681455593        8.8795279116217056     
   25.895749754984450        29.109644549322859        8.8968935145389647     
   25.902808933725996        29.112137680478018        8.9139721018450597     
   25.909431930183558        29.113864694625658        8.9321929337100165     
   25.914419235634004        29.116260585404600        8.9501604918412525     
   25.919352210888235        29.116968929030755        8.9702046601016647     
   25.922540172238016        29.118093877383103        8.9902263768653672     
   25.925583698842964        29.119638508639632        9.0095158635586419     
   25.930387797086112        29.118766573327964        9.0299304762112342     
   25.938979181688175        29.116562289703431        9.0486029121207281     
   25.949108392871779        29.112129493804517        9.0669853683792709     
   25.959373472262385        29.108773855535830        9.0824256677221058     
   25.969989108528139        29.101034819515434        9.0996629459088165     
   25.979017042571577        29.093195231507245        9.1159907325879512     
   25.989022966988848        29.086088193939936        9.1310642383927636     
   26.000800965972900        29.078120034417893        9.1442074597767498     
   26.012277173255491        29.070629731529287        9.1579251178554415     
   26.021624106122399        29.061611849741070        9.1740337634047489     
   26.025618884487464        29.051976395874568        9.1909432070861428     
   26.031702364861520        29.043787162164129        9.2089604139665688     
   26.036406866946958        29.034797170758260        9.2264729512056185     
   26.044678724344841        29.025951398227928        9.2434509097934363     
   26.055046156646032        29.019386046505318        9.2594026185383740     
   26.064986084469581        29.014668053002246        9.2746277926245781     
   26.073902246694288        29.010624753910275        9.2915212568233336     
   26.079249789172994        29.009672177228737        9.3092963423105513     
   26.083512286212756        29.006436844382172        9.3287567243276364     
   26.088051762401719        29.001311143841022        9.3486912286446895     
   26.092466037390999        28.995015409610058        9.3663776143121371     
   26.093313472300984        28.989535032007403        9.3872188867460231     
   26.095501296743450        28.981346934975665        9.4057832007180906     
   26.091640585267903        28.971931322973173        9.4239316661114092     
   26.089556511313582        28.958329625032995        9.4380552063070180     
   26.090152849674539        28.944394776224499        9.4517287609283596     
   26.090626390464401        28.928536817752342        9.4653535003608908     
   26.089900148878321        28.916596697734736        9.4808018316384075     
   26.084863567093873        28.909062221755473        9.4970993910091632     
   26.082012947493830        28.900864405772108        9.5136507083563906     
   26.077983922939843        28.888869311448307        9.5287556714942969     
   26.074053187247372        28.879840548177430        9.5459816189184714     
   26.066092453656477        28.872932346342189        9.5634783774879004     
   26.055560172237641        28.868019183420405        9.5787754605694850     
   26.044177728797813        28.865612048451645        9.5928193895254772     
   26.028597922526867        28.864169436815203        9.6057890215361095     
   26.014358847367053        28.862527724062407        9.6198932685647129     
   25.999482549592244        28.868067173048811        9.6342972299584932     
   25.984938271061779        28.869405652708632        9.6451915151131544     
   25.968313703695237        28.866275356407062        9.6560109574496433     
   25.954142615356012        28.857232213220527        9.6673918062639839     
   25.942123381708441        28.853575091810320        9.6829840464654708     
   25.928970236863144        28.850565166736718        9.6933509531470126     
   25.913913243797978        28.848303678093199        9.7072001896866649     
   25.898707856550281        28.842760974706895        9.7199159206914789     
   25.884213376083022        28.834949159655068        9.7321288009977049     
   25.869741398336551        28.826371162828810        9.7422890578278007     
   25.853855930117081        28.816054216218991        9.7523471070247965     
   25.837696216747752        28.804912038500635        9.7594113566464582     
   25.822916214675825        28.794974689504055        9.7694084101623542     
   25.807691757113123        28.787435524987199        9.7780189442803902     
   25.793302200309345        28.774838671816212        9.7848128717045775     
   25.780335063744420        28.759682842202999        9.7837889203328903     
   25.768660376421384        28.746042200822295        9.7828703156857948     
   25.756427640086660        28.729453349298858        9.7835956798429997     
   25.742417847013328        28.715179748972442        9.7876448280383563     
   25.730685006897030        28.699504803787843        9.7934236412205475     
   25.717957484217202        28.685456125914857        9.7979632741035676     
   25.708779029399533        28.667922077710688        9.8025147644610779     
   25.699394268560745        28.651706866021957        9.8100198452249128     
   25.689953860165712        28.635161586624506        9.8179212084977472     
   25.679742139827653        28.621257945430660        9.8264217653842607     
   25.670118862074126        28.608603600393902        9.8366560105925434     
   25.661906880106852        28.594582840236299        9.8495450673941232     
   25.654554022517875        28.582230980689971        9.8605214171333859     
   25.645158307292292        28.570253442947024        9.8736203349709992     
   25.638607999650862        28.563328842336293        9.8923522753680881     
   25.633876308037458        28.555096334839142        9.9103613268996309     
   25.630470602131499        28.547115926092932        9.9275841857383078     
   25.625751044284510        28.535194415867892        9.9426808267247235     
   25.618798394624978        28.522794867504235        9.9596562757277258     
   25.613353991918135        28.512755028902184        9.9749699212045222     
   25.611763727895198        28.500067772581495        9.9889619132208018     
   25.610158726443480        28.485014017976447        9.9997559641460008     
   25.609735477948146        28.467869199371936        10.009497224030525     
   25.608207774042313        28.451922918749361        10.019373818236195     
   25.607392311124073        28.436030497399777        10.028182975897504     
   25.608013764204827        28.419647897718431        10.036356225786971     
   25.609997519293159        28.401945159516679        10.046990746966381     
   25.615244000393091        28.387021096547095        10.061628896212710     
   25.616835778991881        28.373134305654997        10.074631502818470     
   25.621059520620420        28.354325498740266        10.081927774005580     
   25.629649363457123        28.336817816713452        10.087982248622634     
   25.638963809260588        28.321845637981930        10.094983985147918     
   25.648423230215506        28.305574500159928        10.102694519531482     
   25.658796651155502        28.291487613891871        10.112908048717529     
   25.667202232043966        28.280440507442403        10.124340407952081     
   25.676795220218171        28.268982072598842        10.137046193710729     
   25.687935888706470        28.263631160867863        10.151905268988260     
   25.700165518249463        28.259074632400282        10.166938032454068     
   25.708856408289879        28.251568871772381        10.180773530961957     
   25.719964665021003        28.241947413679284        10.197000390208565     
   25.732491190058933        28.235015544557310        10.209291576147439     
   25.746342529146769        28.223842458884356        10.219887462175194     
   25.760126952381015        28.212923825283671        10.230277795186710     
   25.773939500258678        28.199287319342307        10.235849409742038     
   25.785130005812167        28.183038537564133        10.242084138591206     
   25.798234598641649        28.169198516663638        10.244233546254492     
   25.811974375743329        28.154929092362813        10.244304449508821     
   25.824351568834803        28.141661036628236        10.244893664740886     
   25.841392153993336        28.129049920960419        10.242265869962743     
   25.856587428585268        28.116232264576819        10.243614499774324     
   25.869944732439862        28.101936156434149        10.247747834182691     
   25.882476675582939        28.086717371004632        10.246507993189780     
   25.892613674484952        28.068336510362037        10.243881739274730     
   25.901997489043559        28.050781650527689        10.238835120625717     
   25.908496800768404        28.033586321774127        10.233819876299810     
   25.914056371784316        28.015735595979216        10.228717205716038     
   25.920491626587072        27.995781096253708        10.223253231397928     
   25.918629103332599        27.975501053221397        10.215404016043642     
   25.914022002378346        27.959195087078530        10.207622752496164     
   25.906349314686850        27.943026901753157        10.198795513248903     
   25.902491296933654        27.927071724845067        10.186309812910245     
   25.898886351354953        27.913285302856849        10.173358821076954     
   25.894741203784744        27.899881068666822        10.159973102978821     
   25.886413364125453        27.884771426918743        10.149001754680244     
   25.876633494696211        27.869699587891560        10.139461677574033     
   25.869444521436701        27.853825928916123        10.129394024696360     
   25.863011086745118        27.838499357735223        10.118909146876987     
   25.855634608925001        27.819531095865621        10.113330498811973     
   25.849114113401317        27.801263184904244        10.109479588771750     
   25.840409156449379        27.783350339951546        10.107571937575088     
   25.833324291260340        27.762430220999711        10.105012520794890     
   25.827322962768161        27.743570802567444        10.103137642191202     
   25.820576748099459        27.726016857802982        10.105624635994866     
   25.814213393887833        27.705280301461329        10.106955006483911     
   25.806174262576207        27.686951359804805        10.105899298242402     
   25.796850907917314        27.670580670709782        10.108352264855188     
   25.786677602041788        27.651115025829707        10.113319926621633     
