   28.512711771854470        26.392324022540301        10.482408155197673     
   28.496007528212306        26.398217697590198        10.493412777454168     
   28.477931926647472        26.404274497132654        10.500801517980449     
   28.460171589470022        26.408849130867040        10.508300092544152     
   28.441888683472826        26.411550975299303        10.515993845204335     
   28.424725358897597        26.414193459617955        10.523151784378417     
   28.405026247992350        26.417064932040940        10.531574525196257     
   28.386680331873077        26.422797586853083        10.542057499027587     
   28.370458388449393        26.427598839375655        10.553835512343381     
   28.355097298757471        26.428924722930777        10.563061974959057     
   28.340802137976844        26.427892363031887        10.577686759661409     
   28.327614849497539        26.428335145419627        10.594379002156989     
   28.317897234780510        26.428302094853453        10.610883585139048     
   28.306472040721104        26.432175996935381        10.628210106736795     
   28.293760524464687        26.435017173115348        10.642165571489832     
   28.275938068113643        26.443269319175887        10.652680413215036     
   28.261668614570883        26.450106002587731        10.663543354134708     
   28.247850955061253        26.456010002697443        10.673999656166576     
   28.232996642899899        26.462278517553482        10.685224164527147     
   28.219077935224760        26.473557826481780        10.695693370842275     
   28.210235616745976        26.486702745706900        10.709890239281339     
   28.202623203786878        26.499391297214483        10.722179538512812     
   28.194070475791207        26.510970981757939        10.736258739038123     
   28.184499854374138        26.519771692640905        10.752183195796096     
   28.174422637659312        26.524524567561389        10.767022133857157     
   28.163583455636818        26.529148037439185        10.781885522089745     
   28.153576149541170        26.533491669596955        10.799140771753885     
   28.140920118237563        26.536177683409644        10.815491751949571     
   28.126453949909628        26.540207538190689        10.828325826756720     
   28.110390763639131        26.544697104065364        10.840212949712493     
   28.092456404946507        26.551112707697776        10.848755227156333     
   28.074782680333875        26.558390119182114        10.854480490927072     
   28.055798436561865        26.566759586387082        10.856477906626935     
   28.038188573589217        26.575499503435726        10.854576181384964     
   28.018286960184732        26.582894930234218        10.849648071390977     
   28.000208725227989        26.592420927362937        10.847453190235363     
   27.984615188544169        26.605104559848961        10.852091267333265     
   27.970758464551274        26.617274414961319        10.858079738244173     
   27.957487048123930        26.630047163285699        10.863862399123606     
   27.947434579642223        26.644301572027345        10.869297883892969     
   27.937669382452626        26.659777604861819        10.874962656886137     
   27.927500785269281        26.675649811790468        10.879174105916380     
   27.913586265594461        26.689208431488016        10.887485580779417     
   27.902561560289662        26.704318522542685        10.895484648031816     
   27.891364971438332        26.718081555913585        10.898959412940753     
   27.879421389629790        26.733998620408041        10.901024033127101     
   27.866029938897153        26.749394826648157        10.901219990325446     
   27.853387460063367        26.763095973952741        10.902344551260606     
   27.842734909272558        26.777793613610157        10.907625922100410     
   27.830964998212057        26.795041804437677        10.911823541967836     
   27.821002793527104        26.814460406428836        10.910265825532750     
   27.808783653508833        26.829755642008358        10.908359870050797     
   27.792891135079174        26.840357869227866        10.906221448473325     
   27.775781593398921        26.849371593311346        10.905178972095658     
   27.754890515943270        26.855470142652401        10.901943079740223     
   27.735536777614744        26.860197990423945        10.900855069991692     
   27.716988876014891        26.866150963345625        10.897418570174056     
   27.698236669949804        26.871068668235214        10.896725404370576     
   27.679228819910804        26.880270290061254        10.899586205184239     
   27.662031208292667        26.890608694210201        10.902664946074399     
   27.643815069689616        26.901376179317779        10.900025169717461     
   27.627051773693911        26.910635874428269        10.898848530162585     
   27.610367784584895        26.922429874935375        10.900265697266766     
   27.598640709650152        26.939213689901131        10.904380787829721     
   27.587243218847334        26.954682472745105        10.909189496802703     
   27.575667613850921        26.971443751685452        10.918163154840451     
   27.563826713136077        26.983691936789704        10.927399352692674     
   27.551430256297728        26.995168301731603        10.940839799670332     
   27.541028280608600        27.008963129330038        10.953128829931794     
   27.530438406293527        27.020070647679965        10.967099059079342     
   27.517222655691125        27.030603352131422        10.975618215174872     
   27.502246243556975        27.041759169094714        10.982523339000359     
   27.485869543959911        27.052438123610532        10.990214783588018     
   27.467242536259668        27.058666012606587        10.994291437113471     
   27.448588294510095        27.064382693267852        10.999554388156586     
   27.434811163759061        27.069184064097009        11.014205937529615     
   27.423549328476863        27.072009572344804        11.031664242503567     
   27.413597601316603        27.076595573003818        11.049128417208438     
   27.400912763060393        27.080343979631543        11.063990898046571     
   27.387732119992858        27.081058247712001        11.080921992515931     
   27.374080600409204        27.081076906004252        11.096448564355082     
   27.358624489309584        27.079428623969036        11.110050375228550     
   27.344185275449561        27.079871733790981        11.123584353100728     
   27.328785890462321        27.080825109584946        11.135343114078603     
   27.313656569302704        27.087725036854771        11.146553776929686     
   27.297930950390384        27.095775832138202        11.156993553665124     
   27.279787947173400        27.104592429814886        11.164186886964790     
   27.261915683302767        27.116679789844145        11.167625289558714     
   27.246888170235145        27.127585877236040        11.170366374482061     
   27.230887335889847        27.139489337470533        11.170649184210511     
   27.213834844123042        27.151220391640088        11.172294554734389     
   27.195760228552700        27.163887139913374        11.174653072630806     
   27.177455966810655        27.175215690716637        11.178059190496720     
   27.161026733279602        27.186322879816938        11.181219718490524     
   27.143631867072010        27.196749499149451        11.177869650015936     
   27.126268686399083        27.205848687715168        11.174715445267122     
   27.108537626268387        27.211468650069037        11.168986182665643     
   27.090035866960434        27.213939623783745        11.164263485640474     
   27.071352315807658        27.215628216960635        11.155727549937666     
   27.051598171582800        27.217064721012324        11.148820065298491     
   27.032039126874395        27.214452347778273        11.140378908200454     
   27.012527973891245        27.213273327572239        11.135530043003692     
   26.992558353222773        27.210225185905728        11.132227530403208     
   26.972334858119527        27.207795309957923        11.124873552173604     
   26.953885090515840        27.205421720806736        11.117283458116830     
   26.935240542254345        27.203282518599202        11.113043047313209     
   26.913516842638852        27.203629894340111        11.112576435686947     
   26.894180148443066        27.202847696535258        11.110448032727794     
   26.875095437968440        27.203585047453071        11.107949079038427     
   26.855519071200625        27.210841697302193        11.103253185188374     
   26.839717934299227        27.221631343144146        11.100509378820945     
   26.822141968694481        27.231215813692909        11.096705065340190     
   26.803932972331452        27.239873062696706        11.092562079926406     
   26.786105196589684        27.252420279712389        11.089581295895570     
   26.768860667769584        27.265556634575756        11.085722007696630     
   26.753270877930948        27.277426006702417        11.083106636471822     
   26.735462521138427        27.289329468067926        11.083372575399668     
   26.718745196701704        27.299381204661358        11.082691866007696     
   26.704021377500055        27.311779268337851        11.086741354395222     
   26.694970603312019        27.328456877663587        11.091369449881489     
   26.690356159824404        27.347797395327760        11.097855410136127     
   26.687527604454143        27.362278762264097        11.108925384765280     
   26.687103889168821        27.376544034298334        11.119531059976303     
   26.687220911233091        27.393145110447740        11.132237225167755     
   26.689829486975125        27.409324704059930        11.143560484472372     
   26.690010078761990        27.427469346604720        11.148505743102969     
   26.691475031156408        27.447117174649527        11.150206505548644     
   26.692214092161308        27.467730900014018        11.150535691991598     
   26.696921419685900        27.487086189810398        11.149691785665135     
   26.702314522650067        27.505443566968935        11.144681960192147     
   26.709260090132670        27.523827708190328        11.138995029523072     
   26.717243521656162        27.541250177865827        11.135672038139552     
   26.726845052360439        27.560790129540862        11.131550550301343     
   26.738905277396654        27.575344255311052        11.124362202434847     
   26.755824344396196        27.585707514882579        11.119399330043297     
   26.773321871149864        27.596082932306377        11.117325103542134     
   26.791664356361736        27.607519453528099        11.117063208706790     
   26.805969867559032        27.619590240726858        11.110612525050803     
   26.820887083413254        27.629307928908595        11.104006494676037     
   26.838490184247263        27.637793134528874        11.098027166502229     
   26.856468313066671        27.645437988555347        11.090777816264103     
   26.873319373315567        27.653716113105304        11.082781402967719     
   26.890808533129192        27.659884283016364        11.071765178533873     
   26.906301093108972        27.667456532214967        11.066279032593224     
   26.923940551663325        27.677844235061237        11.063127927593897     
   26.938670151023164        27.687844161702088        11.054530952698174     
   26.953680141591303        27.698515886699258        11.044007582522234     
   26.969542970716716        27.710221231238876        11.034851050916156     
   26.986522519730237        27.721572306633554        11.027770069483193     
   27.002465044099150        27.728369952009437        11.021178014186793     
   27.018808583068324        27.733185541246208        11.012806402459715     
   27.036261699559418        27.739982330254875        11.004196740691830     
   27.050101064314440        27.752917618687611        10.996434271145139     
   27.064706923214391        27.765149709258694        10.990997827339379     
   27.080729825652629        27.773492011995639        10.984094315963983     
   27.099626554122882        27.780942356401727        10.980289650980815     
   27.116902091553904        27.783803793068813        10.971027366777024     
   27.133441945003092        27.789306426666151        10.962878619005799     
   27.151161701934733        27.790931403605821        10.953046643931746     
   27.167029124218413        27.789282496083707        10.943455825461532     
   27.186398581500306        27.786088823101636        10.934190160942977     
   27.206595027546783        27.781288682801140        10.928564356338844     
   27.224556031476066        27.775256542346909        10.921900563596765     
   27.240290501176368        27.770682614958982        10.910631389621281     
   27.254540704614612        27.765893564620235        10.899475067113650     
   27.269608290796800        27.758498163571240        10.888801438381090     
   27.285454275780449        27.752657051630770        10.877468397374388     
   27.299179521901060        27.746862130512362        10.865626312224686     
   27.313766745047204        27.744803486383653        10.851732507016681     
   27.328232602246914        27.740753822191255        10.839687285161753     
   27.342641625406046        27.735715887008809        10.827427431470781     
   27.355238514512934        27.726053087310824        10.815879196429625     
   27.367122336938586        27.714248130595941        10.803434575614617     
   27.377319671728941        27.704404915750938        10.789878554524028     
   27.385570972837119        27.692381419521862        10.775505271426159     
   27.393832589147944        27.680921675441549        10.762349022591589     
   27.401369719457239        27.667149094793096        10.752700889086213     
   27.409664695117218        27.654861681553228        10.737295465457169     
   27.417988907306757        27.648486984594655        10.720586542152612     
   27.428346173698237        27.640400221163468        10.706008435465012     
   27.439148909492591        27.630672562314118        10.695294564446300     
   27.449990904292612        27.619817532517121        10.680473755118083     
   27.459753006367229        27.609304593299804        10.666351765807192     
   27.466499418633429        27.597896495547129        10.654996057573037     
   27.478302644373105        27.585998415271984        10.645345233232186     
   27.488857607691152        27.569957587218635        10.636483341696710     
   27.495376997933306        27.555459691986520        10.627374606449550     
   27.502163551669813        27.540528210064263        10.616524692515450     
   27.507319404685738        27.523993897025093        10.609753492804325     
   27.512230852579449        27.505023837053624        10.604426276116838     
   27.516235275952585        27.486232816991759        10.600808400057534     
   27.522866815016545        27.466568235068763        10.595414068699936     
   27.531597227783944        27.448075209018462        10.591218993221229     
   27.540000354306976        27.431049779000642        10.587789689959150     
   27.550677173264400        27.413247594158562        10.586451508761979     
   27.558814695726898        27.396512122598615        10.582389049401710     
   27.565375050897956        27.377995706571056        10.575302849437255     
   27.572822140302861        27.361088433897184        10.569802008367256     
   27.575161278094843        27.342539158111517        10.561253335781561     
   27.580675376472513        27.324990178591818        10.552477791242413     
   27.585727163925938        27.306504848218516        10.542020098459657     
   27.591274674820070        27.289578681770180        10.531526121173391     
   27.593947826258919        27.275202068294615        10.519002767033394     
   27.597520816195683        27.260659709812735        10.505104483867266     
   27.601143613147297        27.248632561616649        10.492778747405268     
   27.608444456553780        27.235380681784711        10.476915969717211     
   27.614661209078015        27.222830171124606        10.463696798669542     
   27.621146953291216        27.206870069433830        10.452899833796272     
   27.626979903322237        27.191924479945182        10.444694354558374     
   27.635323169786471        27.176283893229204        10.435291845430807     
   27.641809973917617        27.159942077445859        10.423148510510609     
   27.649784383279677        27.148442684052227        10.410016869449908     
   27.660888588236322        27.135556797568722        10.397830482011443     
   27.669418100254696        27.121646098643801        10.388442324235060     
   27.678028610121974        27.105328464070485        10.383228172045900     
   27.687941410383708        27.090595226748249        10.374535635438919     
   27.699317354782419        27.077962377760326        10.363907850240961     
   27.709780312850071        27.063452035262358        10.356559890186018     
   27.717371072053353        27.047461817503560        10.352177304271667     
   27.723834752630591        27.030434820644565        10.347690555902453     
   27.726706649918555        27.011264315537296        10.337770927920594     
   27.732952550924598        26.993750114819413        10.331208535923473     
   27.741627021540054        26.977879952304860        10.327800923349775     
   27.751412429896362        26.963400908014076        10.321583458572245     
   27.761437938897505        26.948953825622734        10.312318658961747     
   27.772650548584167        26.933994530333802        10.306712972067624     
   27.784350172425324        26.917861751735046        10.304264965768468     
   27.794385936198978        26.900174035564810        10.305223528557054     
   27.805056916578767        26.883962619058586        10.304538056817105     
   27.814640487006518        26.865803377937166        10.302218843422210     
   27.824327191058998        26.849708924687118        10.301812560911076     
   27.834419581009165        26.834833011102518        10.299090007771440     
   27.844109331604820        26.817994394548879        10.295645302156922     
   27.853445676360579        26.800292280806069        10.291714854299070     
   27.862223460681840        26.783800122232986        10.284312145656182     
   27.870141312345542        26.766427819017174        10.277871527807317     
   27.876948743698968        26.748613963772826        10.269428223707418     
   27.880229325077579        26.732726872528175        10.260737098496381     
   27.888338730744778        26.716810627253384        10.252585187623524     
   27.896102833210648        26.703467899370832        10.241989190909671     
   27.905100182288777        26.690943699262178        10.227865794563824     
   27.911085838740767        26.681675851565558        10.212031069121274     
   27.920735529622323        26.671022562063960        10.198730932586940     
   27.930754075435136        26.658336832240874        10.188298607794678     
   27.941727185767270        26.644790276525598        10.177798043070586     
   27.956303871130277        26.632894036104801        10.168312218207372     
   27.971078509060998        26.621665958647466        10.156430626919857     
   27.983096535373992        26.609967199686061        10.144087267663064     
   27.991691911822151        26.598291792342859        10.130276674553214     
   27.998169013191323        26.589117937350885        10.115661870654911     
   28.005041134820662        26.577808875721875        10.098779086552554     
