   29.497563881183144        26.746151838510954        12.390704365724822     
   29.491738082742526        26.737790036680359        12.376402619871028     
   29.485281457710027        26.730986220536909        12.360483582688934     
   29.476834296323727        26.725708744750008        12.343663714450788     
   29.465728972838917        26.718604420102839        12.327546550392686     
   29.450853352574750        26.711272908706899        12.314412663678105     
   29.438820358003678        26.700317588759361        12.302123340226066     
   29.425335176001937        26.690750407489244        12.291261176558876     
   29.410169045426954        26.684215922202888        12.281945479823861     
   29.394519646014356        26.679633919857579        12.272740104873133     
   29.374122120539685        26.678809737471141        12.263348758665652     
   29.357311663095469        26.686052244768760        12.253460667556347     
   29.339048789001890        26.693496827852780        12.244420973039375     
   29.322618393227479        26.703632474058825        12.239525846393592     
   29.308129796869810        26.716221075940595        12.232712599536264     
   29.295489923328272        26.730775108686256        12.227437291272100     
   29.283080381294777        26.743366473204947        12.221770400125285     
   29.270728228456019        26.757490598256624        12.218742254017425     
   29.261613584966462        26.772998838556752        12.214725194816618     
   29.251747057834674        26.790519859835822        12.209151654098680     
   29.242415015966916        26.806233813347678        12.201230240420491     
   29.233435140965511        26.823883522722383        12.195859899513293     
   29.225989695756358        26.840932305522781        12.195520769604530     
   29.216823102513434        26.858123292309276        12.196363711732277     
   29.205984130546504        26.871869312840513        12.199782975786764     
   29.192834536973528        26.886878898001680        12.202637794306236     
   29.178272952173092        26.899106272664600        12.203842042900527     
   29.160066310714633        26.909422831466216        12.205038205160923     
   29.142966808319798        26.918762787847150        12.208123148199595     
   29.127285161727574        26.928618157961797        12.210949675507305     
   29.107788590901283        26.936714318465761        12.210553232959347     
   29.088575680530401        26.941125534898767        12.208546753855614     
   29.070686847767700        26.946102012415611        12.201674915793488     
   29.054052365583900        26.949459988305449        12.193917397051237     
   29.037730713926443        26.950924655907126        12.182570894762565     
   29.024938632048634        26.948974667308939        12.167670383347096     
   29.011395452405424        26.943024086957777        12.156330737837314     
   28.995628999368314        26.939223582527493        12.142873618098584     
   28.979405129601250        26.938125614762470        12.131230858176959     
   28.963042098439480        26.943664419044634        12.122240885694792     
   28.945632551551437        26.950407492273520        12.114367854299594     
   28.930580253042553        26.960526547666873        12.108123067067417     
   28.914805139684216        26.973671186903623        12.101616436140088     
   28.901432995269960        26.985229904272167        12.095825879381911     
   28.887971818355567        26.998460172400282        12.090984591563505     
   28.878403757515141        27.014358735090262        12.081672686327881     
   28.870484051568162        27.027470880480156        12.067891905312843     
   28.863680708450591        27.041070873383070        12.054784211459117     
   28.855176743476424        27.051068353498380        12.039916234325355     
   28.845885968064067        27.063266664271104        12.027642568207577     
   28.838307771594611        27.079060653894970        12.015542182905685     
   28.831535178792361        27.094965108091699        12.004278984838871     
   28.830410217909158        27.109019842650557        11.991891969929766     
   28.830482155849651        27.125590778806707        11.983870858634333     
   28.829414680829068        27.143046418321340        11.976611238956421     
   28.829874347667872        27.162109731081085        11.970378538645400     
   28.830138185014359        27.181267091805807        11.964701260695682     
   28.829822518143224        27.199820937504441        11.956663604692556     
   28.830434861504099        27.218826779073758        11.950378023190270     
   28.835176383029253        27.238800970225856        11.946133826948266     
   28.841894273142454        27.256553939168935        11.940610679795885     
   28.852133890015459        27.274340640039181        11.937231507498456     
   28.856396060022231        27.294757277472204        11.938281038774049     
   28.856157566171674        27.315356154348731        11.937781189895782     
   28.853224485902153        27.335098844395727        11.934938160138501     
   28.849014020864448        27.353753037141015        11.930569486989054     
   28.841666384750955        27.370818370253634        11.926611222977400     
   28.836048493062240        27.388516034588136        11.919131385180362     
   28.834294721063973        27.406542253448514        11.912295987565024     
   28.832799932713492        27.427215173126754        11.908190179715875     
   28.835048019501237        27.446927684674883        11.903663310779592     
   28.837249044281883        27.467341326107579        11.903575303651465     
   28.843435674093545        27.486781524040818        11.903741550990452     
   28.850591538877403        27.503795538280880        11.904702342728998     
   28.855133224931592        27.521114206781249        11.905312624889669     
   28.859153189107236        27.542442048920570        11.903962216398988     
   28.863714661380438        27.563170755255367        11.904863006162344     
   28.864892110395616        27.583689433862538        11.903260466174249     
   28.866148176839495        27.601989914683024        11.900033968791480     
   28.866617688184661        27.622411808293798        11.896028444674226     
   28.868837505795327        27.642965915381787        11.891792167925718     
   28.874570290470317        27.661028013759150        11.889186476814771     
   28.883975623551127        27.678727327543555        11.887512950788475     
   28.897081016176269        27.693208976773825        11.881939897928058     
   28.908852755214209        27.709751492617471        11.876621599650843     
   28.919697249293574        27.726783023084245        11.873244119502653     
   28.930077669666773        27.743140033762941        11.864349147290406     
   28.943193481332983        27.757377075114722        11.859506743172531     
   28.955262273240574        27.775078365169751        11.852420005501504     
   28.965068351227611        27.790142476026237        11.848125482100333     
   28.974934462135803        27.809063014455759        11.841236614788510     
   28.983286568851437        27.826538703834185        11.833931778501826     
   28.994833373799484        27.841586553746954        11.823171776733991     
   29.010961722762257        27.853432964168995        11.817154864378878     
   29.029005064321709        27.862209895123854        11.811992563920169     
   29.048539833816786        27.871244541006643        11.806299059259862     
   29.065690505964550        27.878904875504681        11.798593495410065     
   29.081841625893379        27.886978329945833        11.788552508479569     
   29.095922619328871        27.897155998426726        11.776337451039305     
   29.110876577855130        27.904442041957683        11.766698813768677     
   29.126352129492801        27.913718737411955        11.758582114312393     
   29.141158945538209        27.924080031401111        11.753669225904549     
   29.156403946900245        27.934164679597718        11.749598854033867     
   29.173562679700833        27.944784498398914        11.744809777072845     
   29.189592620820839        27.958796697379309        11.741244229109636     
   29.201663626775627        27.974487061147570        11.738850857924504     
   29.212017432570796        27.991047449280138        11.734047382443908     
   29.218222211791801        28.009993719380144        11.735043175115424     
   29.225417483288474        28.027696842999319        11.739078778790811     
   29.231413940340513        28.045491956805527        11.743422969216279     
   29.237607778491117        28.064586994075068        11.742989504087870     
   29.244054402361879        28.082598258900578        11.742808050110741     
   29.248059838986610        28.103595743568050        11.743682036356775     
   29.250160701073188        28.121959098928684        11.744822851263208     
   29.250869458900112        28.142777892812706        11.744477122165847     
   29.251023206703586        28.164465235609331        11.749032278193923     
   29.252830602086860        28.184249141464456        11.754648318360461     
   29.255848537972383        28.203277189409292        11.761053806787910     
   29.258689654525309        28.221994794420539        11.769038661870741     
   29.263067446569011        28.238012865515678        11.779187498387795     
   29.269218606428758        28.253981252459958        11.789148781019497     
   29.276525683262410        28.269781749377483        11.797610514219889     
   29.287152775261937        28.285180018908648        11.803631887414181     
   29.295382584399299        28.304123169625385        11.810984750614905     
   29.304129008141061        28.318879274256464        11.818064268356130     
   29.315558006689251        28.333245268063273        11.829202415096750     
   29.325603424248524        28.348280699486875        11.839243542349509     
   29.333434259808431        28.363435476262328        11.850834753021259     
   29.345160083187675        28.379160961851316        11.854191658422392     
   29.357689937687869        28.393838052519662        11.859670341016036     
   29.370103384623050        28.407826688219011        11.863679290974407     
   29.384693579226962        28.421262141268230        11.868978077507032     
   29.398192424546352        28.431773905049631        11.879657234121593     
   29.411096360175911        28.439535646851859        11.891737176326501     
   29.427431533533856        28.448404239228712        11.904135377846263     
   29.438782732934726        28.456629999920342        11.916773643698805     
   29.453130452129855        28.460584764865938        11.931279547324944     
   29.469323799047270        28.462224524002171        11.945431361181555     
   29.486098419541957        28.462830488601437        11.958518362497360     
   29.502672709184193        28.463567578409915        11.971634441129151     
   29.521785252793769        28.462130610027707        11.983372198413443     
   29.538090213064990        28.460240784925237        11.993461963043575     
   29.553460087100817        28.458709302330490        12.006629169217529     
   29.566150133577970        28.458152659919143        12.020054363968155     
   29.581313266684162        28.455291629762932        12.034301131918067     
   29.597142054579493        28.451547751452839        12.046042198799835     
   29.614214442388381        28.449500667189731        12.057978556904702     
   29.629831701882342        28.447323633263643        12.071435195534532     
   29.646483018789077        28.444792766627540        12.083196008811946     
   29.660940782790671        28.437517795895637        12.094302987171313     
   29.672412284425260        28.427029626003073        12.102701391156604     
   29.679831611400104        28.412851180872689        12.109837808211406     
   29.686328310081276        28.397071820480434        12.118729323011971     
   29.692223023581700        28.380038257090288        12.127070392353014     
   29.698554716442668        28.362451721233551        12.130275514358827     
   29.704772302649893        28.342444224924705        12.130292611513029     
   29.708101637952552        28.322927792574962        12.130382895475082     
   29.705960118297533        28.304311370058141        12.132665785271376     
   29.703375613915217        28.285729069077622        12.138648807594437     
   29.702187706903906        28.265224434769006        12.143370429254643     
   29.699375638894182        28.246015466764867        12.150037967827144     
   29.701295755046718        28.226655304692031        12.156469696212902     
   29.703620952948089        28.208586355604051        12.161604893503391     
   29.703705845650806        28.189631442528036        12.165311722214865     
   29.703718460180575        28.170341373921467        12.169018793273223     
   29.705110096055229        28.149343089721977        12.174401687023792     
   29.704239413378101        28.130294049277293        12.178175669106539     
   29.702741186841802        28.110644300781892        12.181102275979418     
   29.705615449645855        28.092419376048074        12.184932295851652     
   29.710315470034701        28.074313843845601        12.187839173683953     
   29.716398174736657        28.055445088109980        12.190612852847023     
   29.725876207449669        28.038401458432308        12.195408937959890     
   29.737111871557914        28.022451059626022        12.200865142897010     
   29.748223875809529        28.005520003478122        12.201474414696262     
   29.751429765549894        27.985810762698957        12.203108313153502     
   29.751653473530077        27.966975509931736        12.205005174746642     
   29.751510629779233        27.948775341220511        12.207958016505119     
   29.753720534644174        27.930006144075399        12.211450783145265     
   29.756082023354033        27.909955577291711        12.215524901070122     
   29.754948614797396        27.889265012440877        12.217171737461927     
   29.751313717769239        27.868134951134238        12.216285392998531     
   29.742794410385457        27.850999626807500        12.210237244442217     
   29.730207604420926        27.835932479404988        12.204119814948738     
   29.717861968436836        27.821363933957645        12.199440511547953     
   29.706538681348672        27.806935062798694        12.191982316221337     
   29.693912756546922        27.793388097708966        12.185163095649020     
   29.682116793847968        27.780074329421002        12.176872801998128     
   29.669077820105155        27.765671718558121        12.169395079036319     
   29.654470471450750        27.752429133369905        12.166373119859268     
   29.640671673565485        27.735454604225975        12.165129431313959     
   29.630988532754891        27.720618910639288        12.168612474530901     
   29.620840350025521        27.704744653609662        12.169737221732092     
   29.611654524632794        27.688032340762533        12.170510553716996     
   29.600775911556866        27.672906492342630        12.169071205131823     
   29.589719568326064        27.656525756242395        12.166796483956231     
   29.575483693854984        27.641331386855835        12.164090258473596     
   29.560443604773152        27.627870032877727        12.158364525810535     
   29.544532420186371        27.616620512299058        12.150806603158534     
   29.530389225256386        27.603370425191191        12.145900944301937     
   29.515960668926180        27.589075959230684        12.146194873398766     
   29.499543638807893        27.578766688314342        12.142235316222266     
   29.484923860342629        27.566534445816803        12.137538036612163     
   29.469635791388622        27.556578099879840        12.128465993898219     
   29.455063470892487        27.546332195305016        12.115781999099577     
   29.441079721134319        27.534544382118789        12.106370730286404     
   29.433294188377840        27.521550920027160        12.093481274474154     
   29.427775815143946        27.504843092040698        12.083918213958221     
   29.423168385871278        27.485886219166833        12.079019845093013     
   29.417837984623496        27.467609722457492        12.073282624401216     
   29.407416706392326        27.450460726525741        12.071846131228952     
   29.396348620086567        27.435946325709775        12.072908662132736     
   29.387775543915343        27.418702210178807        12.074987157397400     
   29.377654142964492        27.403272619227824        12.081036725557912     
   29.367963694499501        27.388591854590075        12.089750419443291     
   29.358482233110603        27.373216713041380        12.097275854879845     
   29.346986503958256        27.358978226270086        12.105298489911823     
   29.334575424180226        27.343433541670429        12.108184158082963     
   29.324295906938634        27.326375927884811        12.112105391493619     
   29.315992188470553        27.311102760290918        12.117292428019567     
   29.307999337128560        27.297416164817825        12.129316989326352     
   29.302852755930349        27.280943162332068        12.137251943091464     
   29.296473670504568        27.262750048727288        12.145869480492333     
   29.295431413007172        27.245115802347044        12.153441787714614     
   29.299333790629191        27.226435556999753        12.160297748004838     
   29.306446560030842        27.207619623638443        12.167017747025888     
   29.318306976515139        27.192549368788981        12.170633226670553     
   29.328130691123192        27.176939389372535        12.172419062150045     
   29.337496523332124        27.161690674069675        12.179094355234206     
   29.347278321309350        27.146582979070402        12.187226810140878     
   29.354612609171458        27.130614888601741        12.198098314550142     
   29.361023997317982        27.114640206312153        12.207044711356351     
   29.368669093720690        27.097213656015828        12.212719146656177     
   29.373732171282292        27.080026656868451        12.220732652000100     
   29.378656065354264        27.062829889356838        12.227581192242337     
   29.382041534005040        27.045370097669448        12.230627530662250     
   29.385384458250680        27.027701398890521        12.233301203257836     
   29.389892408418149        27.007649003854066        12.232994731539693     
   29.392465923111843        26.985816782792707        12.233100769635202     
   29.393935479857024        26.965329516655718        12.233988008191648     
   29.391226444188646        26.945352346027125        12.229467770332251     
   29.387138974680404        26.927588314678921        12.222941784418163     
   29.384490464899741        26.910586885308046        12.213654357164696     
   29.385439523706957        26.896378796807856        12.202346550288814     
   29.386849888895696        26.879684979596753        12.190740182704593     
   29.385855524463199        26.862372215777071        12.179327837309984     
   29.384259881037103        26.847135479072133        12.166939307159575     
   29.384512539057624        26.831227224588055        12.155262277882796     
   29.381052038841695        26.813786989985449        12.144455276925228     
   29.377987931571301        26.796687061068688        12.132549691160282     
   29.378243857288091        26.780779981284891        12.120103966352850     
   29.378117093639503        26.764618644119736        12.109818158016331     
