   26.878533920904520        29.618426094549584        10.832141406850823     
   26.863136785766944        29.605906966209940        10.835165489554061     
   26.846464181714037        29.593076102467659        10.837204745626448     
   26.832108108192955        29.582543621321840        10.834087300035753     
   26.819556864237970        29.569466564617514        10.826953512044808     
   26.807627061874467        29.555129838872787        10.818767313455593     
   26.798091862875161        29.537429189017374        10.810473901802364     
   26.791194773174745        29.520217618930594        10.804340980599552     
   26.784886191484020        29.501309073858366        10.799092468885366     
   26.778648827867247        29.483977949982837        10.795194771412348     
   26.773421505384579        29.466343667671786        10.794914316663860     
   26.768113540790463        29.446888235104780        10.795676528867318     
   26.765686239076139        29.428451703577746        10.797605499535818     
   26.764155030647672        29.408598921932168        10.799815507331079     
   26.765546308161117        29.388740345997938        10.804366354765037     
   26.766172646152516        29.369175350817212        10.804874692781015     
   26.766010096195693        29.347833059085055        10.804819636882009     
   26.766127903122587        29.326350238575465        10.806675688866703     
   26.763575647654644        29.306992484959203        10.810241647112241     
   26.765525817851341        29.288656054403027        10.817374362614377     
   26.769317267819147        29.271342758247417        10.828762286871052     
   26.777737650200908        29.253866989029127        10.835090107220328     
   26.786331380838330        29.234169259892976        10.837453152768669     
   26.791173761729368        29.216253285190234        10.842123120616838     
   26.797649140948906        29.199562123835960        10.846411810847187     
   26.803660228572586        29.183283800224778        10.855737740812984     
   26.808904542851113        29.163250819199476        10.858621480291307     
   26.814650958808276        29.143956110106423        10.860475759706079     
   26.819318353811923        29.124498502099350        10.863648860078820     
   26.822450161411449        29.104345233387654        10.869151541624433     
   26.830020814444726        29.087703000726112        10.873888354372674     
   26.836765040024989        29.066852877331861        10.874963363454484     
   26.844564570472929        29.047804106193521        10.876419522074574     
   26.854657719234407        29.031686959861638        10.878038441498362     
   26.865020378024617        29.015050036858099        10.878181897797502     
   26.875123765660884        28.998852115765839        10.879506901311258     
   26.886288136840427        28.980301168333998        10.876756134521488     
   26.900160766375290        28.962727191382811        10.871464159754311     
   26.914051995751766        28.948591515323510        10.866687438001337     
   26.924638959273722        28.932526251223688        10.861690173384497     
   26.934025667608417        28.915852911662590        10.856583616103217     
   26.946120933784943        28.899900707788611        10.851963871154545     
   26.956860130531989        28.886336736718828        10.850958901558716     
   26.970593782771136        28.872969576169695        10.849149009026041     
   26.982656796782575        28.858687885703798        10.844643753667842     
   26.993745266911098        28.840802336361225        10.841256893991769     
   27.005132353898773        28.824333192853793        10.836273737076747     
   27.015896798935600        28.808157084779676        10.827577052014252     
   27.022438609952545        28.792875212136149        10.815798432556486     
   27.024300110199626        28.775673263470633        10.803717707459725     
   27.020275608715849        28.759525229543666        10.793573983651365     
   27.012742548822160        28.741904802063523        10.787277497077703     
   27.002633608451912        28.724545622931135        10.781532313586096     
   26.995463265609544        28.706382575604945        10.774424460943816     
   26.988048480156301        28.694035483114728        10.761024230561276     
   26.981844264779660        28.681939364305293        10.746644914466568     
   26.973889249494619        28.669201697442723        10.731235416262509     
   26.965957087578989        28.659031470450934        10.714778759747277     
   26.960792731735257        28.647299826320999        10.700585024301169     
   26.957204614863617        28.632793184926122        10.685774989744225     
   26.952752102636289        28.620775026840288        10.671714942387228     
   26.951975261303765        28.607923637086078        10.658883217556674     
   26.950466967707342        28.591976345763126        10.646179931421180     
   26.944342454980340        28.578667187687863        10.633658423439142     
   26.937330314267761        28.562038731679046        10.622910159661062     
   26.933586470936216        28.542974378656194        10.615772549246801     
   26.932487751648814        28.522803607554348        10.610867954905491     
   26.930929189676874        28.502241567760066        10.611585470890235     
   26.930682355758087        28.482326710406866        10.614757456720270     
   26.928715719729851        28.463119372337516        10.621449737962674     
   26.928526903610244        28.443406263600423        10.630314786332994     
   26.928291567190286        28.426406724778541        10.640272250585513     
   26.935842699196328        28.410311703498042        10.650629648329399     
   26.943521814063708        28.399004937823083        10.665774107582340     
   26.947516306361784        28.389350782802115        10.680222902184020     
   26.953073037669878        28.383111127640049        10.698126501067271     
   26.954782713900318        28.376661502846623        10.716738898220216     
   26.951220244024679        28.368477233536865        10.733126852329150     
   26.947532917528374        28.358795502259859        10.747696010630762     
   26.942879220888283        28.345115635778829        10.759477914442790     
   26.936624457105911        28.330613845159455        10.771796541891728     
   26.931787905764946        28.318469672256050        10.783527876153652     
   26.928407955504525        28.307364194329121        10.799550044364477     
   26.928177820814525        28.293277881635795        10.814186610235126     
   26.930161004659759        28.278072530033963        10.822937793881696     
   26.933104884236528        28.257645271498866        10.830043888334519     
   26.937485636390516        28.239706019359481        10.832954065008861     
   26.943246890877532        28.220361531071287        10.836251304803184     
   26.945154687909103        28.200025348812645        10.838476041440881     
   26.948714308312550        28.181146675457288        10.837787675377788     
   26.955330659347901        28.161852675270197        10.835111333997165     
   26.960791982939643        28.142096762958793        10.830293441951977     
   26.963720001802002        28.122236389376084        10.825033054906271     
   26.965982676607808        28.103125761601746        10.819939680535683     
   26.971240761002104        28.088006447676559        10.811257216583984     
   26.978688649286749        28.071725995017935        10.800881213606978     
   26.986971977985274        28.057755160208320        10.792385937063166     
   26.995344786415316        28.041850000302169        10.785004160894951     
   27.000831343362474        28.025013947714662        10.774699441246533     
   27.002548663341933        28.008073673033735        10.763618587258209     
   27.002679362289463        27.993291709904067        10.750138943104748     
   27.001223105321500        27.975935382263771        10.739876234287214     
   26.998107608873916        27.959423129438981        10.729819389945776     
   26.993388082160074        27.944832544581232        10.718103537230453     
   26.989572677595806        27.929933365518750        10.705644592747248     
   26.984024184723040        27.914645557843318        10.691066889514774     
   26.980388758891284        27.902466215990714        10.675916410606280     
   26.980144688892459        27.890192937870037        10.660491103247228     
   26.978885962418950        27.876571370283084        10.643471660626250     
   26.977338307788930        27.862357707265208        10.627849474073603     
   26.977442300168953        27.846667980125684        10.615529305846950     
   26.977715957895970        27.830255194202557        10.604199469160260     
   26.977478546956625        27.814245763674599        10.591309922966083     
   26.975808361110047        27.797157517312343        10.581578370709186     
   26.973779898769664        27.780425419337561        10.573620367396755     
   26.971007061065887        27.764377453238993        10.563166828244789     
   26.967584311803119        27.747463303263249        10.552357834428083     
   26.960905801904030        27.732679012526898        10.541819771292610     
   26.957382946914866        27.716649433752089        10.529200821134356     
   26.951026466654234        27.702252995068172        10.518016290505434     
   26.947731454696783        27.686069612372663        10.508085550651224     
   26.946616449148280        27.670027218294468        10.497570992951131     
   26.946814258300364        27.655076888977781        10.485894110853714     
   26.947425497637941        27.639454868989816        10.471597409320298     
   26.947655409491862        27.623400918352427        10.456900806831017     
   26.945022966897092        27.607612944078582        10.443050840924430     
   26.946579654980248        27.596983016190826        10.426576840865998     
   26.948148835563053        27.587520094627049        10.411291945946155     
   26.949359984703111        27.575626644597328        10.393247548919833     
   26.947705556350183        27.567396107685525        10.373968353688392     
   26.946920030821509        27.557683218350981        10.356984566320738     
   26.949048031724029        27.553796441081438        10.337358734853858     
   26.958079836910027        27.549979484466558        10.318855555389677     
   26.963007626355409        27.542660406360838        10.301249288891110     
   26.971602683569461        27.534873090386260        10.284399664888044     
   26.977285916225739        27.531504628362331        10.266353844751876     
   26.982755588684643        27.530716822906584        10.246387575610028     
   26.985952352558442        27.529963949339344        10.227360688051309     
   26.988714762715713        27.529668229580370        10.207768409831786     
   26.995772216474567        27.525205177260545        10.189067896561864     
   27.005298575772350        27.521406942472034        10.173100353126468     
   27.016696517016491        27.519143749981279        10.156374709455465     
   27.025427677216829        27.517273492242904        10.139093111255171     
   27.033899687822725        27.512775263144949        10.120995108115038     
   27.040322033860306        27.507652228603835        10.103140367366375     
   27.047082046356518        27.503481913134195        10.084890438390092     
   27.057040609409107        27.499404703916177        10.068968593410569     
   27.068209877938486        27.498407717330739        10.053080408180703     
   27.080217708090512        27.501616126055211        10.037910143498422     
   27.094799501800374        27.505088402444628        10.023351748726572     
   27.108764975188354        27.511304046450160        10.010787446871673     
   27.122794651406053        27.518070714214250        9.9960980037027376     
   27.136863050229163        27.524700834418631        9.9819932891626468     
   27.153251325283339        27.531906341019447        9.9713233630045917     
   27.170750144911935        27.535152836545496        9.9646207510412204     
   27.189410876837094        27.533999139232556        9.9591251407723398     
   27.206042422326764        27.532289814174398        9.9493250754935101     
   27.223031072749063        27.530112688067842        9.9403247732416578     
   27.239935696472504        27.528715726786331        9.9299252560367979     
   27.257256167111745        27.529593803608556        9.9171741560381470     
   27.272898029826489        27.532613230266254        9.9041145426213806     
   27.286147739645269        27.535528771265383        9.8902980967710796     
   27.298394310452601        27.540460906927031        9.8742380082610808     
   27.306705823296880        27.548039398541832        9.8559132215016891     
   27.315333087550741        27.553916572150680        9.8376089893637051     
   27.323926165899156        27.559261087454654        9.8225383627145284     
   27.332053440359523        27.565395678055008        9.8032466939145770     
   27.338133781627711        27.577371938468723        9.7884864488461822     
   27.339435787583113        27.591450120470761        9.7740992705568672     
   27.342522159233258        27.604809716143418        9.7612951931413257     
   27.348486938371106        27.617634476753739        9.7477936653272330     
   27.353931160026960        27.630793758384208        9.7332451369079127     
   27.360916154968550        27.642755327428965        9.7181449614966233     
   27.366203842199219        27.652475041343877        9.7015294671980019     
   27.375187364141301        27.662700268211477        9.6851618751135771     
   27.380043134430242        27.671592764316312        9.6703183929876388     
   27.381554351981304        27.680698546160187        9.6538729312537317     
   27.382704817531259        27.691574968574763        9.6368971784626005     
   27.385511500820854        27.706970293112427        9.6225667401486277     
   27.390515054204595        27.723721861607800        9.6124048481198585     
   27.394826566628904        27.739613712916395        9.6008091458343578     
   27.396249605145332        27.756477416095336        9.5919064998665391     
   27.396925912036828        27.774216495579907        9.5839994051688677     
   27.394922259411828        27.793671708199529        9.5792868021466688     
   27.393419614843690        27.814458020160298        9.5778294997098090     
   27.396907385326301        27.831709261587548        9.5780808030487332     
   27.401701208608376        27.849160906047171        9.5795718299058485     
   27.407321205087971        27.867687225409426        9.5817303963223726     
   27.414547872859263        27.885421864099367        9.5867846099992207     
   27.421669411158902        27.902385252348509        9.5943572231683589     
   27.427640998265790        27.918467659952459        9.6058737468164779     
   27.432304637666409        27.932911833943891        9.6178823221139673     
   27.439166461491617        27.946309877930503        9.6313291236797269     
   27.443360741277154        27.957112618981910        9.6479903550708972     
   27.452517531150850        27.964336134276646        9.6650673343189411     
   27.460020379483783        27.972556319134203        9.6823619952535633     
   27.465952666747000        27.977488798446359        9.6972723799190650     
   27.470878198947261        27.981241282065305        9.7156592233586458     
   27.474476429207655        27.981569465474230        9.7357044688347685     
   27.481714460260303        27.981377185299198        9.7541283599316451     
   27.484698988022128        27.976770175845580        9.7728388257490089     
   27.488816805958287        27.971798274989201        9.7928968439155888     
   27.495712021223849        27.967970371167691        9.8124777537377206     
   27.501106738694215        27.963943696417594        9.8315995942661818     
   27.504671772531154        27.962544854205493        9.8496368651233759     
   27.508404291522130        27.959647203476802        9.8697642299742867     
   27.515866605813006        27.957588731506494        9.8906556010610256     
   27.518883201855331        27.960234820044324        9.9103894488587816     
   27.519438401700668        27.962670655973913        9.9300775961032564     
   27.520789373859202        27.965476582979878        9.9510949118346517     
   27.518646663203612        27.963252879788481        9.9697220881806388     
   27.516360349380594        27.960837418877542        9.9896524549983656     
   27.514513205944436        27.956549733131773        10.009853328320412     
   27.513101715641028        27.956466566341994        10.031788962687695     
   27.514270226656613        27.958956539594389        10.051299878148029     
   27.517263277316008        27.961276276801698        10.070720892306436     
   27.521312468578671        27.964372933231083        10.091731501521032     
   27.526119468920513        27.965918554528155        10.110092052747142     
   27.532222985096773        27.966639998025041        10.128751866845509     
   27.539968326622272        27.966033633742118        10.148704054491430     
   27.550936422298228        27.962499138575097        10.164171690320201     
   27.561558026840903        27.958778492228042        10.180902108848818     
   27.569318039510350        27.951327465542214        10.195107849831830     
   27.579656769018243        27.943225092078428        10.210107428628833     
   27.592208725122674        27.936377280759459        10.224361066079128     
   27.603361122705181        27.930312885634585        10.239639763535202     
   27.609908248822745        27.926007281504145        10.257167085247252     
   27.615722216872108        27.923385469732846        10.275032981061871     
   27.619188439849133        27.921257749981283        10.295158751031483     
   27.622435929291946        27.918146823290165        10.315680203129931     
   27.623666763864286        27.920312493769760        10.335020377387988     
   27.624772804812057        27.921796069816203        10.354642956977061     
   27.624839045011655        27.923530520739064        10.375192319361590     
   27.620651820815677        27.922172627335136        10.392607475115097     
   27.617351863050864        27.921926537563834        10.412374916264438     
   27.612659942163674        27.920761225695014        10.431096096720308     
   27.607217864426978        27.918904026091795        10.448768613791364     
   27.602973396372832        27.914880591538392        10.469629408984751     
   27.603504342894023        27.909755681380876        10.487857570610679     
   27.604722577710525        27.905636111831388        10.507107140377773     
   27.607978170644920        27.904329380195588        10.525387340972431     
   27.612323970017073        27.904921478641509        10.545729006997668     
   27.612267651150720        27.906337695474225        10.566628371714941     
   27.609349406425583        27.907272749848730        10.585405279109377     
   27.607849989360712        27.911999643697254        10.605887730583433     
   27.609909596458728        27.919749657890353        10.621460742947962     
   27.616064836674081        27.928056228239093        10.637924919066833     
   27.624166138646494        27.938088240748922        10.652639122690758     
   27.632023551409365        27.946899882088164        10.667885678713434     
   27.641805372933948        27.953069357064862        10.683682782193245     
   27.651582881249560        27.960994130922320        10.698512304040586     
