 -0.83960501742423110       -3.6678746743380647E-002 -0.54195764064494389     
 -0.87013404548621853       0.21901551300173916      -0.44147360957410553     
 -0.92983570168662200        6.8014332358845020E-002 -0.36163464776312704     
 -0.95824512199133416        9.4925176263822436E-003 -0.28579044471248222     
 -0.96540575824809827       0.15397378836486383      -0.21043715080288411     
 -0.97208091884077319       0.15600631230727843      -0.17527326591918371     
 -0.93746975034969204       0.13073544523473779      -0.32258132391480687     
 -0.99131367008919946        2.3235072792515951E-002 -0.12945014054324364     
 -0.99353776658882476        1.8133263962701780E-002  0.11204414799438522     
 -0.97560278510153686       0.16475526621507158       0.14510309423509171     
 -0.98150409235093583        3.5796650244025563E-002  0.18806466050194290     
 -0.99801217166092626        4.5850419420786159E-002   4.3237070386454447E-002
 -0.99403055185725697       -9.2571678430803626E-003  0.10870863267446845     
 -0.86490944037551087       -8.7589157805674792E-002  0.49422646568574952     
 -0.83129256730921119      -0.21139116217845683       0.51406852081152532     
 -0.76651044327586115      -0.53222860346394574       0.35943630034252516     
 -0.80943563066968993      -0.43546155898158412       0.39393805407921961     
 -0.67936298790403016      -0.54344151155953513       0.49308949915821143     
 -0.58284607377095166      -0.54352527670976425       0.60404530282706481     
 -0.67116481695073982      -0.54765107966453463       0.49961593592460574     
 -0.86339526864181537      -0.37977586677427289       0.33214289259717794     
 -0.92547336447639594      -0.33400684026772987       0.17871340828032714     
 -0.97632350567788317      -0.21547100707287770       -1.9096004081731899E-002
 -0.94588397585913253      -0.27221879942234173       0.17663643297477510     
 -0.91385074806315103      -0.26581421586201087       0.30695213455865444     
 -0.78654595084801560      -0.47618314281158775       0.39318581066290292     
 -0.95159109240990281      -0.26867703712176388       0.14928845424089021     
 -0.96680119947238508      -0.22403979869291646       0.12288860525044620     
 -0.98805175722024385      -0.14993438260470932        3.5684814234507103E-002
 -0.99169179975729471      -0.12542618166991754        2.8559538613877136E-002
 -0.99837926132177712        4.2588773195386481E-002   3.7749794176113807E-002
 -0.99836253054775392       -5.6663341082228612E-002   7.8436838112226417E-003
 -0.97068755618888591       0.13484496362884052       0.19895352232106592     
 -0.89821900439053803       0.43753079621292951        4.2064504239825835E-002
 -0.78092716010536989       0.62439613970271368       -1.6799742084823953E-002
 -0.92751441778103216       0.36737400137227788        6.8944527875680450E-002
 -0.95056607119067527       0.29487670124565674        9.7323560167293155E-002
 -0.96281931123213293       0.25110100424822090        9.9635634107692897E-002
 -0.95666356416443921       0.25435069638952884       0.14177640229029637     
 -0.93214076591232209        2.3221028348226702E-002  0.36135076638484598     
 -0.98389992010558980        7.0587904674645957E-002  0.16418981372141137     
 -0.98397503173019507        7.7591083486855547E-002  0.16053896939669987     
 -0.97722900376662847        3.4769266680784432E-003  0.21215886778146439     
 -0.99508186995840098        9.5932311637850473E-002  -2.4679215221447490E-002
 -0.96944862584660629        1.5761375610381986E-002  0.24478754233639893     
 -0.98794085632428685       0.11229835102809850       0.10659242356617304     
 -0.97680821961096576       0.14649253661988568       0.15615901771994622     
 -0.96653455860607296       0.25404741723379287       -3.5649078770205178E-002
 -0.99775127749680415       -6.6658107938571673E-002  -7.0060616367066710E-003
 -0.98568202125568449      -0.11785761801212596       0.12058414012604557     
 -0.99022833744762440       -6.6455050068876587E-002 -0.12260328721615033     
 -0.95119736596477045       -7.8842192282778667E-002 -0.29834121354220267     
 -0.92866001236282736      -0.34708730328960347      -0.13084718313179622     
 -0.91562923230215165      -0.40015793396696431       -3.8687683274561159E-002
 -0.90316984910488174      -0.40721308421618330       0.13587394051504084     
 -0.89297734297815434      -0.34026173106150803       0.29464117041376664     
 -0.82111298952654832      -0.35474486695268453       0.44713480942724326     
 -0.79992770200927688      -0.38594193874949667       0.45952637734139795     
 -0.94952574351041275      -0.20194473523283682       0.24003996817772316     
 -0.99511811031283903       -8.5033611820309690E-002   5.0092228820816112E-002
 -0.98351629522048312      -0.10081153627866225       0.15010906431300916     
 -0.96754561216247537       -9.1207174295888496E-002  0.23566234264756949     
 -0.95128145522773133       0.28064601972219044       0.12767695388726405     
 -0.92614611361892907       0.37694168233289471        1.2974758134357112E-002
 -0.92699665487500205       0.37439154876651515       -2.2542627681386488E-002
 -0.95908161051738638       0.27885645054108388        4.9005554369099105E-002
 -0.93667503134593455       0.30641806008468875       0.16955193336280908     
 -0.89155850130613012       0.43733553426455957       0.11773304216887966     
 -0.88586265100939066       0.33617596930257598       0.31973908301948362     
 -0.66976001950868080       0.64636257319854939       0.36556386615200542     
 -0.74063376656358959       0.64559124355532616       0.18620840494063379     
 -0.74983902543107284       0.65751757624342633        7.3566791908433321E-002
 -0.81874791763281562       0.57017493925643170       -6.7471371824421172E-002
 -0.77409766532815028       0.63191323133140798        3.8189954200530632E-002
 -0.70908914245913368       0.68812841060944985      -0.15385668187880744     
 -0.89068319159544596       0.41052177016647579      -0.19533388960649029     
 -0.71879952353106902       0.65109116505655107      -0.24373661964688567     
 -0.53248713045653784       0.72485642682069573      -0.43708193327449840     
 -0.50074650550138611       0.69461050037291405      -0.51649703774549527     
 -0.54221132381891235       0.67503847991213528      -0.50032982217780364     
 -0.52817018932833937       0.63020214647407835      -0.56910588266536832     
 -0.59001413995111673       0.63632810669640161      -0.49696061743958991     
 -0.33828167327046343       0.85219561469947391      -0.39915929629195002     
 -0.13109773922319265       0.87012943551686117      -0.47506646715763889     
  -7.7816772245966476E-002  0.94582726591215471      -0.31520680991107974     
  -4.8938017267558684E-002  0.95209850293923237      -0.30185014687216172     
 -0.20351578613060933       0.88646404678215229      -0.41564746908674099     
 -0.44416314482566160       0.83681544702324440      -0.32009218734898748     
 -0.49224386841785955       0.86522011717538649       -9.5342135700872604E-002
 -0.31537736391030730       0.93826314911240594       0.14212452761798283     
 -0.33306824788929856       0.93825219420396788        9.3532680488539161E-002
 -0.61690386277759945       0.71288372671059408       0.33350624624026504     
 -0.64671736998034368       0.58892715566316600       0.48468695947816465     
 -0.38415799159449360       0.77992724190324736       0.49410134064915157     
 -0.18131246808966478       0.80939758513300586       0.55857079953752320     
  -5.0032046619471436E-002  0.75091610057547709       0.65849966150909844     
  -8.0564978160722694E-002  0.73699883839885483       0.67107525397130252     
 -0.11491985006104267       0.75866585826637056       0.64126402016868844     
 -0.23979842652205499       0.77176651615377434       0.58895938669948800     
 -0.32881985552190163       0.69729768977507578       0.63690928274666980     
 -0.53651373297534444       0.66027173771276237       0.52554186008972159     
 -0.13902867835526753       0.66336742237683566       0.73526504712511476     
 -0.26326076482723443       0.40527556141153442       0.87546872532668396     
 -0.17799479412810595       0.47662700729070484       0.86089752536776465     
 -0.18554681440885024       0.43135064183077459       0.88289807081844696     
 -0.13234828856174580       0.44924094091863986       0.88355334163667587     
 -0.21451654661407371       0.41009502811704235       0.88645627029339036     
 -0.15352922517518383       0.55641752764868391       0.81659556203938144     
  -7.8788780465250022E-002  0.44781355410777546       0.89064883586642718     
 -0.29738329493571974       0.44698489788459017       0.84366324855144026     
 -0.32421330727885089       0.27291218819399832       0.90576192728472504     
 -0.21219824083216476       0.33647575342665231       0.91747260119513663     
   4.8408922354619577E-002  0.50355223682792893       0.86260751273224934     
   3.5393549221661394E-002  0.58484037345431727       0.81037585986465122     
  0.19111042116580307       0.55721746497975955       0.80807518440018800     
  -8.6575872964400544E-003  0.58242683591415723       0.81283702363346866     
  0.27192895619378299       0.56964607099850773       0.77560169970119841     
  0.26647343127221790       0.73114031167433213       0.62803324360328594     
  0.29166484700126111       0.61798791418224641       0.73008393691990325     
  0.44261451343310615       0.43178960837268676       0.78590719973788414     
  0.27967455925171697       0.52623174743991985       0.80303318044388161     
  0.38564545791812382       0.52546869261587070       0.75839319212913037     
  0.55586933345985035       0.44485609116005786       0.70221958266399920     
  0.46464124266476753       0.50210570626343032       0.72938218743860173     
  0.50310537576077941       0.49293016044278792       0.70986254853073438     
  0.31940876557682729       0.42836119068559197       0.84527198627849098     
  0.26131486680469662       0.39248299927824187       0.88185692471317167     
  0.24064431563320801       0.42341456866131938       0.87339018565523108     
  0.20269858256619891       0.26883654356905778       0.94161573769113216     
  0.33250980184954387       0.45466617378939223       0.82626624164718931     
  0.51842772460414133       0.44994287280672002       0.72717542970885884     
  0.49363224103198611       0.67087032890444720       0.55340781744517653     
  0.57831635513298774       0.69263642078903098       0.43105102016156849     
  0.80604665295255284       0.50491219367667273       0.30879195251930830     
  0.80099663652302722       0.52447449666188861       0.28867090367786019     
  0.82504751208701177       0.47277076300221077       0.30949056277922710     
  0.84143395324795689       0.32043982626052647       0.43509449556128343     
  0.75413590493401361       0.39046337829059707       0.52803161562864764     
  0.73513362112521230       0.39209700998400898       0.55302666649361276     
  0.75811372233648544       0.29498687836375825       0.58158948202180716     
  0.86629152245075214       0.21646787800177519       0.45020068405490110     
  0.91877180374056566       0.16833946080539650       0.35709970398639623     
  0.97587665218227049       0.17009379268169558       0.13686804381140283     
  0.98438075283558879       0.17604011141065565        2.1006240582259264E-003
  0.97545086558749161       0.21806090349282456        3.0741684934280759E-002
  0.98111535875305855       0.19082306363239521       -3.1610302195676107E-002
  0.96179287247050549       0.26129049593621756        8.1741954946252499E-002
  0.82765284932622507       0.45348602028716234       0.33066779463141793     
  0.76832789541358160       0.57276161016404636       0.28568581177879687     
  0.80548691222524060       0.43037677889824677       0.40739006175795806     
  0.85894691305778970       0.37038659076873925       0.35358729322094334     
  0.85211971890905658       0.44986522995712636       0.26741963189365137     
  0.90918200467274912       0.30527255106578360       0.28319031047169696     
  0.92586073165308969       0.21577110119376972       0.31020112422825230     
  0.94672134334673197        9.4085812806992727E-002  0.30800415237503220     
  0.82163136465286679       0.25229101804293619       0.51114688968402111     
  0.85355687795642154       0.20975105114286149       0.47691210158461772     
  0.84056252015721478       0.17830527875368288       0.51152896034887563     
  0.94037377340198913       0.19074522792786724       0.28162639137785195     
  0.93024296751633651        2.7306137493547010E-002  0.36592676349452558     
  0.94915129383831887       -7.2101633311749611E-002  0.30645256709463098     
  0.94090011518819772        3.3723284903210138E-002  0.33700105829834842     
  0.92911538247872594       -1.2064568939740995E-002  0.36959309005683683     
  0.92307748304114334       0.11793699092856388       0.36608581845404897     
  0.99198590979821277       -5.5048622651229027E-002  0.11372600364958696     
  0.99306088447325780      -0.10329254935449912       -5.6220360876443033E-002
  0.97343849477141109      -0.22692855237945042        3.0346812224086278E-002
  0.92290344974420024      -0.38368176206780052       -3.2210680010955992E-002
  0.86664234923834960      -0.38240086033697196       0.32046937532346165     
  0.79978197019286423      -0.45179409606177096       0.39526054055289939     
  0.80295617937652075      -0.50671370384857561       0.31385123280489924     
  0.82288546074246516      -0.50053447818782326       0.26893262101114840     
  0.73471665845677570      -0.65329895722002929       0.18273451858193382     
  0.72644981291802546      -0.60336744681781518       0.32896564171956122     
  0.73385578924382378      -0.56542095144229987       0.37650342397302616     
  0.69994225679195421      -0.67187298547320962       0.24221380750966895     
  0.68326687647274531      -0.66514392628235830       0.30121409801810295     
  0.65404667606589195      -0.67911669092776727       0.33320183917634882     
  0.73015156367368517      -0.57510200937280320       0.36896662841003164     
  0.58772516293921273      -0.71385755234472237       0.38077096502813612     
  0.50620550347227089      -0.83275586190166451       0.22421789117471647     
  0.62693496390143055      -0.77124211067713500       0.11017330782075985     
  0.60234495517244113      -0.79235144456637918        9.6745766170447028E-002
  0.50930510281159991      -0.85273858475204856      -0.11595351795061022     
  0.56883883796830159      -0.81301311956326938      -0.12422577766666600     
  0.59249254993560074      -0.73930610963866017      -0.31996727101647576     
  0.72476005699132950      -0.59822221533503506      -0.34183774055771227     
  0.81159034120784113      -0.56576827943254915      -0.14569616345682135     
  0.82560816099166434      -0.56419994790453920       -7.0415402003550613E-003
  0.78808134391605533      -0.61338913697675990       -5.1783800655603465E-002
  0.75284751526443394      -0.65813835850368896        8.6324866756477773E-003
  0.80296652204142993      -0.59367553319263300       -5.2859490814026536E-002
  0.71306725578113106      -0.70007017798475912       -3.7905601553521684E-002
  0.59466023987300654      -0.73892215592841204      -0.31681737103935470     
  0.58476303518000172      -0.77758537473071243      -0.23111291113201793     
  0.65712894974085634      -0.68604721815618286      -0.31228313734917368     
  0.55986023310073318      -0.66774141813282062      -0.49058935771414441     
  0.30492819433763013      -0.60159164010573363      -0.73831314146020510     
  0.46994844821921661      -0.45288574141409005      -0.75765622893244466     
  0.67033596849398180      -0.34179426774451266      -0.65865496876608121     
  0.78225471848823369      -0.36457668722986059      -0.50513502603892679     
  0.68158716421009313      -0.41920726054536617      -0.59975345792257617     
  0.49146529839281206      -0.37178450354214987      -0.78755199409411003     
  0.47860285875708108      -0.39606069564510077      -0.78362952276871600     
  0.54471690287691465      -0.59083909877000829      -0.59514086994999149     
  0.67898951053138890      -0.43926340415224829      -0.58823541746562058     
  0.76408311912153881      -0.35428564807620744      -0.53912769047851328     
  0.83290055384043205      -0.23565420557573791      -0.50074321044501502     
  0.77171786017138555      -0.20041206415514870      -0.60356155347532714     
  0.63382468175994977      -0.30067372162593053      -0.71264408081137165     
  0.51422213654071203      -0.47099694157546251      -0.71675482231933085     
  0.63575226165730458       -9.2841973109114823E-002 -0.76628939039165112     
  0.62093895123574983        1.4946984376331421E-002 -0.78371640693324895     
  0.66563701608972858       -5.7723801036489913E-002 -0.74403986829006574     
  0.61322786339005353       -5.9054766168108730E-002 -0.78769545012961584     
  0.67764047860823828        1.2341479405660744E-002 -0.73528978616438578     
  0.71527743728316384      -0.14141604651001610      -0.68438270689958303     
  0.77020931288418737       -8.0787732365769555E-002 -0.63265389957362950     
  0.60598267000292361      -0.24768327866631179      -0.75593518050508990     
  0.43577158672060573      -0.53814346339896646      -0.72146014235573219     
  0.35197680409937715      -0.65385536812829959      -0.66976524763967482     
  0.37353930940713653      -0.35475741371573960      -0.85709717170306421     
  0.56860027282593617      -0.22083240636191434      -0.79241831001225793     
  0.58213775737831108       -9.3199552414711659E-002 -0.80773106592745325     
  0.65211081827995809       -3.7379764547924979E-002 -0.75720158074624055     
  0.55552764810882316      -0.22148216243654412      -0.80145784911564277     
  0.59470546124725121       -6.0301640157878825E-002 -0.80167894231856229     
  0.60154583074943513      -0.21863133586857197      -0.76833778540712405     
  0.52038508846311982      -0.48938640485875690      -0.69978590043291056     
  0.26412620754798743      -0.47288395162498514      -0.84060580225330772     
  0.58547514096940623      -0.37120611874130433      -0.72071136852134865     
  0.48010726229995532      -0.36632683753818807      -0.79705813137195625     
  0.52722290538579408      -0.21310150967671909      -0.82257142827245022     
  0.44671689886947163      -0.46354891027583389      -0.76522311782024399     
  0.49736247587294224      -0.30824965332345311      -0.81093323943439544     
  0.57920378487801338      -0.50066948414952739      -0.64331410930001554     
  0.65073307451513496      -0.30508138342081248      -0.69532137549633100     
  0.68359335622485284      -0.18437707235638900      -0.70619063893154521     
  0.65162673753619904      -0.28430385705869587      -0.70324527143065074     
  0.42843014521801454      -0.41788005182862592      -0.80113910961340917     
  0.27729928515969515      -0.17661741467336184      -0.94441060735469440     
  0.29487273559829563      -0.42544625393982355      -0.85559660752563294     
   7.0861543813299857E-003 -0.46601406973690779      -0.88474893230981766     
   4.2489768449629116E-002 -0.44957947532595843      -0.89222918296968112     
   2.7895406071999026E-002 -0.50858327498857347      -0.86056080477904029     
 -0.15629726806123490      -0.41542538512341443      -0.89609871855264789     
 -0.47177917298481159      -0.24832294056931814      -0.84602608064101703     
 -0.46544841192631281      -0.19967578008728534      -0.86225713025858974     
 -0.52611293304324047      -0.23270635383064719      -0.81795656032054398     
 -0.49422751422990813      -0.13985617299123954      -0.85800898308486406     
 -0.66881168431658766      -0.29927253656594355      -0.68053426054748245     
