 -0.77862492634159897      -0.58786473161945230      -0.21944995191980987     
 -0.58394087458807142      -0.79068597698799725      -0.18392591111615786     
 -0.57959597023938725      -0.77245367426390010      -0.25958396021041497     
 -0.58370963944840848      -0.80017938517857035      -0.13782600752517249     
 -0.61532594066455137      -0.77506630237911445      -0.14368790367235823     
 -0.64457100886157004      -0.73044451681416689      -0.22578534582948531     
 -0.43007684194267992      -0.87332003050870133      -0.22879255743358801     
 -0.57545948534685676      -0.81740355668238385       -2.6416022550854151E-002
 -0.35403788332747033      -0.92082960309070039      -0.16349317796435137     
 -0.27016298792249238      -0.90286349882760997      -0.33443902649311241     
  -4.2111110638470277E-002 -0.93453487630368515      -0.35337122029522322     
  0.20473180651181358      -0.93954479245722566      -0.27448218588641066     
  0.32575895251200365      -0.91238906854384394      -0.24784529945122952     
  0.30712115556250136      -0.90776832584984046      -0.28571535203728776     
  0.18354757281760881      -0.87504833480474853      -0.44788469528248009     
  0.14496404920801437      -0.69896585474277662      -0.70030861649774745     
  0.34875926729507767      -0.69267114349110215      -0.63132690458318774     
  0.45909086408193051      -0.72314069232988731      -0.51604565458230334     
  0.26069868138588009      -0.80635119990486337      -0.53088034427333120     
  0.13880121497538808      -0.75782933167230826      -0.63751778546058335     
  0.29928535044608823      -0.68071915577928810      -0.66861776072997259     
  0.34545296192598152      -0.60820181211025570      -0.71466971871100460     
  0.17285534905544359      -0.56497687171426592      -0.80679747318082773     
 -0.13146995330362729      -0.62000553697217031      -0.77350422461826651     
   7.7323185812886622E-002 -0.67107321598343339      -0.73734785801917802     
   2.0354600768487247E-003 -0.59738164607234878      -0.80195450359618337     
   5.5427590283701866E-002 -0.55674227110113617      -0.82883401583463856     
  0.15596428875138341      -0.76384648218287576      -0.62626966419519459     
   1.5849870692794744E-002 -0.78806983560642163      -0.61538176427835212     
  -8.2294535557485546E-002 -0.83626202605134625      -0.54211939017332933     
   1.2062347781150205E-002 -0.87890088414794598      -0.47685190112868581     
 -0.12187003790184704      -0.77984839263163563      -0.61399037319142213     
 -0.18602800072182057      -0.76662849657407317      -0.61455213870592118     
 -0.16908959851445327      -0.85271924762853302      -0.49424547787316608     
 -0.25323850006341675      -0.88416700157045225      -0.39257989686121780     
 -0.40382689386288279      -0.83822175896876727      -0.36648072607485271     
 -0.38311310202140114      -0.83997350363817946      -0.38427706703028697     
 -0.49689827223974831      -0.77952051763248831      -0.38136579505137636     
 -0.73066183970976850      -0.63629644117996487      -0.24750780782371717     
 -0.65564862033742255      -0.74321212842961659      -0.13326897165075416     
 -0.71208673735881800      -0.65193922481891420      -0.26059110809893171     
 -0.70758460985256133      -0.69178087584959125      -0.14409455128023974     
 -0.70675851446641924      -0.64851191080071313      -0.28270957496862853     
 -0.77101342868022282      -0.52463296132541049      -0.36096890265747583     
 -0.65838523588124265      -0.65923848701798859      -0.36322651115795190     
 -0.78265042583561650      -0.54143494531132474      -0.30709365173377812     
 -0.67679559669201594      -0.56130295094840332      -0.47632627216549756     
 -0.44024029201100512      -0.52098790131661465      -0.73127292577529601     
 -0.22450331172571161      -0.55512340737661037      -0.80089716294098001     
 -0.19426030805759245      -0.49339435451388297      -0.84783544609042205     
 -0.47830694708396726      -0.54174372737919974      -0.69118463395584651     
 -0.24558581216284547      -0.63405648810260884      -0.73325301142199617     
 -0.10028998845564252      -0.59980383455344422      -0.79383706027792278     
 -0.18641530675517176      -0.71727003699521652      -0.67139632664795890     
 -0.29528357051035492      -0.58805319118923527      -0.75299472595690942     
 -0.44239364796644254      -0.48629486544812195      -0.75352847595685368     
 -0.42012393027241590      -0.52173726933495757      -0.74248643421911398     
 -0.21789671359612195      -0.80330606023403062      -0.55427465736346104     
 -0.18735804719946950      -0.79000324788805065      -0.58377378364908983     
 -0.12540857201361982      -0.71861319921373257      -0.68400859642359635     
 -0.31834004389182502      -0.75764493812662503      -0.56976641194974009     
 -0.44534661139887161      -0.81564446943066649      -0.36931083818752286     
 -0.27125832691230062      -0.91655511617581886      -0.29384628480331942     
 -0.18345695684538812      -0.93583228410516861      -0.30093434667980590     
 -0.20675344390439870      -0.93811692872583519      -0.27783023858411549     
 -0.10765013805871465      -0.84695013424341070      -0.52066007901607980     
 -0.14193923727784324      -0.78552710380478308      -0.60232916425251060     
 -0.37268399465194918      -0.79318643471629158      -0.48162425179011720     
 -0.49462533207236675      -0.70529896381004265      -0.50783772262492555     
 -0.51939416047240450      -0.77663357267162958      -0.35646879227587630     
 -0.63026865081680006      -0.61336850302085699      -0.47596271629148901     
 -0.56233489499607248      -0.76131308418429888      -0.32277213900786939     
 -0.42621464609373111      -0.71084043681927944      -0.55950598641820215     
 -0.14373417624673121      -0.78166107901869830      -0.60691551646506336     
 -0.24044884599502211      -0.71029749346592908      -0.66156014332468038     
 -0.43402697592511341      -0.73546934179607371      -0.52029360119786394     
 -0.33437038087833149      -0.62330089486650508      -0.70688927198676688     
 -0.30643228125504601      -0.57756174744991240      -0.75665162716242462     
 -0.32860330345043781      -0.66933467549620995      -0.66634147487598483     
 -0.20602101203834280      -0.86862905526400858      -0.45059838764681220     
   4.8248910355768615E-002 -0.93432996374717947      -0.35312825077258364     
  0.16065176162999856      -0.90162949103991319      -0.40156602492285848     
   4.1556251628394887E-002 -0.92661592394232661      -0.37370577657708626     
   4.0275457588110075E-002 -0.93944690594418589      -0.34031955340232722     
  -1.2167940445795715E-002 -0.92866009615563150      -0.37073220393367762     
 -0.24180566676246029      -0.90120066424437673      -0.35967677473955101     
 -0.24586030292214173      -0.86481616752555468      -0.43777358055670496     
 -0.36835396225510592      -0.85009782091700958      -0.37636292772155538     
  -3.0275768712371889E-004 -0.90515230184710038      -0.42508730726603716     
  0.16664210451415878      -0.91180162088697325      -0.37529749952668356     
  0.22494141461778538      -0.94549751101536206      -0.23544811881492703     
  0.14392203029601455      -0.98790271975709221        5.7746562599033928E-002
  0.18905063560641550      -0.98164008109758383        2.5349721094133450E-002
  0.46143843651290711      -0.87580111379715608       0.14158735247263785     
  0.59599196448729275      -0.80289067871315711       -1.2654497304084992E-002
  0.47921819255485332      -0.87226333509439091       -9.7501785493873144E-002
  0.57790059059445575      -0.73961575739383500      -0.34496295280115269     
  0.74040626405023924      -0.59116597707442409      -0.31987708843371199     
  0.50193952391445096      -0.78532702145998567      -0.36237850887901740     
  0.36648152484111751      -0.83813562388625529      -0.40400491076587236     
  0.29166618745970779      -0.76711889554214685      -0.57136628811549006     
  0.39672357616857640      -0.65584783389297552      -0.64224140546212038     
  0.41734872382865362      -0.63557330671866841      -0.64951259764944347     
  0.57761893613560122      -0.49927784794315999      -0.64581575946303349     
  0.66081228897508315      -0.61021926795706893      -0.43698920324593943     
  0.63641514612818351      -0.60719678663334842      -0.47569719789048459     
  0.62445117777962011      -0.62230293456259167      -0.47201672025945735     
  0.62442833559001210      -0.52928087317596029      -0.57441362362187198     
  0.63613190527471486      -0.55311214371053452      -0.53796203915480545     
  0.76295109489561663      -0.32270943514237621      -0.56014663014947130     
  0.89909767523422168      -0.10675392138867859      -0.42453147192719470     
  0.87110793719097546       -5.8349877906926695E-002 -0.48761281106144760     
  0.89223748096189082        2.1507304619127310E-002 -0.45105400277007540     
  0.97744878477444386        6.4566565719073904E-002 -0.20105977154645083     
  0.94798212998942977       0.27688657041441395      -0.15704683487719642     
  0.91043048870450438       0.31357186651847785      -0.26979438423643654     
  0.72244085018940740       0.63281953551377135      -0.27860124452315543     
  0.78390204735526103       0.57753091973547088      -0.22793774786520818     
  0.74937474235602974       0.57892217660690060      -0.32138234075891792     
  0.71340926542266458       0.57453843325186305      -0.40118924303344405     
  0.74950057322455144       0.58890791839840972      -0.30238444798617004     
  0.79225410164758936       0.49768573185861459      -0.35304723582984121     
  0.58315380828822128       0.57058827182944494      -0.57823927567211009     
  0.69251682697801265       0.44717840166685063      -0.56608472990809777     
  0.81823610565254978       0.10642094109914266      -0.56494624408191407     
  0.85213609533556101        9.2177760814469295E-002 -0.51513817121004468     
  0.99431348987328105        8.4180877742029175E-002  -6.5224716778556110E-002
  0.98194537656652570       0.18914097710449068        2.9946986074993638E-003
  0.96195168144161369       0.22502963706812601       0.15495362213513678     
  0.96795313919097836       0.12582508371596976       0.21733561290848954     
  0.95527873265223506       0.19952088423961098       0.21825205541913720     
  0.87972570463601552       0.27815537015710434       0.38563230499467982     
  0.79219681875406911       0.57825262962241741       0.19505921329381365     
  0.79669632967589310       0.52007970355898703       0.30788319250501883     
  0.88740974431422570       0.44228902703696704       0.12993984092275745     
  0.88796207487036227       0.45780255758077615       -4.4047382039352878E-002
  0.70875685433036506       0.68813035003364675      -0.15537162804848270     
  0.61631812120132623       0.65291397354381686      -0.44029003694187047     
  0.45196133922552939       0.76244391078539886      -0.46304452350920650     
  0.45573102167647311       0.84673266313626561      -0.27450506927926588     
  0.43060125716241993       0.83675857520792563      -0.33825677250621500     
  0.72656019133410543       0.66921483589815978      -0.15576197155437993     
  0.85557797585625261       0.51333185309024609        6.6908413766588570E-002
  0.82144444345261680       0.53198500568414986       0.20547744413477864     
  0.77645458722210581       0.61061281213627561       0.15578917689265598     
  0.75111855379261139       0.61271638046404553       0.24576320973581942     
  0.80694196369287996       0.55467543341220715       0.20292814196301340     
  0.86884884590845746       0.45016485271470852       0.20604195772712736     
  0.83546562250955370       0.52171957374913203       0.17264379505754548     
  0.74929011533557099       0.57980275521325353       0.31998919998606112     
  0.69557375912970287       0.53538185008285044       0.47910689852285299     
  0.51465374131702890       0.61079232519261284       0.60171775944739170     
  0.41770569980852418       0.61727716035021996       0.66670147416778847     
  0.54550032760279832       0.64210810343492986       0.53863399084027563     
  0.68046441766510213       0.61856478991185382       0.39286865104396573     
  0.35403885262915780       0.84967840261277694       0.39077244396530714     
  0.32413201881141956       0.88356901529298337       0.33800033963823861     
  -1.2028164875100323E-002  0.83544714150902455       0.54943916587214603     
 -0.21312490788734195       0.83012821718020435       0.51523287616312063     
 -0.41916947638580243       0.83971048667846304       0.34522926965815837     
 -0.50491476928757217       0.81998773203976028       0.26959450116733097     
 -0.18702389820774348       0.84642733118708435       0.49858082044814639     
 -0.19197960895069766       0.71140320506154564       0.67605422088423672     
 -0.36892257348653607       0.62230129821922919       0.69038918662361337     
 -0.34514364000904540       0.73944709171729983       0.57800853480919345     
  -7.6357409272621579E-002  0.87021159642808388       0.48672510053555734     
   4.9742075676462091E-002  0.86366636513505335       0.50160356422364294     
   5.7697508170277578E-002  0.85924991498354908       0.50829182676072393     
  0.10249848198604829       0.87878330866304266       0.46608363799413555     
  0.33084485205585912       0.82289574301427071       0.46193536344081049     
  0.48053746081119392       0.79881575988650499       0.36190762704615265     
  0.60267348399798970       0.65790880491077774       0.45159791419653411     
  0.32379348243438788       0.75817783107400516       0.56597186961985990     
  0.29115063321034773       0.62994590382574178       0.71999962988494892     
  0.30469165548029492       0.72984892446959104       0.61195060464983619     
  0.28338529594282702       0.74900119358704664       0.59890732676152791     
  0.34728778469664590       0.65024292665782712       0.67570358215120707     
   6.0214504002703152E-002  0.48830273061071278       0.87059442726557601     
  -5.3721834365902450E-002  0.49370868284031139       0.86796641697736510     
   6.9341942407296298E-002  0.33008081168246656       0.94140233310855226     
 -0.19591382055281756       0.31201196631272526       0.92965924283800638     
   8.6864321764503663E-002  0.44210983911456719       0.89274491304206216     
  0.26219022857847640       0.41264256897079077       0.87234304852575117     
   7.6749931712436298E-002  0.64585271700008640       0.75959444174226065     
  0.11520121645133252       0.59114801995411881       0.79829361655503561     
  0.19452178143477958       0.57981559938455285       0.79118591194344801     
  0.19913268044549534       0.61902568625503840       0.75970611116085962     
  0.32598103924881988       0.66867242658449866       0.66829151421806510     
  0.26981820011335345       0.67881508750090891       0.68294085825105577     
  0.32545464998135365       0.78064858541367743       0.53354199169056149     
 -0.11733026600739487       0.80231885747687937       0.58525042470352917     
 -0.27204061412566627       0.69735376896827161       0.66309247105656821     
 -0.36886620471581594       0.73957730498953778       0.56299478946344583     
 -0.31085456532069816       0.73267481799769929       0.60543955131074823     
 -0.51042904150881230       0.66733509933095070       0.54233389971986379     
 -0.66190270903905302       0.62072981689552298       0.42021339600690871     
 -0.50165812230223028       0.85593668139952217       0.12534562522508144     
 -0.35044430161095957       0.90803342184984281       0.22948659279375888     
 -0.17795727615638537       0.95797699010805448       0.22496954079725681     
 -0.21110302678313889       0.94173257091045415       0.26186881633642389     
 -0.21894463526151717       0.93610236349677922       0.27527370333167051     
 -0.23062782017352582       0.96311539363658161       0.13863458119208855     
 -0.40789132051598109       0.76889527196513618       0.49236646047172589     
 -0.47822197167095720       0.72988332687281132       0.48844045180995244     
 -0.45945778373237239       0.72897677261581006       0.50743611416060841     
 -0.25887760480287869       0.75469857292287679       0.60283700098764059     
 -0.55970819115930814       0.48740505449452948       0.67019627990789055     
 -0.52552362052576518       0.24292294719579385       0.81536088083451808     
 -0.65495718243845691       0.25202618805343180       0.71240009103562141     
 -0.62836492143138367       0.27430742098678340       0.72795121011378328     
 -0.52961828848264469       0.21410519244117635       0.82077002569198854     
 -0.49326042686245708       0.35943237660018862       0.79215056519771121     
 -0.42981892431648372       0.56841957846707880       0.70153750798859016     
 -0.50740379781243838       0.51916145945197967       0.68775923475100453     
 -0.44128281450101614       0.59639678241854499       0.67050753578680655     
 -0.66997601900934789       0.35042310086699557       0.65447366970044618     
 -0.67708829487352717       0.28469785479092963       0.67860045123975221     
 -0.62741940424462783       0.42576276732276475       0.65197465989030601     
 -0.50849955574722572       0.28307851798572164       0.81320031631815659     
 -0.70105053121652094       0.17695696732329119       0.69080705294373013     
 -0.75103895663245290       0.11694452726982331       0.64981879255846176     
 -0.75792747064684240       0.23950361529105763       0.60678164730112705     
 -0.71879855431659789       0.27908550077345101       0.63674164428787960     
 -0.77382132295740791       0.38052079342255002       0.50636398559690576     
 -0.88258214920475875       0.28569783531716275       0.37339723726914609     
 -0.95596030694426082       0.28586322427993083        6.6498936467442482E-002
 -0.87103436349782537       0.49104741091021920        1.3098772628934136E-002
 -0.82039458347032956       0.56616418697261928        8.0067726346108536E-002
 -0.85358479670737808       0.39891142144792030       0.33505622314546507     
 -0.89448416628453087       0.42517710368590650       0.13828415226495822     
 -0.87250693758409381       0.48156872442613269        8.2602708928275925E-002
 -0.86747643094057225       0.47339631231729251       0.15290707389484731     
 -0.87595146363691001       0.45525867915843443       0.15952607436856606     
 -0.85225259520806840       0.49345705630770015       0.17368260575334799     
 -0.94017179015304264       0.33103538427057461        8.0576543493374786E-002
 -0.86041214297115687       0.50196722094277413       -8.7862695877280905E-002
 -0.83494833857606654       0.52605116962033205       0.16165221572928082     
 -0.80540585666282549       0.59263494790445770        1.0257903078911883E-002
 -0.77903576403796826       0.62577375909717603       -3.8864904159505290E-002
 -0.86922908708430857       0.48201118416274025       0.11002732619060711     
 -0.86235337540068568       0.45814184536516700       0.21552889704290790     
 -0.89356096711487853       0.42522384088308746       0.14399126082306890     
 -0.90336660819538850       0.34136255592231729       0.25961582504116770     
 -0.82030738170643203       0.44485872423811129       0.35943916729707182     
 -0.89261959725387030       0.39609159642640035       0.21527122854375508     
 -0.74321941294208216       0.65609954942147519       0.13098963880795578     
 -0.72730335766837284       0.64915559002045409       0.22277083711650522     
 -0.84304535103286393       0.51017381175590681       0.17028569493744306     
 -0.85168485013519502       0.43648718074693643       0.29002044254462700     
 -0.83134374519875920       0.45902820071107686       0.31330606165670938     
 -0.68970672327210747       0.60548131079288203       0.39711083862535668     
