  -8.4309845469999048E-002  0.32246342094852187      -0.94281980892804340     
  -2.6679700716678120E-002  0.49276845464741625      -0.86975136888317228     
   9.3074969700344568E-002  0.38536894034706581      -0.91805655045381473     
  0.31697635402697699       0.36478317941783139      -0.87547656907634985     
  0.36659013715662586       0.50660808328493223      -0.78035884136081557     
  0.37547629060073900       0.57896528254141189      -0.72375186135065805     
   7.2361587139233255E-002  0.74217612819649503      -0.66628702181725463     
  0.30185104938297669       0.60368364656473372      -0.73786990645831951     
  0.12091658414791814       0.69576417686316894      -0.70801934286570234     
  0.32247091110969861       0.71986733428895033      -0.61465724799432486     
  0.50827618349867387       0.60069676387191029      -0.61710511192337369     
  0.65867486010598664       0.48235677531583565      -0.57747672677896111     
  0.79245932513950912       0.50051989422664800      -0.34855136419597699     
  0.74268107266564676       0.54970543461725963      -0.38242484157875145     
  0.55851300747037547       0.67687704440582941      -0.47947960044503291     
  0.55257308357747836       0.58015684388705413      -0.59839871640636377     
  0.57855492026467326       0.57977925303487987      -0.57369872057374571     
  0.54993845550741327       0.50774933999515681      -0.66314274699249309     
  0.41340833711738717       0.63609244980097401      -0.65152125223065149     
  0.76514609486555651       0.47096530805142139      -0.43902520670700523     
  0.70304287399036536       0.46554287326200827      -0.53758771422569951     
  0.66745456440676332       0.40017099760144564      -0.62798692433153602     
  0.54964099351113527       0.31049524213117907      -0.77555624094332121     
  0.51193513338139873       0.41524593383049857      -0.75199284148666512     
  0.35244613297303784       0.39755055547331392      -0.84719258683922616     
  0.24352601608033286       0.59892013039408076      -0.76288253152164220     
  0.34029672709351999       0.49664744061287625      -0.79846067984733504     
  0.44528256439452085       0.34315432306629057      -0.82702391042051571     
  0.16531285214983205       0.25812427643817853      -0.95186318283011551     
   4.5759177551623509E-002  0.25393417900977616      -0.96613846336873244     
  -6.9014841625974196E-002  0.24779311882755065      -0.96635165540147838     
   6.7638255268188785E-002  0.12977118736294166      -0.98923430255668665     
  0.27221522332273163       0.25883330365745566      -0.92677084174521818     
   7.0804577988158285E-002  0.24949325307969950      -0.96578456624843856     
  0.12009948005295386       0.23176888625027450      -0.96532859600105936     
   9.8050091980123127E-002   8.2700718857424763E-002 -0.99173926541364421     
  -3.6722808977891326E-002  0.16530226683298108      -0.98555902709108612     
  0.11365883176114447       0.56315715444944670      -0.81849599226580649     
   5.4482190464570431E-002  0.60617983385462082      -0.79345932469805225     
   5.6028857021021762E-002  0.58216639817037186      -0.81113688858442290     
  0.20872436656297205       0.52051221697625094      -0.82794998084511873     
  0.33595572830272769       0.63485539602713215      -0.69576747175759412     
  0.12868292048870122       0.45694840522648866      -0.88013570597700552     
   7.8634909787683144E-002  0.16669524072049582      -0.98286786888367039     
   9.1396523573341271E-002   8.6623344355679754E-002 -0.99203985388267246     
   9.9390383414373812E-002   9.4321417963839860E-002 -0.99056802986883141     
   2.9492148941992660E-002  0.42914235423512992      -0.90275525639707088     
  0.23124223859744358       0.46190927169594825      -0.85625162879261385     
   8.2010061023710563E-003  0.36986264335817542      -0.92905025081921455     
  0.13617188385960341       0.32318011191324530      -0.93648909940802549     
   7.4767325716282723E-002  0.49062499190306263      -0.86815722327560374     
  0.24265655113525264       0.63758672596237909      -0.73116411637052703     
  -7.0165786027345689E-002  0.76919635204993553      -0.63514859242892974     
 -0.12765611310234115       0.81996631888451788      -0.55799565650888749     
  -2.0305467102119824E-002  0.78632490604399219      -0.61747941677503426     
  0.12588008024254752       0.64473256061558670      -0.75397223468795327     
  -6.3167384063196066E-002  0.56409059131295458      -0.82329319588038885     
 -0.12347737581689926       0.46999230368469819      -0.87399117394780579     
 -0.35573573045366108       0.38731730574945927      -0.85055122993600751     
  0.10403809809499344       0.37719857087549813      -0.92027023872034619     
  0.14045306672639224       0.23746476929471702      -0.96118854518302677     
 -0.11694853982022479       0.10618860919454910      -0.98744469126700529     
 -0.17865599606363405       0.13424089837620695      -0.97471093985537594     
  -7.6958866318238769E-002  0.16385036699747144      -0.98347871869704151     
  0.23948060558653597       0.23199853768080481      -0.94277553959676474     
  0.31337905952075873      -0.17065410318530441      -0.93416847630392297     
  0.33109610104076515      -0.22024202456133096      -0.91753409881751191     
  0.36387760434380206      -0.20900528718402533      -0.90769481599615087     
  0.58976381261023980      -0.25636151064775980      -0.76580508041798245     
  0.76433878317587300      -0.14753251103166873      -0.62771042903725638     
  0.82252140048546318      -0.27052612332129122      -0.50027408722048738     
  0.87796862190409386       -1.4648981256996136E-002 -0.47849399818621546     
  0.90387903409276227      -0.10791520223781255      -0.41395289690207915     
  0.74930264791006995       0.23246836064277998      -0.62008386782369518     
  0.67216932535488005       0.24045638908832334      -0.70026360964906120     
  0.80176123717274927       0.27797276515928387      -0.52906527045071150     
  0.78420730015058149        5.5991670207133422E-002 -0.61796750987256899     
  0.71476784198073617       -1.1161789256952104E-002 -0.69927272686051711     
  0.63243884698168717      -0.14740011997564598      -0.76045664535183488     
  0.59401001124331199      -0.21634965474816059      -0.77481929082411538     
  0.65956018909450220      -0.12623482275663078      -0.74097579345437314     
  0.76553986246662142      -0.13574956298955607      -0.62890442447390560     
  0.83627274886371972      -0.26393353188898411      -0.48061104882488886     
  0.80813798878929100       -7.6270908400627696E-002 -0.58403402264545001     
  0.75647401147484228        2.0788860775992624E-002 -0.65369327152026080     
  0.74019981099733423       0.21885218440440696      -0.63577351406059790     
  0.79623778435129411        7.4342551782980743E-002 -0.60039868068291735     
  0.80301790040703525       0.19082550842972207      -0.56457760933151635     
  0.87533331775202661       0.28616210749900323      -0.38974713734039429     
  0.72787686780747607       0.54500526263124127      -0.41613042308284237     
  0.61634431422129454       0.62064411660302310      -0.48468604978191293     
  0.57994398155192606       0.70494345852088314      -0.40831323582559109     
  0.55866292193761069       0.79939439010340674      -0.22105281885419545     
  0.50643794977877754       0.81568043119243794      -0.27961766252089859     
  0.61854530363148619       0.77284811118255126      -0.14180093228517865     
  0.60082011608381503       0.79901367308052096       -2.4338001960768154E-002
  0.62097126236251698       0.78367578941372917       -1.5714592157295496E-002
  0.60497464895160447       0.78328334513143738       0.14308345594662983     
  0.43877634527088621       0.83835043309719981       0.32348704789612048     
  0.44320111230120279       0.82543699257342795       0.34960913224107315     
  0.53932291836381918       0.76856923927725751       0.34413967246500327     
  0.63258566188722387       0.60007879782985662       0.48963334932360497     
  0.62337109110765132       0.61234475610811334       0.48625341380624831     
  0.64386486945203869       0.61104765123295723       0.46049842324186602     
  0.52817736667576698       0.53473413245764090       0.65961206547208273     
  0.47596752359322109       0.71155644890288583       0.51685813963734517     
  0.27222070582649133       0.68319281345160143       0.67760125956754569     
  0.41658125327897466       0.38366555092413168       0.82417280011575755     
  0.28916576593630899       0.25961851462915653       0.92140185949041353     
  0.57923589825751021        5.1722064365798265E-003  0.81514355941182381     
  0.48487240494591710        9.8833165850346183E-002  0.86898259835862879     
  0.69375099736589174        8.8198806416615677E-002  0.71479404320452467     
  0.77857521786250239        3.9796771089259386E-003  0.62753867793198392     
  0.95141234653838402        4.2855086943409067E-002  0.30492292202712262     
  0.89323239102526375       -3.3686800110824491E-002  0.44833145676130226     
  0.92431520436989245      -0.17558711416219908       0.33883708225485548     
  0.93623064533593670        4.9159532028853883E-002  0.34793033662602452     
  0.93632715771463415        8.5301963183345257E-003  0.35102519778067226     
  0.90229939069603993       -2.5452674623491461E-002  0.43035795671072524     
  0.70699368729200718       -5.1054926006178350E-002  0.70537459598425900     
  0.78742700499403939       -9.5543280545639774E-003  0.61633385970735843     
  0.87725134488309753       0.12315771881774570       0.46396363456266143     
  0.87276126732052772       -3.6708995767201810E-002  0.48676505615647780     
  0.88399710901323836        2.5886832832755821E-002  0.46677508839082521     
  0.96659377009955350        1.8480639625496247E-003  0.25630659036488579     
  0.98022198712321285      -0.15510346351095686       0.12291367526548332     
  0.95543342961335087      -0.26657837146495239       0.12681850592327890     
  0.93036548042952449      -0.27904790308297445       0.23780736029469138     
  0.84185660377128912      -0.26543572960078438       0.46991630333297457     
  0.82760226964519112      -0.14454012141308112       0.54238605861521083     
  0.74292829654744352      -0.13981431559154311       0.65460637282637602     
  0.72758203578231473       -8.8444257155575828E-002  0.68029552003755411     
  0.68754057795066426      -0.19597133606593120       0.69920182287514865     
  0.66097399710810856      -0.35257069435906335       0.66242530192182281     
  0.79894108415218934      -0.37380031472871367       0.47113317518791509     
  0.67358836087558804      -0.56643026835241528       0.47480045407230603     
  0.52160303365488492      -0.71426570909320897       0.46664201707065467     
  0.46958710222170907      -0.76132467239645907       0.44707124334681503     
  0.32549155537345398      -0.90522780220095600       0.27316272348757642     
  0.34793154766509082      -0.78336764414627491       0.51505220341655311     
  0.36005543962684616      -0.79099237396168287       0.49466265750486116     
  0.20645015461676686      -0.77972389266994580       0.59110826830499630     
  0.32437613827774470      -0.68693045385066420       0.65031274975097664     
   9.8141279940173812E-002 -0.75471351184897972       0.64867233963261295     
   6.0856785437387373E-002 -0.73866646819430470       0.67131833017704345     
 -0.33069922832660414      -0.80856955012231713       0.48667576783661781     
 -0.28956536011521894      -0.82042505527516107       0.49300571081706679     
 -0.40766012446193667      -0.70839846303834242       0.57618125662743769     
 -0.39564160316813790      -0.78139684125404063       0.48258335893491411     
 -0.48237287630424169      -0.78496771165605206       0.38876998323388767     
 -0.44542596761381437      -0.76840241334651183       0.45951435074294811     
 -0.32782298707771379      -0.85046308754367284       0.41139351704830091     
 -0.39055955970956746      -0.90767312186845683       0.15359926483264841     
 -0.50456848486916417      -0.80418435362718543       0.31416264809515948     
 -0.52198435443544333      -0.73630222863795292       0.43057097188211413     
 -0.32291916569352275      -0.81624673896626976       0.47902450204027308     
 -0.30782479305855143      -0.85695375017112707       0.41336928628801062     
 -0.48450372258647012      -0.71429148722944913       0.50501862745010140     
 -0.60740180734710159      -0.65604046464070931       0.44796646435373277     
 -0.70245874846218759      -0.55658317452993744       0.44358412566185745     
 -0.62905913956558190      -0.67722550482768251       0.38164147382072966     
 -0.48815580641509149      -0.76558194925743928       0.41903244222202252     
 -0.71898157154478404      -0.55939236482904131       0.41248719004366158     
 -0.59870678751377948      -0.68540029744107178       0.41445942485694381     
 -0.57124507467559815      -0.51565412534804334       0.63857645405276076     
 -0.59368334917147936      -0.51035523064018273       0.62215562319639539     
 -0.73041874170214005      -0.45588064505173270       0.50858755316818971     
 -0.79789954178702005      -0.41824027807794162       0.43408684731224245     
 -0.82437485048106129      -0.52341628180826150       0.21550290446415571     
 -0.79411876258223824      -0.46241655145769667       0.39439361538058532     
 -0.83145406316751014      -0.38813880409604978       0.39753290379201389     
 -0.76737766314379519      -0.38845034004485129       0.51013513447628533     
 -0.76572021731718032      -0.49694389304373582       0.40831276732234745     
 -0.71333581593857198      -0.56408072735634063       0.41589054656794544     
 -0.53703356884785258      -0.74230702987372987       0.40071837907775520     
 -0.50827026943267573      -0.82207186613894023       0.25663043489388526     
 -0.56876405689245424      -0.81430042789226798      -0.11585448080150562     
 -0.58448788020123899      -0.80130592935122991      -0.12760378319056545     
 -0.67971183936227708      -0.67784378836540948      -0.28021351502974562     
 -0.76089072618392539      -0.63283409783231415      -0.14340957927598580     
 -0.78265048896924627      -0.61770546372214252       -7.6799558619518454E-002
 -0.84880428798673491      -0.52674062242978192        4.5558724495949693E-002
 -0.88817506605501173      -0.34725134503066535       0.30093447029659626     
 -0.95510547555085712       -9.3463338745686644E-002  0.28113721717934714     
 -0.97290593023900906        5.6664133961820642E-002  0.22415000965479301     
 -0.98913175736489423       -5.0944138436284210E-002  0.13792411439373620     
 -0.98789338155972095       0.15077400101508789        3.6522147918076224E-002
 -0.95946771058628899       0.21356345691891593      -0.18388138081715624     
 -0.88215680171678668       0.34257173910915772      -0.32317793976160841     
 -0.85733852130860722       0.43116189535191524      -0.28119402532235421     
 -0.77822475313700679       0.47371863751121857      -0.41225827593811271     
 -0.76965477559156992       0.54482638387186644      -0.33285993728038660     
 -0.82263715539025317       0.46308566616255575      -0.32987842664580946     
 -0.74540682936594882       0.49833771654015502      -0.44275069622559859     
 -0.61610996633413861       0.66454544836004703      -0.42283313073570866     
 -0.77936430183479932       0.50095406648828245      -0.37634599545433300     
 -0.72953342613367245       0.59540317802428999      -0.33656505426501770     
 -0.90324053859919384       0.38102006071396483      -0.19743414791944905     
 -0.86368937689929826       0.47996944406497977      -0.15385055409512788     
 -0.82114609092196478       0.46531201154401552      -0.33046002674543723     
 -0.89489736057337321       0.43642647119346351       -9.3223651937220153E-002
 -0.88083303074961117       0.47127692301840857       -4.5069210897189876E-002
 -0.92062659493026411       0.38946845066479147        2.7586203870850007E-002
 -0.87782892072958407       0.44110257966354643       0.18666788728937070     
 -0.89439593808768125       0.27701250033921604       0.35116944711662468     
 -0.94067460745958642       0.26216461999972357       0.21540890162979270     
 -0.92750800352001783       0.17191033899616440       0.33192730944089943     
 -0.95086484206870314        7.5104441506992414E-002  0.30035874381102584     
 -0.89767736176456259       0.34267258955979196       0.27703943860017910     
 -0.77650794990628369       0.29878421484873635       0.55476427128076122     
 -0.78985592449062536       0.45587195207937947       0.41025404550653999     
 -0.74455575066607926       0.38632105159385499       0.54441967198625929     
 -0.52920883634974825        8.7050570231084659E-002  0.84401433977865481     
 -0.45610373597367565       0.16892249172580517       0.87374743136686894     
 -0.66814933655171616        8.0831738423419119E-002  0.73962334612224678     
 -0.73257399762730913       -2.3305044307135668E-002  0.68028833071744721     
 -0.86668284315250221      -0.19360944836267777       0.45975670836865645     
 -0.86814768110477469      -0.34363304165129227       0.35810045584736355     
 -0.92776448006565815      -0.27919767107535259       0.24759186172967898     
 -0.87717865243280246      -0.26513676741952508       0.40032500081634198     
 -0.99840791094762205       -8.3073177137866910E-003   5.5790965485304003E-002
 -0.99779318517689797       -4.9701137810148387E-003   6.6212216272304350E-002
 -0.98005597023602564      -0.14897894002760559       0.13151262537533615     
 -0.83808341449263690      -0.53814834038604675        8.9512871098441971E-002
 -0.77394648268297905      -0.56162120282131700       0.29255506573003592     
 -0.87596531678944134      -0.41244872280762968       0.25014158957761623     
 -0.75098360605264214      -0.52330084279095512       0.40271559614030100     
 -0.80991814355493730      -0.41755259593018029       0.41192527280158342     
 -0.77877206776575758      -0.45232862509683108       0.43464109491169090     
 -0.66039956512669817      -0.57704206992217455       0.48051520675272119     
 -0.77126462831761322      -0.41036867886106143       0.48656800194427779     
 -0.72047393202105603      -0.28057803310617402       0.63418710221556207     
 -0.66849677801199148      -0.31443535987002957       0.67397511990519199     
 -0.45869588234145853      -0.45055387814806003       0.76589770231331300     
 -0.18026736233028245      -0.44501817336120553       0.87719011819383585     
  -4.8728130956476629E-002 -0.52648381189401805       0.84878758536347065     
   3.2889225737980921E-003 -0.58401024720230266       0.81173962213945283     
 -0.33511891979556752      -0.65522446624510056       0.67703486500254528     
 -0.49272214344946785      -0.70888321694856871       0.50468750141394103     
 -0.38555759120608091      -0.63274009390715347       0.67155440392108856     
 -0.62793065801190062      -0.63666042437701265       0.44762327102264798     
 -0.59092498345260314      -0.62399180387276376       0.51131388855698545     
 -0.32055447856552888      -0.69861255859988936       0.63967594861633337     
 -0.56208131863797428      -0.65054073809918056       0.51074586568239999     
 -0.67366469556439235      -0.62145491274552389       0.39996208492139884     
 -0.75683035369368590      -0.61338979349646516       0.22574493784438066     
 -0.73444177363331409      -0.58410545712362849       0.34556634109943440     
 -0.50085016572070140      -0.68665225062740132       0.52693244178539611     
 -0.39182807246588924      -0.79130360562954571       0.46937124469381086     
 -0.36728365986824879      -0.91506003847954820       0.16663684818083688     
 -0.19121251942899400      -0.87994686129483823       0.43489227828392346     
