 -0.66386035966606771       -1.3583590608241842E-002 -0.74773318030585867     
 -0.60317850825081776       0.12343359994243942      -0.78799735633416557     
 -0.63069175208588935       -4.3660190678690466E-002 -0.77480429890444691     
 -0.75603836659367529      -0.28162506295318862      -0.59084119029996507     
 -0.64397816689466703      -0.35802063790929700      -0.67610157771899504     
 -0.68287435403252572      -0.39940303911109981      -0.61168605424152078     
 -0.58107687102704730      -0.42362481242073552      -0.69490408565429440     
 -0.48184262299967323      -0.62047967333339538      -0.61873472639004812     
 -0.50763912024289048      -0.66537858580086395      -0.54733340950165921     
 -0.51694067501272778      -0.58780467219144161      -0.62230057517844317     
 -0.35002367269097995      -0.46842697431587993      -0.81120872670927946     
 -0.40392767588603418      -0.28028809335603427      -0.87079332644216900     
 -0.48108922748185912      -0.22771128492893422      -0.84658178926610683     
 -0.53002972924705849      -0.27677419193738351      -0.80153885295209948     
 -0.62489995952996891      -0.12898163112734262      -0.76997647977797001     
 -0.71675354577173600      -0.14599895534960433      -0.68187143924683968     
 -0.68164005970409014      -0.12795260243813331      -0.72041304856034005     
 -0.64218142766678532      -0.24502026379711184      -0.72633882196174737     
 -0.41016935867912113      -0.17298108725858732      -0.89545443248204093     
 -0.24126851255615525      -0.19239941557645726      -0.95119502192498173     
 -0.18875909788623224       -9.5230405487906580E-002 -0.97739509556568394     
 -0.10276552272155207       -7.5277404595245040E-002 -0.99185309380839182     
 -0.16290328698402595      -0.16138651068206120      -0.97335343696920951     
 -0.15495271208739450      -0.31641112910273822      -0.93588121810240421     
 -0.12410239721385823      -0.55252692621130295      -0.82420421669473354     
  -2.3609643492204437E-002 -0.63883450303080658      -0.76898183494255823     
 -0.24634590313086629      -0.38628927298107674      -0.88887248443773981     
 -0.24584751637286403      -0.30231957021875949      -0.92095704359981800     
 -0.18597756034130941      -0.16222665848986206      -0.96906906788154856     
 -0.52940754417305569       0.14929914936781133      -0.83512718562548616     
 -0.43706078617997385       -7.5208950971120292E-002 -0.89628203311104382     
 -0.35972992570172990       -2.5584108239346197E-002 -0.93270565236859804     
 -0.32860454527146565       0.22650271461545793      -0.91690543301844707     
 -0.17073007680704499      -0.35377788531024568      -0.91961538087338723     
  -3.7601006352479219E-002 -0.40238562321753102      -0.91469775037941203     
 -0.13156433245641100      -0.44205065558029766      -0.88728915485673110     
  -6.9390567910975379E-002 -0.48947761373872489      -0.86925060525356801     
  -7.7640572459165030E-002 -0.47132936204445830      -0.87853319458235213     
 -0.12306744763995550      -0.33797368736789379      -0.93307458971856816     
 -0.12745832383956379      -0.14317085102066379      -0.98145630728126199     
   8.1158878905679202E-002 -0.36223844391581222      -0.92854539260302615     
   8.5079411562042004E-002  -9.3027558850336048E-002 -0.99202185813758226     
   6.3266635564186657E-002  -4.8855129567971042E-002 -0.99680013500172981     
   9.2037750043144129E-002 -0.15344474507355593      -0.98386165835265271     
  -7.4421357393648024E-002 -0.21648956937815370      -0.97344426030170328     
 -0.17904119007139754      -0.30168168073134255      -0.93644669670468450     
 -0.25768057753363582      -0.41764912554568168      -0.87130357963977390     
 -0.37939920033191421      -0.45755453968347054      -0.80417665348031098     
 -0.37895938930149536      -0.34822402934735663      -0.85739711140496089     
 -0.50438629533905521      -0.36761617318362033      -0.78131479845715490     
 -0.53174741731137398      -0.50290040852937778      -0.68142194217966257     
 -0.64937783022547868      -0.47361986525779770      -0.59497282025736842     
 -0.61403079589522569      -0.54002743045816570      -0.57561841183655627     
 -0.50839107283304819      -0.71734183805080010      -0.47640235562574762     
 -0.52808731171292023      -0.79259686565075660      -0.30481797809281719     
 -0.55593900645536332      -0.78984655997504483      -0.25898693557232977     
 -0.71675942801196935      -0.64650145271421955      -0.26132698673206844     
 -0.70306585985684567      -0.70604247292712852        8.4867090952968377E-002
 -0.78983975337967804      -0.60745391067456977        8.4574880356798096E-002
 -0.67051764742594056      -0.72793028081767319       0.14326056945031787     
 -0.51426481125512291      -0.84137772134556454       0.16617831966939858     
 -0.51071659828626181      -0.80490831831511434       0.30214426246773829     
 -0.52022902705373253      -0.70678289037798037       0.47939514524006149     
 -0.44884711293309026      -0.73814621551867832       0.50366301604071750     
 -0.42028919417590349      -0.65619257109408047       0.62671229675185214     
  -8.8836295811426561E-002 -0.64812119586703743       0.75633790597485340     
  -2.8321116281163690E-002 -0.73765184661135497       0.67458703483208604     
  -5.4808472657943835E-002 -0.83702080485671793       0.54441914327294061     
 -0.12672698657307255      -0.91193572943984480       0.39027361715246267     
  -4.8487546224962708E-002 -0.96799921255707722       0.24622445522359374     
  0.13820864960889220      -0.93488722478560038       0.32693156180775473     
  0.19840669398900290      -0.87009511852312826       0.45118651188041459     
  0.32273482341968518      -0.83320743880273407       0.44900734701799716     
  0.23027206337451572      -0.85070358090706477       0.47252322086994158     
  0.30348412690753218      -0.87722864174798287       0.37197754611306671     
  0.33778656835521093      -0.88759561477163940       0.31316810003109175     
  0.14271576067970904      -0.91575786971573836       0.37552594545176443     
  0.40130259227448062      -0.84392942260255133       0.35600471780529946     
  0.41954112136554661      -0.83663600730849064       0.35217245599045188     
  0.45033132614960392      -0.74511342594492191       0.49194276004942855     
  0.48582271893838352      -0.71773117448378099       0.49883689412226839     
  0.42573389030778669      -0.82122059542163206       0.37993076777069940     
  0.51061010925488692      -0.79341030454037509       0.33132673447198119     
  0.63414885788179653      -0.76267516854054329       0.12720775659893541     
  0.83728282368794149      -0.49749765465078816       0.22683376462545238     
  0.88211439801097735      -0.43805001504224350       0.17316573894174955     
  0.87585440383962820      -0.41017788746872552       0.25423053299408260     
  0.78778395080802877      -0.49928230260305290       0.36071266841732652     
  0.90668068654092315      -0.40360538793178541       0.12260841523399613     
  0.89024265072698727      -0.45164317068134496        5.9046330991543119E-002
  0.93458360334626789      -0.35574277287567568        7.5359345088676921E-004
  0.83708615854992030      -0.53367275651732404       0.12033350371103704     
  0.85700574662558648      -0.50738299189328806        9.0020274317508114E-002
  0.92289611177937181      -0.38504888726864195        3.4824670546624442E-004
  0.93173791397391537      -0.35545850559206543        7.4254363277481639E-002
  0.86456916932021199      -0.47277921248703675       0.17029376882652819     
  0.96719951347126243      -0.25243743679073205        2.8292077468720152E-002
  0.95069376046530163      -0.29342033848738175       0.10042847591344109     
  0.93147349125284340      -0.29790190804387551       0.20883387722577618     
  0.90211836722929706      -0.43124132333698734        1.4607277438832514E-002
  0.82056496203880225      -0.57114007374603704        2.1729225380318799E-002
  0.59736355075436109      -0.77096102692882551      -0.22085262775672521     
  0.67247192937777034      -0.70831878563690398      -0.21462991896027395     
  0.53753622396732470      -0.75567721124515008      -0.37417477243627018     
  0.68726490320047273      -0.62499389705561348      -0.37020208193933146     
  0.68317057980523788      -0.48514960426659193      -0.54580932601838805     
  0.86870359817398335      -0.31068515452433204      -0.38578335018229720     
  0.94123608532007674      -0.11520778670048473      -0.31749298822957744     
  0.98223986609685610        2.4787201732126306E-002 -0.18598505337922674     
  0.97143525368065375       -5.9723754938433959E-002 -0.22966632535619910     
  0.92702362139514294      -0.25321406517344353      -0.27660412609704943     
  0.96008282196553629      -0.18248434821571569      -0.21199159800126990     
  0.80330226810843008      -0.26628570376329802      -0.53272637443934123     
  0.75630470358002166      -0.25895536712458983      -0.60078724452194843     
  0.79963002481675716      -0.24121835300195155      -0.54991411109983102     
  0.76762581824713283      -0.29154559630359561      -0.57074667623784670     
  0.58984020336253684      -0.25582832289209051      -0.76592454178176095     
  0.50540158248669620      -0.17348260020971890      -0.84526506366025611     
  0.60993473778587259      -0.15223802068955128      -0.77769094163347552     
  0.59337664762039710       -3.2831331957508203E-002 -0.80425509491757685     
  0.74527525156945740        8.5361631690153233E-002 -0.66127013484167496     
  0.54218967422425279       0.24527526175623726      -0.80366062684145290     
  0.58561289523295401       0.29204700756911062      -0.75615215552625081     
  0.64240899289392750       0.36305996017788511      -0.67490603135902238     
  0.61407605255243958       0.35273986290459669      -0.70603483681744472     
  0.50288845665592163       0.37906340097216246      -0.77679735980871545     
  0.60438040074460708       0.37261073252779819      -0.70419143221225722     
  0.35528024749420783       0.47208701391171259      -0.80678980970050773     
  0.48177778851524433       0.43293271029076591      -0.76187888201066034     
  0.29371409474573407       0.45584577134687165      -0.84020037091934718     
  0.16177092270466351       0.53440003069921094      -0.82960639809254100     
 -0.11224209237113049       0.45205121249490626      -0.88490192336899609     
   3.2301897850101444E-002  0.49892987406570910      -0.86604016544279550     
 -0.25625255753092252       0.50010779113900650      -0.82718004328021266     
 -0.35389960061354153       0.29350186753391339      -0.88803813343791893     
 -0.35642800317165768       0.52239932647595844      -0.77463412153910260     
 -0.29974775980331825       0.37284117687279167      -0.87814619359260127     
 -0.49738482504107334       0.44751987039028901      -0.74319196808424914     
 -0.50959429161435477       0.46285622901485202      -0.72531218741752024     
 -0.65422829466648436       0.33578863099656181      -0.67766609311030479     
 -0.61668497443676840       0.41669223329803667      -0.66788264314413048     
 -0.68883745385376027       0.49014708704980503      -0.53409624153802671     
 -0.34853490115800378       0.69488836181591995      -0.62901000571349486     
 -0.12840548368869290       0.70933926424250282      -0.69307275228705112     
 -0.15088181441046650       0.73487783637164650      -0.66120287634737662     
 -0.24391524914050342       0.57735637629324643      -0.77920790934795836     
 -0.28611520103187577       0.64614970006472872      -0.70755116906473881     
 -0.44028281528361574       0.75369602967619564      -0.48794808885418817     
 -0.62112941310309144       0.67682217819954438      -0.39510756924613005     
 -0.69493667718942809       0.68871930614845378      -0.20670929353943199     
 -0.76448834270790700       0.59273021979586382      -0.25343334509226956     
 -0.82843051236077125       0.55992245095982485       -1.3774436506328182E-002
 -0.86719198471077530       0.49617275940470190       -4.2316125510544964E-002
 -0.69011346318426814       0.70514122701700688      -0.16284734536641868     
 -0.77122068104194608       0.58602227659248718      -0.24858912379805645     
 -0.74411311461545648       0.60783508479058013      -0.27718618716510229     
 -0.58448755228984006       0.77242757809675788      -0.24845510220956835     
 -0.56767666706189401       0.78065179368127680      -0.26139238454076819     
 -0.48861315350640161       0.86243933847789356      -0.13211954309061438     
 -0.66419537230330139       0.74314860886245915       -8.1084231246063246E-002
 -0.50499100272451758       0.83622033624945913      -0.21382150595838412     
 -0.46598262247658401       0.77000133341037802      -0.43584187740078684     
 -0.46983965782840942       0.74050565012534841      -0.48052271336983826     
 -0.33464549118804637       0.73991368964562776      -0.58355816085687373     
 -0.28336464245487952       0.80234151957507882      -0.52531187438758908     
 -0.33869346828936381       0.88939443856159539      -0.30702486412987223     
 -0.40789590180955676       0.89540274103003381      -0.17853533163784230     
 -0.33342174847103095       0.94063225302616504        6.3568091159077161E-002
 -0.38720313192356248       0.91522529043384548       0.11151861897920881     
 -0.53134623846651363       0.79950152334619162       0.28012227514919374     
 -0.64569504924275156       0.72048313502431804       0.25294654678236039     
 -0.61386393215573576       0.75619795986548755       0.22657386939741864     
 -0.46702345133510281       0.85348911931886173       0.23118265312862518     
 -0.28672431467863213       0.94477488535331777       0.15871226599709543     
 -0.43544094531210714       0.89851070201738026       -5.5404887023355290E-002
 -0.46158932291620264       0.87572988696927623       0.14153608034252246     
 -0.42021571988593792       0.89394803913523946       0.15580645714188562     
 -0.33343641046364414       0.91354267879330886       0.23293761868884738     
 -0.30999329025369965       0.93984917842762694       0.14348408206755159     
 -0.30330663956228943       0.94820586976275367        9.4396562145889693E-002
 -0.11177307361732340       0.99372576685602421       -3.9850094971130134E-003
  -8.4946111528704238E-002  0.94607963106712878      -0.31259796834936865     
 -0.11634213504735569       0.87938357914261045      -0.46168065624097243     
  -1.8658114065563239E-002  0.93416642120680726      -0.35634950858571968     
 -0.11821892559950080       0.96887392338831047      -0.21750311769809663     
 -0.27511832901376887       0.92612295197913841      -0.25808173677771695     
 -0.46559548674389339       0.82912527434992955      -0.30947071292454409     
 -0.30979594435520297       0.88000546240361044      -0.36002341451768705     
 -0.19759683844604012       0.88350149126051647      -0.42471237841227555     
   6.9946448399801464E-002  0.93165723702881531      -0.35654212520846862     
  -7.4892838431095121E-002  0.96096592897407551      -0.26633727884553399     
 -0.15352038938633430       0.82687295782788028      -0.54102920591755055     
 -0.13700069911666068       0.78561131149824659      -0.60336197733009755     
  -9.0769788040687676E-003  0.74963003525434180      -0.66179484638402952     
   2.5165813066993434E-002  0.85351583739337566      -0.52045883331098830     
   4.8440715422762588E-003  0.94939287145714379      -0.31405367470763318     
  0.16317775972147958       0.87109345773425284      -0.46321615540159800     
  0.18752598124267911       0.88445671908749890      -0.42728248082509690     
  0.15128897994009266       0.94833503383000695      -0.27887686917249860     
  0.17889877046145908       0.79351178474588824      -0.58166509040590941     
  0.21617680899537584       0.71787545177245182      -0.66175707249350058     
  0.11903477961675443       0.68480180359171661      -0.71894172993315564     
  0.12496014917965720       0.74001239813258357      -0.66088320581415072     
   8.9346633721252511E-002  0.95873111579102088      -0.26991077536286301     
  0.16868892586914236       0.95877961186397664      -0.22866067034626020     
  0.32727907654134342       0.94224490990548060       -7.1154309888297768E-002
  -9.3909602783629628E-002  0.99411888090790546        5.3931782165777507E-002
 -0.16866160991916318       0.98504915713534735       -3.5091585409951151E-002
 -0.30231110993095917       0.95252351524531220       -3.6151704207691211E-002
 -0.35804601628307775       0.93272326761450641        4.2782663246350987E-002
 -0.26644603857566990       0.96286384506133582       -4.3585827985416478E-002
 -0.32253348929961079       0.94655024483805683       -3.8447727342231126E-003
 -0.29123819906735038       0.94951592600758750      -0.11661825612737885     
 -0.31445546018039428       0.94894809018329696        2.4804953142890072E-002
 -0.33661362012430734       0.92943832456037279       0.15111476296290366     
 -0.32155736401518592       0.83593642574061522       0.44475965843115789     
 -0.16995307263397480       0.87476955444708726       0.45375563876928615     
 -0.18811076805839111       0.84357150727184482       0.50299249602732476     
  -1.8655802889523884E-002  0.75743321961138355       0.65264605939810616     
  0.22460715282340316       0.63406246842046965       0.73994352016974652     
  0.16519032047017151       0.70306588028178574       0.69167226777334834     
  0.18486578366965833       0.51966978135228392       0.83412706488736521     
  0.36878411916283083       0.52960906524704310       0.76387990643922909     
  0.40625135363652665       0.51651668641018389       0.75377075449269804     
  0.47024855830868806       0.42248191631133186       0.77483890183613258     
  0.36981018396169918       0.49284205177887047       0.78762119057114011     
  0.18097448941607891       0.68849924405648244       0.70229411581930667     
  -5.3093140507692503E-002  0.75080353030139713       0.65838831802981612     
 -0.14155985990839165       0.73882701548944230       0.65885920138207077     
 -0.13537075275136132       0.75097781435861310       0.64630262388516979     
 -0.30021728061679154       0.80908380670949887       0.50522567050737888     
 -0.46898113999889557       0.84124890880632319       0.26899249758625610     
 -0.61869784600538880       0.70874210082407685       0.33896549952460664     
 -0.55936518447885042       0.77671636022773871       0.28952078707337359     
 -0.48014541041221298       0.76018429177728597       0.43769878614785329     
 -0.28516000657849550       0.80304652046953218       0.52325907217175116     
 -0.22802639867685151       0.91150319984125039       0.34229501630277892     
 -0.16770002125863839       0.89990324309327441       0.40255540729222572     
 -0.20221009364794129       0.90885464936082860       0.36482092094935992     
 -0.21029481586068566       0.83646673969128338       0.50606272715192069     
 -0.11453255354676108       0.82582328856506793       0.55217586894197224     
   7.3790524612987074E-002  0.82669651528532184       0.55778833807507400     
  -2.5097232138650866E-002  0.73807521785327390       0.67425151221922497     
   6.6580067030946974E-002  0.75491102559575585       0.65243883859577989     
  0.12714092867633991       0.82617298467273959       0.54888376151270790     
  0.20618732601875403       0.82423380736820739       0.52737597345786147     
  0.27429837598776563       0.88922062737894692       0.36612440068144503     
  0.16050953926793307       0.92602368188033224       0.34163844690084944     
  0.36546834797665212       0.68791300432124680       0.62706346179074768     
  0.59562387861906541       0.63565744660589396       0.49109246155208514     
  0.46828127622554794       0.61109381220109626       0.63818257499408326     
