  0.63992592973874729      -0.21849572780116969       0.73671868537502705     
  0.65191541399995789      -0.39011958107849326       0.65024072884467010     
  0.58543017619033300      -0.34117549246135498       0.73543918317530443     
  0.70116657237230207      -0.24657638783445499       0.66900338022334960     
  0.62685673668174391      -0.30292959922766016       0.71783305133475805     
  0.63884026666726734      -0.49421236779726008       0.58960770788786276     
  0.53005850997432657      -0.41187414500108827       0.74121364307703019     
  0.39279876747047576      -0.61655737305670899       0.68232406816933266     
  0.23341675910471640      -0.73203098457856819       0.64003691626812309     
  0.19712723593606757      -0.84734463884480282       0.49310031015330497     
  0.17726209563787437      -0.86987900093137260       0.46031366826197417     
   8.3278155572425877E-002 -0.96320345111222538       0.25554620046092941     
 -0.11266388601669589      -0.91561407117023952       0.38595041321749085     
 -0.14441087660923546      -0.93190098210594929       0.33272519932666494     
 -0.13474970863585595      -0.97103663063028134       0.19730782548302539     
 -0.22289825973773156      -0.96457615719219592       0.14109997442349365     
 -0.27939218890728884      -0.94456809847252676       0.17242712120103829     
 -0.35412713849962202      -0.91179411904430918       0.20790732131026457     
 -0.27766139036970033      -0.94908158959065958       0.14882301098341227     
 -0.13757987195895269      -0.98769045853659121       -7.4426721999700032E-002
   8.7046730034819556E-003 -0.95372960548256502      -0.30053962849187121     
  0.11256133901382653      -0.96287062650378041      -0.24537746753875667     
  0.40549140869689115      -0.89009286976426938      -0.20811391272069243     
  0.53863090780498435      -0.84117169863453078       -4.8030392186868318E-002
  0.54781441990449276      -0.82723410929881402      -0.12483224646456444     
  0.42839859613166265      -0.84787838370482060      -0.31237299703811244     
  0.45287377838668297      -0.85259076157718872      -0.26075723215880869     
  0.36096876184995874      -0.91557310987989193      -0.17727784247741024     
  0.51206498313542181      -0.85890962773356305       -7.9815056980519009E-003
  0.61574171470795136      -0.78787466669925210        1.0754084901691935E-002
  0.47374039885765440      -0.85173499453688273      -0.22386945654003312     
  0.47050267029087983      -0.87706871689700117       -9.6838541345335497E-002
  0.35281906779536681      -0.84843461123718222      -0.39455977475508691     
  0.24602516582476663      -0.85321774701274855      -0.45988160863792477     
  0.36498369816688397      -0.81999924012790104      -0.44089471108431938     
  0.59781326824680070      -0.65498028441085043      -0.46219057037242789     
  0.65071995815065697      -0.67140789984255256      -0.35464766754269139     
  0.42029287817994049      -0.82232087555032007      -0.38359128533565456     
  0.51346922976289711      -0.85802527513366078       -1.1915423560963402E-002
  0.27355451955671389      -0.96067197938537929        4.7720780107023193E-002
  0.21764022229330360      -0.97264068798013792       -8.1257773324930394E-002
   4.3569823562097661E-002 -0.96238623180407390      -0.26816862476594949     
  -6.4682068650384783E-002 -0.99760224892462235       -2.4616720655320775E-002
 -0.28552848191287822      -0.95745038047941466       -4.1979220293938788E-002
   4.6198416663649079E-002 -0.99393754366864784       -9.9769061255889788E-002
   5.7569934746110343E-002 -0.99148132926612464      -0.11683525294273542     
  0.16079791345830860      -0.98625839228435819       -3.7926437696593651E-002
 -0.16817081755923285      -0.93517545722337414      -0.31171371533626707     
   5.1046458156969877E-002 -0.99582159485768595       -7.5720607003323809E-002
   6.0308594876980794E-002 -0.99691152555428830        5.0301924427837992E-002
  0.26817225215990148      -0.95785009599330340       0.10298949838366754     
  0.19446797197348062      -0.98090737471021749       -1.7117580997888435E-003
  0.19023078529835941      -0.97879846239374280        7.5932985853393892E-002
  0.30238057358833775      -0.94957922259843208        8.2857037878170989E-002
  0.12971400856764273      -0.98481451342489124       0.11538912483062393     
  0.10641595352271040      -0.98435272812681329       0.14044697029580508     
   4.3065277403686632E-002 -0.99599480597799905        7.8356418671907568E-002
   2.8905119448131816E-002 -0.97218575994606027       0.23242061489445043     
  0.11162399673734227      -0.95242402126901271       0.28359930723150623     
  0.19804395198404243      -0.97284329122732094       0.11981036598171510     
  0.28833267522245704      -0.92616772135207348       0.24305888242283463     
  0.36020280391322140      -0.90804568057367074       0.21379191295434036     
  0.33469398301287323      -0.93840126188734418        8.5924440197607851E-002
  0.48632067525283135      -0.87069268676572287        7.3392411286535883E-002
  0.32797604492656152      -0.93058136229370969       0.16263468912254361     
  0.32174596608966477      -0.92793946169015640       0.18816984015310209     
  0.28398481479317889      -0.88420947307019349       0.37084529483315926     
  0.19790627938526897      -0.92367566569407622       0.32811030033298538     
   4.8091668610667195E-002 -0.96073037198770839       0.27328436426319419     
  0.31267336229568193      -0.94706962069787115        7.2763329102579100E-002
  0.48399660271439066      -0.87003367832888123        9.3747998029527838E-002
  0.41149501916318221      -0.91118588565535874        2.0301009497221387E-002
  0.39466687048317178      -0.91345862645347309        9.9153411947558875E-002
  0.42660649643935944      -0.79899794692838344       0.42380323028516365     
  0.41629993496754325      -0.77677307225592196       0.47256529534473762     
  0.36034889051449309      -0.88399331417277838       0.29783300287734005     
  0.55287859195119782      -0.79053670064427706       0.26339511669097188     
  0.52526876147969825      -0.82246011602433644       0.21829357700801461     
  0.44006448052457670      -0.82181676515441149       0.36188459139879242     
  0.45234077697068842      -0.89182691308419726       -5.7077656184838701E-003
  0.54299605771877790      -0.83800743288379465        5.3840725603377562E-002
  0.32358246468056096      -0.94509958095961477        4.5619848983921692E-002
  0.36008372443048164      -0.89444305279861180       0.26516284939747325     
  0.10900114215021266      -0.95379721592579125       0.27998146706922200     
   2.4006656773072788E-002 -0.99094549712169766       0.13210110584267307     
   1.7754573861820583E-002 -0.98390135856242145      -0.17782826469951044     
  0.20786006650579242      -0.94856870861070286      -0.23877101540360324     
  0.17701492871031846      -0.98383304743141098        2.7170752576480162E-002
  0.20300680256541262      -0.97070159017063140       0.12855606151576751     
  0.16289881276404730      -0.94647882764513469       0.27864279215446153     
  0.20997906068333072      -0.94983885948201097       0.23176482712550048     
   9.9187703269705552E-002 -0.93454882369065251       0.34173132086263097     
  -7.8342710253470338E-002 -0.84644630900691464       0.52667928164944067     
  -2.7157096595502091E-002 -0.83369001112112606       0.55156455421048911     
  -9.5419274147415259E-002 -0.90384167286307415       0.41709158768452770     
  -6.8800384961385880E-002 -0.88780095350361254       0.45505601192302897     
   2.5294515546105813E-002 -0.85105586134580924       0.52446554543862889     
 -0.14227125782763689      -0.81381872939190303       0.56343408211350221     
   8.9646368249029010E-002 -0.82004466473763971       0.56523470920952534     
  0.16187243563257703      -0.76893879294724543       0.61849045852241180     
  -9.0266578946742240E-003 -0.75869458365918763       0.65138394835415325     
  -7.7193603040254230E-002 -0.70525285106140423       0.70474077767606413     
 -0.23325187453352347      -0.62454566429567626       0.74534305942710011     
 -0.42708627224851886      -0.31647748031807060       0.84701789857618393     
 -0.49636013582330107      -0.28008342008186426       0.82169330857737999     
 -0.37822059032148653      -0.18466662861107802       0.90710937672056258     
 -0.13269651961898923        8.4993063067929545E-002  0.98750585462134399     
 -0.28376232437962839       0.17067360586717883       0.94358331032451992     
 -0.14593060885984749       0.23252883374800443       0.96157922131966400     
  -6.7344538048907679E-002  0.30029393572984520       0.95146637636807441     
  0.14624620243875266       0.40509577036564787       0.90250178121941804     
   2.3560289171366416E-002  0.57254559196170096       0.81953429330292560     
   4.9492057567028618E-002  0.69885501183766596       0.71354902331043812     
 -0.22470742856118353       0.51962698148488917       0.82431448589871992     
 -0.18574287584852861       0.49536610428878408       0.84859413549315443     
 -0.22794708710374276       0.41057019743389606       0.88287724993915517     
 -0.15104922265870838       0.30796099688556877       0.93933176073821789     
 -0.14409207224108903       0.36003426179767734       0.92174443586560906     
 -0.25290630588814622       0.31557131216049883       0.91457812535805250     
 -0.12579813711689108       0.53199103472259202       0.83735319171355793     
 -0.28255700510720150       0.53100444500465049       0.79887159058911228     
 -0.39468912521206884       0.62003862215475714       0.67806533717329420     
 -0.22315854552510273       0.51645747774696094       0.82672361599179156     
 -0.29267156534333233       0.42393888476109420       0.85709928061288687     
 -0.40470172210935840       0.32888288875315463       0.85325996132906390     
 -0.23845174026542673       0.38557212226581283       0.89133321832856338     
 -0.31638722046693002       0.21438101771289378       0.92408868945022571     
 -0.33557087294369636       0.27941695142404532       0.89962122945653133     
 -0.44590344386384911       0.40636982589655224       0.79751719940783616     
 -0.42531386657293291       0.47757267210132909       0.76878635378294879     
 -0.24116055813368076       0.55802077768637171       0.79401158484686651     
 -0.31015881096049458       0.67368969985458071       0.67077842861373549     
 -0.36410811665341825       0.77365299582423275       0.51854249723567014     
 -0.37429681423034977       0.71709659976483531       0.58794078057474886     
 -0.54009957628961069       0.61980651696148459       0.56932620633874398     
 -0.55630562932038885       0.53998189035550515       0.63161982622037138     
 -0.78039792005563646       0.37764941158877574       0.49835730986877669     
 -0.79369178901508675       0.30215990430479145       0.52797039337519158     
 -0.77576168059976713       0.35850650513909937       0.51929461838742241     
 -0.76998967266504736       0.33248796705229250       0.54458025648634067     
 -0.77386818122013123       0.28399475125371204       0.56610513100972548     
 -0.73841730313584053       0.53731835304622821       0.40746640832030373     
 -0.81417992038737852       0.26876511299982137       0.51466141420578204     
 -0.80638678965385602       0.23858266558984187       0.54112720976857986     
 -0.91333388101979041      -0.13527408427142856       0.38408611522149100     
 -0.95775549475316446       -4.2405272435174869E-002  0.28444016091254093     
 -0.96426310956006034        8.7441550593918935E-002  0.25010124104324089     
 -0.97947461721165419        9.4917672109334841E-002  0.17782044246819628     
 -0.98639085620412137      -0.13882545759394033        8.8094103780371108E-002
 -0.98611862521996563        3.5847142340410037E-003  0.16600363495532372     
 -0.94931809002189382       -5.4520136894579060E-002  0.30955244891670280     
 -0.99304096622079385       -4.9604484573916592E-002  0.10681308214657460     
 -0.99122065179103580      -0.11612761905164361        6.3213887370103028E-002
 -0.97280513552982906      -0.18056657178783539       0.14507198709495125     
 -0.97671941800768303       -2.7546033146272225E-002  0.21274490486199019     
 -0.94546960365825894       0.24494274836440469       0.21468646576383957     
 -0.96811517213990672       0.24860649881467389        3.0786721484199003E-002
 -0.91963166747365388       0.38921183821752192        5.2836929993615098E-002
 -0.88718549355783316       0.43188336649135578       0.16241507863723342     
 -0.85681811337718738       0.51420727218361317        3.8126130439975911E-002
 -0.83409347571391934       0.49215377973022617      -0.24914399625297157     
 -0.82945135671782355       0.30584717786731308      -0.46740555263036182     
 -0.85699706830457445       0.39041160152652338      -0.33635517880810051     
 -0.70923016907808656       0.48810755513599363      -0.50866844003610490     
 -0.54904962228438925       0.38766897670516176      -0.74044397274199902     
 -0.43825220891585592       0.39255548967414305      -0.80860075989773261     
 -0.61155568791907755       0.31910531733015601      -0.72399684876772419     
 -0.58366012825587443       0.32817295411834180      -0.74272698003353210     
 -0.76119513160919561       0.17632407530328786      -0.62409277522099105     
 -0.79647052367389382       0.21877120793528088      -0.56371434565505352     
 -0.66164402242451459       0.47700162548445324      -0.57852971995850855     
 -0.55643467413995007       0.37771494706551451      -0.74007558544935159     
 -0.30267296638671648       0.68012819639148903      -0.66769357634482940     
 -0.34708575579385270       0.67934420962606368      -0.64654692248341339     
  -9.0757810288459251E-002  0.78728122208735041      -0.60987810029580225     
 -0.42199218687497114       0.57480454025970806      -0.70108653867655213     
 -0.32088015751605914       0.61889258805731118      -0.71694343497955126     
 -0.37332523274546120       0.68618075210394913      -0.62432703452419525     
 -0.50554862953937751       0.67616327458795000      -0.53593265366977783     
 -0.48818781240705567       0.45564920330591357      -0.74434969157241826     
 -0.43280787967409634       0.40107829368268455      -0.80734970219150892     
 -0.51846024541153846       0.41157451044711574      -0.74953678780840172     
 -0.41048115548121428       0.42676481806751237      -0.80583932086659638     
 -0.56866888803137272       0.52018986249791732      -0.63719557652236025     
 -0.56059210200178222       0.56850865748322887      -0.60210829718579406     
 -0.32337155297214165       0.61423476058469917      -0.71982393515213627     
 -0.28555805020333702       0.37548978259346238      -0.88173920358127278     
  -3.8981563878551853E-002  0.40711177104925372      -0.91254613228636916     
 -0.20172323290844829       0.41649791138338382      -0.88647460601997408     
 -0.21897052112596066       0.53595536175079561      -0.81535499084047680     
 -0.13736700836498028       0.59346600953079354      -0.79305006181487447     
 -0.28526332056987008       0.64020412707753638      -0.71327660385748193     
 -0.25298304575064345       0.55892145369567281      -0.78968752501325101     
  -9.6523103475432401E-002  0.53327873091708333      -0.84041482950207824     
 -0.12616082977251425       0.45103302985500138      -0.88354550024940426     
 -0.12745810584584194       0.46044504685652898      -0.87849006259579820     
  -9.6604588461310148E-002  0.54390921446238960      -0.83356482645999763     
  -5.2125508562297147E-002  0.38360993229785123      -0.92202296674195783     
   2.9602096952475482E-002  0.60304095698899118      -0.79716078682403790     
   9.7055647457365529E-002  0.42097096613035523      -0.90186675677287031     
 -0.10354488183553776       0.11609999081061526      -0.98782551575647037     
  -5.6481262352596207E-002  0.15389994176693628      -0.98647081808198445     
 -0.14980790866338906      -0.19078891766566744      -0.97013255764249984     
 -0.13099424679360744        7.2072252160603062E-003 -0.99135693027881433     
  -8.3164721745974918E-002   4.9643510350902642E-002 -0.99529852352802217     
 -0.20187293669932596       0.16130763289299055      -0.96603683418338282     
 -0.34541928838036762       0.21499181902280218      -0.91349002893746523     
 -0.22609494528928367       0.34865198800055597      -0.90957290360808096     
 -0.16726839024819173       0.50679991304985128      -0.84568027868485907     
   1.0149010404562064E-002  0.24922040784794344      -0.96839361103840005     
  -5.1780021204568920E-002  0.20063160798316679      -0.97829739204510091     
   4.9006104741417991E-002   7.5768480507568153E-002 -0.99592044815825820     
  -1.3164631672065184E-002  -1.7220879760639643E-002 -0.99976503928343996     
 -0.17580538408710156       0.13018693860062358      -0.97577857526385214     
  -5.5366822871464119E-002  0.14821101153496366      -0.98740468450630692     
 -0.28803231136641716       -2.5924323881634834E-002 -0.95726972011046119     
  -9.3512620880038172E-002   3.6181767899637431E-002 -0.99496043610184515     
  -2.1954762179889765E-002   1.3928704595189433E-002 -0.99966193265828407     
  0.28264752856041647      -0.16731792206695578      -0.94451844214607372     
  0.40595238705066783       -6.8946739044448979E-002 -0.91128974899483028     
  0.52561511022142227      -0.12764203501278445      -0.84109230575772687     
  0.41896433043928016      -0.33283265203774243      -0.84480253051064702     
  0.31989497469092187      -0.46021127653619553      -0.82817436939121702     
  0.34453919871488009      -0.42579649032631800      -0.83665410378174365     
  0.35503892129058578      -0.35737088215241636      -0.86384802885606982     
  0.21009464909760514      -0.28056848775844889      -0.93655836021978411     
  -6.6770699301354139E-003 -0.51051509559579122      -0.85984286582265523     
 -0.10535322651078252      -0.54374904125284818      -0.83260895851564298     
 -0.19511624004079225      -0.32172517172521004      -0.92651096418274026     
 -0.21773456746883391      -0.31340756790136143      -0.92431994163896347     
 -0.26737646408094640      -0.33112292684184769      -0.90491294264990951     
 -0.23627854225711867      -0.21858309646157409      -0.94678079850104235     
 -0.39634319454662498      -0.29195033919287461      -0.87044647829829491     
 -0.15562481178035525      -0.39941863747394096      -0.90346315364647245     
 -0.27944842831198574      -0.62701068875816068      -0.72716309869044582     
 -0.17827587560814351      -0.66039616809042734      -0.72944815672378549     
  -7.5555039611451602E-002 -0.55322009359811408      -0.82960168998662454     
  -5.8737022120429930E-002 -0.67757485460088596      -0.73310454823657500     
  -7.1813308325900008E-002 -0.57668213188547124      -0.81380622233523248     
   4.8727636114222157E-002 -0.59430393751452226      -0.80276300819951241     
   3.2035926832219175E-002 -0.47288317191706108      -0.88054256291778843     
   9.6946955288560246E-002 -0.37277314413625501      -0.92284422893093976     
  -4.8210901488223823E-002 -0.16360559867487837      -0.98534710486203780     
  -6.6751179384153064E-002   1.6753974588651611E-002 -0.99762898132841960     
 -0.13670513127620529      -0.12698071002404979      -0.98243961970424476     
 -0.10731679251580185      -0.16581271093354311      -0.98030059213338372     
 -0.13274032703084657       0.12412704245007553      -0.98334759007810302     
 -0.16123050062349570       0.21729457180543324      -0.96269818465218437     
 -0.31241859369174685       0.11490617048708632      -0.94296934960777934     
 -0.39856267022020908        1.8556971387341671E-002 -0.91695334489814384     
 -0.25660417202410973        7.6297948837902613E-002 -0.96350034867815826     
