  0.32278610747582603       0.63349205715864843       0.70320476558224543     
  0.55572848661639185       0.60669897440409715       0.56840320514586751     
  0.57564952188087326       0.60140488840332984       0.55402146904512173     
  0.47060573442591702       0.73275380893093223       0.49153036347993717     
  0.47510339211131192       0.72106868861491213       0.50431806739752483     
  0.19546483071859014       0.85280249283426868       0.48427410437464563     
  0.43932257364595911       0.79355278152712772       0.42103403569752057     
  0.57298967440844439       0.65496459374937710       0.49265019431242696     
  0.55047884587858664       0.75460222696312629       0.35713935557773641     
  0.74585708820106855       0.55241548318656275       0.37220201224076599     
  0.62242806158203223       0.48969727414658326       0.61055703079129775     
  0.35585115855106308       0.69880379677668736       0.62051849816776627     
  0.65917190081694510       0.51952212958526689       0.54368112165552429     
  0.45049081521168782       0.71958410433136211       0.52844748291912713     
  0.51689190992987877       0.77133463813330649       0.37130261171295814     
  0.35645213816646903       0.82329705731984182       0.44172822935047573     
  0.34110838682041411       0.77844498729415479       0.52694256821539021     
  0.26085513484776129       0.79866572902642907       0.54229848967365790     
  0.25374025468469702       0.92987559704691281       0.26635926334420112     
  0.20887021026204539       0.96958582483221689       0.12757963610844342     
  0.26669343734971551       0.94731258489480497       0.17740765759834926     
  0.28096764109648920       0.87977864719639065       0.38346670858632637     
  0.35898176885636002       0.87757887024808223       0.31778517291233466     
  0.38050338904552183       0.90044125397074859       0.21076697813593503     
  0.34332004638224234       0.87537205909336613       0.34037494606793750     
  0.60974084564750575       0.69276648261237062       0.38508531745309571     
  0.62984849461960690       0.65558816365929740       0.41652735023681425     
  0.53449323765036216       0.61354496176072748       0.58127408234333844     
  0.69140053916653199       0.36383912241231176       0.62416855691591988     
  0.61328968895395752       0.27709317944537737       0.73965879115143074     
  0.62602234151190317       0.20571429864483701       0.75218192962941510     
  0.69299639145902792       0.16225827247163424       0.70244448495189238     
  0.58671694542081088       0.22698828339082180       0.77732846671100275     
  0.49113994255476351       0.18206944185672305       0.85184052214557771     
  0.56427271132081236       0.19718336259754096       0.80169509713691112     
  0.58764798558595754       0.13182646644347154       0.79830547272441066     
  0.50428359066754425       0.26575878786786505       0.82162663470364494     
  0.52775480336980296        6.4886003559485234E-002  0.84691479740418085     
  0.55523499974963986       0.10165256422245306       0.82545796455062836     
  0.39745900986245025        5.1469180248101008E-002  0.91617534291413882     
  0.46821621487085802       -3.6381642482809055E-002  0.88286462848064240     
  0.40099110058756621        7.7026729278213718E-002  0.91283789372830937     
  0.39015535876442514       -5.3622863287156763E-002  0.91918626216908472     
  0.54629127015044332       -8.5517910580942075E-002  0.83321817978685520     
  0.60795096556442085      -0.13027222346674400       0.78321438397313115     
  0.49140711439663376      -0.39510985627249229       0.77614898659780118     
  0.37064712387710741      -0.63841373472716056       0.67457291145840992     
  0.35434508003774945      -0.57549397880229525       0.73705240289647789     
  0.38598193071219988      -0.31036119896424319       0.86873118704309804     
  0.21328833619514920      -0.33900368003014419       0.91628848654186346     
  0.13381463933605586      -0.29770950622703529       0.94523155480630883     
  0.24824970160858584      -0.27198085348700901       0.92973033777962200     
  0.37916365318820056        9.2023374000394745E-002  0.92074243018267354     
  0.54482460089103080        2.3920599127575201E-002  0.83820878019824108     
  0.46041107911942825       0.31605083946058388       0.82953812757487966     
  0.62698741311505979       0.30349812454180675       0.71747869110859741     
  0.84767210160056772       0.10884145041202342       0.51923554081003120     
  0.94903176751438068        2.1227563939376522E-002  0.31446477509851478     
  0.93793107302388168      -0.10225869099315996       0.33140377543502680     
  0.79810832607207105        3.1273288603171169E-002  0.60170182090004221     
  0.85064831015978837       0.11399512632940051       0.51322759434333165     
  0.84691560688633083       0.18216125265922975       0.49955103126913458     
  0.82965741017146777       0.17158767043742171       0.53124970880124778     
  0.78434053579479990       0.29881468605874839       0.54361724338437123     
  0.78855919061249269       -7.1749229630218250E-002  0.61075891393254556     
  0.71085288524613399      -0.12449146607655771       0.69223554546942068     
  0.70346076226887067      -0.29715744522600912       0.64563179033785978     
  0.69086522965511188      -0.28219066411811766       0.66563778704204712     
  0.69013501411657274      -0.43026226605648538       0.58188318819015272     
  0.61952944375704055      -0.42298390875546499       0.66126233920599620     
  0.60862391288248963      -0.39388483586099327       0.68879000337287433     
  0.58412543716837895      -0.41582472306642165       0.69705614791047443     
  0.63487144695749254      -0.45075645033113076       0.62750049268748542     
  0.62307137512816835      -0.44427777779945754       0.64373854758716043     
  0.73759732150176172      -0.24540674947643462       0.62906734029427369     
  0.80593693453177007      -0.42206791509827624       0.41511966058261340     
  0.78785683430358777      -0.57176031088197232       0.22884876128429529     
  0.85053042900623488      -0.50023037336603293       0.16238091912731767     
  0.88674702147267648      -0.44707669804997019       0.11748253474503691     
  0.85301440513549476      -0.52052332475843044        3.7707996682788174E-002
  0.71836299327150910      -0.68474212579666405      -0.12281217796915779     
  0.61849070028653630      -0.78447178338348067        4.5533226706096150E-002
  0.56925358179579111      -0.82159803857275593       -3.0447046261450995E-002
  0.71191608017774355      -0.65367395480795187      -0.25668240218238597     
  0.82710385417214272      -0.53238530316049315      -0.18018075200278319     
  0.83329556319406362      -0.49037627725821836      -0.25524421847212009     
  0.89398493368443765      -0.42167091236281928      -0.15160666216332941     
  0.84378422997398905      -0.51898315069293777      -0.13669185251523291     
  0.66015786298003565      -0.69372078283616267      -0.28799838785461807     
  0.32017648217284117      -0.87137688811361880      -0.37173826696330448     
  0.26793406752314697      -0.79451453356709656      -0.54493852076279692     
  0.33163134914060166      -0.74849993833309592      -0.57425472621695173     
  0.34108295508063791      -0.78471551109466608      -0.51757510025202780     
  0.18575088286625444      -0.80440736308887451      -0.56429194901468971     
  0.21536341636049833      -0.73910822556242106      -0.63823007591257763     
  0.31805474328417516      -0.62294810730666517      -0.71468652979993164     
  0.41740385703578808      -0.62426474656536413      -0.66035410676944239     
  0.34041038014600961      -0.59788294927421393      -0.72571120430646718     
  0.27503040702104531      -0.74011455857331976      -0.61366824539134945     
  0.18651284730643103      -0.66649541909026955      -0.72180109041295359     
  0.33990182632003457      -0.70041868759419568      -0.62759892489795599     
  0.45074081015309936      -0.75050306286397417      -0.48329894961016706     
  0.54318445688732664      -0.69709916158573904      -0.46797799597042727     
  0.57219471010820044      -0.68838729239425656      -0.44577589593230749     
  0.47081464370985554      -0.67836192756491720      -0.56405555267084451     
  0.36630463207965885      -0.61854280380452464      -0.69514438527448397     
  0.42373238057402296      -0.64072516790496070      -0.64025161371623907     
  0.45890377178089442      -0.61865143254940647      -0.63771289249144703     
  0.56271875948297800      -0.63922947197825042      -0.52415005473666132     
  0.55718271171911560      -0.76889831186750035      -0.31359657486766235     
  0.25014165336718658      -0.90435399721551013      -0.34579329225871958     
  0.31588955458279994      -0.88602840605522892      -0.33936330527742098     
  0.24980773641826554      -0.89745022493490723      -0.36356455904002627     
  0.21097561818419189      -0.97483484074356819       -7.2016121836407737E-002
 -0.10864339647415044      -0.99266467494915023       -5.3042016465581411E-002
  -1.3893040630070415E-002 -0.99746626917096826       -6.9771235393318490E-002
   6.8553368633936476E-002 -0.99721252351842982        2.9455366014396051E-002
  -5.1305859050380244E-002 -0.99857982293374292       -1.4354304470037488E-002
  -7.3251182859925323E-002 -0.97748768457494528      -0.19786887252435223     
   4.1470070923805495E-002 -0.98715926094620843      -0.15426220128681623     
  -2.8989861290365980E-002 -0.98172756912683101      -0.18807064619155026     
 -0.17668996261092176      -0.98306239051324551       -4.8672307024427555E-002
 -0.14349602844648951      -0.98941610758818599        2.1555877743240703E-002
 -0.15607757727566449      -0.97582786002242206      -0.15296985806330729     
 -0.11793087264568601      -0.97676190718218514       0.17896504115323392     
 -0.21357929077219170      -0.96302699791318203       0.16420379972360116     
 -0.13589965581629965      -0.96528828972143743       0.22304663475573067     
 -0.14903319221446024      -0.96401296932928238       0.22015472419065396     
   4.8543585659945234E-003 -0.97942823082331942       0.20173441914893153     
  -3.7227984480421750E-002 -0.99758123642927654        5.8700544254943927E-002
  -2.6832334661362006E-002 -0.99462934457228758       -9.9962456614340445E-002
  -8.1374038809622393E-002 -0.98189824104219836      -0.17103832917249881     
 -0.33605239357500299      -0.93116977376033028      -0.14139180035539356     
 -0.53882169468093777      -0.80137318263650503      -0.25975412122295494     
 -0.41484895225293128      -0.86020797704788554      -0.29655114742323585     
 -0.55019017747223342      -0.76179549422614479      -0.34199180339581642     
 -0.56034605192245412      -0.69173994243467840      -0.45553062919581466     
 -0.61054303509494234      -0.57946139476118197      -0.53987192395853256     
 -0.70350894985132983      -0.51739619411551574      -0.48721282392195236     
 -0.84549102195941983      -0.27294159319926176      -0.45896385313878385     
 -0.86607710335312249      -0.19831053712177268      -0.45889364989515485     
 -0.85093721440694270       -4.7678441762474388E-004 -0.52526719849440162     
 -0.94039632034663800       -4.3339075508012172E-002 -0.33730770108720520     
 -0.97877123657939602        2.2740715027945571E-002 -0.20369027057026115     
 -0.99310153584760907       -2.6113010088980683E-002 -0.11431294852854643     
 -0.93251236071035759      -0.21376705113533553      -0.29107446636800394     
 -0.97897889838805707      -0.12991827008783702      -0.15723091174562004     
 -0.98517604371433209       -4.9477862150999166E-004 -0.17154567346812552     
 -0.99768093060945662       -6.6313630014765923E-002  -1.5338291060129046E-002
 -0.99586107109323840       -4.5587535196795953E-002  -7.8628898732637953E-002
 -0.99627496000764715       -5.7893250543741611E-003   8.6038873640491079E-002
 -0.99875072106682550        7.7595819223015006E-003  -4.9363813234794766E-002
 -0.99656807801080893       -6.9373673266160993E-002  -4.5159266462603223E-002
 -0.97474341858282565      -0.21909035358535192       -4.3297631521191093E-002
 -0.96718374912142935      -0.23543706504510173       -9.5524781278985893E-002
 -0.90271051479951736      -0.35894676287588739      -0.23721498243456665     
 -0.75005330326362352      -0.61070531916823911      -0.25388787959060921     
 -0.83176245177547681      -0.55395897799255422        3.6064865424185799E-002
 -0.85197311651280516      -0.52358431027370689       -1.1308292151252716E-003
 -0.88300455190865734      -0.42723083446708676       0.19436248452110194     
 -0.78476871992006747      -0.49301390088814961       0.37559998637673508     
 -0.80635849259052161      -0.34513684909015013       0.48027756227765883     
 -0.94310929742777483      -0.20282928391614283       0.26344854277732288     
 -0.96218730429471055      -0.22125388568695054       0.15887828524569225     
 -0.92540772098328572      -0.35356595397689750       0.13642458038459870     
 -0.91534289356876331      -0.37198684484253458       0.15418551960991511     
 -0.90561391668802305      -0.32102357650269936       0.27714129470453569     
 -0.93008203027608050      -0.14962516350235988       0.33549922116833353     
 -0.91205058387705318        4.3938116405176288E-002  0.40771702733194204     
 -0.91764967074096160       0.10657480091536635       0.38283272273798846     
 -0.94212618506488444       -3.7759541214722941E-002  0.33312530444640431     
 -0.96149806922941894       0.26480030496835222        7.3500077257817639E-002
 -0.96622082157257516       0.16985252556154717       0.19382322750437295     
 -0.91920112877315130       0.26544286624540214       0.29087689771070541     
 -0.91033462919298047       0.40572118874419522        8.1738484792584720E-002
 -0.96087647789016783       0.24223143454422352       0.13431428202602108     
 -0.95446426779873816       0.26091317814695175       0.14464534200837625     
 -0.96068205150691854       0.25388804142094201       0.11238709150088903     
 -0.81038337068995991       0.42981055874048674       0.39817292236480262     
 -0.87762623230053194       0.38568806485270796       0.28463470099090998     
 -0.81320492715088089       0.57742979109640358        7.2612552716424528E-002
 -0.91930858668670334       0.36102202856746635       0.15663593883027177     
 -0.95459828471857222       0.16026841503986897       0.25110983643231760     
 -0.91718947808351281       0.36011293741451589       0.17053484570515690     
 -0.92688350270482311       0.37520426299975346        1.0427532813338650E-002
 -0.81595109207558314       0.55151549542976819      -0.17336226129572574     
 -0.73131523730995196       0.66488703227080337      -0.15199755917949442     
 -0.68783626529251096       0.72015762150996543       -9.0853025979495378E-002
 -0.63739921692490487       0.72779199315161358      -0.25306333785818652     
 -0.85978022559046174       0.51031170003144677       -1.8971886956810152E-002
 -0.75459841649398895       0.64382359841744685       0.12677698507886445     
 -0.80108130125332933       0.59724072427740393       -3.9651810135040294E-002
 -0.79521658013487939       0.60011776568520392        8.6540499118546083E-002
 -0.68537950709027262       0.64644678906833675       0.33520363984292562     
 -0.54997260745718701       0.81764822223743416       0.17023958328994326     
 -0.61255317274586785       0.76410929639709502       0.20227603347545811     
 -0.75640831798836949       0.64781801671768657        9.0433808357766876E-002
 -0.73202883118785933       0.67701062953927260        7.6094663417675665E-002
 -0.67884804112224872       0.71542747747088797       0.16531443235290263     
 -0.78430746106792337       0.61761216381805228        5.8455295887158004E-002
 -0.72196079785944112       0.64278200269805030      -0.25613258941752665     
 -0.82729122086861007       0.48843368509253338      -0.27752796461039603     
 -0.64819129625868999       0.73283761368710731      -0.20687454028945085     
 -0.48970508933182499       0.83737375779438483      -0.24288704214097537     
 -0.30154448741384499       0.92634417561116289      -0.22573743690781586     
 -0.40861318285537368       0.87702000081346043      -0.25272749152042379     
 -0.26796751593637574       0.87765852921340815      -0.39737754906631290     
 -0.24803052589472510       0.83207523859791965      -0.49611657454348335     
 -0.14673217679271591       0.88045401920955357      -0.45085517447569240     
 -0.21241104131077185       0.79389341052395512      -0.56974977161559770     
 -0.37429797631497552       0.81817643248140282      -0.43644971103056002     
 -0.48903961170109500       0.63854873004089507      -0.59421862773775136     
 -0.51472836500352404       0.72379659650141548      -0.45953584969399069     
 -0.39793917724042793       0.72116723013720618      -0.56706457956181855     
 -0.16059898442360809       0.84931575945855542      -0.50286251295712081     
 -0.19450727360485448       0.64182443005760881      -0.74177376705855080     
  -6.1211875828890101E-002  0.62161373348953097      -0.78092859634855394     
  0.24047992918756650       0.58824761087560418      -0.77209724255257861     
  0.35456576246804300       0.56508872896402573      -0.74495493050484107     
  0.26905624508579257       0.63082098078287008      -0.72778680063914836     
  0.27152167960159618       0.48433732940560387      -0.83168102590521520     
  0.25353368483603650       0.43971761050768127      -0.86160843407140109     
   9.9389528520045081E-002  0.39123365327304432      -0.91490871138454555     
   6.3244952582093908E-002  0.45783970463018070      -0.88678231874411595     
   2.3181005061631756E-002  0.37357297953888396      -0.92731109664604960     
  0.13952035866633242       0.25593391035313928      -0.95657299933097184     
  0.23588826191668108       0.40238291280033162      -0.88455905363995113     
  0.26943137099015113       0.27916780378057460      -0.92166809300248698     
  0.23772266428328973       0.54531047765734031      -0.80381864735976383     
  0.40876102089709970       0.48376604582736027      -0.77387650222751436     
  0.36050820021235191       0.64139873216524601      -0.67723076123027315     
  0.30730051732472419       0.74457156344251696      -0.59260406593685699     
  0.41031535533826885       0.72400562266922530      -0.55448820322632164     
  0.66263141588310981       0.50558433281542536      -0.55254329160379367     
  0.75024098967532116       0.50643478551952315      -0.42504383941767859     
  0.66797337743879404       0.70792462453380267      -0.22946523268632724     
  0.43378724299424054       0.81501100986623398      -0.38416881915684459     
  0.50857287008354535       0.78287360160637398      -0.35841674029400361     
  0.65958055233866375       0.57974529787771389      -0.47838152615411722     
  0.83493464377284032       0.11508684667781591      -0.53818134336835688     
  0.82554788135558033        8.7420164121942978E-002 -0.55751987452858576     
  0.74542693004686966       0.19579080932955911      -0.63718494249555724     
  0.76272548588456934       0.24708563358801308      -0.59766087613010732     
  0.88946111576447207       0.25984666768569742      -0.37595030633816867     
  0.69881657008995213       0.40610449031387053      -0.58884169716037893     
  0.70853660423289566       0.39662119230011628      -0.58366729416735175     
  0.72956097850604740       0.41803351736638622      -0.54128435872437597     
  0.73348267090219643       0.30320342530676692      -0.60833449217389202     
  0.84472697301764832       0.14627499066313115      -0.51482032609737716     
  0.91952758861464967       0.20593937638014054      -0.33475063410360362     
  0.95904781816164653        9.1512203804097275E-002 -0.26805372415672429     
