   9.9790672466923983E-002  0.77373317143359388       0.62560275024324408     
   2.1630609729109275E-002  0.86529932916006769       0.50078856584178999     
 -0.13133648936897446       0.81071148682481253       0.57052397994348980     
  -8.9942851391486806E-002  0.84758720575623125       0.52297821381193887     
 -0.17925345426194100       0.80812088424645667       0.56107827936918753     
 -0.21616459285029405       0.70412146192361635       0.67637699225832160     
 -0.25719076528197776       0.69609250661637656       0.67030450728471946     
 -0.11965747441169165       0.53156699695866894       0.83852168520661330     
   4.3038367911503395E-002  0.53213158618936018       0.84556707236451856     
   1.2515426671009249E-003  0.40040585637463766       0.91633704706393715     
 -0.10955876947327021       0.27686484254116933       0.95464272636213743     
 -0.16209888738423328       0.38182003090722055       0.90991066303610268     
 -0.18901774190732099       0.32031799980056036       0.92826110133304562     
  -4.6683258949189142E-002  0.31894314653270955       0.94662344288196210     
 -0.15933250595248616       0.28675726770836968       0.94466047972979039     
  -8.9266425720964576E-002  0.20309619905553017       0.97508124747028513     
 -0.23180980737929893       0.25205055299286122       0.93953963830098886     
 -0.46783430923495217       -2.3971188410648169E-002  0.88349105328172939     
 -0.49319149072903323      -0.16891738073923948       0.85336338798701794     
 -0.57351235268873968      -0.27464824744559957       0.77178489327565436     
 -0.55582242814916916      -0.16841765842070572       0.81406198824072262     
 -0.52588516746678471      -0.21160534715609539       0.82381306598851423     
 -0.69276437102879862        3.1308194889143548E-002  0.72048408946059783     
 -0.82795306634310517       -3.6893356141921865E-002  0.55958252314172641     
 -0.92109403592899830       0.10136261641080713       0.37591408189956199     
 -0.83768259969075387       -9.0154341677503219E-002  0.53866506927035562     
 -0.91658396192828429       -3.1108001756208634E-002  0.39863032117817909     
 -0.86747564836509172       -9.8995582869432261E-002  0.48753038271058630     
 -0.89857819882877310        8.4458078369761436E-002  0.43060893347412327     
 -0.96053423533760851        1.3789194633263672E-002  0.27781979925082406     
 -0.92569030303403821        7.4551393782699375E-003  0.37820878330046998     
 -0.90897289257199321       0.14643608648711878       0.39028803868893391     
 -0.93262228132451863       0.21673416582277683       0.28851686561128409     
 -0.91915440005420279       0.32411431109466049       0.22384169005046839     
 -0.89098451797469380       0.39296131155767361       0.22743789558531069     
 -0.88904655063762750       0.39074398309001757       0.23856942486049368     
 -0.91059737115293626       0.37667161636186658       0.17009092003014867     
 -0.83965132394694797       0.51721668243651964       0.16574847692664374     
 -0.82723669614822415       0.47503516077497926       0.30003507223868597     
 -0.81790861889915678       0.24846163501077539       0.51893381760901758     
 -0.94055097521767195       0.10832355196966456       0.32191593794927881     
 -0.92153710815572787       0.15341352216094689       0.35669826115384279     
 -0.98215851357623152       0.17038366925181159        7.9586804572294473E-002
 -0.96344836869569594       0.22605418744321923      -0.14375933081716530     
 -0.90254671808940967       0.38754163538306641      -0.18767232750366353     
 -0.87737189601107313       0.29261879792159279      -0.38025359326752228     
 -0.93131948733908976       0.24457795460262804      -0.26986225490958027     
 -0.91718607415422460       0.22969846971525520      -0.32558918653428431     
 -0.95234639748199712        3.1474045216932325E-002 -0.30339038165497190     
 -0.98702778044303574       0.15603667033141935       -3.7798388134845207E-002
 -0.98625194837736363       0.12078328390308894      -0.11277629472296483     
 -0.97265248785143421       -1.0254506491516966E-002 -0.23203875317078071     
 -0.98141112545664944       0.17320936730475497       -8.2648157316456708E-002
 -0.97929679988441776       0.19940993674573756       -3.4834679030816801E-002
 -0.99786218300246021       -6.3912477405205934E-002   1.3647672530217755E-002
 -0.97972597950401563      -0.19967674792517334       -1.6315680278472133E-002
 -0.99489457858022579       -9.7562031904306776E-002  -2.5815256000262278E-002
 -0.98935584487609562      -0.10618623226189262       -9.9496212428046391E-002
 -0.92617691354272125      -0.31335995603112299      -0.20976620980661154     
 -0.94535012892631631      -0.32516017766600686       -2.4165938822839184E-002
 -0.97002554147253350      -0.24251329696227741        1.5419133807132441E-002
 -0.94733764932873832      -0.31913942481328367        2.6484064909549566E-002
 -0.92061657000142971      -0.26671710099144036       0.28517910000125973     
 -0.91228564281054081      -0.26769758398704152       0.30995630248349115     
 -0.89819742986471696      -0.30061971450160796       0.32073223136656387     
 -0.85799458739940093      -0.30707678128394600       0.41176344955520028     
 -0.85254073084075366      -0.42044267129383839       0.31048713727431393     
 -0.86855666758819572      -0.42106490487807180       0.26136882191283017     
 -0.69884649331149384      -0.55275933806650479       0.45395009964367200     
 -0.62140051686422093      -0.61668302683077503       0.48328401800567383     
 -0.56799550194908666      -0.74417589297871956       0.35154423629877835     
 -0.53064424333837157      -0.73112782460360526       0.42879924335548530     
 -0.60867107146804167      -0.64499367077783099       0.46206351448091787     
 -0.48962716886145291      -0.74712931111681613       0.44951421332677927     
 -0.57094108500428176      -0.68825788188347814       0.44757945158306300     
 -0.73182475283794901      -0.44195023418234636       0.51876056291883965     
 -0.75143749072865840      -0.47105024199707302       0.46201013738004004     
 -0.74349539241021023      -0.33956013752173941       0.57611935783394308     
 -0.82217516851537298      -0.23122285218982566       0.52015765389149593     
 -0.73660299227878279      -0.45116184994486830       0.50385416235282787     
 -0.76781335210653190      -0.35725760427613618       0.53181731874184535     
 -0.66068723793408524      -0.34349060246814134       0.66746279270614961     
 -0.63034366035599176      -0.20239537763496912       0.74946846562144531     
 -0.61698555790324128      -0.41235175041067451       0.67029460334397639     
 -0.48160807440142289      -0.56007403087014418       0.67407028017572757     
 -0.56517200990022687      -0.59656268812238189       0.56981888207176234     
 -0.56279911647912473      -0.50688423247745951       0.65293608366825118     
 -0.66629965393652646      -0.54923068812930842       0.50437131399501078     
 -0.67863918646283161      -0.48960187925104570       0.54748411340503345     
 -0.68087961074959880      -0.36053391100033882       0.63750941536910444     
 -0.66726607617784672      -0.25177528560389628       0.70097445683937532     
 -0.83124940310539897      -0.28133094681684256       0.47945524108099719     
 -0.82543945500328220      -0.10343846134438303       0.55493260026651969     
 -0.90941316123719651      -0.13047182058134171       0.39489847581719284     
 -0.91110206805906513       -8.9498498778670305E-002  0.40234691535393019     
 -0.94836625348113068      -0.14160604765842963       0.28381186818861048     
 -0.90100931217795321       0.19178386956993415       0.38910302844024852     
 -0.79358130512981062        9.4238489108697587E-002  0.60112213344626386     
 -0.83006151800618411       0.15396051292275514       0.53599816864038252     
 -0.75962328986094374       0.16359027988697206       0.62945268116621733     
 -0.67943476651306500       0.20388350525596127       0.70484034670118212     
 -0.65383296417312287       0.15340652464080037       0.74092435049618899     
 -0.64405364244945174       0.16170737119592130       0.74769354133125998     
 -0.65730236747737114       0.18334614066142113       0.73098412459722906     
 -0.42156650019016417       0.19100682435734481       0.88645252493651028     
 -0.33330639694629732       0.16378326091922640       0.92848365047388959     
 -0.52308880238631661        6.7931598693965187E-002  0.84956659698749382     
 -0.48283607811398960       0.26348016334680319       0.83513323798913508     
 -0.19894584961688841       0.38802370374399053       0.89992119335695420     
 -0.14951660820419854       0.46721684644011041       0.87140874580972494     
 -0.12282116846677069       0.59902441295023445       0.79125515054631379     
 -0.11235166570443608       0.46568256765024568       0.87779089161377410     
 -0.23520810467495015       0.43827457986164176       0.86752091625636962     
 -0.18640711908975688       0.33311636115591470       0.92427586568236098     
 -0.23895908303128011       0.26563069148758067       0.93399084169849445     
 -0.21449636158107735       0.10443442187344998       0.97112551320435458     
 -0.24311195125673443        5.7426447554352875E-002  0.96829684615691103     
 -0.39784389880133880       0.12114157133726286       0.90942011847137083     
 -0.32563013153479869       0.19149103287271385       0.92590291163057481     
 -0.26795164368387220       0.28773417614210778       0.91946232142863071     
 -0.17381726791002913       0.15511629075525224       0.97248470102034978     
   1.0787946949263679E-002  0.15621941188450567       0.98766346269925431     
  -2.1897535981212291E-002  0.15520891519339114       0.98763894747140224     
  -4.9620669527678934E-002  0.19611509209717332       0.97932459369062685     
  -4.7272453429904895E-002  -5.2807413940277360E-003  0.99886807383008436     
  -1.2266645017919920E-002   7.0326998132407767E-002  0.99744856647031310     
   7.1669869927664512E-002  0.26004056574605483       0.96293423135280665     
  -6.1988812396998508E-002  0.18363229492629746       0.98103851473715764     
  -3.3513867607592576E-002  0.15414603499593693       0.98747952919186122     
   3.7451093384628861E-002  0.27733062254885765       0.96004434345551515     
  0.22208184842342410       0.45436597476511104       0.86268836411335770     
  0.24684217504350106       0.39947594515736118       0.88288612508091646     
  0.25174316287475568       0.48826757863553077       0.83559568668057882     
  0.39039902488805306       0.54873207561759108       0.73924401286370256     
  0.41049453921766260       0.32069674547923105       0.85360871054101861     
  0.51073734406289972        7.8664328215633655E-002  0.85613041579302518     
  0.53931266871347594        6.1952479011825171E-002  0.83982363369306745     
  0.52918292175891246      -0.12287465098478924       0.83956372924517142     
  0.44363971304712913      -0.16978542276171338       0.87997540603421720     
  0.63229289962367219       -9.6673679537056575E-003  0.77466911070617606     
  0.78466281222234413      -0.16418358364229318       0.59778593323838292     
  0.89757374145312419      -0.32813343648035875       0.29443136130075453     
  0.85350928409847571      -0.46365444635056208       0.23779498804018503     
  0.96457145035710801      -0.12513369016676940       0.23225735024154476     
  0.97117417085879787       -9.4195415498765644E-002  0.21897021157160615     
  0.96648262635089743      -0.15666585467775587       0.20338914164706612     
  0.85168235060511976      -0.25965997919718331       0.45520750089496048     
  0.84908454136357026      -0.30567789042292426       0.43083229791182570     
  0.90992725372104233      -0.34214260818587577       0.23445858610731873     
  0.95193414442402824      -0.25434815986654408       0.17067043754612291     
  0.91434790680925937      -0.40094314078788024        5.6678948196518503E-002
  0.94221258798774354      -0.26891982087171667       0.19979381616993291     
  0.99375705217239141       -5.5691595232157658E-002   9.6671440860871566E-002
  0.99610145466761135        7.4707464130669782E-002  -4.6911478469715773E-002
  0.94681801792689146       0.19501792144325464      -0.25593681103921340     
  0.90334759880257132       0.32817085463390722      -0.27616481656161740     
  0.91383093429798801       0.24936056370147833      -0.32051884935295766     
  0.89319786856787775        9.5393857642926030E-002 -0.43942869672993357     
  0.78779891895567045        5.1991481545777513E-002 -0.61373426589928060     
  0.82854646670936527        3.4533981637147750E-002 -0.55885432503980614     
  0.76825933416053738       0.12665259365528914      -0.62748443486321925     
  0.82199596322746293       0.17272916763424739      -0.54266681406379913     
  0.80623054394246851       0.43455335938534839      -0.40144201058330153     
  0.70830918717991342       0.57862134118093433      -0.40434569230611267     
  0.65263270403363793       0.56096290388335335      -0.50930459853854149     
  0.64687475066215006       0.48398889784859439      -0.58932826481943523     
  0.47597566439594474       0.49631290295888458      -0.72603076330093597     
  0.41367759170613339       0.72822494703132556      -0.54640578020495911     
  0.57452843829854017       0.73239357035181840      -0.36539941392058356     
  0.47016021932247265       0.76674080141612810      -0.43710171769322931     
  0.28906487821999738       0.69619719436542116      -0.65707759263069498     
  0.32451456940775264       0.71578617024386582      -0.61833684406613920     
  0.43655677085381495       0.61786913937441856      -0.65395405987757849     
  0.23344802762274602       0.67439102721848110      -0.70049893704859389     
  0.18977296764211710       0.63379958653535517      -0.74985618945228982     
   5.6405265201361243E-002  0.45709939300816682      -0.88762525367923117     
 -0.12593908247235683       0.62398845027790917      -0.77121836170162916     
  0.13101673081113424       0.61523799926987555      -0.77737817084219518     
   2.3719167011291196E-002  0.63557616322905330      -0.77167372758913177     
   9.0154056930215151E-002  0.72734272600126537      -0.68032698384825308     
  0.16577063017273039       0.58399254986078508      -0.79465262843535867     
  0.13333019417079198       0.30152395761726120      -0.94409022995961034     
  -1.0178375236784594E-002  0.40462793058924990      -0.91442475823032243     
   1.7630932312254932E-002  0.29831280711620600      -0.95430530719274487     
   3.7178617660221500E-002  0.11542182537574637      -0.99262054815310918     
  -4.1204859554901122E-002   7.3753336153643392E-002 -0.99642491184999138     
 -0.12091466428413827       -1.6549887971121315E-002 -0.99252493428084776     
  -5.6808843591965495E-002 -0.12557486051585856      -0.99045631387565414     
   8.0403551917635728E-003 -0.11232038907984097      -0.99363951354871172     
  -1.9320717265498388E-002 -0.22662984434869460      -0.97378931167619798     
  0.17856215753653504       -4.0241558921854131E-002 -0.98310537219131455     
  0.29373006827970449      -0.14330692416854734      -0.94508506097267564     
  0.32308810133919635       -3.2934759509855423E-002 -0.94579563352185703     
  0.52816923008194927      -0.11782694518721408      -0.84092453608065409     
  0.36733761061862930      -0.12605634967027127      -0.92150576587061095     
  0.28802142656361507       -1.7575465716589647E-002 -0.95746266812085024     
 -0.13604212346219136       -8.4599658963339874E-002 -0.98708431167107868     
 -0.12552260921237976      -0.15655424089719913      -0.97966057603314149     
  0.10374877608439600      -0.24620858734425799      -0.96364802857625020     
  0.30880670998298748      -0.19358216060692379      -0.93121660367727832     
  0.17994240702689551      -0.30140951591867815      -0.93636159354545578     
  0.27663484024518803      -0.30508985194696031      -0.91125920977595198     
  0.31419898939673790      -0.19655778401732651      -0.92878632236067182     
  0.23983962174131779      -0.13262633056574838      -0.96171056575441416     
   9.0325651366341575E-002  0.10921355713008800      -0.98990589231716808     
  0.25413188255377184      -0.19384504135975172      -0.94754476739093185     
  0.15320311484665922      -0.33723715012097188      -0.92887023322935969     
  0.22151526983154968      -0.34866119214706814      -0.91069553546838222     
  0.29839816906936095      -0.23486297914747678      -0.92509346215504740     
   5.9376217338070032E-002 -0.28827384812961365      -0.95570531718681273     
  0.16326777777849324      -0.32475281188968746      -0.93160036706142546     
  0.43391972784768218      -0.17404306349233495      -0.88398115468305904     
  0.48482130319545758      -0.22586320080658157      -0.84494622224688343     
  0.38014522472165579      -0.28525085537562056      -0.87984177988364531     
  0.47690733388705486       -9.2957036604042823E-002 -0.87402424693515068     
  0.44011879815864896        1.2042625753157390E-002 -0.89785879662249313     
  0.45733986304543656       -8.7402096887154682E-002 -0.88498651013977370     
  0.47505257546786983      -0.28842295447394029      -0.83134664844089778     
  0.56338963561340505      -0.41378158660444597      -0.71510622782249689     
  0.61598344958691742      -0.43603521311836191      -0.65607749752286892     
  0.67495973706487600      -0.25289347824533143      -0.69316249321664669     
  0.51187982409904109      -0.19563228410611072      -0.83648494014881702     
  0.45169683228172491      -0.19755912250093671      -0.87002319786504290     
  0.46804551200230743      -0.18652654156434872      -0.86379467929976383     
  0.51670614929318615      -0.27190263341470033      -0.81183970907118097     
  0.40701981633165391      -0.32196426571657044      -0.85479464242293823     
  0.55828861884543890      -0.52578117628476628      -0.64176940775661950     
  0.58309230230207243      -0.43678423875900374      -0.68499846406237075     
  0.65485475025027129      -0.32323124280332577      -0.68314480145171019     
  0.60675044197262018      -0.40602574212056852      -0.68337178600051007     
  0.70896283229947932      -0.35426282565136974      -0.60981107958073510     
  0.71012444374577954      -0.13220304266149147      -0.69155305646483911     
  0.59690812369138779      -0.19532770262760066      -0.77816950625008308     
  0.60948237388584736      -0.19350755262894759      -0.76882121653741797     
  0.65792738558917108      -0.12183345855919976      -0.74316092716675386     
  0.58693862195942925      -0.10335552625671407      -0.80300727845056752     
  0.57388773189603537        2.3557874720114601E-003 -0.81893059623184472     
  0.38651276864174755       0.18825124963666023      -0.90286729184700365     
  0.42051284576265202       0.27663329397883929      -0.86408504628366478     
  0.51286388072223565       0.27578098137063745      -0.81296709045617210     
  0.55707989108102329       0.42376042706424172      -0.71420521939251025     
  0.65085280638149778       0.42433452090640489      -0.62954812269792548     
  0.56609602654265789       0.43739195646920975      -0.69872996582992619     
  0.52499287871681422       0.46882795627487495      -0.71033993602483414     
  0.48671350405587194       0.45370958432057246      -0.74649687076726123     
  0.44687481799093243       0.52208163102351623      -0.72645279791147011     
  0.35124483822392022       0.53426051826050658      -0.76889060486461758     
  0.18190568343709970       0.72498589002374880      -0.66430849881643794     
  0.18746635528674427       0.68586665588510265      -0.70316662035429445     
  0.13728446725596349       0.70349755140911752      -0.69731210387574516     
  -2.0218823127828866E-002  0.52882147731127105      -0.84849221818802389     
