 -0.15406015895448269       0.38584437329175464       0.90960957944719723     
 -0.16818555514662370       0.28646313428025555       0.94321391621328354     
   7.1047658145822631E-002  0.34049122842265994       0.93755957338148321     
   3.8301847677691812E-002  0.33640809471194499       0.94093706605534655     
   1.3576381224409663E-002  0.32783710862410986       0.94463670904844876     
  -1.6406638347526190E-002  0.24093456158686036       0.97040267891796228     
 -0.10175050629972249       0.21916712823121942       0.97036725231778231     
 -0.26400497550984831       0.18640724962222202       0.94633699610359079     
 -0.35628685495845697       0.33889813288278525       0.87075124605849230     
 -0.42160435706672483       0.23932261190726481       0.87462818016138399     
 -0.33476631267372065      -0.10839330756131449       0.93604615632714927     
 -0.18582967814969106        4.9965773152858918E-002  0.98131073174205974     
 -0.26620481478233998       -9.6702744808409513E-002  0.95905347907888994     
  -7.4863731142503671E-003 -0.12860400702233563       0.99166776875898588     
  0.12678622842712445       -5.5939108700133161E-002  0.99035148730090961     
  0.22622553824231340       0.24200886516218123       0.94353257232062737     
  0.15522278825725605        6.0605492551562737E-002  0.98601869164750655     
  0.24368701748189239       -8.2787263239907705E-002  0.96631408276818065     
  0.18372951555271086       -7.6337297394652188E-003  0.98294719659050289     
  0.25975042921757596       -9.8035588764943636E-003  0.96562601702457462     
   9.4226568385279055E-002   2.5182092417952606E-002  0.99523224225899587     
   7.4341771076017388E-002  0.19660936922155803       0.97765947906605444     
   1.3488421680875023E-002  0.30311075084904515       0.95285987175474030     
  -7.2523452294403795E-002  0.18438798478977284       0.98017417836455145     
   2.0082273501638458E-002  0.16986452870158447       0.98526277925236827     
   3.9810171189560012E-002  0.20168414759094430       0.97864122888853855     
  0.11206078076699544       0.21565279151844052       0.97001868792536905     
  -3.9514432444110112E-002  0.15441253044208952       0.98721597438010811     
  -7.0072173817580137E-003   6.7707254835604261E-002  0.99768062352003684     
  -6.4870187883283387E-002  0.13616341955815073       0.98856025709021578     
   3.9199042339861503E-002   9.1522287548757505E-002  0.99503120853649230     
   4.2360901740665438E-002  -1.6745045222685565E-002  0.99896204005173239     
   8.8218364083720552E-002  0.18480750066021170       0.97880728845780918     
  0.14768430878055155       0.35640910175460355       0.92258435772919345     
 -0.10829491717303519       0.39392618243645394       0.91274003621273958     
  0.19857239519357253       0.40217317710903927       0.89377051835537369     
  0.53017134676857491       0.53663583489679301       0.65646045103295370     
  0.49845903656964535       0.34076299915920727       0.79713183807083854     
  0.46513870105267191       0.17916732713234751       0.86691698430208519     
  0.33603514066644913       0.27185748370119106       0.90176154985294388     
   5.8365563454398320E-002  0.20079473921002372       0.97789310955153386     
  0.24964691582886989       0.23018064595062285       0.94058135620858019     
  0.47611237274625440       0.13846310955111080       0.86841520933915639     
  0.46807360030108114       -5.2419142076302827E-002  0.88213340161530129     
  0.55232321236438364      -0.10535603765520306       0.82694569012318719     
  0.62467641962548137      -0.20519886816153390       0.75344063818556417     
  0.49202091288690797      -0.44370582959079219       0.74902640679038890     
  0.58783041734678576      -0.53710483433261580       0.60495768230409386     
  0.51306032024284176      -0.70021055677826993       0.49646176486103849     
  0.41463018332836271      -0.76048214620797105       0.49974865319703993     
  0.41737428924321218      -0.80586799267166787       0.41997080977890017     
  0.12228040058599329      -0.79900769071710931       0.58875649788997519     
   9.3798417443393275E-002 -0.87830685528616548       0.46880584983836893     
  0.25006133218511650      -0.78500219297290197       0.56678116339005313     
  0.13353170879698883      -0.72947943368340817       0.67084203697955258     
  0.13970554903097074      -0.84896688667721432       0.50964456721882878     
  0.15364423102324165      -0.83387106442019754       0.53014384670210413     
   7.1019129516962931E-002 -0.82849870941188652       0.55546932565683205     
  0.24095052148018992      -0.75689090621595401       0.60750226525178697     
  0.20637722664682190      -0.83986529016049816       0.50203061132302174     
  0.32609377820853658      -0.80691522995976939       0.49249432430520923     
  0.41631219517223522      -0.78242318137295863       0.46313941896719690     
  0.37882226936928920      -0.80344280845187188       0.45931834469892918     
  0.45378320437495040      -0.84164013733342480       0.29278436204281372     
  0.36726544642822462      -0.92468453213066182       0.10037234628309724     
  0.32929343467558048      -0.94206294681650793       -6.3900219992165760E-002
  0.45046358736370912      -0.89134561714132110        5.0848276889229049E-002
  0.40731267691517237      -0.91320856976190778        1.2103360600828252E-002
  0.32533967858798857      -0.94312468766153390        6.8336791406903047E-002
  0.23899349725013214      -0.97010935609794702       -4.2070720027398145E-002
  0.20132095700928410      -0.97812028957765462        5.2445890072884027E-002
  0.14514358577638634      -0.98168881971601141       0.12337098829467120     
  -9.9701818849820309E-002 -0.89624003878890723      -0.43221908818314803     
 -0.18477364756655729      -0.88099229797403777      -0.43555857249693980     
  0.15447621880209625      -0.84144759553816662      -0.51778667594659822     
  0.38058471370773694      -0.62103585992090415      -0.68517861640927225     
  0.50865766300739357      -0.68568776540498833      -0.52067232520838569     
  0.58749325944186237      -0.69087636654542373      -0.42135675651339471     
  0.59598090618251098      -0.71355408193387360      -0.36830331470338307     
  0.57024694745396443      -0.74001930133111848      -0.35663686373808567     
  0.67802597454914981      -0.65897641721692879      -0.32562380040271205     
  0.73885889141040451      -0.54635474129964601      -0.39444142181481023     
  0.68650756738009666      -0.39593775825751348      -0.60986937250192419     
  0.55428928226218566      -0.52755144318690184      -0.64378013821545255     
  0.53744042841271422      -0.59325297980680336      -0.59934021044638675     
  0.53785918651944742      -0.69373914238284473      -0.47899216883218071     
  0.62954210836871682      -0.69347222472470937      -0.35038979341012977     
  0.76622763919428338      -0.61985909033461450      -0.16932192139323729     
  0.74280993021085973      -0.66867730940395409        3.3227450526317995E-002
  0.63444222252264759      -0.76525784762647220       0.10891966271854481     
  0.38983983514284676      -0.91892502695647493        6.0014146405773176E-002
  0.56158545252301151      -0.77707695892262596       0.28420622693055320     
  0.54833537975825508      -0.72946633209185241       0.40890974756034076     
  0.40660655233839199      -0.73379983160910012       0.54425078661032411     
  0.27151177067227356      -0.94657116246482564       0.17402411550189087     
  0.11146086742985967      -0.97174238442145788       0.20807021255019864     
  0.18390666366641117      -0.94910276894169543       0.25569957576467117     
  0.32555319820018297      -0.94163828011912709        8.5629811140088455E-002
  0.33681298015107486      -0.92306867689479200       0.18574507836676712     
  0.24836282220442585      -0.95907188341415217       0.13600379035545632     
  0.14443711668312298      -0.98949805869620244        5.6134802616487596E-003
  0.37667030360276921      -0.92051350335773074      -0.10379967495048754     
  0.50136721027664610      -0.83432968613113578       0.22918310430680694     
  0.74109341449514965      -0.64942063231488911       0.17039188160116997     
  0.45953516107874554      -0.86788423615139654       0.18869125144597274     
  0.50068893643354295      -0.77062756189934567       0.39426355369744531     
  0.31992351602829505      -0.80488116236057095       0.49981522422707264     
  0.25128625226984974      -0.86547075907010751       0.43337695441123569     
  0.38638743641891921      -0.78554978557085464       0.48333868391357465     
  0.35939548613419181      -0.71916946279653093       0.59466811611805115     
  0.32266838519155983      -0.69864951699846201       0.63857181710100230     
  0.49119985656460646      -0.62834047856746389       0.60325031612469504     
  0.61655377227357233      -0.61813795327580823       0.48761349101030899     
  0.63949965392447605      -0.62331717627496397       0.45001765564385043     
  0.61801705916564986      -0.66145472381896553       0.42489123657456684     
  0.63827761500162561      -0.60992170541461488       0.46967776129170996     
  0.78817397244045262      -0.40863337768777397       0.46021793946674261     
  0.73209491224416734      -0.46445657554737679       0.49831428726962473     
  0.94204319707220374       -4.0150588298960281E-002  0.33308038835885773     
  0.90304694518157858       -6.7292029184215327E-002  0.42423813785020070     
  0.87151839541182174       -8.5186078595659145E-002  0.48290684243698861     
  0.82271855070902511       0.14072374034595986       0.55075495024774868     
  0.92634179502465741        7.2694971474582135E-002  0.36960292194859884     
  0.94735685584898499        9.3406054752107212E-002  0.30625201486947029     
  0.86953302229994733       0.37347130097542042       0.32315864598950567     
  0.80249149754097071       0.49320307657824564       0.33579476116869761     
  0.70023701790305259       0.71160044582799065        5.7384006968885279E-002
  0.64483307211628238       0.74221458935666507       0.18250428063839791     
  0.75957361205158602       0.64365713891709997        9.3559688948184408E-002
  0.75572554004580073       0.65415060303500250       -3.1078878220824249E-002
  0.83239016264751109       0.53211746238376556      -0.15484709669194796     
  0.91124015090308841       0.38641436184412403      -0.14256692583750302     
  0.88293306447376407       0.30578937399571421      -0.35626122776740610     
  0.76734660352879813       0.40805814034152299      -0.49463900387446291     
  0.68336783965828574       0.33603747784407079      -0.64814134971088877     
  0.76552785850156679       0.21404135279750233      -0.60675645620844365     
  0.71190264711598583      -0.12339205023263833      -0.69135303786759106     
  0.53939395051609307       -1.1778503891121506E-002 -0.84197115924054744     
  0.31189779376680982      -0.13981023040709664      -0.93977277344949539     
  0.23401847514211219      -0.17632142686491750      -0.95610988266023744     
  0.13050540780606901       -7.1187436827265166E-002 -0.98888861221650037     
   3.7440762702126401E-002   8.9532435835363466E-002 -0.99527992656430375     
  -5.9674335014448021E-002  -9.5515331432448995E-003 -0.99817220055220768     
  -1.9318169667753612E-002  -3.0449734033756823E-002 -0.99934959949862190     
  -5.8706631327177142E-002  -7.4385416701255647E-002 -0.99550004581637230     
  -8.7054725131098618E-002   4.9602395076427344E-002 -0.99496787748909254     
 -0.19460158698637728       0.14459053410153269      -0.97016689275127255     
 -0.22456229514331025       0.17062276025437773      -0.95940588349415168     
 -0.28486751748089895       0.26903821148972529      -0.92003746567342670     
 -0.20239733533468970       0.17996440334700675      -0.96262564487836499     
  -2.5377296722361720E-003  0.18200848026896602      -0.98329368605641654     
 -0.25364033527804886        3.7976958831879265E-002 -0.96655280813727973     
 -0.40415484573447413       -1.7619744177066500E-002 -0.91452086104394592     
 -0.52736379575812831       0.12033918896116809      -0.84107425743733077     
 -0.56645991318702693       -4.9807901938088955E-002 -0.82258272511445552     
 -0.33323134941429916       0.11315987780647224      -0.93602975904745978     
 -0.30485842623033965       0.13594577972221358      -0.94264525932731846     
  -5.9815940461888067E-002  -2.5030849414650266E-003 -0.99820628520994281     
 -0.10001698150215814       0.13041234407195701      -0.98640216135456549     
   3.1640407946126069E-002  0.28545778160027380      -0.95786885297983493     
   7.1254689633824503E-002  0.47168173942331104      -0.87888514943645368     
  -1.3784286038110313E-002  0.50735660403164651      -0.86162594541014981     
   9.7019128243852032E-002  0.59901580697504797      -0.79483794055705248     
   8.3911948271027548E-002  0.69283243083622492      -0.71619969821206775     
   9.0125310168080078E-002  0.82773556891327271      -0.55383323882117219     
  0.17102059598412553       0.78665821013778991      -0.59322914305707641     
  0.27969760799951660       0.80478909303254420      -0.52353009828980501     
  -1.6386213621845148E-002  0.81976477020355909      -0.57246590600352620     
  -4.0862494073489769E-002  0.78566851540194049      -0.61729671996890623     
  -8.6707870201471443E-002  0.65293634227399711      -0.75243330480725112     
   1.9479871356326804E-002  0.58715936895523546      -0.80923693073178382     
 -0.35005666691623621       0.54953970754862724      -0.75859504333669370     
 -0.42445865127412558       0.65444024188136729      -0.62573382772949460     
 -0.29640439843051042       0.73109853072974373      -0.61452369438133003     
  -9.9854854978614127E-002  0.78377111006699784      -0.61296970150384089     
 -0.14035498632025201       0.91429645561367345      -0.37995061398490165     
 -0.23157781419876861       0.78603129007464312      -0.57317233620836927     
 -0.47520106623606617       0.68472913107689382      -0.55256670520659823     
 -0.41745914533174056       0.67106206881334007      -0.61270185390538745     
 -0.60708808058514330       0.59620029151086928      -0.52534681384195958     
 -0.46416147777037109       0.49235316873109891      -0.73630325260358886     
 -0.35890634447167580       0.44551417490459777      -0.82018495222554955     
 -0.56943582920313807       0.46211461562955575      -0.67984771709652347     
 -0.32155521862790154       0.70681553063425662      -0.63009050701271274     
 -0.23193285230004679       0.66713927538256812      -0.70790701314939608     
 -0.18526045966945873       0.88340932748530887      -0.43042597760251672     
   2.9409661667396302E-002  0.92500657519783569      -0.37881117676418152     
  -7.7305741473159675E-002  0.93435897563289094      -0.34784641293201884     
 -0.12309569891111782       0.91816428205720113      -0.37659235263611335     
  -6.5423986687672936E-002  0.92525147864278567      -0.37367017975124167     
  0.12852284031055899       0.92969207532432585      -0.34518766576707416     
  0.14180089372878540       0.73088166044747249      -0.66761104316765951     
  0.17444507467056417       0.81306428217025772      -0.55542361219367353     
  0.17644450105026804       0.90190897178182583      -0.39424300205407831     
  -2.9300583858384500E-002  0.89008281646359111      -0.45485608231815122     
 -0.11648735713361931       0.90772301683881940      -0.40307520430945654     
  0.22427232932161886       0.93209329138988395      -0.28443631703218986     
  0.15289536466817941       0.96170047305707695      -0.22749770896629135     
  -5.6227682413567612E-002  0.95827151778639308      -0.28027512542124311     
   7.9623993911276350E-002  0.94879360528525880      -0.30569709544508833     
   9.4485935796802423E-002  0.88123532796699133      -0.46313788948833456     
  -4.1981961920289218E-002  0.86854354910613263      -0.49383156863408673     
   9.9324973061599361E-002  0.82369790803044318      -0.55826186152444834     
  -8.7484327375654869E-002  0.68781598946558509      -0.72059396132589226     
 -0.12532597478091978       0.63833684295832005      -0.75948632309436603     
  -6.9201517605289448E-003  0.53871391004718827      -0.84246034602325304     
 -0.25629817610303757       0.39864976845916894      -0.88056209720494105     
 -0.48832667831782306       0.22325905759632658      -0.84361866293045262     
 -0.50690135157249383       0.29983407087616892      -0.80817730091609508     
 -0.58953246185164243       0.41852347301685672      -0.69086147595393554     
 -0.64046173971621911       0.38032210546130052      -0.66720600721020462     
 -0.59569533233103322       0.52935963639081340      -0.60409059452979896     
 -0.68679248493974954       0.15789420939522023      -0.70949665345936808     
 -0.77219524818427177       0.20388992482682711      -0.60178351359605065     
 -0.80021753203600521        2.6420684247203886E-002 -0.59912757311463583     
 -0.84034027934205746       0.12837357963786000      -0.52663881262829859     
 -0.82215298189811881       0.28439927511391094      -0.49313439007129994     
 -0.81744667696376938       0.39164527360761225      -0.42236821611241609     
 -0.77721104976556243       0.49109375669407629      -0.39340806582813193     
 -0.91304870193315102       0.36642850374493008      -0.17908718419154729     
 -0.94398017219860508       0.26010610715081672      -0.20309172193608349     
 -0.93781300715594162        2.4233697331529698E-002 -0.34629393803950792     
 -0.94996699915697536       0.10395176328089237      -0.29454495654080015     
 -0.97697153498977041       0.16273358562235329      -0.13800144901562020     
 -0.95236895749545925       0.19337415123057755      -0.23579611200159695     
 -0.93258802660337226       0.35146148423533075       -8.2185143032553171E-002
 -0.93305827405998587       0.31324955836120477      -0.17685296546832263     
 -0.81096358425623283       0.47760180735800628      -0.33798606275830057     
 -0.89318887715188144       0.27441330115054935      -0.35624565945968450     
 -0.87138014455424728       0.24483652910158238      -0.42514905350274335     
 -0.84796599063479472       0.32489400219665798      -0.41880492602580915     
 -0.89539332766664570       0.33427380568416343      -0.29416289977435373     
 -0.93159391723062968       0.22605812901493991      -0.28465855983154270     
 -0.87691715469374654       0.41264266952128309      -0.24645959322827760     
 -0.88316232862167987       0.42547899132492201      -0.19746374159552010     
 -0.79836830349854415       0.60214834289713992        5.0423323200962239E-003
 -0.80794838386053802       0.58890357294580631        2.0297556230970862E-002
 -0.83717339900060639       0.52525577717052463       0.15246989392959498     
 -0.77060999381208140       0.62755100372498884      -0.11108544081455041     
 -0.83105459798942682       0.55591282528475472        1.7583681203360280E-002
 -0.85477626546387719       0.49420254659608859       0.15849725214573479     
 -0.79991120057150111       0.46327726277208253       0.38146592115006844     
 -0.77256199113679436       0.51163648628925851       0.37600010072925794     
 -0.89453898516933728       0.34527419758538275       0.28387626264642557     
 -0.92058991225477171       0.32097454822712268       0.22246247513960571     
 -0.88737056449455076       0.33520360107082253       0.31656283278026442     
 -0.90173353482249086       0.32318551919893590       0.28710233777645217     
 -0.92018605933232034       0.34649973300525372       0.18219646329665182     
 -0.89020880525070589       0.43119240077962084       0.14697413569778561     
 -0.85558960441775533       0.41875568594076257       0.30431908304376720     
 -0.91791950053886739       0.27165907114877758       0.28918011617848749     
