 34.2543156 51.0383632 46.0042574
 34.8426342 51.1349999 44.6595511
 35.4821158 51.2183679 42.9681070
 36.0531509 51.0231697 41.4780021
 36.4262674 50.8697928 40.0927168
 37.0296974 50.9587392 38.4590004
 37.3596658 51.3389683 36.9247230
 37.6498236 51.9142050 35.3251267
 38.0181095 51.9168895 33.6323996
 38.1164273 51.4283938 32.1617497
 36.8965115 46.9703009 35.1753922
 38.4054634 47.5484259 34.8184121
 39.8349351 48.2983352 34.2869099
 41.3741205 49.3448552 34.0436522
 42.5608899 50.6387243 34.1127392
 44.1144928 51.5954117 34.2129752
 45.7567266 52.1810289 34.2710392
 47.2563355 52.8740313 34.0245376
 48.8832035 53.7272541 33.4534148
 52.9685260 53.3084453 37.3583245
 53.2905645 55.1419448 37.2201132
 54.0999398 56.8416065 37.5659719
 55.2787449 58.3327438 37.7590588
 56.3602955 59.6254159 38.1004045
 57.6759014 60.6957489 38.6739161
 58.9484507 62.1397594 38.8842925
 60.3689922 63.2348971 39.4192379
 61.7374720 64.3593047 38.9181611
 65.4086080 66.5350663 42.9560241
 66.5332609 68.0146361 42.8200072
 67.7277556 69.3390974 43.3408503
 69.1638653 70.3483141 44.0694955
 70.3770089 71.2920706 44.8969622
 71.3151623 72.6095450 45.6036840
 72.2742331 73.9298154 46.3512134
 73.5979967 75.3011956 47.0732361
 75.0336346 76.4943510 47.1612389
 78.7343581 78.4474575 51.3275585
 79.7325536 79.9966136 51.6683895
 80.7876982 81.4890545 52.7018851
 81.9564074 82.8067533 53.5287294
 83.0949236 84.1729526 54.4243683
 84.2706362 85.5881391 55.2101650
 85.7901119 86.8572628 55.8014952
 87.1518973 88.2387415 56.2318146
 88.7004478 89.6486110 56.0740345
 92.1410885 91.3008493 60.6774311
 92.7862739 92.9386737 61.1651902
 93.9456031 94.6608713 61.8768451
 95.0855412 95.8766316 62.5418207
 96.5928259 97.2081524 63.3128755
 97.9410754 98.5648474 63.7668084
 99.1994992 99.8837512 64.5097724
 100.148609 101.478335 65.3941046
 101.430494 103.055825 65.4261433
 105.775150 104.752666 69.1896656
 105.822210 106.140059 70.2132369
 106.820497 107.683423 70.9197373
 108.042286 109.099308 71.7544269
 109.322132 110.359709 72.5435055
 110.381449 111.737607 73.1424157
 111.421862 113.076891 73.7384877
 112.351679 114.532151 74.4680978
 112.451703 116.239429 74.8989162
 117.652959 117.860123 77.4051046
 118.199323 118.857614 78.7458583
 119.164176 120.067673 79.9191841
 119.999730 120.924250 81.1705351
 121.079683 121.904054 82.3273435
 121.865301 122.994473 83.5018284
 122.402928 124.319918 84.5032339
 123.300557 125.824359 85.3392773
 123.586809 127.495494 85.9418580
 129.263999 126.980415 86.1360075
 130.004604 127.784376 87.5641891
 131.180540 128.554498 88.6305973
 132.549486 128.977461 89.9318044
 133.390164 129.143275 91.2908672
 134.181753 129.735533 92.8630399
 134.998091 130.183520 94.2766587
 135.767520 130.792947 95.5728413
 136.444051 131.274378 97.1897722
 138.218538 126.461774 94.9894156
 137.622809 126.874407 96.3213035
 136.887992 127.627573 97.7577723
 136.554364 128.545087 99.2280106
 136.497460 129.396796 100.477524
 136.188739 130.254120 101.733455
 135.925394 131.149612 103.164085
 135.909425 131.872866 104.656678
 136.094251 133.025342 106.117221
 130.779790 132.153284 104.864291
 130.732809 133.838578 104.586398
 130.785268 135.269455 104.292435
 130.647440 136.808818 103.684310
 130.566430 138.406879 103.470930
 130.289030 140.155461 103.628170
 129.862219 141.578943 104.188088
 129.304803 142.963495 104.951416
 128.601288 143.959806 105.556479
