 36.5963093 48.2956303 42.5422509
 37.4623426 49.0202159 41.4162547
 38.0662888 49.6635895 40.1714195
 38.5888993 50.1279797 38.8354873
 38.9723334 50.6300579 37.5248399
 38.9636032 51.1450163 35.8514229
 39.1785115 51.8576191 34.4837965
 39.2468477 52.7661941 32.9348998
 39.6350279 53.5291790 31.5434323
 40.2208324 54.3784144 30.3023076
 42.1394539 49.2016504 31.0217633
 43.1342597 50.3006442 31.3303728
 44.3132121 51.4555071 31.5329743
 45.5588536 52.4636619 31.6495405
 47.0802153 53.5116912 31.8261022
 48.4499580 54.4774570 32.1353816
 49.9515581 55.2543581 32.1660244
 51.2710054 56.0963244 32.5970395
 52.6421380 57.0672691 32.8095820
 53.6023519 54.9698760 37.8627283
 53.9490005 56.8712643 38.2042699
 54.5715853 58.3349971 38.7280399
 55.5922530 59.6492974 39.3517549
 56.4696695 60.8852082 40.0438757
 57.4405790 62.3329765 40.4545579
 58.6838759 63.4568518 40.7367681
 60.0594423 64.3519442 40.8277359
 61.1777994 65.1134198 40.1738051
 64.2703498 67.8184975 44.3041935
 64.8022742 69.6009643 44.7408607
 65.9185898 70.9407691 45.5994289
 67.2872714 71.9733376 46.4348577
 68.5407302 73.1218556 47.1911107
 69.8747504 74.0507846 48.1188449
 71.2482230 74.9448055 48.9449834
 72.5759770 75.8966112 49.7348183
 74.0067672 77.4715299 49.7078747
 78.0972450 79.1627151 53.5231118
 78.5901087 80.9227379 54.2074601
 79.6929119 82.3784144 54.9772310
 80.7494260 83.5263090 55.8909729
 81.9778809 84.5724301 56.5220704
 83.2523139 85.6990663 57.0380199
 84.5527453 87.2394818 57.4085907
 86.0185272 88.6003995 57.9006680
 87.3988995 89.9656597 57.7898634
 91.2997125 91.5771184 62.0680677
 92.1378866 93.3532409 62.7360711
 93.0969718 94.6612003 63.5084441
 94.1116325 95.8679680 64.4612115
 95.3933453 97.1442914 65.2501910
 96.5539307 98.0133213 66.1971557
 98.0688984 98.8999137 66.8325256
 99.2828872 100.460623 66.9951435
 100.335759 101.831411 66.7718922
 104.268479 103.910671 70.4620058
 104.955360 105.414745 70.8213328
 106.047558 106.860396 71.7419667
 107.302119 108.320158 72.7009521
 108.499618 109.520914 73.5147988
 109.807877 110.743742 74.4157072
 111.166242 112.141354 74.8661678
 112.465982 113.425888 75.2366182
 113.565972 114.737301 74.9032399
 117.686192 115.566826 78.8875277
 117.952885 117.195151 79.6219166
 118.840240 118.444500 80.7469049
 120.029882 119.543038 81.6585938
 121.171477 120.510177 82.1821408
 122.157861 121.884907 82.8153626
 122.966142 123.355075 83.1637342
 123.500823 124.967187 83.4012646
 123.505341 126.705031 83.1625920
 128.622755 126.088751 85.4671677
 128.206674 127.306757 86.5882024
 127.815620 128.211962 87.9213081
 127.790013 129.425689 89.1872220
 128.089106 130.318656 90.2569080
 128.525959 131.473186 91.5864586
 128.994440 132.820149 92.6949194
 129.912411 134.020580 93.6518722
 130.862621 135.085651 94.5681597
 131.348425 129.643743 94.4191388
 130.396752 130.127287 95.4513947
 129.173655 130.581170 96.3056307
 128.008674 131.346267 97.3567886
 127.202036 132.346477 98.5304433
 126.311734 133.269931 99.4730143
 125.546857 134.002177 100.722828
 124.885087 134.694625 102.001205
 124.694772 135.078970 103.309928
 122.547092 130.929495 100.350294
 121.469305 131.830279 101.155649
 120.963855 133.224429 101.967817
 120.144153 134.606034 102.596517
 119.099103 136.052158 102.983560
 118.041143 137.157959 103.167472
 117.221019 138.535794 103.480256
 115.948617 139.563771 103.356583
 114.697074 140.547253 103.193103
