  6.2714514 34.5586354 16.6464481
  7.9715563 34.5607689 16.7846981
  9.5459809 34.1464744 16.4301353
 10.9085736 33.6505174 16.0060592
 12.5276734 33.0339896 15.3383220
 14.0369077 32.8737858 15.3402505
 15.5638305 32.0746626 15.3644292
 17.0764889 31.1236162 15.4883026
 18.3855707 30.0077889 15.8060697
 20.4364440 29.4306871 15.7455621
 22.3619078 27.1410815 20.8287406
 23.9773929 27.8068214 21.4953596
 25.6288990 28.6717598 22.1288627
 27.3547454 29.6662630 22.7855450
 29.2043742 30.8426563 23.5889437
 31.0754240 31.8084698 24.4045776
 32.7330975 33.3500809 25.0419921
 34.2369173 35.0892284 25.7193500
 35.7021117 37.1059262 25.6061210
 40.1479048 40.1171939 28.2854984
 41.1252512 42.0840152 28.9211113
 42.5624267 43.7065127 29.7154178
 44.1234083 45.3256059 30.2456788
 45.8139249 46.9774358 30.9339512
 47.0063602 48.6139805 31.7892935
 48.6482191 49.8969527 32.7301320
 50.1583224 51.3530703 33.8162598
 51.4895830 53.3316324 34.4880859
 56.7927503 55.8240162 36.7152897
 58.2014528 57.3344679 38.2128935
 59.6038968 59.1229680 39.1674380
 61.4614136 60.8636915 40.4215641
 63.1597542 62.4622611 41.4852828
 64.8428544 63.9104471 42.5908956
 66.5575239 65.6023976 43.9737020
 68.3287753 67.3128699 44.9905911
 69.8383659 69.3967364 46.1281602
 74.0468941 73.7042890 47.7244048
 75.9474747 74.8125886 49.2690688
 77.7521716 76.6977960 50.3937496
 79.3848277 78.7090482 51.5117014
 81.2110602 80.7977842 52.3537579
 82.7877826 82.6879412 53.6588450
 84.4134378 84.5654047 54.7694190
 86.3765888 86.3315278 56.1034076
 88.2102874 87.8868635 57.4618309
 91.5150501 92.3697236 60.3626517
 93.6442702 93.9644407 61.1913004
 95.2205936 95.8351752 62.3523509
 97.0146941 97.8295155 63.5724563
 98.6666465 99.8119915 64.7586629
 100.120450 101.654571 65.8514957
 101.981602 103.284441 67.0270200
 103.963390 104.883159 67.9231016
 106.122266 106.388276 68.5388339
 109.214973 110.785419 71.5187183
 110.854924 112.606623 72.0640026
 112.825975 114.107604 73.1219125
 114.690932 115.529523 74.1531656
 116.425140 117.273405 75.0581622
 118.262674 118.976594 75.7175790
 119.896904 120.752691 76.3932120
 121.632903 122.320653 77.5153691
 123.390993 124.010529 77.5539703
 126.669679 127.939532 80.9244559
 128.067816 129.916235 81.3504583
 130.141677 131.522719 81.9455726
 131.822348 133.068723 82.7226078
 133.645344 134.723836 83.5850770
 135.510366 136.282642 84.4832810
 137.314316 137.846884 85.3755163
 138.996317 139.372313 86.2129771
 140.870816 141.051364 86.6812346
 145.095689 144.486731 89.6143682
 146.390342 146.278511 90.4862494
 147.689312 147.778411 91.8194553
 149.167440 149.136608 93.2889214
 150.429795 150.547948 94.4638060
 152.214377 151.734942 95.7121366
 154.005759 152.526401 96.9824071
 155.814045 153.294813 98.2900649
 157.518369 154.181512 99.3239682
 157.727859 151.556800 104.777706
 158.127433 152.985149 106.468063
 158.626455 153.873318 108.349054
 158.502083 154.766380 109.920406
 157.188842 155.440444 111.350762
 156.126186 156.006492 112.988655
 155.163182 156.220014 114.301363
 154.015249 156.849585 115.541497
 152.628279 158.060143 116.222030
 151.545108 152.674978 116.519647
 150.808476 153.234903 115.231680
 149.916864 153.697898 113.758120
 149.061879 153.550883 112.375661
 148.672982 153.528726 110.862466
 148.603318 153.311617 109.231322
 148.689361 153.352386 107.548267
 148.909616 153.033892 106.073930
 149.186382 152.824099 104.420594
