 94.9234786 58.2759105 43.0246183
 94.6405947 58.7364750 44.6988109
 94.4100150 58.8191068 46.1868618
 94.1907997 59.0003188 47.8220496
 94.2220120 59.0607041 49.3153685
 94.0463878 59.0279592 51.1351473
 93.4926670 59.2200765 52.8072872
 93.3532044 59.3714895 54.4318955
 93.3568485 59.2162686 56.1393347
 93.6667612 59.4910663 57.7107573
 92.9488406 54.2867062 55.9659603
 92.2040077 54.9064695 57.1836202
 92.0221632 55.7401183 58.7380980
 92.1837133 56.5491163 60.0893641
 92.4304081 57.2270508 61.5962061
 92.1328811 58.0778218 63.0356490
 91.6830307 58.7552567 64.5719738
 91.1784960 58.9880001 66.1219497
 90.8112770 59.1064374 67.6124536
 87.1611786 55.7074000 65.0731936
 86.4358403 57.1443738 65.5988886
 85.5354181 58.5511676 66.0803140
 84.5747595 59.7349960 66.7483421
 83.5892072 61.1256383 67.4263684
 82.5912616 62.0821148 68.2995569
 81.7272386 62.9379902 69.2953053
 80.8861025 63.7800718 70.3418289
 80.3945891 64.4688272 71.5926639
 77.4942631 63.1127806 66.9974240
 78.1089582 64.4780649 67.7222174
 78.4067599 65.5661178 68.7954885
 78.8583253 66.6963565 69.5746477
 79.3117142 67.6786913 71.1290014
 79.5756886 68.8868944 72.1711490
 79.9830958 70.1093028 73.1255599
 80.3716763 71.4743259 74.1022289
 80.1938254 72.9515059 75.3144072
 80.8839308 75.5510618 70.4105225
 82.2846214 75.8239947 71.1448236
 83.8367271 76.0463141 72.1089110
 85.4150248 76.8145989 72.6075759
 86.5961032 77.7216335 73.1717534
 87.6384301 78.8949809 73.7846497
 88.2724371 80.3679069 74.2633918
 88.4511904 81.9556513 75.0108695
 88.4524647 83.5669783 75.4704997
 90.3535117 82.5756295 70.5827528
 91.1908081 83.7381223 71.2613884
 92.1646146 84.8246261 71.9321720
 93.0373082 86.0690812 72.5171524
 93.5396737 87.5448819 72.7147853
 93.9425649 89.2301412 72.8531406
 93.9454329 90.9827876 73.1514021
 94.2416212 92.6098177 73.4611504
 94.5895982 94.2150105 73.2799629
 99.2281861 91.0182073 73.3446547
 99.5758161 91.7788007 74.7602417
 100.243631 92.7179172 75.9874114
 101.326244 93.6914603 76.8164523
 102.319034 94.9260998 77.7225015
 103.201468 95.2163779 78.9748880
 104.130337 95.8111021 80.4720921
 104.979334 96.5518661 81.8246641
 105.674234 97.1809830 83.0929880
 107.190082 92.1426230 81.5292273
 106.513674 91.8174315 82.9435207
 105.865439 91.9799852 84.6036860
 105.501315 92.0397827 86.3486069
 105.106741 92.2200029 87.9282399
 104.888797 92.9881688 89.3664334
 104.526454 93.5831619 90.9930188
 104.515729 94.3647187 92.5694462
 104.633548 94.5966185 94.1883441
 102.492066 89.5188685 93.3548962
 101.340014 90.5037058 93.6063202
 100.590234 91.9501014 94.0640954
 100.188804 93.3897681 94.6620388
 99.7347161 94.9403297 95.2144156
 98.4900677 96.1552084 95.5632214
 97.1406842 97.0571141 96.1014237
 95.8251668 97.7863603 96.3156699
 94.7155115 98.9805787 96.3564727
 93.1639867 94.3935318 93.6601776
 92.9976502 95.4133733 92.2986135
 92.7834286 96.2314509 90.9538037
 92.3663469 97.3092026 89.8580258
 91.7882655 98.0540061 88.4833122
 91.1866038 98.8719555 87.1571566
 90.7254174 99.4267612 85.6237603
 90.1933446 99.8279423 84.3733845
 89.5684777 99.8984568 82.9499041
 90.2860353 94.6461272 84.4471027
 91.0148927 95.5006776 83.3769573
 91.8072882 96.3536811 82.3256038
 92.3318688 97.0060667 80.8411639
 92.7474039 97.5354010 79.4615851
 93.3770104 98.3210288 78.2671186
 94.5278578 98.8403861 77.2926396
 95.4550443 99.2731861 75.9436959
 96.3967418 99.6808194 74.7235984
