  0.2889894  0.8113521 -0.5081269  0.9330789 -0.3574341 -0.0400590
  0.2947002  0.9242385 -0.2427651 -0.9428946  0.3225179  0.0832581
  0.1830034  0.9811718 -0.0617379  0.9818333 -0.1856068 -0.0394135
  0.1227540  0.9758941 -0.1804501 -0.8898874  0.0277405 -0.4553361
  0.1359044  0.9845691 -0.1102435  0.8183334 -0.0488361  0.5726653
  0.1311805  0.9877890  0.0840508 -0.7420954  0.1540602 -0.6523495
  0.5059463  0.8624774  0.0122885  0.4625028 -0.2832836  0.8401438
  0.4141485  0.9037424 -0.1083083 -0.4985192  0.1256580 -0.8577230
  0.6099443  0.7897588 -0.0651836  0.3542633 -0.1981734  0.9139063
  0.7314902  0.6782420 -0.0700697 -0.1261857  0.0336665 -0.9914352
  0.6368979  0.3860495  0.6673281  0.3775051  0.5985558 -0.7065556
  0.7450702  0.3035990  0.5938838 -0.5319639 -0.2666327  0.8036924
  0.7407017  0.1886127  0.6448148  0.5974522  0.2540350 -0.7606031
  0.7241917  0.0944229  0.6831037 -0.6841963 -0.0253672  0.7288565
  0.8451943  0.1758127  0.5047143  0.5093396  0.0211457 -0.8603057
  0.8780490  0.1903616  0.4390813 -0.4623729  0.1007604  0.8809419
  0.9146492  0.0963265  0.3926041  0.4039226 -0.2567569 -0.8780219
  0.9045857 -0.1273869  0.4068135 -0.3133961  0.4481849  0.8372056
  0.9129749  0.0769295  0.4006977  0.2972399 -0.7981601 -0.5240123
  0.1259850  0.6586241  0.7418504  0.9763212 -0.2148801  0.0249691
  0.0997402  0.6126344  0.7840478 -0.9319033  0.3336787 -0.1421787
 -0.3080037  0.7485514  0.5872005  0.7958970 -0.1354140  0.5900941
  0.1359119  0.7438215  0.6544138 -0.8624788  0.4138646 -0.2912840
  0.2642049  0.5656399  0.7811833  0.6506028 -0.7024479  0.2885880
  0.1826799  0.7697450  0.6116541 -0.5377861  0.5990358 -0.5932473
 -0.2378403  0.8303747  0.5038947  0.4371016 -0.3717806  0.8189758
 -0.2076642  0.8251981  0.5252844 -0.2318288  0.4801747 -0.8459832
 -0.2923509  0.7594062  0.5812341  0.0133394 -0.6044903  0.7965008
 -0.2303900  0.9049241 -0.3578167 -0.2104283  0.3126779  0.9262572
 -0.0540773  0.9622089 -0.2668888  0.6477193 -0.1696169 -0.7427583
  0.0738320  0.9879812 -0.1358010 -0.7487983  0.1448589  0.6467743
 -0.1460096  0.9777486 -0.1506283  0.8362528  0.0406361 -0.5468364
 -0.3347121  0.9115588 -0.2388062 -0.9078186 -0.2439834  0.3410827
 -0.1049035  0.9640613 -0.2440923  0.9613231  0.0354507 -0.2731322
 -0.0487556  0.9476920 -0.3154407 -0.9850184  0.0066810  0.1723200
 -0.0843162  0.9389620 -0.3335284  0.9881054  0.0355885 -0.1496034
  0.1549238  0.8283735 -0.5383270 -0.9772690  0.2083245  0.0393224
  0.8846659  0.2857221 -0.3684143 -0.3981163  0.8741924 -0.2780127
  0.9426723 -0.1288102 -0.3078585  0.0429649 -0.8679837  0.4947305
  0.7415372  0.2582738 -0.6192069 -0.5856211  0.6995143 -0.4095458
  0.9315147  0.1213313 -0.3428690  0.3192116 -0.7245501  0.6108446
  0.8274197  0.2254080 -0.5143617 -0.5337034  0.6006270 -0.5953217
  0.7683806  0.4415787 -0.4632489  0.6381550 -0.5834604  0.5023267
  0.8524007  0.4074334 -0.3277363 -0.5168308  0.5613571 -0.6463468
  0.7144894  0.6399944 -0.2826871  0.6360416 -0.4258321  0.6435201
  0.8207845  0.5677375  0.0631426 -0.2929728  0.5132705 -0.8066724
  0.8599692 -0.2061196  0.4668701  0.3910749  0.8539112 -0.3433601
  0.9200916  0.1913869  0.3417639 -0.0376351 -0.8252766  0.5634733
  0.8942839  0.2095887  0.3953844  0.1991068  0.6049117 -0.7709982
  0.8285188  0.3480904  0.4386226 -0.2585153 -0.4570627  0.8510367
  0.8515735  0.5029537  0.1478517  0.0888900  0.1394171 -0.9862360
  0.8072749  0.4357195  0.3980650 -0.3363579 -0.2145430  0.9169704
  0.6145647  0.6172226  0.4912703  0.5699351  0.0831732 -0.8174694
  0.6425454  0.5859636  0.4937428 -0.7027648  0.1938523  0.6845020
  0.4861825  0.7745922  0.4045164  0.7594878 -0.1455976 -0.6340187
 -0.2643762  0.3092095  0.9135068  0.7703732  0.6375531  0.0071492
 -0.1151618  0.1948227  0.9740544 -0.8469156 -0.5316911  0.0062144
  0.3029612  0.3269266  0.8951723  0.8023588  0.4193459 -0.4246991
  0.2367069  0.2709265  0.9330427 -0.8599604 -0.3884913  0.3309722
  0.1338716  0.4267792  0.8943925  0.9512052  0.1978460 -0.2367819
  0.6172968  0.1825941  0.7652477 -0.7733045 -0.0381071  0.6328886
  0.7523677  0.2451862  0.6114136  0.6459200 -0.0923381 -0.7578001
  0.5247272  0.1996389  0.8275299 -0.8441610 -0.0033429  0.5360793
  0.7201820  0.1902400  0.6671931  0.6901451 -0.0980602 -0.7169964
 -0.2184233  0.2915553  0.9312823  0.9428767  0.3090484  0.1243893
 -0.1930483  0.5912829  0.7830178 -0.9679815 -0.2452668 -0.0534408
 -0.1684975  0.5592832  0.8116716  0.9855955  0.0834868  0.1470763
  0.0174605  0.7266925  0.6867410 -0.9880093  0.1179211 -0.0996609
 -0.1227913  0.5922957  0.7963090  0.9868916 -0.0117959  0.1609531
 -0.4062365  0.3462684  0.8456182 -0.9102301 -0.0719903 -0.4077972
 -0.3674899  0.5595046  0.7429036  0.8297804 -0.1635009  0.5336028
 -0.2484723  0.7350652  0.6308253 -0.7143070  0.3008184 -0.6318812
 -0.3256299  0.4559161  0.8283150  0.6127302 -0.5654515  0.5521108
 -0.8002559  0.5031507 -0.3262361 -0.1209278  0.3974511  0.9096203
 -0.7405125  0.5969830 -0.3086301  0.2959385 -0.1226488 -0.9473002
 -0.7642286  0.4784153 -0.4325198 -0.4477615  0.0890905  0.8897036
 -0.9510345  0.3002585 -0.0733367  0.1750145  0.3275618 -0.9284790
 -0.8722337  0.4849302  0.0636478 -0.1756584 -0.4320547  0.8845749
 -0.7955004  0.6051074  0.0320026  0.1706911  0.2744470 -0.9463316
 -0.7346862  0.6781946  0.0169792 -0.2653942 -0.3103541  0.9128232
 -0.6509303  0.7588421 -0.0211763  0.5312114  0.4353876 -0.7268095
 -0.2754007  0.8831851 -0.3796557 -0.7169211  0.0744190  0.6931710
  0.4300407  0.3005110 -0.8513273 -0.5708365  0.8210624  0.0014746
  0.3267604  0.2549073 -0.9100824  0.6152749 -0.7883126  0.0001108
  0.1145424  0.1729976 -0.9782392 -0.7144266  0.6985726  0.0398872
 -0.0326401  0.3935013 -0.9187444  0.8600508 -0.4572316 -0.2263887
  0.1732771  0.2554806 -0.9511597 -0.9045385  0.4233214 -0.0510802
 -0.0803538  0.2489985 -0.9651648  0.8906371 -0.4168396 -0.1816876
 -0.3548634 -0.0734563 -0.9320280 -0.8076308  0.5262742  0.2660225
 -0.3706360  0.2045620 -0.9059709  0.7712613 -0.4756922 -0.4229338
 -0.7130259 -0.1151393 -0.6916192 -0.6942587  0.2537818  0.6734981
  0.3406460 -0.5916638 -0.7306807 -0.9136847 -0.0250875 -0.4056487
  0.4730548 -0.3542106 -0.8066933  0.8777121  0.2688943  0.3966325
  0.6085655 -0.3064510 -0.7319397 -0.7740537 -0.4322449 -0.4626070
  0.4454095 -0.4688125 -0.7627747  0.8051172  0.5824112  0.1121762
  0.5489463 -0.3538149 -0.7572800 -0.6554327 -0.7444481 -0.1272984
  0.1998878 -0.3735682 -0.9058100  0.6790696  0.7192504 -0.1467762
  0.2763146 -0.2698843 -0.9223951 -0.5648966 -0.8220746  0.0713098
  0.1061375 -0.5131738 -0.8516969  0.6070733  0.7118174 -0.3532393
  0.0285809 -0.3905926 -0.9201198 -0.5039828 -0.8005650  0.3241866
