  0.8879765 -0.2879875  0.3585540 -0.0503358 -0.8358315 -0.5466736
  0.8868691 -0.3229936  0.3303610  0.2042315  0.9154477  0.3467636
  0.7543785 -0.3216383  0.5722429 -0.2721621 -0.9465308 -0.1732260
  0.6961227 -0.4410351  0.5664814  0.4096796  0.8920026  0.1910339
  0.7118036 -0.3586430  0.6039129 -0.5018164 -0.8612676  0.0799902
  0.7606430 -0.2681223  0.5912129  0.3700628  0.9273442 -0.0555537
  0.7196812 -0.0422661  0.6930170 -0.3198085 -0.9061329  0.2768495
  0.7149466 -0.2389240  0.6570896  0.4463551  0.8793392 -0.1659208
  0.9033756 -0.2099166  0.3739619 -0.3434690 -0.8763039  0.3378174
  0.9417260 -0.2248543  0.2501853  0.3199981  0.8281218 -0.4602342
  0.0041836 -0.7872308  0.6166443  0.9808148  0.1234144  0.1509010
 -0.0795705 -0.6143699  0.7849956 -0.9961460  0.0781591 -0.0398031
  0.1387673 -0.6199348  0.7722853  0.9075021 -0.2325926 -0.3497721
  0.1871570 -0.5352833  0.8236771 -0.7497282  0.4639531  0.4718636
  0.4320989 -0.4937293  0.7546668  0.6686401 -0.3861372 -0.6354671
  0.2012764 -0.4338006  0.8782396 -0.6567560  0.6054407  0.4495698
  0.3089110 -0.4388255  0.8438046  0.3506487 -0.7721513 -0.5299319
  0.7140425 -0.5178951  0.4710924  0.1200572  0.7535027  0.6463900
  0.6896184 -0.0878750  0.7188216  0.0657693 -0.9809082 -0.1830121
  0.2888932  0.5160175  0.8063911  0.7068480 -0.6830528  0.1838607
  0.7148418  0.4551986  0.5308440 -0.4948955  0.8656358 -0.0758494
  0.7496044  0.5518374  0.3654706  0.4810113 -0.8334804  0.2719164
  0.6502879  0.4478266  0.6136586 -0.1303321  0.8615662 -0.4906294
  0.5273043  0.4506155  0.7203442  0.1277994 -0.8802038  0.4570652
  0.3841606  0.6382549  0.6671216  0.0747880  0.6986801 -0.7115144
  0.4261412  0.4095621  0.8066365 -0.3302856 -0.7596629  0.5601996
  0.4671360  0.4993149  0.7297044  0.4804769  0.5494464 -0.6835574
  0.4366379  0.4245522  0.7931600 -0.6125367 -0.5054219  0.6077396
  0.7986120  0.5854177  0.1396599 -0.1412409 -0.0432699  0.9890292
  0.9138219  0.3988463 -0.0764933  0.0722436 -0.3449992 -0.9358186
  0.7730915  0.2867812 -0.5657615  0.3799452  0.5048553  0.7750888
  0.7855024  0.5481108 -0.2873335 -0.0856062 -0.3635960 -0.9276150
  0.7893096  0.6111618 -0.0589208 -0.2462509  0.4030089  0.8814444
  0.6801404  0.6068272 -0.4113025  0.1572471 -0.6687651 -0.7266543
  0.6571145  0.4640523 -0.5940168 -0.1857355  0.8634208  0.4690489
  0.4436676  0.6842246 -0.5787882  0.3594611 -0.7274684 -0.5844463
  0.1759092  0.6928067 -0.6993389 -0.6690984  0.6052332  0.4312773
  0.6986641 -0.1690521 -0.6951905 -0.0589835  0.9547652 -0.2914522
  0.7103637  0.0153772 -0.7036668  0.1427878 -0.9821202  0.1226845
  0.7613144 -0.1038297 -0.6400155 -0.1121765  0.9511173 -0.2877364
  0.9296490  0.0609381 -0.3633720  0.1885848 -0.9259491  0.3271912
  0.8524532  0.3421086 -0.3953293 -0.4695296  0.8335388 -0.2911273
  0.8604051  0.3050706 -0.4082095  0.4630550 -0.8024972  0.3762690
  0.8630069  0.1501661 -0.4823579 -0.4510296  0.6591379 -0.6017554
  0.9130861  0.1081493 -0.3931634  0.3725142 -0.6134018  0.6963989
  0.9317821  0.1394374 -0.3351707 -0.3414076  0.6504022 -0.6785410
  0.7560504 -0.5141528  0.4050120  0.6532689  0.6309266 -0.4185347
  0.8310315 -0.1836963  0.5250165 -0.5442835 -0.4630976  0.6994970
  0.7220796 -0.1890335  0.6654828  0.6829735  0.3480413 -0.6421951
  0.6150474 -0.2150663  0.7585929 -0.7859693 -0.0903529  0.6116278
  0.5087484 -0.2968662  0.8081123  0.8053491 -0.1676560 -0.5685986
  0.6016742  0.0815838  0.7945642 -0.7308727  0.4575088  0.5064688
  0.5280261 -0.0412805  0.8482242  0.7324341 -0.4833722 -0.4794701
  0.6088147 -0.1865507  0.7710664 -0.3769791  0.7871747  0.4881012
  0.8570712 -0.1722229  0.4855598  0.1602753 -0.8065753 -0.5689886
  0.2433605  0.5596561  0.7921873  0.8856656 -0.4612023  0.0537482
  0.6286616  0.3796324  0.6787223 -0.5609173  0.8258648  0.0576114
  0.7487604  0.5348603  0.3915128  0.5227135 -0.8396655  0.1474193
  0.4793377  0.5016233  0.7201454 -0.3858660  0.8574484 -0.3404256
  0.2788695  0.4086580  0.8690400  0.3172654 -0.8933335  0.3182734
  0.5290094  0.2777902  0.8018614 -0.1016034  0.9588411 -0.2651425
  0.3207020  0.1879405  0.9283472 -0.1738555 -0.9517849  0.2527446
  0.2419215 -0.1458818  0.9592666  0.2301497  0.9690469  0.0893267
  0.2452373  0.1204668  0.9619493 -0.2647232 -0.9462194  0.1859849
  0.2913441  0.8456527  0.4472026  0.2107760 -0.5127410  0.8322681
  0.3219156  0.8845205  0.3376297 -0.1527261  0.4004573 -0.9034980
  0.5855305  0.7376808  0.3361265  0.0563413 -0.4506674  0.8909122
  0.6115830  0.7352457  0.2921985  0.0051960  0.3655793 -0.9307657
  0.3675909  0.8839258  0.2890539  0.0704094 -0.3363746  0.9390925
  0.5472876  0.8340781  0.0692099 -0.0240335  0.0983214 -0.9948645
  0.1633719  0.9857129  0.0409851  0.0839997 -0.0552904  0.9949307
  0.2801575  0.9586074  0.0508301  0.0785188  0.0298900 -0.9964644
  0.2551083  0.9407409 -0.2234418 -0.2302257  0.2835399  0.9309142
  0.1312636  0.1675289 -0.9770895  0.1481011  0.9712429  0.1864225
 -0.3019756  0.3324010 -0.8934877 -0.0847757 -0.9428924 -0.3221289
 -0.3022670  0.3871476 -0.8710634  0.0054131  0.9144907  0.4045706
 -0.4636228  0.4696306 -0.7513328  0.2217067 -0.7595089 -0.6115491
 -0.3634120  0.6584584 -0.6590631 -0.1259608  0.6662076  0.7350519
 -0.2761345  0.5719500 -0.7724137  0.2521989 -0.7323807 -0.6324667
 -0.2738629  0.5898897 -0.7596244 -0.3380209  0.6803981  0.6502309
 -0.4222376  0.4154341 -0.8056860  0.5847249 -0.5543510 -0.5922768
 -0.6648064  0.1652533 -0.7285080 -0.6180173  0.4261501  0.6606442
  0.2297988 -0.3408226 -0.9116098 -0.8391587  0.4050494 -0.3629707
  0.0618290 -0.2373235 -0.9694611  0.9452934 -0.2977944  0.1331875
  0.0210736 -0.2020097 -0.9791568 -0.9885254 -0.1507349  0.0098228
 -0.4344995 -0.3803651 -0.8164145  0.7957776  0.2624210 -0.5457776
 -0.5068886 -0.4547688 -0.7322904 -0.7646139 -0.1550585  0.6255577
 -0.4572983 -0.2866365 -0.8418538  0.7303339  0.4190979 -0.5394158
 -0.2566254 -0.3380595 -0.9054608 -0.7158714 -0.5629404  0.4130694
 -0.3327040 -0.2587453 -0.9068401  0.7360962  0.5298325 -0.4212361
 -0.3128691 -0.4541646 -0.8341747 -0.6511874 -0.5367831  0.5364875
  0.5840583  0.2209804 -0.7810529 -0.5951386 -0.5377593 -0.5971809
  0.6827574  0.2569104 -0.6839878  0.2674166  0.7833212  0.5611562
  0.8834885  0.0130935 -0.4682699 -0.1920108 -0.9016602 -0.3874800
  0.8766546 -0.0117614 -0.4809766  0.0748082  0.9908748  0.1121196
  0.6267720  0.4661353 -0.6243995  0.3869240 -0.8817414 -0.2698555
  0.6512395  0.6765812 -0.3436932 -0.7113464  0.7020149  0.0340803
  0.5384571  0.7888305 -0.2963282  0.8426326 -0.5064906  0.1828592
  0.6557160  0.6902171 -0.3060015 -0.7226215  0.4563016 -0.5192370
  0.5118650  0.8245672 -0.2410044  0.8238564 -0.3916787  0.4096930
