  0.8277224 -0.5254914 -0.1968108  0.2723327  0.0695331  0.9596875
  0.7566714 -0.4489416 -0.4752892 -0.5759952 -0.1138161 -0.8094908
  0.5930938 -0.4931741 -0.6364111  0.7520430  0.0570572  0.6566398
  0.6891696 -0.4200533 -0.5904239 -0.6931174 -0.1445828 -0.7061757
  0.6401003 -0.4144483 -0.6469191  0.7643192  0.2579989  0.5909761
  0.9222356  0.0334328 -0.3851801 -0.3342726 -0.4316577 -0.8378147
  0.8871164 -0.2432419 -0.3922473  0.4599045  0.3942537  0.7956455
  0.8270359  0.0191527 -0.5618228 -0.4492529 -0.5782371 -0.6810387
  0.8585922  0.0115638 -0.5125287  0.3903406  0.6333671  0.6681918
  0.7187032  0.0932909 -0.6890302 -0.4243789 -0.7261241 -0.5409680
  0.8896941  0.4157868  0.1885889  0.3429457 -0.3359441 -0.8772285
  0.9102580  0.4018858  0.0995902 -0.2577882  0.3618777  0.8958737
  0.9438160  0.2941864  0.1505513  0.3072243 -0.6132395 -0.7277022
  0.7808175  0.6198894  0.0778535 -0.5627615  0.6437308  0.5185655
  0.9613189  0.2558960  0.1018980  0.2730933 -0.8373467 -0.4735722
  0.9169342  0.3778595  0.1282725 -0.3959775  0.8218681  0.4095542
  0.9087328  0.4147044  0.0471700  0.4158625 -0.8900083 -0.1869321
  0.8476533  0.4717566 -0.2427541 -0.4887921  0.8723240 -0.0115411
  0.0985078 -0.0492355 -0.9939175  0.4389733 -0.8941997  0.0878027
  0.6587332  0.7522397  0.0143502  0.4265750 -0.3577028 -0.8307120
  0.6569527  0.6912909  0.3008821 -0.6351966  0.2925260  0.7148103
  0.6810972  0.6437916  0.3487678  0.6196889 -0.2531363 -0.7429049
  0.7394960  0.4658408  0.4859404 -0.6553920  0.3334720  0.6776856
  0.6972626  0.6214765  0.3571999  0.6965044 -0.4696106 -0.5425380
  0.7863977  0.5425746  0.2952821 -0.5962917  0.5419562  0.5922159
  0.8044948  0.5084469  0.3070341  0.5901532 -0.6258283 -0.5099589
  0.7703698  0.6235148  0.1332654 -0.6326654  0.7215808  0.2811684
 -0.4101840  0.3257844 -0.8518296  0.7329345 -0.4380774 -0.5204759
  0.4942363  0.7370555  0.4609551 -0.3000114  0.6422792 -0.7053159
  0.6894470  0.6065614  0.3959117  0.4068306 -0.7764992  0.4811838
  0.6660133  0.6057915  0.4352504 -0.3399424  0.7658718 -0.5457835
  0.7378671  0.5331370  0.4139047  0.0531471 -0.6572313  0.7518127
  0.6828850  0.6606814  0.3117181 -0.1560502  0.5487814 -0.8212718
  0.6291735  0.6292079  0.4563311 -0.0763645 -0.5342180  0.8418905
  0.6280215  0.5769416  0.5222331  0.1711231  0.5522706 -0.8159131
  0.5158441  0.7778475  0.3589682 -0.3152731 -0.2172447  0.9238006
 -0.8942117  0.4054277 -0.1897729  0.3190118  0.2797558 -0.9055209
  0.4030151  0.6129837  0.6795806 -0.7192796  0.6712806 -0.1789390
  0.6384527  0.7102183  0.2965944  0.7362509 -0.6758753  0.0335732
  0.7309391  0.5496905  0.4044360 -0.6299350  0.7714138  0.0900147
  0.6118336  0.6874908  0.3911727  0.7758134 -0.6179775 -0.1273473
  0.5989560  0.6949645  0.3978392 -0.7621514  0.6471778  0.0169151
  0.6440105  0.6405968  0.4181940  0.7153902 -0.6979677 -0.0325277
  0.6744388  0.5987078  0.4320663 -0.6151979  0.7792616 -0.1195110
  0.5375502  0.6311137  0.5592274  0.5873643 -0.7560862  0.2886813
 -0.6267761 -0.4103364  0.6624015 -0.6429947  0.7525472 -0.1422343
  0.7822803  0.4120394  0.4671841 -0.3239126 -0.3715528  0.8700742
  0.5623153  0.6483859  0.5132223  0.2737432  0.4396900 -0.8554165
  0.6811156  0.6889546  0.2478367 -0.3083191 -0.0371320  0.9505580
  0.6687653  0.6299674  0.3948341  0.4990872  0.0132262 -0.8664508
  0.6497962  0.6413280  0.4079992 -0.5796842  0.0709210  0.8117490
  0.6261762  0.6782455  0.3845600  0.6699482 -0.2157418 -0.7103696
  0.6599748  0.6797551  0.3199474 -0.6903261  0.3806406  0.6152744
  0.6979245  0.5937512  0.4004509  0.6222310 -0.2258815 -0.7495372
  0.1887545 -0.9149924  0.3565959 -0.5373202  0.2077169  0.8173987
  0.8578443  0.4221818  0.2930284  0.2965823 -0.8723639  0.3886132
  0.6307473  0.5595065  0.5376898 -0.3184659  0.8185117 -0.4781402
  0.6286755  0.6717729  0.3917758  0.2749016 -0.6632291  0.6961008
  0.6629971  0.6241473  0.4133704  0.0522097  0.5122805 -0.8572297
  0.6160587  0.6814666  0.3950633  0.0722610 -0.5483186  0.8331417
  0.5969731  0.7216054  0.3505835 -0.0436290  0.4655485 -0.8839463
  0.6461351  0.7351548  0.2050775  0.2410091 -0.4514825  0.8591148
  0.6666379  0.6976060  0.2625638 -0.3019892  0.5748240 -0.7605129
  0.6099522 -0.6478998 -0.4562720  0.0922307 -0.5138264  0.8529220
  0.6621781  0.7284776  0.1756146  0.7477824 -0.6272593 -0.2176399
  0.7263768  0.6223600  0.2916243 -0.6650295  0.7435674  0.0695942
  0.6239119  0.6618587  0.4155443  0.6433459 -0.7368631  0.2076989
  0.5719819  0.7151842  0.4016819 -0.6719102  0.6893984 -0.2706778
  0.6055464  0.6424585  0.4696388  0.5598819 -0.7633176  0.3223019
  0.7204278  0.5697207  0.3954771 -0.5293414  0.8201361 -0.2171967
  0.8385539  0.4471765  0.3112243  0.4443752 -0.8918782  0.0841659
  0.8826854  0.4393064  0.1669623 -0.3709639  0.8694067 -0.3263705
  0.3768388 -0.1593020 -0.9124776  0.4996176 -0.7945584  0.3450496
  0.6471324  0.7581872  0.0798236  0.5560850 -0.3978042 -0.7297406
  0.7334137  0.5422663  0.4099410 -0.6739902  0.5015067  0.5424281
  0.6965872  0.6589881  0.2837269  0.6962266 -0.5253379 -0.4891713
  0.6671966  0.6519972  0.3602060 -0.7448404  0.5890561  0.3134097
  0.6738965  0.5593522  0.4826889  0.7215156 -0.6388340 -0.2670326
  0.7220581  0.3507427  0.5963318 -0.5215588  0.8422881  0.1361145
  0.5371696  0.4223835  0.7300966  0.5893419 -0.8071939  0.0333776
  0.7409245  0.2161873  0.6358411 -0.3575936  0.9283957  0.1010355
  0.9141301  0.2434815  0.3241649  0.2835793 -0.9554320 -0.0820521
  0.4865375  0.7733587  0.4064451  0.8595463 -0.5070062 -0.0642250
  0.6585942  0.5549625  0.5082030 -0.6852344  0.7213903  0.1002489
  0.7502168  0.5632995  0.3462202  0.6126738 -0.7891279 -0.0436797
  0.9151269  0.3796625  0.1356437 -0.3983067  0.9034697  0.1584121
  0.8767095  0.4607230  0.1382559  0.4340968 -0.8816216  0.1852117
  0.8179043  0.5751469  0.0154442 -0.5524952  0.7926168 -0.2578908
  0.6345956  0.7726347 -0.0180023  0.6781474 -0.5455148  0.4924730
  0.6586825  0.7158667  0.2316728 -0.4658591  0.6297970 -0.6215553
  0.4624670  0.8534179  0.2404206  0.5467613 -0.4879677  0.6803966
 -0.3421667  0.7234139 -0.5996618  0.7002383  0.6218647  0.3506432
 -0.5681083  0.6959119 -0.4392716 -0.6840921 -0.6960589 -0.2179911
 -0.5947912  0.7661475 -0.2433958  0.6728539  0.6401532  0.3707714
 -0.7179165  0.6143495 -0.3273692 -0.4179631 -0.7564781 -0.5030386
 -0.7333800  0.5245694 -0.4324127  0.1856389  0.7664263  0.6149218
 -0.8477019  0.4503224 -0.2803768 -0.1754848 -0.7368399 -0.6528952
 -0.9061596  0.3286729 -0.2661747  0.0917221  0.7670907  0.6349480
 -0.9658313  0.1924690 -0.1735673  0.0361563 -0.5630892 -0.8256048
 -0.7606710  0.2232994 -0.6095219 -0.4765802  0.4454165  0.7579416
