  0.9994235  0.0297242 -0.0164056  0.0097414  0.2118349  0.9772569
  0.9953833  0.0804052  0.0524132  0.0719845 -0.2641889 -0.9617809
  0.9723733 -0.2052226  0.1112377 -0.0486921  0.2877309  0.9564727
  0.9852952 -0.1703975  0.0125699 -0.0379380 -0.2899148 -0.9563002
  0.9580922 -0.2411274  0.1546508 -0.0137129  0.5006438  0.8655448
  0.9709277 -0.0428384  0.2355085  0.1458683 -0.6741964 -0.7240039
  0.9248952 -0.0914197  0.3690682 -0.1435002  0.8149512  0.5614822
  0.8899903 -0.2924426  0.3498495 -0.1432331 -0.9077115 -0.3943908
  0.8251163 -0.3071763  0.4741580  0.2020920  0.9442176  0.2600229
  0.6119676 -0.7556740  0.2333506 -0.6893405 -0.6542849 -0.3109999
  0.7329485  0.3033015  0.6089291  0.3571997 -0.9333738  0.0349543
  0.7580808  0.4235115  0.4959349 -0.4463678  0.8913660 -0.0788831
  0.6216399  0.5455278  0.5621061  0.2909786 -0.8270858  0.4808956
  0.6721918  0.4699609  0.5720969 -0.1052554  0.8255206 -0.5544701
  0.7127199  0.6139221  0.3393082  0.1310600 -0.5917559  0.7953919
  0.8088311  0.5486433  0.2116194  0.0160001  0.3392054 -0.9405763
  0.8302091  0.4523545  0.3257733 -0.1205329 -0.4249070  0.8971766
  0.9183373  0.2236667  0.3265422  0.2286101  0.3737419 -0.8989185
  0.4244728 -0.9045245 -0.0407215 -0.2514432 -0.1609632  0.9543936
  0.9336196  0.3311823 -0.1366484  0.3429248 -0.9365035  0.0732384
  0.8586096  0.4451602  0.2542084 -0.3800937  0.8855761 -0.2669900
  0.8461938  0.3637096  0.3894501  0.2417844 -0.9133446  0.3276307
  0.7660879  0.5264018  0.3687961 -0.4921111  0.8494850 -0.1902680
  0.8347797  0.5195838  0.1821413  0.3722492 -0.7763637  0.5086156
  0.7697836  0.5435577  0.3346315 -0.4329487  0.8298469 -0.3520078
  0.7244704  0.6006562  0.3381639  0.3585896 -0.7473898  0.5593049
  0.8129289  0.5056943  0.2888251 -0.2874624  0.7797665 -0.5561740
  0.3143294 -0.2840106 -0.9058339  0.5386589 -0.7323551  0.4165365
  0.6450635  0.7544414  0.1212897  0.4644372 -0.2610532 -0.8462561
  0.7186679  0.6211519  0.3125489 -0.6339183  0.4005354  0.6616034
  0.7024547  0.5953849  0.3899669  0.6927343 -0.4462079 -0.5665842
  0.7372638  0.6394431  0.2180702 -0.6298610  0.5338038  0.5642062
  0.6383503  0.7027771  0.3140275  0.7543327 -0.4899115 -0.4370000
  0.6564707  0.6645413  0.3569749 -0.7523621  0.5424435  0.3737732
  0.6473943  0.6745435  0.3547841  0.7620487 -0.5806762 -0.2865256
  0.7185906  0.6532696  0.2384668 -0.6942951  0.6543066  0.2997285
 -0.1551215  0.2905608 -0.9441990  0.8177345 -0.4985071 -0.2877516
  0.3577590  0.8598235  0.3642967  0.0287044  0.3798069 -0.9246203
  0.6192770  0.7422317  0.2561017  0.0807340 -0.3846373  0.9195304
  0.5760432  0.7054591  0.4129185  0.2258480  0.3481273 -0.9098352
  0.6871694  0.6226953  0.3742308 -0.1853406 -0.3478122  0.9190623
  0.6154560  0.6386027  0.4619528  0.3248567  0.3284761 -0.8868887
  0.6970635  0.5853294  0.4141158 -0.2791954 -0.3103947  0.9086831
  0.6472350  0.5737264  0.5019212  0.3749747  0.3336457 -0.8649130
  0.5820097  0.7202830  0.3774349 -0.3907433 -0.1593370  0.9066043
 -0.8871169  0.4442239 -0.1252549  0.2995464  0.3476772 -0.8884776
  0.4873375  0.6209488  0.6139419 -0.7920159  0.6103954  0.0113280
  0.6187737  0.5532468  0.5577071  0.5358561 -0.8163892  0.2153299
  0.6526878  0.6911238  0.3103974 -0.5322695  0.7098495 -0.4613056
  0.6129284  0.7094981  0.3477517  0.4430913 -0.6730375  0.5921914
  0.6261453  0.6570566  0.4197841  0.0087277  0.5324474 -0.8464181
  0.6262088  0.6681134  0.4018545 -0.2509073 -0.3153118  0.9152180
  0.7099040  0.6362281  0.3020765  0.4038191 -0.0162918 -0.9146938
  0.5339751  0.7898659  0.3016330 -0.4068806 -0.0726690  0.9105863
 -0.9137878  0.4048690  0.0327561  0.1772228  0.4699516 -0.8647182
  0.4884650  0.5345380  0.6896890 -0.8284748  0.5322237  0.1742628
  0.7657275  0.4911343  0.4152691  0.6229132 -0.7270628 -0.2887194
  0.6074274  0.6938566  0.3867750 -0.7601527  0.6490792  0.0293960
  0.6277774  0.7074202  0.3247342  0.7538408 -0.6564946 -0.0271812
  0.7111150  0.4708105  0.5221617 -0.5721683  0.8191285  0.0406449
  0.6200894  0.6347776  0.4610276  0.6401610 -0.7491051  0.1703977
  0.6139509  0.7572015  0.2229579 -0.7254344  0.6526048 -0.2187508
  0.4230204  0.7033867  0.5712275  0.6556225 -0.6727504  0.3428792
 -0.7435122 -0.1372480  0.6544865 -0.4871328  0.7816717 -0.3894753
  0.6830054  0.3387165  0.6471281 -0.6904508  0.0103645  0.7233051
  0.5518482  0.5986858  0.5805505  0.7292664 -0.0087641 -0.6841738
  0.6329038  0.6459681  0.4267997 -0.6791585  0.1985441  0.7066286
  0.6375681  0.6764144  0.3687417  0.7160491 -0.3437196 -0.6075611
  0.7453056  0.6128025  0.2626647 -0.6023917  0.4500930  0.6591969
  0.7439388  0.5834731  0.3257516  0.6400168 -0.4819290 -0.5984337
  0.6655292  0.6189621  0.4170812 -0.7463595  0.5551201  0.3671366
  0.5755702  0.2868017  0.7658092  0.7592377 -0.5352947 -0.3701590
 -0.2554855 -0.6621454  0.7044790 -0.6942421  0.6327699  0.3429724
  0.8917966 -0.0890116  0.4435940 -0.4346832 -0.4405232  0.7854870
  0.6651779  0.2716911  0.6955015  0.5727261  0.4119898 -0.7086954
  0.6997422  0.3706813  0.6107015 -0.4289970 -0.4655279  0.7741094
  0.7592353  0.3110727  0.5716603  0.2853429  0.6303420 -0.7219753
  0.8823910  0.3142688  0.3501731 -0.0467752 -0.6819536  0.7298982
  0.8974561  0.1079209  0.4276980  0.2685092  0.6356138 -0.7238079
  0.6626101  0.1614180  0.7313632 -0.5325794 -0.5850317  0.6116348
  0.6535527  0.1769182  0.7359136  0.5116401  0.6132340 -0.6018044
  0.5842395 -0.0410829  0.8105408 -0.7261824 -0.4724081  0.4994894
  0.6779336  0.7260901  0.1148878  0.2398927 -0.3662397  0.8990662
  0.5901420  0.6807754  0.4339093  0.0138696  0.5288534 -0.8485999
  0.3169846  0.6074192  0.7283973 -0.3164472 -0.6562574  0.6849726
  0.4179560  0.5326563  0.7359281  0.4277010  0.5993128 -0.6766801
  0.1752902  0.4369868  0.8822221 -0.6661457 -0.6071792  0.4331088
  0.2606572  0.5371383  0.8022096  0.6972441  0.4699988 -0.5412502
  0.2707205  0.6029770  0.7504193 -0.6709073 -0.4408498  0.5962675
  0.3781273  0.6606323  0.6485250  0.7533028  0.1876220 -0.6303435
  0.3561167  0.6384368  0.6823337 -0.8780788 -0.0211307  0.4780493
  0.9750022  0.1795266 -0.1309231  0.0434772  0.4236918  0.9047624
  0.9391902  0.3078088 -0.1522349  0.0801939 -0.6276612 -0.7743451
  0.9568144  0.0488597  0.2865640 -0.2579395  0.5973146  0.7593961
  0.9579011 -0.2017233  0.2042871  0.0387882 -0.6141021 -0.7882729
  0.9972122  0.0686540  0.0292319 -0.0721803  0.7882100  0.6111587
  0.9749855 -0.1493910 -0.1645773 -0.2001106 -0.9122564 -0.3574130
  0.9731006 -0.0365752 -0.2274589  0.0728979  0.9854709  0.1534047
  0.9932372 -0.0789618 -0.0851171 -0.0738880 -0.9953869  0.0612004
  0.9693505 -0.1284593 -0.2094224  0.1379783  0.9899363  0.0314335
