  0.5457597  0.4906143 -0.6792967  0.6824273 -0.7306643  0.0205610
  0.6206665  0.2790800 -0.7327260 -0.6698099  0.6745117 -0.3104651
  0.7337381  0.3165184 -0.6012025  0.6242789 -0.6632948  0.4126933
  0.7561736  0.5259844 -0.3892839 -0.6541811  0.6219717 -0.4303467
  0.6199478  0.7030847 -0.3483342  0.7799420 -0.5036567  0.3715111
  0.5937397  0.7143830 -0.3703108 -0.7708781  0.3730579 -0.5163088
  0.3198138  0.7939367 -0.5170915  0.9203893 -0.1307511  0.3684939
  0.3132644  0.7791515 -0.5429442 -0.8205213 -0.0657812 -0.5678183
  0.4641840  0.4936159 -0.7354431  0.7232577  0.2680776  0.6364218
  0.4831203  0.5116185 -0.7105218 -0.4673837 -0.5355164 -0.7034022
  0.5837455  0.7571333  0.2932411  0.0351572  0.3372535 -0.9407572
  0.6990548  0.7147015 -0.0228935 -0.0982711  0.1277332  0.9869281
  0.7759527  0.6298673  0.0341264  0.2399387 -0.2446884 -0.9394451
  0.7217026  0.6920553 -0.0143125 -0.4006791  0.4345259  0.8066248
  0.8503014  0.5112953 -0.1247580  0.2585620 -0.6123041 -0.7471475
  0.7857832  0.5871312 -0.1944779 -0.3191941  0.6542815  0.6855880
  0.6721788  0.6856020 -0.2795093  0.4367948 -0.6720314 -0.5979833
  0.6599565  0.5494239 -0.5124361 -0.3583486  0.8296742  0.4280501
  0.1077161  0.6061139 -0.7880502  0.5832027 -0.6804729 -0.4436567
  0.2145007  0.9352257  0.2816777  0.2336681  0.2308797 -0.9445072
  0.6313443  0.7049604  0.3231644 -0.3023610 -0.1599737  0.9396735
  0.6281450  0.6790636  0.3798771  0.4730683  0.0543237 -0.8793494
  0.6646248  0.7213247  0.1948448 -0.4901484  0.2240861  0.8423420
  0.7073359  0.6088795  0.3590845  0.6178183 -0.2856774 -0.7325906
  0.6198416  0.6843472  0.3840121 -0.6739898  0.2136390  0.7071748
  0.6248181  0.6820823  0.3799553  0.6242911 -0.1441914 -0.7677692
  0.5187314  0.8528614  0.0595404 -0.5378706  0.2714263  0.7981372
 -0.3502819  0.6323670 -0.6909519  0.6342781 -0.3826568 -0.6717626
  0.4267839  0.5719277  0.7005385 -0.3578951  0.8182020 -0.4499518
  0.5676056  0.6080032  0.5551180  0.1181043 -0.7274169  0.6759557
  0.6778197  0.5906438  0.4378360  0.0592476  0.5496936 -0.8332626
  0.7883230  0.3352822  0.5158804 -0.2461981 -0.5965163  0.7639076
  0.7061325  0.6036943  0.3700405  0.0347382  0.4924324 -0.8696572
  0.6980819  0.6367392  0.3274825 -0.0639284 -0.4001137  0.9142331
  0.5589992  0.7499622  0.3536616  0.2058586  0.2876453 -0.9353515
  0.3617597  0.9052934  0.2226518 -0.2582860 -0.1321532  0.9569869
 -0.4751659  0.5504091 -0.6864890  0.5968557 -0.3716345 -0.7110914
  0.2493257  0.7884989  0.5622332 -0.4111758  0.6118316 -0.6757193
  0.5761142  0.6693192  0.4691526  0.2296871 -0.6834196  0.6929513
  0.6499923  0.5642294  0.5090730  0.0627785  0.6277282 -0.7758970
  0.5856794  0.5636034  0.5825210 -0.2957777 -0.5205115  0.8009890
  0.6291406  0.6862717  0.3649839  0.3377207  0.1815795 -0.9235657
  0.5721219  0.7356230  0.3626780 -0.4892070 -0.0488477  0.8707987
  0.5318473  0.7075580  0.4652958  0.5705992  0.1065792 -0.8142834
  0.4492573  0.8723721  0.1927039 -0.6121179  0.1434514  0.7776460
 -0.4037864  0.7211562 -0.5629300  0.6859487 -0.1684889 -0.7078742
  0.2302807  0.6808653  0.6952648 -0.3539947  0.7241283 -0.5918834
  0.4712912  0.7420513  0.4767016  0.0471449 -0.5609145  0.8265303
  0.6044025  0.5700104  0.5565840  0.0860224  0.6478524 -0.7568933
  0.6688435  0.7230184  0.1728954  0.0116007 -0.2426955  0.9700332
  0.6012822  0.7521589  0.2696604  0.0732518  0.2841720 -0.9559710
  0.6166876  0.7610392  0.2012852 -0.1811704 -0.1116231  0.9770965
  0.5463131  0.7570637  0.3583247  0.4359755  0.1082560 -0.8934238
  0.3987539  0.8693694  0.2918770 -0.5495533 -0.0282676  0.8349803
 -0.5814812  0.7101186 -0.3970028  0.5922262  0.0348882 -0.8050161
  0.3367286  0.7285162  0.5965551 -0.4628992  0.6797858 -0.5688722
  0.4977908  0.6251674  0.6011407  0.3939120 -0.7804755  0.4854805
  0.7066427  0.4577150  0.5395861 -0.1819882  0.8545052 -0.4865195
  0.7355419  0.5374261  0.4124939  0.0318847 -0.6356521  0.7713169
  0.6311337  0.6446710  0.4313578 -0.0000838  0.5561637 -0.8310727
  0.4453416  0.8446870  0.2969422  0.1169329 -0.3836742  0.9160354
  0.4942316  0.7637516  0.4152332  0.0855851  0.4325793 -0.8975245
 -0.0335198  0.8696610  0.4925101 -0.1478565 -0.4916796  0.8581315
 -0.8604149  0.4863979  0.1519973  0.1584056  0.5387777 -0.8274215
  0.2669959  0.3612872  0.8934119 -0.8862715  0.4561334  0.0804061
  0.5142192  0.3684679  0.7744741  0.7031981 -0.6981060 -0.1347602
  0.5844958  0.3666207  0.7238466 -0.6702602  0.7209350  0.1760795
  0.6159943  0.5561331  0.5579130  0.7496528 -0.6314325 -0.1982771
  0.5947257  0.4351747  0.6759618 -0.7051241  0.6862222  0.1786031
  0.3251052  0.5297604  0.7833648  0.7275519 -0.6693007  0.1506809
  0.1686041  0.5136210  0.8412884 -0.5937044  0.7342298 -0.3292746
 -0.1073435  0.4042816  0.9083137  0.6391376 -0.6717430  0.3745189
 -0.5545232  0.0719894  0.8290486 -0.6569157  0.5737064 -0.4892063
  0.6723828  0.2918681  0.6802311 -0.7274292  0.0905569  0.6801810
  0.4896701  0.5208323  0.6992545  0.8704613 -0.2458410 -0.4264498
  0.4250041  0.5848410  0.6908925 -0.9027013  0.3304134  0.2756036
  0.4402024  0.6351183  0.6347019  0.8854821 -0.4242146 -0.1896400
  0.6377160  0.4681582  0.6116750 -0.6569133  0.7452195  0.1145110
  0.2898832  0.7029623  0.6494704  0.7446923 -0.5919324  0.3083010
 -0.0666009  0.6939044  0.7169805 -0.6734043  0.4989822 -0.5454754
 -0.0786648  0.9279338  0.3643498  0.5578195 -0.2619377  0.7875443
 -0.3546305  0.8454011  0.3994174 -0.4661360  0.2104564 -0.8593168
  0.0993649  0.2226247  0.9698272 -0.6536724  0.7494491 -0.1050638
  0.1334657  0.1658579  0.9770763  0.5579412 -0.8273907  0.0642358
  0.2519777  0.3713670  0.8936408 -0.3512086  0.8955709 -0.2731397
  0.2344913  0.6147399  0.7530662  0.3360995 -0.7781603  0.5305692
  0.0436680  0.5537398  0.8315439 -0.3938649  0.7744666 -0.4950475
 -0.0519437  0.2397196  0.9694516  0.4505912 -0.8607042  0.2369722
 -0.1088822  0.4610245  0.8806822 -0.3887485  0.7956437 -0.4645705
 -0.1250703  0.3345160  0.9340538  0.3886224 -0.8497012  0.3563432
  0.0725807  0.2640450  0.9617756 -0.1047198  0.9610063 -0.2559311
 -0.0767206 -0.5026874  0.8610571  0.0043055  0.8634274  0.5044548
 -0.0764845 -0.4855996  0.8708290 -0.0029179 -0.8732746 -0.4872197
 -0.0348974 -0.3689367  0.9287992  0.3389899  0.8698985  0.3582770
 -0.1007676 -0.1498924  0.9835538 -0.5553227 -0.8117862 -0.1806094
 -0.4142943 -0.4848991  0.7702163  0.5794934  0.5120190  0.6340535
 -0.3609757 -0.5151483  0.7773794 -0.6681623 -0.4386582 -0.6009477
 -0.0276688 -0.4518835  0.8916478  0.8688505  0.4302082  0.2449892
 -0.1337279 -0.2729867  0.9526778 -0.8401628 -0.4786047 -0.2550767
 -0.2171449  0.0926803  0.9717296  0.9571168  0.2157848  0.1932986
