  0.6998297  0.1378047 -0.7008910  0.6162239 -0.6127139  0.4948230
  0.4624318 -0.0392389 -0.8857861 -0.7913470  0.4323235 -0.4322804
  0.6818383  0.0456880 -0.7300748  0.7094238 -0.2846598  0.6447377
  0.6598383 -0.0820950 -0.7469095 -0.7511629 -0.0467012 -0.6584629
  0.7495559 -0.1354440 -0.6479358  0.6545114  0.2978943  0.6948912
  0.4725136  0.1249523 -0.8724207 -0.7927096 -0.3723453 -0.4826702
  0.2438162  0.0634370 -0.9677445  0.8746380  0.4167313  0.2476760
  0.0584038 -0.1085697 -0.9923717 -0.7743351 -0.6323352  0.0236085
 -0.1179990  0.0150328 -0.9928999  0.5566868  0.8289910 -0.0536070
 -0.2876951  0.4318451 -0.8548341 -0.4914273 -0.8326717 -0.2552588
  0.4834300  0.8591471 -0.1678145 -0.4662910  0.0904896 -0.8799911
  0.6015195  0.7931936 -0.0949642  0.3592110 -0.1623794  0.9190214
  0.6438646  0.7646856  0.0263486 -0.2121979  0.2115441 -0.9540551
  0.7387474  0.6693386  0.0789815  0.2076021 -0.3374719  0.9181580
  0.5620253  0.7883492  0.2502661 -0.1911681  0.4181919 -0.8880148
  0.3782194  0.9104424  0.1674654  0.1766785 -0.2485728  0.9523635
  0.5025036  0.8621314  0.0649590 -0.0206864  0.0871017 -0.9959846
  0.5036176  0.8486356  0.1618239 -0.1515096 -0.0976514  0.9836204
  0.4794019  0.8771412  0.0282329  0.3355731 -0.1534918 -0.9294251
  0.2553306  0.5339881  0.8060167  0.5375385  0.6145318 -0.5774107
  0.2742229  0.7231362  0.6339367 -0.6425507 -0.3526802  0.6802539
  0.1582314  0.7956994  0.5846582  0.8624567  0.1769232 -0.4742009
  0.3562372  0.8234825  0.4415559 -0.8428877  0.0792518  0.5322213
  0.5133000  0.7481773  0.4204211  0.8064215 -0.2528873 -0.5345394
  0.5728193  0.7188724  0.3938281 -0.7700676  0.3073426  0.5590496
  0.5524351  0.8166799  0.1668815  0.8166232 -0.4901076 -0.3048295
  0.5070955  0.8182164 -0.2708801 -0.8029337  0.5627118  0.1966035
  0.1184396  0.5992726 -0.7917350  0.7017302 -0.6146461 -0.3602568
  0.2786046  0.8871532  0.3678840  0.3156810  0.2771754 -0.9074796
  0.5639804  0.6053787  0.5616429 -0.5599757 -0.2195034  0.7989027
  0.7416098  0.4768620  0.4718237  0.5522797 -0.0347651 -0.8329337
  0.6845476  0.6643227  0.3001166 -0.3631693 -0.0461753  0.9305783
  0.6684851  0.6674877  0.3280057  0.4528818 -0.0155040 -0.8914357
  0.5854174  0.7475139  0.3138621 -0.5917112  0.1293005  0.7957130
  0.7978144  0.5108581  0.3201815  0.5292993 -0.3392023 -0.7776787
  0.5863866  0.8041283 -0.0976139 -0.6411803  0.5344137  0.5507175
  0.0993852  0.5505846 -0.8288421  0.7774050 -0.5628925 -0.2807017
 -0.0078449  0.9498754  0.3125303  0.4486247  0.2826643 -0.8478424
  0.4148751  0.5861493  0.6959222 -0.6126285 -0.3855507  0.6899544
  0.6674096  0.4294776  0.6083695  0.5762493  0.2196201 -0.7872127
  0.5396781  0.6772578  0.5000694 -0.5654083 -0.1485150  0.8113303
  0.6085057  0.7795825  0.1482294  0.4284701 -0.1655504 -0.8882604
  0.6097046  0.6540935  0.4476850 -0.5966414  0.0069065  0.8024783
  0.6257013  0.7311318  0.2719267  0.5359594 -0.1496496 -0.8308745
  0.3534113  0.9349793  0.0302361 -0.5478149  0.1806513  0.8168622
 -0.1770417  0.5712442 -0.8014588  0.6964918 -0.5026351 -0.5121105
  0.2693908  0.9129898  0.3063955  0.1416787  0.2771229 -0.9503315
  0.5695115  0.8018947  0.1806145 -0.1098528 -0.1435076  0.9835334
  0.5761126  0.7909063  0.2063044  0.3699016 -0.0272039 -0.9286726
  0.5754114  0.7656309  0.2875953 -0.4795020  0.0309434  0.8769951
  0.6152144  0.6430697  0.4560402  0.6166497 -0.0321254 -0.7865819
  0.6867575  0.5449448  0.4810398 -0.6707034  0.2199472  0.7083645
  0.6786560  0.7087121  0.1927517  0.6064642 -0.3927121 -0.6913598
  0.4013637  0.8929635 -0.2037727 -0.6251094  0.4296710  0.6516295
  0.1451806  0.6148756 -0.7751455  0.6772125 -0.6329235 -0.3752214
  0.2864814  0.9374515  0.1977702  0.1797919  0.1501525 -0.9721775
  0.4515772  0.7355963  0.5049517 -0.4320411 -0.3148901  0.8450945
  0.4957819  0.7691134  0.4033173  0.5561556  0.0755029 -0.8276414
  0.6675444  0.6573624  0.3496557 -0.5420042  0.1070383  0.8335312
  0.7865180  0.5238311  0.3270937  0.4430386 -0.1096108 -0.8897765
  0.8788307  0.4728910 -0.0634881 -0.2533591  0.5752637  0.7777408
  0.9058164  0.4214003 -0.0437998  0.2676108 -0.6492389 -0.7119503
  0.7970726  0.4430913 -0.4102992 -0.2840609  0.8746761  0.3927482
  0.3203247  0.6890282 -0.6501017  0.4371698 -0.7163372 -0.5438231
  0.1288913  0.7960794  0.5913076  0.4299586  0.4924572 -0.7567176
  0.4742448  0.6769527  0.5628738 -0.4679170 -0.3477567  0.8124770
  0.4052318  0.6398976  0.6529306  0.6686779  0.2795684 -0.6889931
  0.5311518  0.7106189  0.4614093 -0.5097259 -0.1670022  0.8439726
  0.5382599  0.7661812  0.3510592  0.5624827 -0.0163929 -0.8266466
  0.4305358  0.8603156  0.2729395 -0.5798822  0.0319266  0.8140745
  0.6103582  0.7562364  0.2357316  0.6498523 -0.3078800 -0.6949114
  0.5531292  0.8169391 -0.1632746 -0.5049250  0.4846279  0.7142734
  0.1352182  0.7569535 -0.6393257  0.4741966 -0.6159951 -0.6290371
 -0.0303663  0.9712733  0.2360211  0.3498429  0.2315221 -0.9077485
  0.3605195  0.9311957  0.0538546 -0.3510867  0.0819816  0.9327471
  0.5467524  0.8149934  0.1919572  0.5238233 -0.1540933 -0.8377735
  0.5472799  0.8019418  0.2395289 -0.7386789  0.3282625  0.5887251
  0.5776956  0.6067085  0.5460518  0.8158341 -0.4505853 -0.3624743
  0.6312478  0.6922342  0.3497686 -0.7381934  0.6745833 -0.0028208
  0.5548789  0.6902063  0.4644617  0.7175096 -0.6796000  0.1527214
  0.5724729  0.7411334  0.3507079 -0.7877247  0.6158306 -0.0155732
  0.5545036  0.6509119  0.5184973  0.6936791 -0.7057226  0.1441004
 -0.3879219  0.8087128  0.4421541  0.8052130  0.0639246  0.5895301
 -0.5176091  0.7280596  0.4494553 -0.5568955  0.1121310 -0.8229788
 -0.5586488  0.8091610  0.1821262  0.4883580  0.1434209  0.8607769
 -0.3306501  0.9190658  0.2144494 -0.4079897  0.0656972 -0.9106197
 -0.3523886  0.9316621 -0.0884763  0.0842290  0.1257308  0.9884823
 -0.3288587  0.9337782 -0.1411039 -0.0065618 -0.1516703 -0.9884094
 -0.2555756  0.9418441 -0.2181990 -0.1067507  0.1968225  0.9746103
 -0.3167288  0.9347698 -0.1608987  0.4235925 -0.0123806 -0.9057683
 -0.3691873  0.8928543 -0.2578993 -0.6286983 -0.0355737  0.7768352
  0.2245932  0.3824684 -0.8962566 -0.5154621  0.8271672  0.2238154
  0.2234396  0.3169199 -0.9217573  0.7296561 -0.6814003 -0.0574069
  0.1183547  0.5408964 -0.8327204 -0.9095853  0.3954455  0.1275835
 -0.0451473  0.6282069 -0.7767353  0.9601172 -0.1874749 -0.2074320
  0.0360306  0.4745087 -0.8795131 -0.9911910  0.1292031  0.0291011
  0.0026555  0.6203499 -0.7843207  0.9887851 -0.1187460 -0.0905731
  0.1412841  0.3989123 -0.9060396 -0.9869208 -0.0150110 -0.1605055
  0.0480163 -0.0321853 -0.9983279  0.9291037  0.3683608  0.0328112
  0.0173010  0.0796590 -0.9966720 -0.8010693 -0.5954046 -0.0614933
