  0.1860456  0.8309639 -0.5242957  0.2501878 -0.5560880 -0.7925731
  0.1491576  0.8065362 -0.5720588 -0.4075269  0.5772533  0.7076019
  0.1817408  0.8108565 -0.5563111  0.5383551 -0.5554634 -0.6337461
  0.1422876  0.8233504 -0.5494073 -0.7195352  0.4671989  0.5138037
  0.1705021  0.9485545 -0.2667833  0.8035637 -0.2905474 -0.5194878
  0.1511899  0.8872187 -0.4358721 -0.9212676  0.2863126  0.2632321
 -0.0963541  0.8410440 -0.5323165  0.9363733 -0.1047592 -0.3350084
 -0.4854605  0.8533714 -0.1899616 -0.8243956 -0.3745041  0.4244037
 -0.3528535  0.8706128 -0.3428232  0.9254529  0.2707088 -0.2650542
 -0.4132507  0.7369203 -0.5349508 -0.8717231 -0.4899962 -0.0015851
  0.2674488  0.9204603 -0.2849981 -0.9512055  0.2049696 -0.2306417
  0.4902414  0.8006109 -0.3445077  0.8333781 -0.3148299  0.4542720
  0.4822509  0.8266273 -0.2900369 -0.7392330  0.2063378 -0.6410610
  0.3406865  0.9237043 -0.1752229  0.6353711 -0.0888295  0.7670808
  0.2928587  0.9320292 -0.2134368 -0.7087284  0.0617573 -0.7027732
 -0.0233767  0.8891679 -0.4569836  0.5543533  0.3919257  0.7342252
 -0.2667319  0.8485371 -0.4569890 -0.2787224 -0.5218216 -0.8062357
 -0.3946273  0.8749298 -0.2806550  0.0634281  0.3306553  0.9416177
 -0.3542711  0.8713266 -0.3395319  0.2226950 -0.2740259 -0.9355836
 -0.2064667  0.6841772  0.6994806 -0.2552901  0.6524541 -0.7135339
  0.0647678  0.7972694  0.6001389  0.0577730 -0.6033887  0.7953517
  0.1312631  0.8858715  0.4449738 -0.1652734  0.4621310 -0.8712747
  0.2374444  0.7201420  0.6519322 -0.0321021 -0.6649418  0.7462049
  0.2066938  0.8694032  0.4487936 -0.0470528  0.4670009 -0.8830041
  0.3556094  0.8884723  0.2901018  0.1108742 -0.3483006  0.9308027
  0.1659749  0.9244165  0.3433750 -0.0718287  0.3586125 -0.9307189
 -0.2901590  0.9515841  0.1014666 -0.0314573 -0.1154550  0.9928145
 -0.5308746  0.8416666 -0.0988407  0.2158556  0.0215110 -0.9761883
  0.2142331  0.6094363  0.7633424 -0.5291846  0.7292785 -0.4337240
  0.4043333  0.6980227  0.5909982  0.4560802 -0.7139801  0.5312469
  0.7176005  0.6632147  0.2125930 -0.3130917  0.5798670 -0.7521488
  0.5902279  0.6871409  0.4236371  0.0549410 -0.5577771  0.8281704
  0.6518160  0.4872765  0.5811175  0.2131234  0.6176884 -0.7569937
  0.5228658  0.6227328  0.5820783 -0.2900305 -0.5121491  0.8084464
  0.5816275  0.7642685  0.2785734  0.3175058  0.1020011 -0.9427544
  0.2020416  0.9785608  0.0399751 -0.4769318  0.0626570  0.8767041
 -0.1888297  0.6987179 -0.6900265  0.7182946 -0.3808679 -0.5822307
  0.0596769  0.8624160  0.5026702 -0.0103258  0.5040741 -0.8635987
  0.3502297  0.8259455  0.4417614 -0.0296787 -0.4616105  0.8865861
  0.6320902  0.6679728  0.3927776  0.0905141  0.4397632 -0.8935410
  0.6273820  0.5755214  0.5245636 -0.1942315 -0.5366853  0.8211230
  0.7795626  0.5116580  0.3612317  0.3271678  0.1591458 -0.9314686
  0.7338717  0.5670683  0.3739864 -0.4209103 -0.0525168  0.9055807
  0.5865051  0.7265756  0.3579100  0.5690554 -0.0552025 -0.8204441
  0.5784464  0.8107821 -0.0896228 -0.6047090  0.4999565  0.6199763
 -0.2756863  0.5807624 -0.7659714  0.6272553 -0.4951260 -0.6011664
  0.1400448  0.8669203  0.4783687 -0.1665826  0.4968723 -0.8516855
  0.3345371  0.8792152  0.3392132  0.1735868 -0.4112848  0.8948254
  0.5327554  0.6559881  0.5346506  0.3019688  0.4428288 -0.8442260
  0.5893678  0.6320555  0.5031416 -0.5299316 -0.1676156  0.8313107
  0.7209115  0.6236883  0.3021580  0.4010876 -0.0199225 -0.9158230
  0.7905705  0.4446931  0.4210063 -0.5734952  0.2965971  0.7636317
  0.7361070  0.6632990  0.1348366  0.5130904 -0.4168894 -0.7502942
  0.5281198  0.8332757 -0.1635274 -0.4975572  0.4597046  0.7356008
  0.0512015  0.5395145 -0.8404181  0.6718496 -0.6412383 -0.3707175
  0.0995228  0.9820861  0.1600063  0.0682004  0.1536939 -0.9857621
  0.3627703  0.8767793  0.3156831 -0.0691456 -0.3125000  0.9473978
  0.4554402  0.7910561  0.4084171  0.3980677  0.2293955 -0.8882116
  0.5981591  0.6165150  0.5119717 -0.3603035 -0.3637542  0.8589903
  0.4943888  0.7609167  0.4202207  0.3653182  0.2567821 -0.8947657
  0.4528842  0.7954389  0.4027070 -0.4913748 -0.1542040  0.8571884
  0.3552074  0.9300123  0.0943653  0.5466488 -0.1247703 -0.8280142
  0.4143257  0.8851142 -0.2119130 -0.4338526  0.3967592  0.8089215
  0.2632489  0.5541803 -0.7896735  0.1080086 -0.8303294 -0.5467058
  0.5551366  0.7353200  0.3887517  0.1716907  0.3560149 -0.9185726
  0.4528863  0.8228504  0.3432365 -0.1096764 -0.3306387  0.9373629
  0.4909303  0.8576783  0.1528897  0.1533340  0.0876895 -0.9842760
  0.4230230  0.8669155  0.2636459 -0.4316656 -0.0630188  0.8998297
  0.4376602  0.8657926  0.2426041  0.5371537 -0.0353874 -0.8427418
  0.8107002  0.5839784  0.0416460 -0.4866009  0.6325444  0.6025837
  0.8444423  0.5229969  0.1157209  0.5134837 -0.7288853 -0.4528364
  0.8686926  0.4610234 -0.1811920 -0.3689470  0.8462557  0.3843557
  0.7758625  0.5473226 -0.3138079  0.4609950 -0.8313891 -0.3102835
  0.5139520  0.8578175 -0.0015707  0.7642693 -0.4587335 -0.4532726
  0.4845132  0.8221873  0.2987558 -0.8481351  0.3578553  0.3906488
  0.6880448  0.7206149 -0.0854899  0.6785183 -0.6806320 -0.2763203
  0.6309202  0.7518267 -0.1915629 -0.7010300  0.6582153  0.2744258
  0.5029336  0.6776134 -0.5365611  0.7536679 -0.6477186 -0.1115584
  0.3418074  0.8752412 -0.3422287 -0.8927161  0.4161850  0.1727654
  0.2675347  0.9235634 -0.2746924  0.8951578 -0.3437196 -0.2838123
  0.4721953  0.8579025 -0.2025709 -0.8701292  0.4904153  0.0486624
  0.6813509  0.6910887 -0.2411584  0.6883732 -0.7169953 -0.1098184
 -0.2075220  0.9685646 -0.1371758  0.9206006  0.1459467 -0.3622073
  0.1089337  0.9905675  0.0831230 -0.9700093  0.0876482  0.2267151
  0.0339582  0.9986271  0.0398842  0.9974532 -0.0313598 -0.0640595
 -0.1720722  0.9835257 -0.0553936 -0.9823916 -0.1754852 -0.0641222
 -0.6539981  0.7540411 -0.0608968  0.7535336  0.6564401  0.0356876
 -0.6885678  0.7132923  0.1307227 -0.7077461 -0.6217321 -0.3354767
 -0.7168097  0.6874502  0.1166022  0.6023302  0.5262483  0.6002174
 -0.5444774  0.8372925 -0.0498563 -0.5951673 -0.4275433 -0.6804282
 -0.5949491  0.7874175  0.1612739  0.5372664  0.2403635  0.8084369
 -0.8152384  0.1744361 -0.5522304 -0.1345988  0.8703758  0.4736340
 -0.9617917  0.1931680 -0.1940178  0.0044858 -0.6974436 -0.7166257
 -0.8521305  0.5000203 -0.1544450  0.1697592  0.5432669  0.8222183
 -0.8138210  0.5057255  0.2862464 -0.4147204 -0.1603974 -0.8957007
 -0.8221749  0.5446972  0.1653281  0.2662114  0.1112072  0.9574782
 -0.7230974  0.6753399  0.1450729 -0.1818335  0.0165117 -0.9831907
 -0.5717249  0.6702140 -0.4732271 -0.2888396  0.3754456  0.8806885
 -0.4676326  0.7094911 -0.5272022  0.4470856 -0.3246644 -0.8334911
 -0.5255604  0.7671136 -0.3678626 -0.3131445  0.2276103  0.9220271
