 -0.2127212 -0.5680525  0.7950258  0.1767796 -0.8225947 -0.5404507
 -0.3166251 -0.5622355  0.7639632  0.0610254  0.7916579  0.6079093
 -0.2636445 -0.7311388  0.6292279  0.0010041 -0.6525142 -0.7577759
 -0.3552886 -0.8554549  0.3767851 -0.1848774  0.4594291  0.8687607
 -0.5324233 -0.7277300  0.4323593 -0.0428824 -0.4869297 -0.8723878
 -0.4903969 -0.6365860  0.5952051  0.4072864  0.4363899  0.8022977
 -0.5825637 -0.4691776  0.6636957 -0.6260346 -0.2617602 -0.7345491
 -0.4938381 -0.3599647  0.7915487  0.7530441  0.2781274  0.5962967
 -0.3571157 -0.2225472  0.9071610 -0.8779018 -0.2517077 -0.4073471
 -0.2918628 -0.2816859  0.9140400  0.9503263  0.0226516  0.3104301
 -0.9505639  0.0794214  0.3002009  0.2816464 -0.1866425  0.9411907
 -0.9230950  0.3143923  0.2214792 -0.0880759  0.3877734 -0.9175372
 -0.9194722  0.1356670  0.3690058  0.2576158 -0.5011080  0.8261506
 -0.8437530  0.3428623  0.4129483 -0.0805775  0.6797403 -0.7290133
 -0.7280679  0.5099952  0.4580633 -0.0682765 -0.7188398  0.6918147
 -0.9156367  0.3241518  0.2377711  0.1216656  0.7871688 -0.6046179
 -0.8590400  0.1242786  0.4965935 -0.0221767 -0.9782068  0.2064455
 -0.8991715  0.2808328  0.3355943  0.2893376  0.9568871 -0.0255106
 -0.8462611  0.2255469  0.4826704 -0.3778461 -0.8927868 -0.2452836
 -0.0776880  0.8319303  0.5494147 -0.8883812 -0.3078775  0.3405734
  0.0425060  0.8488172  0.5269750  0.9271689  0.1629954 -0.3373282
  0.1292552  0.8170130  0.5619456 -0.9899537  0.0735643  0.1207478
  0.2473519  0.7703859  0.5876416  0.9680803 -0.1711655 -0.1830928
  0.0981202  0.7977860  0.5949032 -0.9947000  0.0970809  0.0338716
 -0.1215808  0.9413519  0.3147614  0.9762334  0.0560893  0.2093378
 -0.2778068  0.8903844  0.3606092 -0.9406990 -0.1760632 -0.2899778
 -0.4911288  0.7834805  0.3807242  0.7684301  0.1838325  0.6129607
 -0.3922815  0.6773124  0.6223851 -0.7496972  0.1566305 -0.6429783
  0.5931540  0.2694665  0.7586542 -0.7071192  0.6248858  0.3309081
  0.6787377  0.5876711  0.4404063  0.6535544 -0.7568746  0.0027277
  0.6897208  0.6754096  0.2609734 -0.6847827  0.7255677 -0.0680011
  0.6034876  0.7045741  0.3733337  0.7024625 -0.6913214  0.1691777
  0.4360067  0.8581374  0.2711058 -0.7621989  0.5122872 -0.3957457
  0.0222797  0.8296792  0.5577957  0.7520416 -0.3815326  0.5374628
 -0.0316787  0.6804064  0.7321500 -0.5911579  0.5779021 -0.5626380
 -0.1756292  0.6804449  0.7114415  0.5622466 -0.5238870  0.6398603
 -0.3994177  0.3876529  0.8307772 -0.5512242  0.6225477 -0.5555053
  0.2152569  0.1205334  0.9690904 -0.7660507  0.6363038  0.0910151
  0.5878092  0.4044329  0.7006528  0.6030294 -0.7963788 -0.0462204
  0.7516101  0.2610898  0.6057346 -0.3397471  0.9403767  0.0162357
  0.5756114  0.6630208  0.4786178  0.5021834 -0.7485482  0.4329981
  0.5826892  0.7790499  0.2314187 -0.5193900  0.5759897 -0.6312447
  0.5782241  0.7734790  0.2595904  0.5451936 -0.6030134  0.5823563
  0.3077885  0.9116519  0.2723180 -0.4305836  0.3886897 -0.8145662
  0.0009994  0.9537821  0.3004975  0.4502394 -0.2687459  0.8515046
 -0.4350262  0.8923593  0.1201962 -0.1322546  0.0687161 -0.9888310
  0.2213145  0.7894281  0.5725584 -0.5811234  0.5782478 -0.5726474
  0.3485013  0.7908981  0.5030179  0.4634820 -0.6118698  0.6409366
  0.5051955  0.7582996  0.4120186 -0.4231642  0.6337517 -0.6475267
  0.4804489  0.8109822  0.3338812  0.4423908 -0.5528171  0.7061753
  0.5643057  0.8247051  0.0376903 -0.1291876  0.1333041 -0.9826192
  0.4911712  0.8686837  0.0643393  0.1182681 -0.1396853  0.9831077
  0.3844266  0.9186597  0.0909971  0.1702440  0.0263323 -0.9850500
  0.1273236  0.9916375  0.0210659 -0.0407208 -0.0159948  0.9990425
 -0.4216977  0.8104045 -0.4067133  0.2300702 -0.3382356 -0.9125045
 -0.0752876  0.8323143  0.5491672 -0.5650505  0.4181661 -0.7112349
  0.2369610  0.8619923  0.4481281  0.2275576 -0.4976794  0.8369784
  0.4924221  0.8139308  0.3082809 -0.2205882  0.4593472 -0.8604307
  0.7051637  0.7085050 -0.0276554  0.1529590 -0.1139207  0.9816444
  0.5034656  0.8554843 -0.1211160 -0.1152601 -0.0724257 -0.9906915
  0.3398620  0.8981825 -0.2788583 -0.0277404  0.3059527  0.9516425
  0.3696027  0.8996333 -0.2324948  0.0943034 -0.2852382 -0.9538061
  0.1518049  0.9119015 -0.3813016  0.1787749  0.3540781  0.9179696
  0.4168532  0.8080352 -0.4163083  0.1465749 -0.5117587 -0.8465334
  0.2100357  0.7453404  0.6327344  0.4377648  0.5069782 -0.7425194
  0.2826797  0.8804131  0.3807426 -0.6236170 -0.1329152  0.7703476
  0.2278045  0.9594451  0.1660429  0.6115958 -0.0082999 -0.7911269
  0.0712693  0.9969910  0.0304910 -0.7109533  0.0293336  0.7026271
  0.1800178  0.9798587 -0.0864326  0.6738890 -0.1868587 -0.7148129
  0.3240664  0.9460288 -0.0032388 -0.7641123  0.2637655  0.5886936
  0.3286283  0.9227072 -0.2015313  0.8789199 -0.3768827 -0.2923340
  0.5052336  0.8238078 -0.2570598 -0.8424667  0.5353975  0.0599944
  0.3275200  0.9179936 -0.2236479  0.9435232 -0.3302800  0.0260578
 -0.5843517  0.7999807 -0.1362499  0.7803008  0.5078005 -0.3650608
 -0.5484211  0.8292511 -0.1075962 -0.8057438 -0.4896403  0.3332106
 -0.2755605  0.9125257  0.3022635  0.9205944  0.3410258 -0.1902821
 -0.4120862  0.7801555  0.4706828 -0.8906073 -0.4539525 -0.0273081
 -0.2265972  0.9410285  0.2512351  0.9550113  0.1639928  0.2471028
 -0.1583386  0.9300650  0.3315238 -0.9416449 -0.0412288 -0.3340734
 -0.0467303  0.8982499  0.4369935  0.9178463 -0.1340178  0.3736274
 -0.0503770  0.8641841  0.5006475 -0.9384837  0.1305101 -0.3197114
  0.1231228  0.6891536  0.7140785  0.9511751 -0.2871674  0.1131405
 -0.8422685  0.5389131 -0.0125094  0.3812865  0.6119967  0.6928785
 -0.9235844  0.3826047  0.0246064 -0.2089987 -0.4486264 -0.8689383
 -0.7987538  0.5992493  0.0537844  0.2870436  0.3009857  0.9094029
 -0.7321738  0.6678238  0.1339141 -0.1767212  0.0036160 -0.9842543
 -0.4519347  0.8786688  0.1539355  0.0859576 -0.1288656  0.9879296
 -0.6100344  0.7730023  0.1741421  0.1713213  0.3432462 -0.9234885
 -0.6899288  0.6786437  0.2518748 -0.1947577 -0.5091470  0.8383548
 -0.7945078  0.5481814  0.2612557  0.1879162  0.6310525 -0.7526355
 -0.8798959  0.3253195  0.3463386 -0.1118640 -0.8502131  0.5144163
 -0.4312846  0.8907452 -0.1434106 -0.5818450 -0.1531198  0.7987557
 -0.5265097  0.8405808 -0.1273245  0.7308900  0.3710358 -0.5728283
 -0.7028428  0.7110894 -0.0190754 -0.6287261 -0.6084443  0.4842510
 -0.5599459  0.8033772  0.2025971  0.7210890  0.5929644 -0.3583627
 -0.7637361  0.6424955 -0.0625031 -0.6454853 -0.7612179  0.0624181
 -0.5825549  0.8124264 -0.0243527  0.8043862  0.5805696  0.1261026
 -0.7226336  0.6811327 -0.1177240 -0.6163994 -0.7120610 -0.3361857
 -0.8228866  0.5679061 -0.0184467  0.4858929  0.7201387  0.4952861
 -0.7442322  0.6374384 -0.1994758 -0.5049462 -0.7324498 -0.4566690
