  0.0562309 -0.0327636  0.9978801  0.7683227 -0.6368343 -0.0642046
  0.2459843  0.1203816  0.9617692 -0.6722891  0.7359721  0.0798270
  0.0160308  0.2369443  0.9713910  0.8178059 -0.5620637  0.1236039
 -0.1702568  0.1658274  0.9713464 -0.6644581  0.7086034 -0.2374378
 -0.2371182 -0.0237561  0.9711903  0.4813196 -0.8712498  0.0962038
 -0.3249647  0.1905596  0.9263288 -0.3177721  0.9005394 -0.2967317
 -0.1636933  0.3947387  0.9040939  0.1425559 -0.8973716  0.4176146
 -0.1536584  0.7132211  0.6838894  0.0767162  0.6986306 -0.7113578
 -0.1302455  0.7627139  0.6334853 -0.2090500 -0.6456897  0.7344269
  0.1840156  0.7585404  0.6251038  0.2255546  0.5864061 -0.7779801
 -0.0575738 -0.0272037  0.9979705  0.3360171  0.9407788  0.0450298
 -0.1349473  0.3284833  0.9348197 -0.4818919 -0.8461149  0.2277494
 -0.2359221  0.4950733  0.8362076  0.6550901  0.7166065 -0.2394411
 -0.2396538  0.4761636  0.8460699 -0.8261962 -0.5576960  0.0798439
  0.1243568  0.6448975  0.7540840  0.9498446  0.1423987 -0.2784201
  0.2477634  0.3775530  0.8922259 -0.9426884  0.3064036  0.1321191
  0.4492842  0.0957218  0.8882460  0.7877708 -0.5113966 -0.3433521
  0.5369670  0.0287316  0.8431139 -0.5916505  0.7252420  0.3520989
  0.4791841  0.2658499  0.8364846  0.6411205 -0.7569076 -0.1267100
 -0.3481145  0.6208621  0.7023863  0.8285119 -0.1468008  0.5403865
 -0.3275108  0.2950049  0.8976128 -0.8340474  0.3561207 -0.4213585
 -0.3402201  0.2409274  0.9089578  0.7635628 -0.4933918  0.4165770
 -0.4042708  0.3309294  0.8526728 -0.6016345  0.6059631 -0.5204274
 -0.4818592  0.3896933  0.7848254  0.4908754 -0.6218809  0.6101684
 -0.3945152  0.2067220  0.8953345 -0.5607736  0.7177198 -0.4128091
 -0.4212985  0.2265960  0.8781582  0.2907597 -0.8834257  0.3674478
 -0.0651585  0.2027075  0.9770691 -0.3472575  0.9133426 -0.2126443
 -0.3495073 -0.0103463  0.9368765  0.3346825 -0.9353456  0.1145259
 -0.5957103  0.6556049  0.4640167  0.0656337 -0.5360449  0.8416342
 -0.4869792  0.6990116  0.5236736  0.1538518  0.6588486 -0.7363750
 -0.3534240  0.6630482  0.6598929 -0.3509788 -0.7478724  0.5634720
  0.0678743  0.6123552  0.7876637  0.4966427  0.6639800 -0.5589961
  0.3203369  0.7334362  0.5995461 -0.5135841 -0.3973478  0.7604907
  0.0523467  0.7170755  0.6950270  0.7273950  0.4494788 -0.5185223
  0.1882238  0.8727389  0.4504428 -0.8463524 -0.0885424  0.5252122
 -0.2235245  0.8874256  0.4031284  0.8902053  0.3543076 -0.2863577
 -0.5277322  0.7882943  0.3163713 -0.8490336 -0.5006425 -0.1688167
  0.5591166  0.8070834  0.1897497 -0.8142764  0.4914839  0.3088649
  0.5495473  0.8202757  0.1585733  0.8352821 -0.5354957 -0.1246924
  0.7526438  0.6302683  0.1904973 -0.6461390  0.7626450  0.0296148
  0.6871750  0.6924528  0.2197717  0.6457589 -0.7207887  0.2519108
  0.4731913  0.8720723  0.1248190 -0.8534151  0.4889245 -0.1806531
  0.5163388  0.7976034  0.3118062  0.6334947 -0.6007364  0.4876476
  0.5804715  0.7298406  0.3610895 -0.4180933  0.6476663 -0.6369666
  0.5177449  0.8219019  0.2375236  0.4044991 -0.4798080  0.7785659
  0.3026472  0.9350894 -0.1844249 -0.5650136  0.0201903 -0.8248345
  0.7597129  0.3744186  0.5316456 -0.1781369  0.9061500 -0.3836137
  0.7709696  0.4032884  0.4929141  0.0558645 -0.8138016  0.5784515
  0.4506118  0.8218355  0.3486193 -0.1195825  0.4425621 -0.8887288
  0.3957663  0.8768112  0.2730771 -0.0208855 -0.2886854  0.9571962
  0.6102629  0.7705293  0.1840211  0.0995392  0.1558689 -0.9827496
  0.5567143  0.8292928 -0.0484019 -0.1304009  0.1447863  0.9808326
  0.7726561  0.6279184 -0.0933862  0.2230881 -0.4062934 -0.8860911
  0.9236021  0.3818053  0.0344078 -0.2175212  0.4480462  0.8671442
  0.8681254  0.4695717 -0.1608124  0.2430591 -0.6846753 -0.6871259
  0.5803136  0.6922826  0.4289300  0.6882372 -0.1353073 -0.7127563
  0.6441421  0.4864126  0.5903251 -0.7283419  0.1542782  0.6676199
  0.7210917  0.3206333  0.6141832  0.6876251 -0.4397514 -0.5777459
  0.5612683  0.3969988  0.7262023 -0.8096763  0.4451773  0.3824152
  0.3421643  0.5275158  0.7775929  0.9152464 -0.3744435 -0.1487150
  0.2881886  0.2664632  0.9197525 -0.8935115  0.4202436  0.1582169
  0.3951164  0.3050546  0.8665014  0.6968737 -0.7141171 -0.0663605
  0.3758625  0.2654021  0.8878564 -0.6722875  0.7375059  0.0641456
  0.4768919  0.0666337  0.8764326  0.5517599 -0.7988774 -0.2394909
 -0.4374942  0.6486676  0.6227593  0.5467630 -0.3579291  0.7569260
 -0.3851727  0.7238216  0.5724721 -0.4498998  0.3943426 -0.8013015
 -0.3288037  0.4637226  0.8227086  0.5052828 -0.6495908  0.5680854
 -0.5017462  0.3734293  0.7802572 -0.3398938  0.7443522 -0.5748147
 -0.4514196  0.4885971  0.7466547  0.1354049 -0.7895655  0.5985415
 -0.3225762  0.4227510  0.8468920 -0.2299221  0.8329276 -0.5033562
 -0.3961429  0.4273668  0.8126675  0.0477481 -0.8742907  0.4830486
 -0.4265753  0.5023703  0.7521021 -0.0452044  0.8186742 -0.5724763
 -0.4418531  0.4385494  0.7825856 -0.0436798 -0.8818454  0.4695112
 -0.2256437  0.9564521 -0.1851601 -0.3543828  0.0964559  0.9301124
 -0.0481150  0.9676480 -0.2476737  0.3645334 -0.2138463 -0.9063030
 -0.1509256  0.9813923 -0.1187036 -0.3727565  0.0547165  0.9263146
 -0.1880424  0.8547691 -0.4837456  0.6881165 -0.2367839 -0.6858784
 -0.4203876  0.6818183 -0.5986635 -0.7471374  0.1142574  0.6547754
 -0.4420373  0.8253297 -0.3513317  0.6037865 -0.0158857 -0.7969878
 -0.6579096  0.6700591 -0.3437671 -0.5375735 -0.0981638  0.8374835
 -0.6068959  0.6077018 -0.5122265  0.7357928  0.1859443 -0.6511787
 -0.6535652  0.6951306 -0.2994092 -0.7310307 -0.4772772  0.4876480
  0.1089428  0.6806817 -0.7244335 -0.8928379  0.3873863  0.2297223
  0.3101256  0.3473291 -0.8849772  0.8996889 -0.4080341  0.1551390
  0.3476718  0.0972458 -0.9325597 -0.9112385  0.2693042 -0.3116403
  0.6018372  0.1231279 -0.7890700  0.7801718 -0.3017813  0.5479599
  0.5733482  0.0699205 -0.8163229 -0.8064834  0.2237872 -0.5472694
  0.2891064  0.3018590 -0.9084595  0.9501301  0.0254252  0.3108157
  0.1535693  0.3540998 -0.9225128 -0.9752717 -0.0958495 -0.1991431
  0.3254089  0.4423479 -0.8357257  0.8838656  0.1717577  0.4350642
  0.1468284  0.5675319 -0.8101536 -0.9568356 -0.1261843 -0.2618075
  0.9254762  0.2860954 -0.2482807 -0.3771296  0.7574695 -0.5329288
  0.8870831  0.4516214 -0.0955073  0.4027906 -0.6562350  0.6380559
  0.9342038  0.3467685 -0.0837551 -0.3078906  0.6651604 -0.6802683
  0.8271301  0.5475219 -0.1267891  0.4072059 -0.4283617  0.8066533
  0.6999225  0.6433021 -0.3102755 -0.5004158  0.1317396 -0.8557036
  0.8677397  0.4330772 -0.2438686  0.2952003 -0.0543402  0.9538888
  0.5428696  0.8115377 -0.2161001 -0.1736251 -0.1433045 -0.9743296
  0.4046211  0.9114918 -0.0739220  0.0111959  0.0758911  0.9970533
  0.4091635  0.9116469  0.0385376  0.1607368 -0.0304385 -0.9865278
