  0.2629711  0.3671180  0.8922279 -0.6231458  0.7706404 -0.1334262
  0.4150314 -0.5321359  0.7379568  0.7863049  0.6178299  0.0032904
 -0.4922704 -0.7573349 -0.4290847  0.6991746 -0.0504027 -0.7131721
 -0.9872206  0.0585652 -0.1482080  0.1566571  0.1861023 -0.9699611
 -0.1925788 -0.5417695  0.8181682 -0.4659086  0.7842841  0.4096677
  0.7897067 -0.0286922 -0.6128133  0.6053465 -0.1257202  0.7859708
  0.2156104 -0.6155584 -0.7580238  0.8160754  0.5398762 -0.2062877
 -0.6600838 -0.4324209  0.6142487 -0.7469197  0.2907290 -0.5979863
  0.0491567 -0.0924923  0.9944993 -0.5510209  0.8279554  0.1042393
  0.7861013 -0.6172878  0.0316320  0.4465953  0.6026192  0.6613643
