 -0.9896975  0.1243074  0.0710390 -0.0728861 -0.8645025  0.4973159
 -0.3342842 -0.0923971 -0.9379322 -0.2857585 -0.9383996  0.1942891
  0.3850340  0.4556231 -0.8025935  0.4833603 -0.8403836 -0.2451902
 -0.1529614  0.9425710 -0.2969220  0.9880760  0.1512117 -0.0289965
 -0.6918904  0.5654566  0.4489394  0.7083545  0.4113020  0.5736415
 -0.7867886 -0.4852334 -0.3814606 -0.2935727 -0.2494447  0.9228176
  0.6799376 -0.7124834 -0.1733562 -0.5956393 -0.6745450  0.4361225
  0.5541309  0.2601581 -0.7907317  0.7521347  0.2505592  0.6095191
 -0.3663341 -0.4693309 -0.8034475 -0.1931938  0.8830212 -0.4277263
 -0.4089724 -0.8977088 -0.1638918 -0.8869565  0.4332741 -0.1599428
