 -0.7967252  0.1159181  0.5931206 -0.4470961  0.5472704 -0.7075310
 -0.1768694 -0.9826187  0.0563703  0.2009172  0.0200212  0.9794036
  0.0433024 -0.4143609 -0.9090819  0.9049229 -0.3693308  0.2114459
 -0.9578651  0.1309315  0.2556392 -0.1608164  0.4929691 -0.8550553
  0.3153637  0.1331062  0.9395895 -0.9058739  0.3372168  0.2562759
  0.8855132 -0.4510453  0.1114653  0.2501155  0.6649558  0.7037585
  0.1580969 -0.6526384 -0.7409916  0.7638791  0.5563577 -0.3270395
 -0.8223569 -0.4618705 -0.3322721 -0.4415095  0.8863666 -0.1393683
 -0.2605999 -0.9041955  0.3384055 -0.6351826  0.4245465  0.6452157
  0.0729017 -0.9635561  0.2573810 -0.0925722  0.2504161  0.9637023
