 -0.0342102 -0.9729202  0.2285957  0.4918795 -0.2155000 -0.8435723
 -0.4879551 -0.4314695  0.7587713 -0.8316785 -0.0340652 -0.5542116
  0.2151180 -0.1002026  0.9714338 -0.4223381  0.8873476  0.1850534
  0.8133462 -0.5813529  0.0222878  0.5739887  0.7956159 -0.1937325
 -0.6796377 -0.7329830 -0.0287826  0.0564632 -0.0131521 -0.9983181
  0.0532893 -0.9797208  0.1931515 -0.9953542 -0.0365814  0.0890603
  0.2904053 -0.3757782  0.8800315 -0.5197745  0.7102179  0.4747894
  0.8160134 -0.5704163 -0.0935274  0.5240303  0.6617414  0.5361814
  0.5812581 -0.6526920 -0.4859344  0.6622107  0.7264639 -0.1836499
  0.2214376 -0.9491684 -0.2237069 -0.0896985  0.2086043 -0.9738780
