  0.9498458 -0.0925384 -0.2987133 -0.1394985 -0.9802910 -0.1398916
 -0.3337666  0.8023352 -0.4948314  0.9219052  0.3873651  0.0062557
 -0.7023994  0.0920730 -0.7058028 -0.4766060  0.6756479  0.5624470
 -0.3347978 -0.6435137 -0.6883317 -0.2886652 -0.6253238  0.7250121
 -0.2777760  0.4418800 -0.8529845  0.5296625 -0.6703206 -0.5197384
 -0.3392974  0.9249373 -0.1713717  0.9019697  0.2681675 -0.3384328
 -0.9519104  0.2641378 -0.1552346  0.2284362  0.9495448  0.2148991
 -0.2572569 -0.6129893 -0.7470361 -0.6156327 -0.4919092  0.6156474
  0.7034678  0.3455309 -0.6210808  0.4956344 -0.8648158  0.0802509
 -0.0098666  0.8575824  0.5142519  0.9952568  0.0581968 -0.0779556
