  0.1700960  0.1987407 -0.9651785 -0.9159341  0.3931811 -0.0804572
  0.7649337  0.3024876 -0.5686630  0.0969704 -0.9268871 -0.3625977
  0.0803000  0.7009918  0.7086342  0.6861829 -0.5545314  0.4707950
 -0.0674224  0.9161107 -0.3952156 -0.3204635  0.3552437  0.8781258
 -0.3376760 -0.2871644 -0.8963881 -0.9135502  0.3293692  0.2386253
  0.3139510 -0.8655495 -0.3902035 -0.8897515 -0.1247973 -0.4390534
  0.9532918 -0.2526781 -0.1654947 -0.2055956 -0.9442001  0.2573257
  0.7814094  0.0837690  0.6183705 -0.3643966 -0.7431859  0.5611505
  0.2315864  0.9488466 -0.2146110 -0.7992094  0.3113497  0.5141262
  0.6711017 -0.3332156 -0.6622612 -0.7033494 -0.0037845 -0.7108342
