  0.2942828 -0.9169882 -0.2693143  0.9028483  0.1743113  0.3930402
 -0.9244001  0.3314612 -0.1887269  0.1611309 -0.1091212 -0.9808819
 -0.2718465  0.8195891  0.5043543 -0.2424135  0.4488708 -0.8600876
 -0.6634539 -0.1772692  0.7269144  0.6086465  0.4371924  0.6621270
 -0.7634067 -0.3377298  0.5505895  0.5909381 -0.7093246  0.3842536
 -0.8666377  0.4965861  0.0483874 -0.1179646 -0.1097033 -0.9869395
 -0.0384388  0.2600514  0.9648294  0.1379822  0.9576748 -0.2526258
  0.7854192 -0.4688574  0.4040909  0.5595537  0.8169321 -0.1397199
  0.2271585 -0.9512543  0.2086007  0.5629790 -0.0465110 -0.8251614
 -0.8253822 -0.2410701  0.5105188 -0.5374143  0.0583875 -0.8412947
