  0.8950620  0.3892311  0.2176310  0.4435750 -0.7268768 -0.5243008
  0.5133689  0.7389073  0.4364269  0.7550853 -0.6305929  0.1794399
  0.1830577  0.6983537 -0.6919480 -0.0342344  0.7079427  0.7054397
  0.5066956 -0.0447839 -0.8609611 -0.5747448  0.7268080 -0.3760565
  0.7280501 -0.6843486  0.0401260 -0.5422239 -0.6106877 -0.5771081
  0.7071023  0.2830042 -0.6480084  0.6872441 -0.4907538  0.5355896
  0.1322743 -0.0376896 -0.9904963  0.6821518  0.7284587  0.0633782
 -0.7974574 -0.5513424 -0.2451189 -0.2029897  0.6277141 -0.7515119
 -0.1856456 -0.9556525  0.2286132 -0.5843365  0.2944181  0.7562201
  0.3584008 -0.8742686 -0.3274191  0.1776457 -0.2804430  0.9432888
