  0.8601611 -0.4840739 -0.1606091  0.4986768  0.8642895  0.0657650
 -0.3380674 -0.9409785  0.0164302  0.1512910 -0.0715691 -0.9858950
 -0.3137874 -0.5101374  0.8008104 -0.5082994 -0.6221224 -0.5954792
  0.1491612  0.4709373  0.8694647 -0.9493105 -0.1778493  0.2591896
  0.3743392  0.8552163 -0.3584344 -0.9106542  0.2661551 -0.3160227
  0.6181085  0.4651587  0.6336949  0.5565994  0.3102768 -0.7706655
 -0.7259559 -0.6858581 -0.0508602  0.5932059 -0.6618718  0.4582931
 -0.7579902 -0.3463348 -0.5527233  0.5482410 -0.7973865 -0.2522033
 -0.7725300  0.5664328 -0.2869692  0.4516481  0.1725005 -0.8753614
 -0.9991074 -0.0379246 -0.0186061 -0.0371066  0.5774121  0.8156092
