  0.1625334 -0.7990835  0.5788337 -0.2421840  0.5363811  0.8084814
 -0.4267176 -0.1180275 -0.8966502  0.8939967 -0.2048893 -0.3984849
 -0.8071605  0.1909492  0.5585968 -0.5118329  0.2451112 -0.8233757
  0.4806903 -0.1380873  0.8659496 -0.0383778  0.9832640  0.1780982
 -0.1590533 -0.7030377  0.6931378  0.8187268  0.2984128  0.4905469
 -0.8376530 -0.1120209 -0.5345921  0.0450209 -0.9895728  0.1368163
 -0.8369660  0.5421895 -0.0742861 -0.0655026 -0.2340191 -0.9700229
 -0.2664320  0.7755908  0.5722525  0.1414279  0.6187449 -0.7727566
 -0.7708529 -0.2987473  0.5626151  0.1645040  0.7598909  0.6288913
 -0.2566644 -0.9645655 -0.0611295  0.8360016 -0.2533031  0.4867636
