  2.1112875 -6.7685641  3.0198134
  3.7525651 -1.9444951  1.8167639
  3.4118571 -1.5193943  4.5081098
  2.8581762 -1.5367395  6.6809589
  2.5794891 -1.5531247  8.7717138
  2.4567374 -1.7992647 10.8049431
  1.9153377 -1.3472988 13.0273962
  7.3758420 -0.4856936 12.6822606
  7.8288852 -2.6468132 13.5250423
  8.4253580 -4.7572404 14.2886905
  8.7046555 -6.9021359 15.1078110
  9.9515321 -8.4102879 16.5201409
 10.9278167 -9.4612093 18.1404860
 12.8050273 -9.6883994 13.3102178
 11.2314202 -11.279270 12.8428116
  9.4012419 -12.663167 13.0183528
  7.4553849 -13.905209 12.9776972
  5.6691435 -15.430866 12.5054939
  4.1398167 -17.380889 12.3351134
  2.9718686 -15.094303  8.0310447
  1.2139631 -15.243697  9.4687059
 -0.4707151 -15.786019 10.7930547
 -2.2286525 -16.996527 11.7314271
 -3.7319897 -17.804093 13.1096786
 -4.8068892 -18.816482 14.9826141
 -6.4106984 -13.769665 13.5804022
 -5.9654857 -13.495032 15.8403027
 -5.2959485 -13.535662 18.0122127
 -5.0559988 -13.400715 20.0274565
 -5.1260560 -12.561768 22.1563110
 -6.1733961 -11.920845 24.1407140
 -1.6237606 -9.7151542 23.5226549
 -1.2960520 -11.454252 25.0819670
 -1.1722383 -13.230106 26.5976458
 -0.0754453 -14.859097 28.0588078
  0.9114578 -16.562566 29.0082732
  1.9600010 -18.279784 30.5920407
  6.3924885 -16.460109 28.4353849
  6.3974738 -18.777828 28.0066083
  5.7107938 -21.022205 27.8254102
  5.3209711 -23.102565 26.8778768
  4.6803751 -25.095337 26.0593443
  4.5223637 -27.301539 25.1639518
  5.0571624 -24.638296 20.5386841
  3.3944231 -25.923745 20.1952379
  1.5014564 -27.345656 20.2731732
 -0.5266692 -28.042894 19.8732028
 -2.3746013 -28.566842 18.7383422
 -4.0398741 -28.964486 17.2383466
 -3.2161459 -24.474666 19.9156389
 -5.4838144 -24.674366 19.8663430
 -7.6403232 -24.676175 19.9846725
 -9.7696658 -24.414761 20.6846812
 -11.854503 -24.576761 21.3531433
 -13.951259 -24.647197 21.6465957
