  1.6032880 -0.9331391 -1.4435227
  6.3244840 -0.0808473  0.8159615
  6.0553774 -0.5666758  2.9970039
  5.5979794 -0.0623696  5.3523123
  5.0259691  0.8849298  7.1583895
  4.3663647  1.8012185  8.9913993
  3.6855601  2.3929013 11.0848235
  7.7197553 -1.8836912 11.7237459
  7.6482814 -4.3036197 12.3920977
  7.8589088 -6.4630298 12.5602063
  8.8959275 -8.4654960 13.1433929
 10.0679009 -10.282842 13.2751257
 11.5206008 -11.825100 13.9563847
 11.1529815 -12.244969  9.0111576
  9.5949246 -12.979989 10.7978551
  8.0927243 -13.906271 12.2501697
  6.2289349 -15.006509 12.4189689
  4.8754273 -17.072390 11.5013837
  4.0161689 -19.262669 10.9007674
  2.5722774 -16.338704  7.3758172
  0.6522109 -17.210794  8.7387643
 -1.0568126 -18.163993 10.0917319
 -3.3149716 -18.536460 11.7594386
 -5.3500093 -18.556561 12.6224528
 -7.1843414 -18.611744 14.0566453
 -6.4775891 -13.225016 13.9323902
 -5.5096631 -13.254908 16.1803844
 -5.0168988 -12.208795 18.1373682
 -4.6513176 -10.805080 19.6481464
 -4.3981133 -9.2477864 21.2870773
 -4.2387182 -7.5504709 22.6735430
 -0.4987672 -9.6564083 19.6805222
  0.9447252 -10.189011 21.0638764
  2.4031410 -10.692337 22.8327836
  4.3599132 -10.994150 24.1042375
  5.8361089 -11.857150 25.2252040
  7.1619101 -13.047940 26.9143094
  6.8251555 -15.967382 21.5598278
  6.3198373 -17.780105 19.7405334
  6.0330367 -19.605718 18.3048231
  5.6442945 -21.420274 16.4611084
  5.1804977 -23.388746 14.7656460
  4.8190321 -25.356443 13.5848827
  2.7805638 -21.236849 11.4270735
  1.3319653 -23.495262 10.8788518
 -0.0303819 -25.179208 10.4159226
 -1.3544043 -26.737015 10.9695513
 -2.7842077 -27.780137 12.2532555
 -4.4503488 -28.639710 14.1626039
 -7.3425734 -24.467323 13.7655118
 -7.5358742 -25.613748 15.9617939
 -7.7403504 -26.209496 18.0753098
 -7.8908946 -26.429361 20.2616718
 -7.3221360 -26.424417 22.6721426
 -7.1712547 -26.144265 24.9819598
