  2.8202533  1.6740547  2.0595520
  7.9022421  1.9969446  1.2674195
  7.2592437  2.3806678  3.5888168
  6.2660389  1.8191786  5.9384291
  5.5266100  1.6841755  7.8511469
  5.2487441  2.0058959 10.1467394
  5.1079321  2.2413649 12.4155999
  9.0462223 -1.5785430 11.8253909
  8.6241163 -3.7791249 12.3791877
  8.2900217 -6.2254206 12.2397716
  8.3010330 -8.4384500 12.9662458
  8.7345898 -10.420942 13.7370910
  9.0202673 -12.580449 14.1930826
 10.5821538 -11.057776  9.6597227
  8.7970132 -12.525474 10.5648304
  7.4687120 -13.579830 12.0970738
  5.9393682 -15.237890 12.4961254
  4.9429268 -16.976310 11.1030921
  3.6428159 -18.562358 10.2393256
  2.2454888 -14.125661  7.9950451
  0.5484059 -15.635503  9.1000763
 -0.7473845 -17.161925 10.0006886
 -2.0488901 -18.423945 11.6466438
 -3.9863311 -18.677039 13.0729715
 -5.2125365 -19.336459 14.7084821
 -6.3158611 -14.402771 13.7089507
 -5.6217199 -14.034027 16.0270206
 -5.4064208 -13.069678 18.3305268
 -4.9796898 -12.503204 20.8434818
 -4.7643602 -11.059201 22.5881474
 -5.2514369 -9.3413100 23.8651648
 -1.3335059 -7.9621347 20.2403946
  0.3510600 -9.3471848 21.7710580
  2.2176678 -10.176067 22.7507072
  4.0593995 -11.081104 23.9020432
  5.2722207 -12.120419 25.1785151
  6.7777427 -13.448559 26.5921112
  6.8028202 -16.112140 21.0955923
  6.6643340 -18.588131 20.2580749
  6.4389253 -20.876294 19.8223217
  6.2539509 -23.248850 19.2157264
  5.9729102 -25.607516 18.3300432
  5.6358802 -27.806615 17.3200935
  3.7155525 -23.662220 14.4286793
  1.6278792 -24.482643 13.9333658
 -0.3433948 -25.311312 13.3559952
 -2.2607187 -26.056098 12.8505598
 -4.1590318 -26.901841 12.1712485
 -5.7129995 -28.598111 11.5451510
 -7.3598027 -23.665870 11.6836051
 -9.6130977 -24.281243 12.7433419
 -11.496475 -25.117095 13.5294184
 -13.139732 -25.854424 14.7099542
 -14.848082 -26.546708 15.8808219
 -16.654756 -27.540632 16.6754402
