  1.3028737  0.4083994  2.9174535
  5.9741672  0.9640995  0.8130401
  5.7716621  1.2148741  3.4534236
  5.0312883  1.2583023  5.7856464
  4.5226166  1.4669523  8.2183213
  4.3578550  1.7196705 10.5333689
  4.1011095  1.3693490 12.3324689
  8.6603806 -1.6821655 11.7396119
  8.1486708 -3.9103787 12.0568563
  7.7118701 -6.3444066 12.0683334
  7.5732081 -8.5000376 12.9397767
  7.9601227 -10.491620 13.7120111
  7.9964966 -12.680301 14.1137106
 10.4769074 -11.022474 10.0629640
  8.4729418 -12.315945 10.7493589
  7.0957609 -13.368295 12.2392427
  5.6035288 -15.130570 12.6221100
  4.7994369 -17.064243 11.3691582
  3.5539806 -18.666406 10.6016426
  2.3008124 -14.781961  7.4371119
  0.4902591 -16.082211  8.6254120
 -0.8277646 -17.511393  9.6701243
 -2.2347832 -18.368175 11.4876462
 -3.6700165 -18.801832 12.9601312
 -4.6309396 -19.676310 14.6704603
 -7.8903219 -15.733683 14.7977828
 -6.6187431 -14.869256 16.7022787
 -5.9848508 -13.793547 18.8756385
 -5.0580068 -13.019661 21.1908053
 -4.5872024 -11.582298 22.8901288
 -4.9199791 -9.9099292 24.2727377
 -1.3544339 -7.9904972 20.5670089
  0.6243923 -9.0695806 21.9878826
  2.5748223 -9.6889090 22.7930809
  4.6150546 -10.415734 23.2256575
  6.2605304 -11.239908 23.9880965
  8.2305758 -12.202441 25.0932025
  6.7664818 -15.841851 20.4337537
  6.6356636 -18.332191 20.4755388
  6.4999467 -20.782583 20.0040148
  6.2344448 -23.432781 19.2289193
  5.5633861 -25.651140 18.7050004
  5.3914567 -27.661445 17.8299186
  3.2545230 -23.551732 14.8512016
  1.7201147 -25.190176 14.3634518
  0.8407475 -27.212588 14.1572083
 -0.4027488 -28.910052 14.3993542
 -1.3003636 -30.754882 15.1551488
 -2.4403829 -32.837047 15.3767182
 -4.5028841 -28.095277 14.8111739
 -5.9169195 -28.727684 16.8555882
 -7.0517740 -30.038701 18.2183110
 -8.1631930 -31.325265 19.5400958
 -9.7910068 -32.341621 20.5821557
 -11.186617 -33.698099 21.6288710
