  2.6742914  3.1644256 -2.0638836
  7.8515811  3.8614196  0.5565078
  6.9510134  3.8654085  2.8698670
  6.3476785  3.4382313  4.6736976
  6.2418084  2.6670061  6.8115935
  5.4667979  1.3737397  8.8403123
  4.9076322  0.1437281 11.0762812
 10.0315453 -1.6513126 10.9980329
  9.6899948 -3.2556760 12.2371096
  9.8728546 -5.3056437 13.4449499
  9.3717271 -7.2515300 14.6845799
  8.9511242 -9.3184608 15.5354027
  9.1681760 -11.464629 16.0829972
 11.6474910 -9.3576786 11.8500489
 10.6139467 -10.966532 11.1776315
  9.3611766 -13.291504 11.1576902
  8.3097619 -15.191370 10.5754427
  7.2171753 -17.527467  9.9823323
  6.4704038 -19.614824  9.3317269
  2.4511073 -16.937251  6.8117207
  0.5509621 -17.470533  8.1033206
 -0.7600616 -18.316024  9.4043293
 -2.0487096 -18.893985 10.9599902
 -3.4482041 -19.386819 12.7079592
 -4.3496343 -19.856910 14.5376641
 -7.1850738 -15.292480 14.4812795
 -6.0605211 -14.879706 16.5307916
 -4.8507562 -14.865388 18.6215553
 -3.9836583 -15.116594 20.9670641
 -3.5121017 -14.308129 23.0866605
 -2.9368585 -13.242414 25.0035818
 -1.9040708 -9.5999168 21.5583286
  0.3508395 -10.560944 22.6192920
  2.1748795 -11.400847 23.8329970
  3.7258970 -12.383154 25.0607443
  5.1140427 -13.350213 26.0216038
  6.5817660 -14.489275 27.0950570
  6.7365847 -16.135252 21.5321722
  6.7243013 -18.746196 21.3657138
  6.1221789 -21.049884 21.2672818
  5.1535750 -22.796797 20.0630355
  4.2332200 -24.699302 19.1012194
  2.8255922 -26.392292 18.1608279
  1.1271894 -21.027584 17.5759803
 -1.0289635 -20.926897 18.0877380
 -3.1201039 -20.199894 18.8739178
 -5.4341931 -19.584575 19.6865226
 -7.1826303 -18.575616 20.2335203
 -9.1966422 -17.397194 20.1703746
 -5.6189995 -13.293508 19.2162035
 -7.4599804 -12.148360 20.3842891
 -9.6301504 -10.922912 20.6007458
 -11.265055 -9.5187234 20.9164983
 -12.815632 -8.7901064 21.8283857
 -14.593997 -7.3146845 23.1023404
