  3.3598752 -1.1622247 -3.1515037
  8.1773825  0.6880448 -0.5659928
  7.8637999  0.8014949  1.8939796
  7.2896067  1.1082036  4.1225281
  6.7287946  0.9996669  6.3248689
  5.7903362  0.8310731  8.6657558
  5.9886791  0.7110432 11.3786298
  9.8353554 -2.2883738  9.7485540
  9.8885612 -3.9232525 11.7323776
 10.5628622 -5.4780597 13.3376512
 10.9898404 -7.2737487 14.8098863
 11.1634718 -9.3322011 15.7615347
 11.0854694 -11.511049 16.2082431
 12.8660736 -10.626829 11.4817112
 11.3362022 -11.896485 11.0864423
  9.4433156 -13.570920 10.9716056
  8.3031305 -15.505254 11.0825482
  7.2382276 -17.894009 10.6791791
  6.4953676 -20.076312 10.8332144
  2.8924698 -19.399792  6.8038197
  0.9854583 -19.106217  8.1603936
 -0.3154824 -19.235582  9.7150895
 -1.4073051 -19.343222 11.5070355
 -2.8216135 -19.599839 13.2933013
 -4.0291319 -20.350441 14.8294910
 -6.4932215 -15.577751 14.3146483
 -5.8265877 -15.028054 16.5257412
 -4.6202212 -15.214386 18.5880088
 -3.5476707 -15.537122 20.8378648
 -3.0307957 -14.793192 22.9704868
 -2.6455798 -13.808318 24.9761974
 -2.1637294 -9.8341237 21.7859301
  0.1836607 -10.489015 22.8789600
  2.0751980 -11.287379 24.0148912
  3.7319894 -12.401043 24.9597409
  5.0048519 -13.560521 25.8657403
  6.4128572 -14.897905 26.8752061
  6.7492406 -15.630764 21.6915391
  7.1770151 -18.206856 21.5313967
  6.8435031 -20.815585 21.1092804
  5.7916846 -22.593711 20.0266660
  4.7629162 -24.186714 18.6866504
  3.6694568 -25.535563 17.0383412
  3.1632635 -20.593242 15.9976777
  0.9865486 -20.252274 15.7394496
 -1.2984487 -19.770215 15.4827638
 -3.4301241 -19.287416 15.0914840
 -5.7706492 -18.533765 14.3731909
 -7.8988776 -17.699340 13.9006561
 -4.3540185 -14.173056 15.7433064
 -4.9681652 -14.568555 18.0951998
 -4.6803765 -15.543225 20.3811154
 -4.3209016 -15.938878 22.4926545
 -4.3671277 -16.161926 24.3323474
 -4.1749369 -16.282958 26.9611920
