 -4.1752009 -7.0573330  9.9165868
 -1.3572624 -2.8144871  7.7269011
 -0.2650587 -2.4738335  9.8921428
  0.8194827 -2.8192740 11.9801191
  1.3971627 -2.2232536 14.0985245
  1.9258237 -1.4870950 16.4820878
  1.8267810 -1.6935137 18.8962626
  7.1551117 -1.0003680 17.4448989
  8.6659404 -3.0943934 17.3737130
  9.5526513 -5.3849503 17.0182231
 10.3660290 -7.4873746 17.1178440
 11.5383122 -9.6534937 17.6282043
 12.3080541 -11.772268 17.8199351
 11.6933874 -9.6365051 12.8458657
 10.6947959 -11.770343 12.8695282
  9.5186756 -13.853804 12.5916475
  8.2803391 -15.619268 12.9473181
  6.9945080 -17.344740 12.4507618
  6.2535286 -19.472107 12.2269247
  3.2793656 -17.435029  8.1781097
  1.5083438 -16.890207  9.7371751
 -0.1730206 -16.231207 10.8940241
 -1.7407354 -16.153186 11.5858090
 -3.7228696 -16.838098 12.3208458
 -4.8079121 -17.946717 13.9453916
 -6.3436420 -13.130518 13.6068394
 -6.1263696 -12.646969 15.9270348
 -5.0039553 -12.579048 18.2818776
 -3.9670275 -12.155050 20.4185082
 -3.0079093 -11.593183 22.4515027
 -1.8583246 -10.484143 24.0727083
  0.5408114 -9.4548960 19.1296775
  2.1514154 -9.6727532 20.9227364
  3.4419562 -10.607116 22.6012401
  4.7231723 -11.852022 24.0940439
  5.8574447 -12.685651 25.7197270
  7.2884993 -13.956414 27.1607781
  6.9205890 -17.409686 22.6101545
  6.3676046 -19.467694 22.6893663
  5.6026011 -21.665305 21.7963421
  4.6671371 -23.690109 20.9031445
  4.3388230 -25.651773 19.7912488
  3.8839864 -27.523535 18.6993509
  1.9973282 -23.886308 15.3993575
  0.0352297 -25.251753 15.3188927
 -1.8795024 -26.186530 15.2620635
 -3.4275982 -27.872230 15.1986470
 -4.7308410 -29.821870 15.6975582
 -5.2134998 -31.977643 16.4516102
 -9.8867952 -29.899218 17.9471098
 -9.9743391 -29.993266 20.4064774
 -11.201563 -30.013322 22.5863246
 -12.085467 -29.526517 24.8018397
 -11.898920 -29.402308 27.0911616
 -11.992850 -29.174948 29.2344633
