 -0.0225158 -8.8548694  9.0396987
 -1.9075976 -3.5013886  8.8185917
 -1.0244317 -3.5523528 11.0409388
  0.1025685 -4.4239511 12.6844461
  0.8033714 -5.4831600 14.8693314
  1.7614663 -5.8646825 16.7967890
  2.2102825 -6.1019869 18.6758061
  5.0569164 -2.4488918 15.9783387
  6.5018695 -3.9486080 16.5605231
  8.0372485 -5.3211904 17.3865333
  9.2717598 -6.8856373 17.9583295
 10.4523308 -8.6244013 18.6167766
 11.5765024 -10.066182 19.3360025
 12.0986253 -9.3169292 13.8228350
 11.1875040 -11.088815 12.7509560
  9.5654939 -12.899021 12.1156570
  8.6444830 -14.850277 12.0703529
  7.8431165 -17.071360 11.7240263
  6.6285903 -19.238586 11.2927153
  3.8533596 -15.760505  8.2300781
  1.8024102 -15.701352  9.3481096
  0.1837201 -16.003178 10.5313757
 -1.6088637 -16.574724 11.7298155
 -3.5408279 -16.685339 13.0724113
 -5.6865626 -16.884263 14.0199967
 -3.9622200 -11.777810 13.4758855
 -4.1501751 -11.975904 15.5154561
 -4.4305047 -12.643785 17.9118284
 -4.4724330 -12.665051 20.2414857
 -4.6256970 -12.083927 22.4874608
 -4.5158851 -12.007315 24.8111173
 -0.6295617 -9.1588315 23.5837676
  0.3550043 -10.809339 24.0168374
  1.8664737 -12.088678 24.7657649
  3.3648096 -13.955668 25.3853049
  4.7726482 -15.537268 26.1962682
  6.0110054 -17.228423 27.3882360
  8.1554751 -17.785989 22.3829522
  7.4439745 -19.771745 21.3654717
  6.8894890 -22.115774 21.1627559
  6.0869472 -24.344072 20.7821409
  5.4372014 -26.488148 20.0725946
  5.0214053 -28.751460 18.9057946
  2.8953789 -24.554087 15.8944114
  0.9693977 -25.945786 15.6827573
 -1.0764355 -27.261517 15.1279264
 -2.5714167 -28.775785 15.5176087
 -3.9090114 -30.561126 15.5437453
 -5.2813044 -32.179874 15.9972294
 -6.1173204 -28.595646 19.6334253
 -5.8636887 -30.632162 21.0872389
 -5.8827192 -32.239644 22.8272349
 -6.0437066 -33.500634 24.7506620
 -5.5424298 -34.291699 27.1572791
 -4.7853047 -34.818437 29.1841122
