 -6.5163205 -5.2933014 14.3690404
 -2.0461922 -1.9404128 14.0222819
 -1.1808211 -1.7465549 16.2437584
  0.1096584 -1.4953406 17.9765260
  1.3953594 -1.6120754 19.8791901
  3.1714722 -2.0547141 21.3613197
  4.5828206 -1.9183341 22.6947180
  7.1308063 -1.3866424 18.0096532
  7.9098539 -3.4037096 18.0320432
  8.9684006 -5.3536701 18.0038132
  9.8963058 -7.0710540 17.9154089
 11.2042470 -8.9251794 18.0496468
 12.7115218 -10.440743 17.7375979
 11.1961949 -7.6882131 13.2374585
  9.8987957 -9.4615970 12.4052881
  8.8822665 -11.764315 12.1509108
  8.0105795 -13.960847 12.2442416
  7.1139056 -16.296003 12.3542634
  6.4322652 -18.688684 12.7061265
  4.6118279 -15.688649  8.5814407
  2.4035426 -15.804246  9.3364241
  0.3836482 -16.466031 10.4340849
 -1.7613413 -17.385570 11.6744097
 -3.4517299 -17.804914 13.2599763
 -5.2511114 -18.847453 14.3631560
 -3.7096959 -13.704669 13.6412970
 -3.8774600 -13.018471 15.5759748
 -3.9619564 -12.643593 18.0672449
 -4.2573474 -11.828257 19.9414954
 -4.1623718 -10.711548 21.9785374
 -4.1225261 -9.5527231 23.9966663
  0.5552063 -8.8035655 22.4698792
  0.9876164 -10.366421 24.5469722
  2.1376178 -11.714417 25.7056537
  3.7421833 -13.456919 26.4152651
  5.0225339 -15.227014 27.0223874
  6.2430675 -16.775253 28.0958958
  6.6788459 -17.825019 22.7984292
  6.3180420 -20.159709 22.3468468
  6.1615846 -22.460011 22.2358697
  6.1871293 -24.857829 22.2996469
  5.8847764 -27.180809 22.1124807
  5.8707660 -29.648983 21.6067179
  3.0310783 -28.468957 17.3238237
  2.5660138 -30.747053 17.7943185
  1.3343583 -32.937009 18.7548197
  0.4476687 -34.837596 19.2852707
 -0.1323230 -36.988897 19.3983964
 -0.7168798 -39.110309 19.3269770
 -4.5320124 -35.480967 21.1507158
 -4.3548839 -35.803863 23.6386201
 -4.0795454 -36.694735 25.5982183
 -3.8622015 -37.888327 27.7007000
 -4.3103685 -38.862437 29.8398195
 -4.6142602 -40.049346 31.6992927
