 -0.1998979 -1.0084203  0.3134437
  4.8783857 -2.8896103  1.4031226
  5.5280545 -1.3119632  2.7862176
  6.0762777  0.2123504  4.6265803
  6.4865695  1.1968343  6.4565910
  6.2276468  2.5398319  8.1190904
  5.8809813  3.4690139 10.1715163
  9.2290772 -1.6147840  9.8780752
  8.8505771 -3.4350322 11.5666518
  9.1163508 -5.8614557 12.4017780
 10.1225031 -7.8991537 13.3756989
 11.1868497 -9.8337895 13.9096311
 12.0612797 -11.568570 14.7252454
 11.0195377 -11.605923  9.8590268
  9.2029110 -12.202631 11.4413954
  7.6536645 -12.914584 12.4361675
  6.0527473 -14.380785 12.4430568
  4.6455948 -16.624152 11.6158855
  4.2407491 -19.151357 10.3824440
  2.2313336 -16.306953  7.2296334
  0.5860881 -17.516137  8.6910929
 -1.1914919 -17.649243  9.8124454
 -3.2943446 -17.239587 11.0329741
 -5.5458716 -17.264920 11.7095588
 -7.9412101 -16.779061 12.8469012
 -4.9111908 -12.767857 12.1764916
 -5.2197900 -12.240624 14.5467329
 -5.1874743 -11.443016 16.5548150
 -5.1195130 -10.836849 18.7537349
 -5.4535090 -10.607790 20.8112337
 -5.6500665 -10.705673 22.9976367
 -0.7789383 -9.5399989 20.7300676
  0.8960972 -10.146429 21.7824472
  2.8775093 -10.830317 22.6368899
  4.8531875 -10.819825 23.5843268
  6.7151998 -10.326529 23.7090032
  8.6995176 -10.005707 23.7618422
  6.2862038 -14.878271 20.5142821
  6.1934087 -17.408275 19.7899387
  5.8637374 -20.746520 19.0036385
  5.0295235 -22.640052 17.2649706
  5.1892320 -24.834014 15.8070242
  5.2961982 -27.026587 14.1972514
  2.2398447 -23.499053 13.7237143
  1.9187850 -25.350222 14.7269869
  1.4129485 -28.014634 15.7776981
  0.5881532 -30.643208 15.6543504
 -0.6773477 -32.408694 15.9031536
 -2.0186019 -34.615183 16.6052579
 -3.3372685 -29.884721 17.9525930
 -3.3469242 -30.867107 20.2351650
 -3.0632011 -32.415799 21.7794225
 -2.3028527 -34.343096 22.5268037
 -1.7376574 -36.374241 23.3901005
 -0.6886793 -38.678830 23.8936560
