 -0.6435779 -0.4203391  0.6396269 -0.7606586  0.4439530 -0.4736077
 -0.1402461 -0.4291889  0.8922600  0.9897170 -0.0351647  0.1386498
 -0.7124357 -0.2573352  0.6528507 -0.3588305 -0.6659130 -0.6540646
 -0.5746511 -0.2201132  0.7882425 -0.3168170  0.9478869  0.0337247
 -0.1545308 -0.1505829  0.9764451  0.9844182 -0.1074062  0.1392290
 -0.0060140  0.0003254  0.9999819 -0.6192972 -0.7851490 -0.0034691
  0.0179974  0.1768452  0.9840741 -0.4152726  0.8966462 -0.1535390
  0.2159493 -0.8620225  0.4585664  0.0932543 -0.4492922 -0.8885044
  0.2946874 -0.8154187  0.4982486 -0.8375159  0.0306771  0.5455511
  0.4429864 -0.8117087  0.3806470  0.7902108  0.5540622  0.2618817
  0.7061442 -0.5748510  0.4134086 -0.0142213 -0.5952509 -0.8034141
  0.7168238 -0.6950437  0.0554786 -0.4404405 -0.3896835  0.8088009
  0.3255529 -0.8764749  0.3546929  0.9265077  0.3705652  0.0653068
 -0.9663646 -0.2566418  0.0165644 -0.2493995  0.9194795 -0.3039034
 -0.8134159 -0.5578236 -0.1648858 -0.0083800 -0.2721964  0.9622052
 -0.7055694 -0.6855230 -0.1795272  0.6188393 -0.4726227 -0.6274278
 -0.6094231 -0.7926325  0.0183639 -0.6751406  0.5066663 -0.5361664
 -0.3263167 -0.9177608  0.2263459  0.0018217  0.2388425  0.9710566
 -0.5441864 -0.7306217  0.4123749  0.7242484 -0.6572103 -0.2086597
 -0.7717691  0.2615828  0.5796093  0.0998015  0.9500046 -0.2958564
 -0.5674853 -0.0564718  0.8214447  0.7960764 -0.2924290  0.5298563
 -0.5679153 -0.2833588  0.7727742 -0.4158994 -0.7114081 -0.5665035
 -0.6108638 -0.1368324  0.7798220 -0.3081245  0.9483886 -0.0749553
 -0.8241819 -0.1252421  0.5523030  0.5617124 -0.3050008  0.7690602
 -0.6418673 -0.3383599  0.6881271 -0.2938020 -0.7203849 -0.6282723
  0.0080338  0.3240162  0.9460174  0.6396297  0.7255298 -0.2539299
  0.1544428  0.1547932  0.9758004  0.1798027 -0.9755614  0.1262974
  0.2863242  0.0397776  0.9573068 -0.8643192  0.4419050  0.2401503
  0.2003247  0.1258192  0.9716170  0.7571527  0.6094910 -0.2350330
  0.2656854 -0.1119451  0.9575383  0.1541224 -0.9755287 -0.1568122
  0.1165913  0.0621412  0.9912341 -0.9008967  0.4267441  0.0792127
  0.4054432 -0.6302184  0.6621485  0.1824272 -0.6540019 -0.7341675
  0.1628054 -0.7361310  0.6569670 -0.8979151  0.1654424  0.4078937
  0.3587640 -0.6652546  0.6547707  0.6657724  0.6740357  0.3200360
  0.3098124 -0.6955450  0.6482541  0.1406519 -0.6407720 -0.7547372
  0.3762746 -0.6082401  0.6989001 -0.9205045 -0.1596835  0.3566126
  0.1996447 -0.7065729  0.6788938  0.6882872  0.5942561  0.4160774
 -0.0444483 -0.9428233 -0.3303160 -0.4352291  0.3158905 -0.8430829
 -0.0168924 -0.9817369 -0.1894922 -0.5811318 -0.1445811  0.8008634
  0.2461019 -0.9313397 -0.2684030  0.9660142  0.2582776 -0.0104555
 -0.0379870 -0.7828432 -0.6210584 -0.6816979  0.4747317 -0.5567026
 -0.1736279 -0.8274813 -0.5339739 -0.3132073 -0.4676583  0.8265573
 -0.4085152 -0.8263213 -0.3876964  0.8732117 -0.2301482 -0.4295732
 -0.9816751 -0.1352155 -0.1342784 -0.1808432  0.8831932  0.4327418
 -0.9463655 -0.1972754 -0.2558804  0.0204340 -0.8269175  0.5619518
 -0.9837823 -0.0438523 -0.1739233  0.1580421  0.2466308 -0.9561359
 -0.9970847 -0.0621924  0.0442070 -0.0083229  0.6645501  0.7471974
 -0.9732673  0.1000271  0.2067496 -0.0914484 -0.9945200  0.0506663
 -0.9931976  0.1121767  0.0312246 -0.0158253  0.1356294 -0.9906333
 -0.8481902 -0.1014798  0.5198800  0.5296070 -0.1800378  0.8289167
 -0.8557206 -0.2298102  0.4636049 -0.1584434 -0.7365496 -0.6575640
 -0.7203789 -0.1165777  0.6837133 -0.3476194  0.9137089 -0.2104678
 -0.4964086 -0.1139983  0.8605712  0.8315807 -0.3469173  0.4337303
 -0.2910297 -0.2197957  0.9311238 -0.7082288 -0.6048289 -0.3641346
 -0.1268688 -0.3001247  0.9454255  0.0099827  0.9526927  0.3037713
