  0.5142872  0.6193421  0.5932319 -0.7066858  0.6979493 -0.1160253
  0.5954007 -0.4717404  0.6503530 -0.2467747 -0.8777210 -0.4107409
  0.6200684 -0.3159696  0.7181076 -0.6276020  0.3494747  0.6956890
  0.6640011 -0.2538683  0.7033160  0.6192388  0.7139029 -0.3269341
  0.7520976 -0.0642896  0.6559085  0.2073417 -0.9216138 -0.3280813
  0.6829791  0.0149627  0.7302846 -0.7276429  0.1013160  0.6784327
  0.4638563  0.2052582  0.8618041  0.2266581  0.9129156 -0.3394278
  0.1321742 -0.8190113  0.5583462 -0.5022301 -0.5409657 -0.6746266
  0.1811118 -0.9364709  0.3003677 -0.4947815  0.1771872  0.8507620
  0.1119845 -0.9486106  0.2959686  0.9854459  0.1443452  0.0897824
  0.1690264 -0.8539136  0.4922007 -0.2711231 -0.5204035 -0.8097361
  0.1657439 -0.7769746  0.6073215 -0.7746640  0.2785186  0.5677350
  0.2180466 -0.9597200  0.1771810  0.8251903  0.2782351  0.4915753
 -0.7102714 -0.7038974  0.0065568 -0.5714620  0.5711478 -0.5892550
 -0.6345643 -0.6181974  0.4638536  0.3132195  0.3429724  0.8855865
 -0.6216893 -0.7758114  0.1077913  0.6532920 -0.5895144 -0.4750604
 -0.3144633 -0.9309348  0.1856696 -0.8124348  0.1627719 -0.5598705
 -0.5278841 -0.8300062  0.1800781  0.0916290  0.1551333  0.9836350
 -0.5358205 -0.8442480 -0.0119068  0.6937476 -0.4321765 -0.5761403
 -0.9451298 -0.2477415  0.2129646 -0.1214469  0.8715939  0.4749471
 -0.8870094 -0.3211293  0.3317986  0.4201443 -0.8593858  0.2914357
 -0.9928174 -0.0763081  0.0921444 -0.1094528  0.2683405 -0.9570859
 -0.8661265 -0.0750124  0.4941640  0.3209811  0.6743908  0.6649572
 -0.8100022 -0.2644190  0.5234300  0.3438513 -0.9371895  0.0586699
 -0.7978892 -0.1667233  0.5792894 -0.6023717  0.2569176 -0.7557392
  0.0047147 -0.0459544  0.9989324  0.9490019  0.3151110  0.0100172
  0.0685939 -0.1382754  0.9880156 -0.1856247 -0.9748235 -0.1235419
  0.0254605  0.2037995  0.9786815 -0.7076738  0.6951505 -0.1263471
  0.0680321  0.4945113  0.8665046  0.9964243  0.0099373 -0.0839037
 -0.0497943  0.8651063  0.4991108 -0.1695973 -0.4997972  0.8493760
 -0.1380727  0.7827307  0.6068514 -0.7471559  0.3198946 -0.5826024
  0.6633070 -0.3389662  0.6671775  0.2294482 -0.7564758 -0.6124523
  0.7553598 -0.3369682  0.5620356 -0.5968108  0.0004756  0.8023818
  0.7435764 -0.5479887  0.3831481  0.6533141  0.7174399 -0.2417865
  0.4614717 -0.5489309  0.6969353 -0.2780617 -0.8354961 -0.4739493
  0.4663992 -0.6387903  0.6118977 -0.5367831  0.3454370  0.7697644
  0.2847158 -0.7127801  0.6410004  0.8617869  0.4831716  0.1544941
 -0.5531994 -0.7796406 -0.2934810 -0.4465586  0.5749362 -0.6855901
 -0.1747211 -0.9728576 -0.1517255 -0.4027268 -0.0700059  0.9126392
 -0.4239333 -0.9052390 -0.0286875  0.8946550 -0.4136262 -0.1688365
 -0.4141100 -0.9072208 -0.0739149 -0.3190697  0.2207345 -0.9216674
 -0.6617638 -0.7479706 -0.0510749 -0.4225522  0.3158417  0.8495255
 -0.5214148 -0.8470926 -0.1027657  0.8404648 -0.4890191 -0.2334080
 -0.9331520 -0.2768595 -0.2292949 -0.2981071  0.9524390  0.0631825
 -0.9638132 -0.2665304  0.0050657  0.2218944 -0.7915818  0.5693516
 -0.7711232 -0.4854157  0.4119960 -0.2906873 -0.3072953 -0.9061294
 -0.7364214 -0.4222266  0.5285908 -0.2093401  0.8852064  0.4154350
 -0.8625642 -0.4885283  0.1316169  0.4521839 -0.6276675  0.6336902
 -0.7918058 -0.5645509  0.2330789 -0.1076056 -0.2467010 -0.9630990
 -0.0874990  0.1332699  0.9872097  0.7397851  0.6723712 -0.0251986
 -0.1034571  0.1468264  0.9837371  0.1456884 -0.9761400  0.1610141
 -0.1138010  0.0950673  0.9889447 -0.9396331  0.3130263 -0.1382178
 -0.3144487 -0.0260533  0.9489169  0.8027276  0.5262829  0.2804545
 -0.3821062  0.2259117  0.8960796 -0.1096426 -0.9738926  0.1987755
 -0.2395585  0.0677448  0.9685155 -0.7819823  0.5777763 -0.2338340
