 -0.4805741  0.8197937  0.3114270 -0.4582866  0.0679998 -0.8861995
  0.2230202  0.1997044  0.9541384  0.5614934 -0.8264283  0.0417309
  0.0916969  0.2554374  0.9624674 -0.9933436 -0.0442036  0.1063702
 -0.1210096  0.4238962  0.8975905  0.2019112  0.8958430 -0.3958500
  0.2359540 -0.0511739  0.9704158  0.5370700 -0.8253730 -0.1741124
  0.3405032  0.0122447  0.9401636 -0.8765322 -0.3576767  0.3221159
  0.3700752  0.1020447  0.9233803 -0.0779829  0.9938531 -0.0785786
  0.3067504 -0.6442728  0.7005832 -0.2726412 -0.7647031 -0.5838630
  0.2635023 -0.7059155  0.6574572 -0.7734501  0.2526936  0.5813097
  0.2277747 -0.6757824  0.7010256  0.7411882  0.5872337  0.3252639
  0.3180129 -0.8739480  0.3675360 -0.0650598 -0.4068633 -0.9111693
  0.5186319 -0.8255781  0.2223550 -0.7678580 -0.3353632  0.5458257
  0.2139325 -0.9768348 -0.0051592  0.9081605  0.1969414  0.3694031
 -0.5468471 -0.8106628 -0.2092466 -0.8199179  0.5691079 -0.0620551
 -0.6426658 -0.7562170  0.1229490  0.2197658 -0.0282233  0.9751443
 -0.5899435 -0.7920446  0.1569460  0.5343708 -0.5286984 -0.6594891
 -0.6323923 -0.7620307 -0.1392453 -0.6854785  0.6342117 -0.3576238
 -0.4546188 -0.8844056 -0.1055867  0.2793637 -0.2541491  0.9259396
 -0.4459339 -0.8932820 -0.0564827  0.6210523 -0.2633579 -0.7381982
 -0.7935348 -0.3050587  0.5265374  0.0322261  0.8429875  0.5369670
 -0.8592747 -0.3481494  0.3747520  0.4438055 -0.8716999  0.2077883
 -0.7178707 -0.3039069  0.6263403 -0.6818858  0.1255888 -0.7205964
 -0.8264577 -0.3603629  0.4325578 -0.1052229  0.8536404  0.5101237
 -0.3466006 -0.4505547  0.8227202  0.8532669 -0.5157552  0.0770212
 -0.4718519 -0.2496587  0.8455923 -0.7729017 -0.3443518 -0.5329585
  0.1065870  0.0310426  0.9938187  0.8511346  0.5138572 -0.1073348
  0.2792384  0.0444753  0.9591912 -0.0747343 -0.9948900  0.0678871
  0.1874553 -0.0562073  0.9806637 -0.5783009  0.8006849  0.1564347
  0.1904207  0.3427305  0.9199325  0.9499114  0.1722163 -0.2607871
  0.3574319  0.2759389  0.8922445 -0.0225445 -0.9525284  0.3036139
  0.3174453  0.4438364  0.8379962 -0.8986948  0.4228192  0.1164968
  0.9217851 -0.2465234  0.2992297  0.0141526 -0.7498948 -0.6614058
  0.8593073 -0.1438149  0.4908240 -0.4933315  0.0201706  0.8696075
  0.7865999 -0.3188189  0.5287864  0.5551842  0.7399960 -0.3797056
  0.6537618 -0.3342841  0.6788591 -0.0332965 -0.9089699 -0.4155298
  0.5278479 -0.5798618  0.6205940 -0.6325575  0.2192089  0.7428448
  0.3959116 -0.5864068  0.7066690  0.8259281  0.5637525  0.0050855
 -0.4112169 -0.8980919  0.1559859 -0.7019076  0.2027978 -0.6827875
 -0.4309712 -0.8834482 -0.1838019 -0.2100053 -0.0998998  0.9725831
 -0.2194425 -0.9201686 -0.3242449  0.9655275 -0.1571338 -0.2075228
 -0.1934557 -0.8099819 -0.5536282 -0.4613946  0.5731040 -0.6772495
 -0.2605788 -0.7068408 -0.6576282 -0.5830965 -0.4276710  0.6907214
 -0.2491458 -0.7159063 -0.6522304  0.9555419 -0.0720580 -0.2859150
 -0.8260331 -0.2320774 -0.5136238 -0.5459486  0.5558767  0.6268502
 -0.9053621 -0.3326743 -0.2639076  0.2552737 -0.9230380  0.2878127
 -0.9548565 -0.2970543  0.0027833 -0.1185568  0.3724669 -0.9204416
 -0.9819050  0.1873815 -0.0274002  0.0917678  0.5973745  0.7966947
 -0.8256876 -0.2420735 -0.5095491  0.0280317 -0.9197417  0.3915219
 -0.5809622 -0.2805519 -0.7640507  0.7542065  0.1673941 -0.6349424
 -0.9268873 -0.3374864 -0.1642645 -0.1654815 -0.0253741  0.9858864
 -0.8064761 -0.4813832  0.3433169  0.3024523 -0.8347994 -0.4600354
 -0.8228268 -0.3567324  0.4423778 -0.5454304  0.7143037 -0.4384927
 -0.8320677 -0.4422713  0.3347528  0.2007574  0.3224676  0.9250465
 -0.7044731 -0.6712053  0.2306534  0.6759818 -0.7335764 -0.0701024
 -0.4077165 -0.8791540  0.2466890 -0.4885933 -0.0181820 -0.8723222
