 -0.9532478 -0.1047297 -0.2834615  0.2892371 -0.0445204 -0.9562217
 -0.6966282 -0.0808998  0.7128565  0.7097162  0.0676270  0.7012342
 -0.6843310 -0.3315717  0.6494238 -0.1865886 -0.7813507 -0.5955466
 -0.6867702 -0.0068296  0.7268426 -0.3481176  0.8809081 -0.3206479
 -0.6700790 -0.1287249  0.7310431  0.7290198  0.0712635  0.6807728
 -0.3588758 -0.1996956  0.9117729 -0.2475368 -0.9215043 -0.2992580
 -0.2546402 -0.1002947  0.9618209 -0.7299108  0.6723606 -0.1231315
  0.7244504 -0.5094694  0.4643410  0.3527442 -0.3047460 -0.8847041
  0.5396188 -0.7038118  0.4620179 -0.8297001 -0.3514437  0.4336878
  0.3904816 -0.8268486  0.4047783  0.7099791  0.5503683  0.4393454
  0.0007140 -0.8867970  0.4621585  0.0833916 -0.4604961 -0.8837359
  0.3603639 -0.9205490  0.1507562 -0.7643311 -0.1987498  0.6134302
  0.3689145 -0.9288207 -0.0345577  0.9027838  0.3492331  0.2510330
 -0.3898161 -0.9206960  0.0190335 -0.9183817  0.3871449 -0.0818161
 -0.5091881 -0.7550169 -0.4131306  0.0549609 -0.5075642  0.8598592
 -0.6072717 -0.7941096 -0.0247178  0.4655212 -0.3304375 -0.8210366
 -0.6047626 -0.7508311 -0.2655464 -0.7889352  0.6103694  0.0709262
 -0.5034961 -0.8427477 -0.1904417  0.3768305 -0.4125474  0.8293392
 -0.3543468 -0.9021638 -0.2460466  0.6818915 -0.0692363 -0.7281692
 -0.8231537 -0.3313805  0.4610911 -0.0673754  0.8633046  0.5001658
 -0.7968728 -0.4107653  0.4430188  0.5900060 -0.6868475  0.4244212
 -0.7657903 -0.2431885  0.5953357 -0.5397166 -0.2603234 -0.8005859
 -0.6536885 -0.4675387  0.5950621 -0.2155865  0.8687929  0.4457818
 -0.6574982 -0.4906394  0.5718121  0.7287591 -0.6068340  0.3172740
 -0.4169214 -0.6367938  0.6485909 -0.5534482 -0.3881873 -0.7368892
  0.2910652  0.1855981  0.9385278  0.6118926  0.7180019 -0.3317540
  0.5595370  0.2535898  0.7890567  0.4344652 -0.9004948 -0.0186843
  0.4058645  0.1070716  0.9076396 -0.9104845  0.1335636  0.3913805
  0.1686453  0.1086872  0.9796662  0.6071268  0.7715279 -0.1901099
  0.4068046  0.2125065  0.8884543  0.2620160 -0.9588459  0.1093716
  0.2322725  0.5465366  0.8045789 -0.9092426  0.4157882 -0.0199501
  0.8907395 -0.2728973  0.3634696  0.0067318 -0.7916794 -0.6108997
  0.6627392 -0.1503583  0.7336001 -0.7346538  0.0593014  0.6758455
  0.6128673 -0.3239372  0.7207346  0.5681093  0.8145995 -0.1169592
  0.5618863 -0.3909875  0.7289805  0.1504062 -0.8182699 -0.5548084
  0.4113773 -0.5341863  0.7385213 -0.7874697  0.1997144  0.5831000
  0.3894030 -0.5845316  0.7118203  0.8097710  0.5855250  0.0378335
 -0.2991477 -0.9468768 -0.1180467 -0.7590774  0.3111084 -0.5718506
 -0.2169424 -0.9026943 -0.3715898 -0.0324851 -0.3737687  0.9269529
 -0.3677608 -0.7295568 -0.5766271  0.7213074  0.1675646 -0.6720400
 -0.2033115 -0.6537211 -0.7289123 -0.8494861  0.4879564 -0.2006785
 -0.2335329 -0.7049994 -0.6696554 -0.0489609 -0.6792991  0.7322265
  0.2639604 -0.8178334 -0.5113448  0.7967927  0.4836477 -0.3622242
 -0.6454521 -0.7608774 -0.0667621 -0.6472833  0.4984925  0.5766538
 -0.5765524 -0.8168188 -0.0198571  0.7625870 -0.5466802  0.3458349
 -0.5543902 -0.8306903  0.0510402 -0.2172861  0.0852676 -0.9723766
 -0.4201773 -0.9074244  0.0056490 -0.7365187  0.3446638  0.5820198
 -0.4268415 -0.8627815  0.2709508  0.8666687 -0.3047135  0.3950127
 -0.4251762 -0.9007693  0.0885433  0.0729323 -0.1316035 -0.9886159
 -0.1418465 -0.3974729  0.9065842  0.3798964  0.8238561  0.4206421
 -0.3537920 -0.4489017  0.8205598  0.5388089 -0.8149235 -0.2135058
 -0.4719431 -0.5816077  0.6625724 -0.8566650  0.1249493 -0.5005125
 -0.4509383 -0.5895986  0.6700956  0.1768410  0.6768596  0.7145546
 -0.4170363 -0.4847260  0.7688442  0.4411464 -0.8475443 -0.2950568
 -0.4551225 -0.1558024  0.8766921 -0.8653407  0.3094596 -0.3942336
