 -0.1205255 -0.0624141  0.9907462 -0.6805873  0.7317474 -0.0366963
  0.6686254 -0.2251586  0.7086915  0.3759533 -0.7199144 -0.5834229
  0.7040624 -0.2612987  0.6603175 -0.7091841 -0.2105328  0.6728550
  0.6854059  0.2608992  0.6798165 -0.1072744  0.9595994 -0.2601176
  0.5823056  0.4443568  0.6807843  0.7712811 -0.5666755 -0.2898351
  0.3241596  0.2713313  0.9062560 -0.7961700 -0.4391369  0.4162596
  0.0695833 -0.0667453  0.9953408 -0.0861037  0.9936338  0.0726502
  0.4372596 -0.8864558 -0.1516578 -0.2575890  0.0381212 -0.9655023
  0.2993287 -0.9417451 -0.1533575 -0.6856052 -0.3240680  0.6518631
  0.3638516 -0.9245337  0.1133556  0.8310032  0.3771734  0.4088691
  0.1394789 -0.9139233  0.3811691  0.1161220 -0.3671798 -0.9228730
  0.2294677 -0.9407814  0.2495496 -0.8413759 -0.0628351  0.5367852
  0.0065484 -0.9805187  0.1963164  0.8670768  0.1033632  0.4873334
 -0.6417680 -0.7596039 -0.1055260 -0.6145585  0.5917036 -0.5217324
 -0.6399519 -0.7042467 -0.3074055 -0.1929156 -0.2399913  0.9514136
 -0.8651310 -0.5011112 -0.0208803  0.4227431 -0.7061671 -0.5679933
 -0.7318409 -0.6703638 -0.1225610 -0.6406131  0.7380812 -0.2117806
 -0.2748367 -0.8917520 -0.3595040  0.0638136 -0.3899959  0.9186027
 -0.2253991 -0.9726662 -0.0558181  0.7881899 -0.1483739 -0.5972788
 -0.7022575  0.0045154  0.7119087  0.2009742  0.9605650  0.1921570
 -0.7884501 -0.0050987  0.6150775  0.4931112 -0.6029747  0.6271067
 -0.8506068 -0.1855285  0.4919830 -0.3218033 -0.5562835 -0.7661536
 -0.7410010 -0.4890022  0.4602112 -0.4127088  0.8722712  0.2623251
 -0.1333940 -0.6895326  0.7118643  0.9869862 -0.0273428  0.1584631
 -0.3036559 -0.6592964  0.6878381 -0.4503537 -0.5368707 -0.7134083
 -0.0324961  0.2180912  0.9753872  0.8425947  0.5308680 -0.0906272
  0.4147353  0.4201393  0.8071416  0.1952071 -0.9074538  0.3720509
  0.4214463  0.2847029  0.8610036 -0.8392683  0.4821117  0.2513902
  0.3455637  0.2136673  0.9137462  0.8560400  0.3271220 -0.4002333
  0.4429772  0.3218356  0.8367754  0.1335597 -0.9466206  0.2933790
  0.2303914  0.5011693  0.8341157 -0.9124439  0.4091550  0.0061901
  0.6380549 -0.1208556  0.7604472  0.5015490 -0.6841227 -0.5295514
  0.6975963 -0.3702990  0.6133825 -0.7005560 -0.1729680  0.6923174
  0.6843975 -0.5348296  0.4955374  0.6079787  0.7937710  0.0170182
  0.6648427 -0.3547335  0.6573799  0.2120951 -0.7541807 -0.6214717
  0.4707379 -0.5139187  0.7171425 -0.7245972  0.2385399  0.6465737
  0.5358019 -0.3787571  0.7546253  0.7502742  0.6235370 -0.2197504
 -0.0354798 -0.9976970 -0.0578082 -0.9124801  0.0559319 -0.4052797
 -0.2647994 -0.8557003 -0.4445878  0.1414348 -0.4905236  0.8598737
 -0.4918525 -0.7928390 -0.3598437  0.6861992 -0.0985939 -0.7207010
 -0.2608968 -0.7994673 -0.5410961 -0.8335722  0.4692776 -0.2914376
 -0.3598615 -0.8726867 -0.3300267 -0.0572363 -0.3324090  0.9413970
 -0.0564880 -0.9185305 -0.3912939  0.9030514  0.1201414 -0.4123885
 -0.9211421 -0.3891905 -0.0052944 -0.3084017  0.7214966  0.6199444
 -0.9523240 -0.2352991  0.1941994  0.2780919 -0.9312757  0.2353519
 -0.8872408 -0.4284721  0.1709251 -0.3240306  0.3151311 -0.8920182
 -0.7473532 -0.4718148  0.4678184  0.0127918  0.6937452  0.7201069
 -0.6476127 -0.4764713  0.5946199  0.5983222 -0.8011976  0.0096421
 -0.8754836  0.0074781  0.4831899 -0.4813576 -0.1018447 -0.8705875
 -0.2086799 -0.3470759  0.9143254  0.9770712 -0.1143717  0.1795854
 -0.1304369 -0.3252459  0.9365903 -0.6497594 -0.6854769 -0.3285334
 -0.4897467 -0.4210054  0.7634806 -0.1815396  0.9057353  0.3829973
 -0.7278346 -0.2041012  0.6546752  0.4716916 -0.8419677  0.2619113
 -0.9412566 -0.0714688  0.3300428 -0.3268740 -0.0525750 -0.9436044
 -0.8776069 -0.2595017  0.4030695 -0.0369622  0.8749393  0.4828199
