 -0.3758513  0.0051675  0.9266656 -0.8629095  0.3625924 -0.3520141
  0.3458432 -0.5079208  0.7889290  0.8302023 -0.2261460 -0.5095313
  0.4347145  0.0798668  0.8970198 -0.5554584 -0.7602502  0.3368762
  0.1435463 -0.0316279  0.9891381 -0.3424399  0.9361592  0.0796296
  0.2913413 -0.0236824  0.9563260  0.9513030 -0.0980738 -0.2922398
  0.0352924 -0.0878056  0.9955122 -0.6639851 -0.7465480 -0.0423073
  0.4770369  0.0182389  0.8786940 -0.4019928  0.8936025  0.1996907
  0.3833528 -0.6519660  0.6542025 -0.1320885 -0.7397362 -0.6598053
  0.1945319 -0.8358260  0.5133734 -0.7613870  0.2013022  0.6162526
  0.3096592 -0.8890562  0.3371799  0.9476791  0.3174963 -0.0331737
  0.3713371 -0.8560669  0.3595249 -0.4955961 -0.5101830 -0.7029209
  0.2937562 -0.9349677  0.1988536 -0.6408321 -0.0382709  0.7667265
  0.3157877 -0.9469062  0.0603886  0.9461917  0.3190140  0.0543261
 -0.4855114 -0.7380306 -0.4686039 -0.6974954  0.6501614 -0.3013144
 -0.5716544 -0.8151322 -0.0936522  0.2089639 -0.2550151  0.9440876
 -0.3166778 -0.9269016  0.2014164  0.3175523 -0.3036923 -0.8982937
 -0.3925880 -0.9179146 -0.0575108 -0.9175271  0.3865777  0.0932830
 -0.4538772 -0.8024148 -0.3874610  0.4221050 -0.5765615  0.6995743
 -0.5144611 -0.7975908 -0.3149265  0.5749910 -0.0483977 -0.8167270
 -0.9012268 -0.3297194  0.2812035 -0.1090016  0.8005260  0.5893019
 -0.8075177 -0.3320709  0.4874875  0.4908143 -0.8366609  0.2431048
 -0.8721566 -0.4405873  0.2126634 -0.2212267 -0.0325346 -0.9746796
 -0.9163066 -0.3184910  0.2427874 -0.1378258  0.8200024  0.5555179
 -0.9126431  0.0151390  0.4084769  0.1523642 -0.9146958  0.3743216
 -0.9093237 -0.0290959  0.4150708 -0.4129632 -0.0589443 -0.9088383
  0.2455342 -0.0823221  0.9658861  0.9619405  0.1439626 -0.2322613
  0.0334735 -0.1255342  0.9915244 -0.2842315 -0.9523115 -0.1109741
 -0.0377507 -0.0317440  0.9987829 -0.6500954  0.7598525 -0.0004213
 -0.1228711  0.0356926  0.9917806  0.9366628  0.3344329  0.1040069
  0.0554877 -0.0491450  0.9972492 -0.1645071 -0.9855880 -0.0394170
  0.0643045  0.4490255  0.8912020 -0.7657471  0.5948674 -0.2444671
  0.5368288 -0.2192567  0.8147032  0.6599186 -0.4925230 -0.5673874
  0.5150477 -0.5145480  0.6855408 -0.8567667 -0.3333099  0.3935167
  0.7031788 -0.6087483  0.3673758  0.4820153  0.7879764  0.3830856
  0.5935693 -0.7512749  0.2885506  0.0076014 -0.3532949 -0.9354811
  0.6842388 -0.7094016  0.1690166 -0.5838385 -0.3940052  0.7098539
  0.4841858 -0.7576193  0.4376952  0.7887233  0.5944891  0.1565194
 -0.2761339 -0.9595393 -0.0550856 -0.8895762  0.2768579 -0.3633233
  0.0890304 -0.9572626 -0.2751760  0.0602618 -0.2705902  0.9608067
  0.0943324 -0.9803511 -0.1732429  0.7990320  0.1783598 -0.5742261
 -0.1749047 -0.9838426 -0.0382365 -0.8863630  0.1742460 -0.4289509
 -0.3747927 -0.9271087 -0.0001037  0.0667982 -0.0271154  0.9973980
 -0.5226079 -0.8495808  0.0713688  0.7632327 -0.5035069 -0.4049156
 -0.8252143  0.3768109  0.4207552  0.3478951  0.9259492 -0.1469256
 -0.7810827  0.4019135  0.4778863  0.2858726 -0.4502404  0.8459081
 -0.5339164  0.5611894  0.6324553 -0.8434961 -0.3015655 -0.4444914
 -0.6930053  0.2261488  0.6845439  0.1958309  0.9728741 -0.1231513
 -0.5995866  0.1954328  0.7760812  0.4995619 -0.6662093  0.5537175
 -0.4867166  0.7442715  0.4573476 -0.8723376 -0.3864153 -0.2995168
  0.4583230  0.8265772  0.3266652  0.8666192 -0.4971860  0.0421566
  0.6633906  0.7207484  0.2010839 -0.4597642  0.1805957  0.8694838
  0.5509409  0.7672398  0.3283401 -0.2468653  0.5256586 -0.8140888
  0.5006359  0.7295332  0.4659883  0.8642089 -0.4523388 -0.2203013
  0.4618888  0.8483152  0.2588824 -0.2778751 -0.1387816  0.9505394
  0.1631131  0.8971194  0.4105738 -0.6836524  0.4028177 -0.6085698
