 -0.8784010 -0.1818778  0.4419640 -0.4381443 -0.0629151 -0.8967002
  0.0340204 -0.0848957  0.9958089  0.9864620 -0.1570825 -0.0470929
 -0.0363598 -0.4383930  0.8980476 -0.7344883 -0.5976413 -0.3214836
 -0.3208660 -0.5199481  0.7916432 -0.4724565  0.8122880  0.3420132
 -0.0647277 -0.0502834  0.9966353  0.9829124  0.1692484  0.0723755
  0.1671643 -0.2383695  0.9566797 -0.4095562 -0.8994409 -0.1525443
  0.2817378 -0.3722267  0.8843479 -0.6844292  0.5679821  0.4571138
  0.6634202 -0.7429884  0.0885547 -0.2201230 -0.3069089 -0.9259334
  0.5847604 -0.7811631  0.2187226 -0.5995274 -0.2345337  0.7652194
  0.4959881 -0.8318074  0.2491834  0.8404578  0.5319993  0.1029922
  0.3687364 -0.9219417  0.1185620 -0.3823327 -0.2666894 -0.8847025
  0.5686211 -0.8218532 -0.0350339 -0.5974929 -0.4419143  0.6691144
  0.4406941 -0.8974195 -0.0206637  0.8498905  0.4097239  0.3313797
 -0.4863469 -0.6329116 -0.6024032 -0.8073978  0.5890880  0.0329261
 -0.6331252 -0.6720861 -0.3839958  0.3690635 -0.6981742  0.6134695
 -0.4537754 -0.8876222  0.0788334  0.2223800 -0.1984637 -0.9545466
 -0.3771783 -0.9100305  0.1719913 -0.9214847  0.3873520  0.0287112
 -0.4970389 -0.6809043 -0.5378862 -0.0387881 -0.6018246  0.7976858
 -0.6157506 -0.7368721 -0.2790534  0.5767389 -0.1801873 -0.7968091
 -0.9757523 -0.1206343  0.1826329  0.0981284  0.5047484  0.8576712
 -0.7789709 -0.3091073  0.5455794  0.4735999 -0.8602657  0.1888014
 -0.8768194 -0.3683005  0.3090994 -0.3723048  0.1132481 -0.9211753
 -0.7381293 -0.5222296  0.4271317 -0.3512500  0.8380032  0.4175811
 -0.7173147 -0.2568244  0.6476888  0.6303626 -0.6352235  0.4462444
 -0.8781838 -0.0856115  0.4705995 -0.4401807 -0.2403483 -0.8651437
  0.2458296 -0.0409797  0.9684464  0.9687857 -0.0225642 -0.2468705
 -0.0455345 -0.2794939  0.9590671 -0.4581308 -0.8473072 -0.2686756
 -0.0416648 -0.0919920  0.9948877 -0.4320209  0.8995123  0.0650806
 -0.0271108  0.0190441  0.9994510  0.9945737  0.1009722  0.0250546
  0.0377685  0.2561726  0.9658929 -0.3581653 -0.8988926  0.2524079
 -0.1149769  0.4145248  0.9027455 -0.6096764  0.6880316 -0.3935825
  0.5005504 -0.4435450  0.7434495  0.2516028 -0.7471727 -0.6151658
  0.6387621 -0.3795381  0.6692786 -0.7170762  0.0216509  0.6966584
  0.5789135 -0.6340771  0.5126455  0.6893729  0.7163743  0.1075777
  0.3304545 -0.8845541  0.3291866  0.0987266 -0.3144711 -0.9441192
  0.3766775 -0.7797873  0.5000459 -0.8558645 -0.0864313  0.5099270
  0.2375264 -0.8902829  0.3885583  0.7193935  0.4300107  0.5454941
  0.0547178 -0.9402548 -0.3360460 -0.5091570  0.2632336 -0.8194311
 -0.2840764 -0.9532533 -0.1029986 -0.3373699 -0.0011761  0.9413714
  0.0766827 -0.9560709 -0.2829280  0.9965791  0.0822667 -0.0078903
 -0.0248282 -0.9675757 -0.2513579 -0.7317305  0.1889053 -0.6548933
 -0.2405782 -0.9584135 -0.1535112 -0.1404643 -0.1221145  0.9825263
 -0.0998520 -0.8754291 -0.4729201  0.8936245  0.1301168 -0.4295402
 -0.6972055 -0.6783576 -0.2318092 -0.6331362  0.4310258  0.6429271
 -0.6685137 -0.7045492 -0.2381175  0.6989212 -0.7046111  0.1226065
 -0.6427598 -0.7414852 -0.1925082 -0.1593122  0.3751797 -0.9131593
 -0.5044964 -0.8054097 -0.3111249 -0.7432750  0.2217626  0.6311605
 -0.6179527 -0.6827905 -0.3897841  0.7531411 -0.6563701 -0.0442355
 -0.5665005 -0.7836531 -0.2548822 -0.3068251  0.4876450 -0.8173498
  0.2356223 -0.8399632  0.4888189  0.5918961  0.5229626  0.6133262
  0.3038119 -0.5441279  0.7820634  0.7488494 -0.3710951 -0.5491020
  0.7267479 -0.3307012  0.6020583 -0.6853555 -0.4079188  0.6032330
  0.5356555 -0.7688077  0.3492963  0.7490392  0.6235730  0.2238235
  0.3971463 -0.6689996  0.6282630  0.0098903 -0.6814052 -0.7318396
  0.5973482 -0.7582510  0.2612096 -0.5456107 -0.1455209  0.8253076
