 -0.6802060 -0.2200801  0.6992028 -0.7268277  0.0787649 -0.6822885
  0.3112347  0.0723218  0.9475772  0.8714233  0.3760893 -0.3149260
  0.0900392  0.0062684  0.9959185  0.1448376 -0.9894316 -0.0068669
  0.2553577 -0.0833627  0.9632461 -0.8954581  0.3553261  0.2681382
  0.2390684 -0.0379982  0.9702590  0.7989848  0.5755285 -0.1743277
  0.2062943 -0.1676760  0.9640163  0.0023898 -0.9851189 -0.1718579
 -0.2576748  0.1052826  0.9604787 -0.7961340  0.5401435 -0.2727925
  0.6284479 -0.3197073  0.7091124  0.4144303 -0.6338456 -0.6530599
  0.5929802 -0.4800830  0.6464479 -0.7772287 -0.1314284  0.6153391
  0.8389501 -0.4657588  0.2814808  0.4756998  0.8788542  0.0363992
  0.7372148 -0.6714746 -0.0750742 -0.0949161  0.0070886 -0.9954600
  0.7768961 -0.5986002 -0.1952186 -0.2411836 -0.5693336  0.7859324
  0.8856833 -0.3929306 -0.2473269  0.4425187  0.8756199  0.1935641
 -0.4182610 -0.8891498 -0.1856620 -0.9079177  0.4031116  0.1148322
 -0.4127280 -0.9095553 -0.0486286  0.4394059 -0.2455854  0.8640661
 -0.4697232 -0.8807287 -0.0606387  0.2657030 -0.0755370 -0.9610911
 -0.6171491 -0.7859028  0.0385206 -0.7756505  0.6158675  0.1381073
 -0.2884097 -0.9182469 -0.2713715  0.3977260 -0.3726945  0.8383989
 -0.4773644 -0.7948668 -0.3745798  0.6667524 -0.0500037 -0.7436000
 -0.6154685 -0.4721218  0.6311097  0.0702372  0.7646961  0.6405518
 -0.5800519 -0.6565719  0.4821339  0.8131552 -0.5017053  0.2950771
 -0.6666595 -0.4964166  0.5559997 -0.4958727 -0.2615370 -0.8280753
 -0.6344666 -0.3349735  0.6965952 -0.1807634  0.9405276  0.2876325
 -0.7736871 -0.4073452  0.4852610  0.6332215 -0.4718374  0.6135144
 -0.6808856 -0.1662900  0.7132619 -0.5843758 -0.4636908 -0.6659548
  0.2218024  0.5758494  0.7868933  0.9007477  0.1880614 -0.3915182
  0.1766069  0.4467328  0.8770632 -0.0186176 -0.8893939  0.4567623
  0.1333637  0.2846220  0.9493179 -0.7208552  0.6852126 -0.1041702
  0.0464686  0.3171255  0.9472445  0.9367875  0.3153800 -0.1515409
  0.1467799  0.4329627  0.8893812 -0.3260066 -0.8277107  0.4567435
  0.1442029  0.5753647  0.8050844 -0.4354808  0.7674669 -0.4704796
 -0.0027503 -0.3757149  0.9267312  0.0081667 -0.9267123 -0.3756830
  0.3172452 -0.4538537  0.8326898 -0.8374635  0.2779244  0.4705453
  0.3769524 -0.7544383  0.5373358  0.7784967  0.5723868  0.2575194
  0.3642395 -0.8045256  0.4691143  0.2632358 -0.3942385 -0.8805015
  0.3131882 -0.7901956  0.5267865 -0.9093325 -0.0895305  0.4063234
  0.3216951 -0.7263961  0.6073392  0.5474131  0.6660537  0.5066669
 -0.1168805 -0.9055947 -0.4077219 -0.5323368  0.4037052 -0.7440696
 -0.1270215 -0.9557990 -0.2651675 -0.2918438 -0.2194866  0.9309419
 -0.2208474 -0.9142589 -0.3396426  0.9224568 -0.0827243 -0.3771341
 -0.2088596 -0.9328986 -0.2933903 -0.8071381  0.3338344 -0.4869114
 -0.3295005 -0.9148555 -0.2333856  0.1051854 -0.2812205  0.9538611
  0.1328380 -0.9911324 -0.0032690  0.7340338  0.1005952 -0.6716211
 -0.5566074 -0.6615409  0.5025455 -0.4362526  0.7475411  0.5008653
 -0.6372838 -0.6149027  0.4645041  0.7546287 -0.6201356  0.2144000
 -0.5957325 -0.2203804  0.7723569 -0.7361389 -0.2348065 -0.6347955
 -0.2958493  0.0507590  0.9538851  0.0268776  0.9986342 -0.0448041
 -0.5864752  0.0874726  0.8052300  0.7452159 -0.3312202  0.5787456
 -0.4311509  0.0339339  0.9016415 -0.6911906 -0.6547490 -0.3058746
  0.2616652  0.7352010  0.6253086  0.6887622  0.3116179 -0.6545998
  0.3296014  0.5582329  0.7614059  0.2579872 -0.8290315  0.4961344
  0.1639767  0.4198256  0.8926691 -0.9726779  0.2195706  0.0754088
  0.3271501  0.2526329  0.9105764  0.7079272  0.5727664 -0.4132527
  0.5419891  0.2008083  0.8160416  0.0397212 -0.9760684  0.2138055
  0.3840363  0.4308855  0.8166112 -0.8342784  0.5408700  0.1069545
