 -0.6750945 -0.4731954  0.5659801 -0.7359539  0.3787524 -0.5611760
  0.3177382 -0.6815549  0.6591854  0.9384725  0.1268353 -0.3212197
  0.0295907 -0.3643925  0.9307752 -0.5096051 -0.8065742 -0.2995675
  0.0258404 -0.4374158  0.8988881 -0.5906582  0.7187641  0.3667438
  0.1139714 -0.4261896  0.8974258  0.9723122  0.2333419 -0.0126673
  0.1494906 -0.0907646  0.9845884 -0.0144452 -0.9958720 -0.0896115
  0.2055196 -0.0896146  0.9745414 -0.7350029  0.6433542  0.2141638
  0.7779783 -0.2998253  0.5521364  0.3793064 -0.4764426 -0.7931766
  0.5109887 -0.3750347  0.7734595 -0.8449405 -0.3845426  0.3717560
  0.7121035 -0.5684775  0.4119975  0.4488394  0.8198659  0.3554759
  0.6763968 -0.6504421  0.3455611  0.2537585 -0.2346472 -0.9383748
  0.4763198 -0.8729965  0.1048645 -0.6866146 -0.2947987  0.6645706
  0.3744195 -0.9043501  0.2048436  0.8900615  0.4124632  0.1940735
 -0.7582308 -0.5748357 -0.3076525 -0.5191045  0.8177625 -0.2485860
 -0.7324776 -0.6786995 -0.0533260  0.1973010 -0.2865960  0.9375154
 -0.7343164 -0.6783688 -0.0243974  0.4278159 -0.4345964 -0.7925273
 -0.6605732 -0.7490549  0.0505945 -0.7298174  0.6248781 -0.2772975
 -0.2439497 -0.9693777  0.0282025  0.1417460 -0.0068723  0.9898792
 -0.4056656 -0.9074728 -0.1092175  0.8658476 -0.3432508 -0.3639874
 -0.7746043 -0.1664223  0.6101572  0.0851937  0.9285075  0.3614082
 -0.6606063 -0.3936743  0.6392338  0.7296762 -0.5369464  0.4233924
 -0.4851339 -0.4337004  0.7593083 -0.7010899 -0.3260448 -0.6341670
 -0.6096151 -0.1841652  0.7710076 -0.1044829  0.9828197  0.1521474
 -0.7943815 -0.2488718  0.5540946  0.5840856 -0.5633773  0.5843373
 -0.8568347 -0.1948730  0.4773456 -0.2803866 -0.6008395 -0.7485821
  0.1903913  0.4937568  0.8485019  0.9738614  0.0140690 -0.2267071
  0.0812028  0.2592964  0.9623780 -0.5824281 -0.7712088  0.2569328
  0.0347782  0.2865418  0.9574363 -0.3250268  0.9091784 -0.2602927
 -0.0775467  0.0788489  0.9938659  0.9959053  0.0525864  0.0735338
  0.1564046  0.2007707  0.9670723 -0.4045855 -0.8801843  0.2481657
  0.1798566  0.2268803  0.9571713 -0.4912808  0.8637164 -0.1124148
  0.1506207 -0.6265003  0.7647292  0.2314078 -0.7297197 -0.6433969
  0.1073190 -0.5633290  0.8192332 -0.9763231  0.0959480  0.1938744
  0.4598359 -0.7197269  0.5201385  0.7116065  0.6490451  0.2689918
  0.3019717 -0.8331422  0.4633435  0.2560282 -0.3973010 -0.8812500
  0.4898847 -0.7647616  0.4185125 -0.8334742 -0.2701049  0.4820417
  0.4059226 -0.7207005  0.5619766  0.6475618  0.6607303  0.3796041
 -0.0307186 -0.9665676 -0.2545652 -0.6470342  0.2133513 -0.7320027
 -0.0244201 -0.9449483 -0.3263071 -0.2087709 -0.3143872  0.9260537
 -0.0381504 -0.9449734 -0.3249150  0.8555204  0.1371308 -0.4992796
 -0.1988276 -0.8861721 -0.4185290 -0.8907993  0.3414595 -0.2998034
 -0.1682830 -0.9259660 -0.3380352  0.0205549 -0.3461475  0.9379549
  0.2288888 -0.9674397 -0.1080297  0.8073340  0.2506619 -0.5342101
 -0.7822683 -0.6004742  0.1657923 -0.5010913  0.7646725  0.4051955
 -0.6799113 -0.6425096  0.3534148  0.7219750 -0.5021846  0.4759860
 -0.6510343 -0.5054166  0.5663112 -0.4746777 -0.3111045 -0.8233438
 -0.7356564 -0.4075781  0.5410081 -0.0923363  0.8515939  0.5160056
 -0.5108973 -0.4408005  0.7380236  0.7059092 -0.7050744  0.0675452
 -0.5234301 -0.7032438  0.4811123 -0.6655658 -0.0151047 -0.7461863
  0.3467834 -0.0795272  0.9345677  0.7497226  0.6222386 -0.2252447
  0.0933227 -0.4799437  0.8723216 -0.0533265 -0.8772970 -0.4769762
  0.3483683 -0.4511910  0.8216241 -0.9013041  0.0795267  0.4258244
  0.3831835 -0.3295503  0.8628829  0.5020461  0.8584538  0.1049134
  0.5400298 -0.6217029  0.5673212  0.2297734 -0.5395524 -0.8099922
  0.4368015 -0.4235628  0.7935988 -0.8814503 -0.0254119  0.4715926
