          ----- Crank ------    |  -----  Slide -----   | ----- Pivot ------    |  -----  rotate ----   | full Chain Rotation   |  full Chain Slide     |    chem-move  |  end-end flip |  chian swap   |  reptation    |super reptation|    spider     |
 ind| id| Win 1 | AMP 1 | SUC 1 | Win 2 | AMP 2 | SUC 2 | Win 3 | AMP 3 | SUC 3 | ON  4 | AMP 4 | SUC 4 | ON  5 | AMP 5 | SUC 5 | ON  6 | AMP 6 | SUC 6 | ON  7 | SUC 7 | ON  8 | SUC 8 | ON  9 | SUC 9 | ON 10 | SUC 10| ON 11 | SUC11 | AMP12 | SUC12 |
   0   0   2.000   1.571   0.000   1.000  18.562   0.000   2.000   1.571   0.000   1.000   1.571   0.000   0.000   1.571   0.000   0.000 309.375   0.000   0.000   0.000   0.000   0.000   0.000   0.000   0.000   0.000   0.000   0.000   0.000   0.000
   1   0   2.022   1.492   0.446   1.091  17.634   0.030   2.218   1.649   0.536   1.000   1.492   0.401   0.000   1.571   0.000   0.000 309.375   0.000   0.000   0.000   0.000   0.000   0.000   0.000   0.000   0.000   0.000   0.000   0.000   0.000
   2   0   2.042   1.418   0.463   1.176  16.753   0.037   2.442   1.732   0.526   1.000   1.418   0.422   0.000   1.571   0.000   0.000 309.375   0.000   0.000   0.000   0.000   0.000   0.000   0.000   0.000   0.000   0.000   0.000   0.000   0.000
   3   0   2.062   1.347   0.480   1.255  15.915   0.041   2.673   1.818   0.513   1.000   1.347   0.436   0.000   1.571   0.000   0.000 309.375   0.000   0.000   0.000   0.000   0.000   0.000   0.000   0.000   0.000   0.000   0.000   0.000   0.000
   4   0   2.079   1.279   0.495   1.328  15.119   0.050   2.911   1.909   0.506   1.000   1.279   0.454   0.000   1.571   0.000   0.000 309.375   0.000   0.000   0.000   0.000   0.000   0.000   0.000   0.000   0.000   0.000   0.000   0.000   0.000
   5   0   2.300   1.343   0.513   1.396  14.363   0.057   2.870   1.814   0.498   1.000   1.215   0.470   0.000   1.571   0.000   0.000 309.375   0.000   0.000   0.000   0.000   0.000   0.000   0.000   0.000   0.000   0.000   0.000   0.000   0.000
   6   0   2.526   1.411   0.503   1.460  13.645   0.065   3.113   1.905   0.505   1.000   1.155   0.493   0.000   1.571   0.000   0.000 309.375   0.000   0.000   0.000   0.000   0.000   0.000   0.000   0.000   0.000   0.000   0.000   0.000   0.000
   7   0   2.512   1.340   0.485   1.519  12.963   0.077   3.363   2.000   0.504   1.000   1.212   0.507   0.000   1.571   0.000   0.000 309.375   0.000   0.000   0.000   0.000   0.000   0.000   0.000   0.000   0.000   0.000   0.000   0.000   0.000
   8   0   2.745   1.407   0.507   1.574  12.375   0.089   3.291   1.900   0.498   1.000   1.152   0.496   0.000   1.571   0.000   0.000 309.375   0.000   0.000   0.000   0.000   0.000   0.000   0.000   0.000   0.000   0.000   0.000   0.000   0.000
   9   0   2.715   1.337   0.496   1.626  12.375   0.098   3.547   1.995   0.514   1.000   1.209   0.511   0.000   1.571   0.000   0.000 309.375   0.000   0.000   0.000   0.000   0.000   0.000   0.000   0.000   0.000   0.000   0.000   0.000   0.000
  10   0   2.954   1.404   0.508   1.674  12.375   0.101   3.810   2.095   0.505   1.000   1.149   0.489   0.000   1.571   0.000   0.000 309.375   0.000   0.000   0.000   0.000   0.000   0.000   0.000   0.000   0.000   0.000   0.000   0.000   0.000
  11   0   2.910   1.333   0.495   1.718  12.375   0.098   3.707   1.990   0.495   1.000   1.206   0.508   0.000   1.571   0.000   0.000 309.375   0.000   0.000   0.000   0.000   0.000   0.000   0.000   0.000   0.000   0.000   0.000   0.000   0.000
  12   0   3.155   1.400   0.512   1.760  12.375   0.101   3.974   2.089   0.513   1.000   1.146   0.490   0.000   1.571   0.000   0.000 309.375   0.000   0.000   0.000   0.000   0.000   0.000   0.000   0.000   0.000   0.000   0.000   0.000   0.000
  13   0   3.097   1.330   0.495   1.798  12.375   0.100   4.249   2.194   0.504   1.000   1.203   0.511   0.000   1.571   0.000   0.000 309.375   0.000   0.000   0.000   0.000   0.000   0.000   0.000   0.000   0.000   0.000   0.000   0.000   0.000
  14   0   3.347   1.397   0.516   1.834  12.375   0.100   4.533   2.303   0.501   1.000   1.143   0.496   0.000   1.571   0.000   0.000 309.375   0.000   0.000   0.000   0.000   0.000   0.000   0.000   0.000   0.000   0.000   0.000   0.000   0.000
  15   0   3.276   1.327   0.497   1.868  12.375   0.101   4.824   2.419   0.501   1.000   1.200   0.511   0.000   1.571   0.000   0.000 309.375   0.000   0.000   0.000   0.000   0.000   0.000   0.000   0.000   0.000   0.000   0.000   0.000   0.000
  16   0   3.531   1.393   0.516   1.899  12.375   0.103   4.651   2.298   0.498   1.000   1.140   0.493   0.000   1.571   0.000   0.000 309.375   0.000   0.000   0.000   0.000   0.000   0.000   0.000   0.000   0.000   0.000   0.000   0.000   0.000
  17   0   3.793   1.463   0.508   1.928  12.375   0.100   4.946   2.413   0.505   1.000   1.197   0.510   0.000   1.571   0.000   0.000 309.375   0.000   0.000   0.000   0.000   0.000   0.000   0.000   0.000   0.000   0.000   0.000   0.000   0.000
  18   0   3.692   1.390   0.493   1.955  12.375   0.100   4.765   2.292   0.499   1.000   1.137   0.493   0.000   1.571   0.000   0.000 309.375   0.000   0.000   0.000   0.000   0.000   0.000   0.000   0.000   0.000   0.000   0.000   0.000   0.000
  19   0   3.959   1.459   0.508   1.980  12.375   0.101   5.000   2.407   0.505   1.000   1.194   0.514   0.000   1.571   0.000   0.000 309.375   0.000   0.000   0.000   0.000   0.000   0.000   0.000   0.000   0.000   0.000   0.000   0.000   0.000
  20   0   3.846   1.386   0.493   2.003  12.375   0.104   5.000   2.527   0.503   1.000   1.135   0.494   0.000   1.571   0.000   0.000 309.375   0.000   0.000   0.000   0.000   0.000   0.000   0.000   0.000   0.000   0.000   0.000   0.000   0.000
  21   0   4.117   1.455   0.510   2.025  12.375   0.104   4.815   2.400   0.490   1.000   1.191   0.516   0.000   1.571   0.000   0.000 309.375   0.000   0.000   0.000   0.000   0.000   0.000   0.000   0.000   0.000   0.000   0.000   0.000   0.000
  22   0   3.993   1.383   0.491   2.045  12.375   0.105   4.643   2.280   0.498   1.000   1.132   0.494   0.000   1.571   0.000   0.000 309.375   0.000   0.000   0.000   0.000   0.000   0.000   0.000   0.000   0.000   0.000   0.000   0.000   0.000
  23   0   4.269   1.452   0.513   2.064  12.375   0.103   4.937   2.394   0.505   1.000   1.188   0.516   0.000   1.571   0.000   0.000 309.375   0.000   0.000   0.000   0.000   0.000   0.000   0.000   0.000   0.000   0.000   0.000   0.000   0.000
  24   0   4.134   1.379   0.497   2.082  12.375   0.103   4.757   2.275   0.498   1.000   1.129   0.497   0.000   1.571   0.000   0.000 309.375   0.000   0.000   0.000   0.000   0.000   0.000   0.000   0.000   0.000   0.000   0.000   0.000   0.000
  25   0   4.414   1.448   0.515   2.098  12.375   0.106   5.000   2.389   0.512   1.000   1.185   0.518   0.000   1.571   0.000   0.000 309.375   0.000   0.000   0.000   0.000   0.000   0.000   0.000   0.000   0.000   0.000   0.000   0.000   0.000
  26   0   4.702   1.521   0.504   2.113  12.375   0.107   5.000   2.508   0.504   1.000   1.245   0.501   0.000   1.571   0.000   0.000 309.375   0.000   0.000   0.000   0.000   0.000   0.000   0.000   0.000   0.000   0.000   0.000   0.000   0.000
  27   0   4.538   1.444   0.492   2.127  12.375   0.103   4.815   2.383   0.497   1.000   1.182   0.481   0.000   1.571   0.000   0.000 309.375   0.000   0.000   0.000   0.000   0.000   0.000   0.000   0.000   0.000   0.000   0.000   0.000   0.000
  28   0   4.829   1.517   0.510   2.141  12.375   0.105   5.000   2.502   0.503   1.000   1.123   0.499   0.000   1.571   0.000   0.000 309.375   0.000   0.000   0.000   0.000   0.000   0.000   0.000   0.000   0.000   0.000   0.000   0.000   0.000
  29   0   4.656   1.441   0.493   2.153  12.375   0.103   4.815   2.377   0.495   1.000   1.179   0.514   0.000   1.571   0.000   0.000 309.375   0.000   0.000   0.000   0.000   0.000   0.000   0.000   0.000   0.000   0.000   0.000   0.000   0.000
  30   0   4.951   1.513   0.508   2.164  12.375   0.104   4.643   2.258   0.497   1.000   1.238   0.502   0.000   1.571   0.000   0.000 309.375   0.000   0.000   0.000   0.000   0.000   0.000   0.000   0.000   0.000   0.000   0.000   0.000   0.000
  31   0   4.769   1.437   0.493   2.175  12.375   0.105   4.937   2.371   0.510   1.000   1.177   0.483   0.000   1.571   0.000   0.000 309.375   0.000   0.000   0.000   0.000   0.000   0.000   0.000   0.000   0.000   0.000   0.000   0.000   0.000
  32   0   5.068   1.509   0.509   2.185  12.375   0.105   5.000   2.489   0.508   1.000   1.235   0.500   0.000   1.571   0.000   0.000 309.375   0.000   0.000   0.000   0.000   0.000   0.000   0.000   0.000   0.000   0.000   0.000   0.000   0.000
  33   0   4.878   1.434   0.496   2.194  12.375   0.106   4.815   2.365   0.495   1.000   1.174   0.484   0.000   1.571   0.000   0.000 309.375   0.000   0.000   0.000   0.000   0.000   0.000   0.000   0.000   0.000   0.000   0.000   0.000   0.000
  34   0   5.180   1.505   0.513   2.203  12.375   0.105   5.000   2.483   0.500   1.000   1.115   0.500   0.000   1.571   0.000   0.000 309.375   0.000   0.000   0.000   0.000   0.000   0.000   0.000   0.000   0.000   0.000   0.000   0.000   0.000
  35   0   4.982   1.430   0.500   2.211  12.375   0.106   4.815   2.359   0.499   1.000   1.171   0.518   0.000   1.571   0.000   0.000 309.375   0.000   0.000   0.000   0.000   0.000   0.000   0.000   0.000   0.000   0.000   0.000   0.000   0.000
  36   0   5.287   1.502   0.509   2.218  12.375   0.106   5.000   2.477   0.501   1.000   1.229   0.505   0.000   1.571   0.000   0.000 309.375   0.000   0.000   0.000   0.000   0.000   0.000   0.000   0.000   0.000   0.000   0.000   0.000   0.000
  37   0   5.082   1.427   0.498   2.225  12.375   0.104   5.000   2.601   0.501   1.000   1.168   0.486   0.000   1.571   0.000   0.000 309.375   0.000   0.000   0.000   0.000   0.000   0.000   0.000   0.000   0.000   0.000   0.000   0.000   0.000
  38   0   5.389   1.498   0.520   2.232  12.375   0.105   4.815   2.471   0.490   1.000   1.226   0.506   0.000   1.571   0.000   0.000 309.375   0.000   0.000   0.000   0.000   0.000   0.000   0.000   0.000   0.000   0.000   0.000   0.000   0.000
  39   0   5.706   1.573   0.503   2.238  12.375   0.104   4.643   2.347   0.490   1.000   1.165   0.486   0.000   1.571   0.000   0.000 309.375   0.000   0.000   0.000   0.000   0.000   0.000   0.000   0.000   0.000   0.000   0.000   0.000   0.000
  40   0   5.472   1.494   0.490   2.243  12.375   0.105   4.482   2.230   0.499   1.000   1.223   0.505   0.000   1.571   0.000   0.000 309.375   0.000   0.000   0.000   0.000   0.000   0.000   0.000   0.000   0.000   0.000   0.000   0.000   0.000
  41   0   5.791   1.569   0.503   2.249  12.375   0.106   4.772   2.341   0.506   1.000   1.162   0.486   0.000   1.571   0.000   0.000 309.375   0.000   0.000   0.000   0.000   0.000   0.000   0.000   0.000   0.000   0.000   0.000   0.000   0.000
  42   0   5.551   1.490   0.489   2.253  12.375   0.106   5.000   2.458   0.506   1.000   1.220   0.503   0.000   1.571   0.000   0.000 309.375   0.000   0.000   0.000   0.000   0.000   0.000   0.000   0.000   0.000   0.000   0.000   0.000   0.000
  43   0   5.872   1.565   0.504   2.258  12.375   0.106   5.000   2.581   0.503   1.000   1.159   0.490   0.000   1.571   0.000   0.000 309.375   0.000   0.000   0.000   0.000   0.000   0.000   0.000   0.000   0.000   0.000   0.000   0.000   0.000
  44   0   5.627   1.487   0.494   2.262  12.375   0.106   4.815   2.452   0.488   1.000   1.217   0.504   0.000   1.571   0.000   0.000 309.375   0.000   0.000   0.000   0.000   0.000   0.000   0.000   0.000   0.000   0.000   0.000   0.000   0.000
  45   0   5.950   1.561   0.503   2.266  12.375   0.104   4.643   2.329   0.495   1.000   1.156   0.490   0.000   1.571   0.000   0.000 309.375   0.000   0.000   0.000   0.000   0.000   0.000   0.000   0.000   0.000   0.000   0.000   0.000   0.000
  46   0   5.699   1.483   0.497   2.270  12.375   0.108   4.937   2.446   0.504   1.000   1.214   0.507   0.000   1.571   0.000   0.000 309.375   0.000   0.000   0.000   0.000   0.000   0.000   0.000   0.000   0.000   0.000   0.000   0.000   0.000
  47   0   6.025   1.557   0.514   2.273  12.375   0.108   4.757   2.324   0.499   1.000   1.153   0.489   0.000   1.571   0.000   0.000 309.375   0.000   0.000   0.000   0.000   0.000   0.000   0.000   0.000   0.000   0.000   0.000   0.000   0.000
  48   0   5.769   1.479   0.496   2.276  12.375   0.107   5.000   2.440   0.508   1.000   1.211   0.507   0.000   1.571   0.000   0.000 309.375   0.000   0.000   0.000   0.000   0.000   0.000   0.000   0.000   0.000   0.000   0.000   0.000   0.000
  49   0   6.096   1.553   0.505   2.279  12.375   0.106   5.000   2.562   0.504   1.000   1.150   0.493   0.000   1.571   0.000   0.000 309.375   0.000   0.000   0.000   0.000   0.000   0.000   0.000   0.000   0.000   0.000   0.000   0.000   0.000
  50   0   5.836   1.476   0.498   2.282  12.375   0.105   4.815   2.434   0.486   1.000   1.208   0.510   0.000   1.571   0.000   0.000 309.375   0.000   0.000   0.000   0.000   0.000   0.000   0.000   0.000   0.000   0.000   0.000   0.000   0.000
  51   0   6.165   1.549   0.509   2.284  12.375   0.108   4.643   2.312   0.493   1.000   1.147   0.491   0.000   1.571   0.000   0.000 309.375   0.000   0.000   0.000   0.000   0.000   0.000   0.000   0.000   0.000   0.000   0.000   0.000   0.000
  52   0   6.504   1.627   0.501   2.287  12.375   0.108   4.937   2.428   0.504   1.000   1.205   0.509   0.000   1.571   0.000   0.000 309.375   0.000   0.000   0.000   0.000   0.000   0.000   0.000   0.000   0.000   0.000   0.000   0.000   0.000
  53   0   6.215   1.545   0.484   2.289  12.375   0.107   4.757   2.306   0.500   1.000   1.145   0.492   0.000   1.571   0.000   0.000 309.375   0.000   0.000   0.000   0.000   0.000   0.000   0.000   0.000   0.000   0.000   0.000   0.000   0.000
  54   0   5.946   1.468   0.498   2.291  12.375   0.108   5.000   2.422   0.512   1.000   1.202   0.511   0.000   1.571   0.000   0.000 309.375   0.000   0.000   0.000   0.000   0.000   0.000   0.000   0.000   0.000   0.000   0.000   0.000   0.000
  55   0   6.279   1.542   0.512   2.293  12.375   0.106   5.000   2.543   0.509   1.000   1.142   0.494   0.000   1.571   0.000   0.000 309.375   0.000   0.000   0.000   0.000   0.000   0.000   0.000   0.000   0.000   0.000   0.000   0.000   0.000
  56   0   6.621   1.619   0.504   2.295  12.375   0.107   4.815   2.416   0.493   1.000   1.199   0.510   0.000   1.571   0.000   0.000 309.375   0.000   0.000   0.000   0.000   0.000   0.000   0.000   0.000   0.000   0.000   0.000   0.000   0.000
  57   0   6.324   1.538   0.486   2.296  12.375   0.105   4.643   2.295   0.498   1.000   1.139   0.498   0.000   1.571   0.000   0.000 309.375   0.000   0.000   0.000   0.000   0.000   0.000   0.000   0.000   0.000   0.000   0.000   0.000   0.000
  58   0   6.667   1.615   0.504   2.298  12.375   0.108   4.482   2.180   0.500   1.000   1.196   0.512   0.000   1.571   0.000   0.000 309.375   0.000   0.000   0.000   0.000   0.000   0.000   0.000   0.000   0.000   0.000   0.000   0.000   0.000
  59   0   6.367   1.534   0.489   2.299  12.375   0.106   4.772   2.289   0.512   1.000   1.136   0.495   0.000   1.571   0.000   0.000 309.375   0.000   0.000   0.000   0.000   0.000   0.000   0.000   0.000   0.000   0.000   0.000   0.000   0.000
  60   0   6.088   1.457   0.498   2.301  12.375   0.105   5.000   2.403   0.510   1.000   1.193   0.515   0.000   1.571   0.000   0.000 309.375   0.000   0.000   0.000   0.000   0.000   0.000   0.000   0.000   0.000   0.000   0.000   0.000   0.000
  61   0   6.424   1.530   0.517   2.302  12.375   0.109   5.000   2.524   0.506   1.000   1.133   0.496   0.000   1.571   0.000   0.000 309.375   0.000   0.000   0.000   0.000   0.000   0.000   0.000   0.000   0.000   0.000   0.000   0.000   0.000
  62   0   6.771   1.607   0.505   2.303  12.375   0.107   4.815   2.397   0.494   1.000   1.190   0.516   0.000   1.571   0.000   0.000 309.375   0.000   0.000   0.000   0.000   0.000   0.000   0.000   0.000   0.000   0.000   0.000   0.000   0.000
  63   0   6.463   1.526   0.494   2.304  12.375   0.109   4.643   2.278   0.495   1.000   1.130   0.494   0.000   1.571   0.000   0.000 309.375   0.000   0.000   0.000   0.000   0.000   0.000   0.000   0.000   0.000   0.000   0.000   0.000   0.000
  64   0   6.811   1.603   0.505   2.305  12.375   0.109   4.937   2.391   0.511   1.000   1.187   0.516   0.000   1.571   0.000   0.000 309.375   0.000   0.000   0.000   0.000   0.000   0.000   0.000   0.000   0.000   0.000   0.000   0.000   0.000
  65   0   6.501   1.522   0.491   2.306  12.375   0.107   5.000   2.511   0.507   1.000   1.128   0.495   0.000   1.571   0.000   0.000 309.375   0.000   0.000   0.000   0.000   0.000   0.000   0.000   0.000   0.000   0.000   0.000   0.000   0.000
  66   0   6.849   1.598   0.503   2.307  12.375   0.108   4.815   2.385   0.496   1.000   1.184   0.515   0.000   1.571   0.000   0.000 309.375   0.000   0.000   0.000   0.000   0.000   0.000   0.000   0.000   0.000   0.000   0.000   0.000   0.000
  67   0   6.537   1.519   0.490   2.308  12.375   0.106   4.643   2.266   0.492   1.000   1.125   0.497   0.000   1.571   0.000   0.000 309.375   0.000   0.000   0.000   0.000   0.000   0.000   0.000   0.000   0.000   0.000   0.000   0.000   0.000
  68   0   6.886   1.594   0.513   2.309  12.375   0.106   4.937   2.380   0.505   1.000   1.181   0.517   0.000   1.571   0.000   0.000 309.375   0.000   0.000   0.000   0.000   0.000   0.000   0.000   0.000   0.000   0.000   0.000   0.000   0.000
  69   0   6.571   1.515   0.494   2.309  12.375   0.108   5.000   2.498   0.507   1.000   1.122   0.500   0.000   1.571   0.000   0.000 309.375   0.000   0.000   0.000   0.000   0.000   0.000   0.000   0.000   0.000   0.000   0.000   0.000   0.000
  70   0   6.922   1.591   0.507   2.310  12.375   0.106   4.815   2.374   0.499   1.000   1.178   0.519   0.000   1.571   0.000   0.000 309.375   0.000   0.000   0.000   0.000   0.000   0.000   0.000   0.000   0.000   0.000   0.000   0.000   0.000
  71   0   6.604   1.511   0.491   2.311  12.375   0.106   5.000   2.492   0.504   1.000   1.237   0.501   0.000   1.571   0.000   0.000 309.375   0.000   0.000   0.000   0.000   0.000   0.000   0.000   0.000   0.000   0.000   0.000   0.000   0.000
  72   0   6.956   1.587   0.513   2.311  12.375   0.108   5.000   2.617   0.501   1.000   1.175   0.491   0.000   1.571   0.000   0.000 309.375   0.000   0.000   0.000   0.000   0.000   0.000   0.000   0.000   0.000   0.000   0.000   0.000   0.000
  73   0   7.317   1.666   0.502   2.312  12.375   0.107   4.815   2.486   0.482   1.000   1.234   0.505   0.000   1.571   0.000   0.000 309.375   0.000   0.000   0.000   0.000   0.000   0.000   0.000   0.000   0.000   0.000   0.000   0.000   0.000
  74   0   6.973   1.583   0.485   2.312  12.375   0.107   4.643   2.362   0.486   1.000   1.172   0.484   0.000   1.571   0.000   0.000 309.375   0.000   0.000   0.000   0.000   0.000   0.000   0.000   0.000   0.000   0.000   0.000   0.000   0.000
  75   0   6.651   1.503   0.496   2.313  12.375   0.105   4.482   2.244   0.494   1.000   1.113   0.500   0.000   1.571   0.000   0.000 309.375   0.000   0.000   0.000   0.000   0.000   0.000   0.000   0.000   0.000   0.000   0.000   0.000   0.000
  76   0   7.004   1.579   0.520   2.313  12.375   0.107   4.772   2.356   0.501   1.000   1.169   0.524   0.000   1.571   0.000   0.000 309.375   0.000   0.000   0.000   0.000   0.000   0.000   0.000   0.000   0.000   0.000   0.000   0.000   0.000
  77   0   7.367   1.658   0.505   2.313  12.375   0.108   5.000   2.474   0.504   1.000   1.228   0.508   0.000   1.571   0.000   0.000 309.375   0.000   0.000   0.000   0.000   0.000   0.000   0.000   0.000   0.000   0.000   0.000   0.000   0.000
  78   0   7.019   1.575   0.484   2.314  12.375   0.106   4.815   2.350   0.494   1.000   1.166   0.484   0.000   1.571   0.000   0.000 309.375   0.000   0.000   0.000   0.000   0.000   0.000   0.000   0.000   0.000   0.000   0.000   0.000   0.000
  79   0   6.695   1.496   0.497   2.314  12.375   0.107   4.643   2.232   0.496   1.000   1.225   0.505   0.000   1.571   0.000   0.000 309.375   0.000   0.000   0.000   0.000   0.000   0.000   0.000   0.000   0.000   0.000   0.000   0.000   0.000
  80   0   7.049   1.571   0.517   2.315  12.375   0.106   4.937   2.344   0.513   1.000   1.163   0.487   0.000   1.571   0.000   0.000 309.375   0.000   0.000   0.000   0.000   0.000   0.000   0.000   0.000   0.000   0.000   0.000   0.000   0.000
  81   0   6.723   1.492   0.498   2.315  12.375   0.107   5.000   2.461   0.510   1.000   1.222   0.507   0.000   1.571   0.000   0.000 309.375   0.000   0.000   0.000   0.000   0.000   0.000   0.000   0.000   0.000   0.000   0.000   0.000   0.000
  82   0   7.078   1.567   0.518   2.315  12.375   0.106   4.815   2.338   0.498   1.000   1.160   0.489   0.000   1.571   0.000   0.000 309.375   0.000   0.000   0.000   0.000   0.000   0.000   0.000   0.000   0.000   0.000   0.000   0.000   0.000
  83   0   6.749   1.488   0.498   2.315  12.375   0.106   5.000   2.455   0.507   1.000   1.218   0.503   0.000   1.571   0.000   0.000 309.375   0.000   0.000   0.000   0.000   0.000   0.000   0.000   0.000   0.000   0.000   0.000   0.000   0.000
  84   0   7.105   1.563   0.522   2.316  12.375   0.107   4.815   2.332   0.498   1.000   1.158   0.490   0.000   1.571   0.000   0.000 309.375   0.000   0.000   0.000   0.000   0.000   0.000   0.000   0.000   0.000   0.000   0.000   0.000   0.000
  85   0   7.471   1.641   0.501   2.316  12.375   0.106   5.000   2.449   0.504   1.000   1.215   0.506   0.000   1.571   0.000   0.000 309.375   0.000   0.000   0.000   0.000   0.000   0.000   0.000   0.000   0.000   0.000   0.000   0.000   0.000
  86   0   7.115   1.559   0.490   2.316  12.375   0.109   5.000   2.571   0.502   1.000   1.155   0.492   0.000   1.571   0.000   0.000 309.375   0.000   0.000   0.000   0.000   0.000   0.000   0.000   0.000   0.000   0.000   0.000   0.000   0.000
  87   0   7.482   1.637   0.504   2.316  12.375   0.105   4.815   2.443   0.487   1.000   1.212   0.506   0.000   1.571   0.000   0.000 309.375   0.000   0.000   0.000   0.000   0.000   0.000   0.000   0.000   0.000   0.000   0.000   0.000   0.000
  88   0   7.126   1.555   0.488   2.316  12.375   0.108   4.643   2.321   0.491   1.000   1.152   0.491   0.000   1.571   0.000   0.000 309.375   0.000   0.000   0.000   0.000   0.000   0.000   0.000   0.000   0.000   0.000   0.000   0.000   0.000
  89   0   7.492   1.633   0.506   2.317  12.375   0.105   4.937   2.437   0.505   1.000   1.209   0.505   0.000   1.571   0.000   0.000 309.375   0.000   0.000   0.000   0.000   0.000   0.000   0.000   0.000   0.000   0.000   0.000   0.000   0.000
  90   0   7.135   1.551   0.491   2.317  12.375   0.106   4.757   2.315   0.498   1.000   1.149   0.490   0.000   1.571   0.000   0.000 309.375   0.000   0.000   0.000   0.000   0.000   0.000   0.000   0.000   0.000   0.000   0.000   0.000   0.000
  91   0   7.502   1.629   0.506   2.317  12.375   0.107   5.000   2.431   0.508   1.000   1.206   0.510   0.000   1.571   0.000   0.000 309.375   0.000   0.000   0.000   0.000   0.000   0.000   0.000   0.000   0.000   0.000   0.000   0.000   0.000
  92   0   7.145   1.547   0.492   2.317  12.375   0.108   5.000   2.552   0.501   1.000   1.146   0.495   0.000   1.571   0.000   0.000 309.375   0.000   0.000   0.000   0.000   0.000   0.000   0.000   0.000   0.000   0.000   0.000   0.000   0.000
  93   0   7.512   1.625   0.504   2.317  12.375   0.107   4.815   2.425   0.494   1.000   1.203   0.511   0.000   1.571   0.000   0.000 309.375   0.000   0.000   0.000   0.000   0.000   0.000   0.000   0.000   0.000   0.000   0.000   0.000   0.000
  94   0   7.153   1.543   0.489   2.317  12.375   0.109   4.643   2.303   0.494   1.000   1.143   0.495   0.000   1.571   0.000   0.000 309.375   0.000   0.000   0.000   0.000   0.000   0.000   0.000   0.000   0.000   0.000   0.000   0.000   0.000
  95   0   7.521   1.621   0.509   2.317  12.375   0.103   4.937   2.418   0.503   1.000   1.200   0.517   0.000   1.571   0.000   0.000 309.375   0.000   0.000   0.000   0.000   0.000   0.000   0.000   0.000   0.000   0.000   0.000   0.000   0.000
  96   0   7.162   1.540   0.492   2.317  12.375   0.109   4.757   2.298   0.499   1.000   1.140   0.494   0.000   1.571   0.000   0.000 309.375   0.000   0.000   0.000   0.000   0.000   0.000   0.000   0.000   0.000   0.000   0.000   0.000   0.000
  97   0   7.530   1.617   0.509   2.318  12.375   0.109   5.000   2.412   0.504   1.000   1.197   0.513   0.000   1.571   0.000   0.000 309.375   0.000   0.000   0.000   0.000   0.000   0.000   0.000   0.000   0.000   0.000   0.000   0.000   0.000
  98   0   7.170   1.536   0.496   2.318  12.375   0.108   5.000   2.533   0.504   1.000   1.137   0.499   0.000   1.571   0.000   0.000 309.375   0.000   0.000   0.000   0.000   0.000   0.000   0.000   0.000   0.000   0.000   0.000   0.000   0.000
  99   0   7.538   1.613   0.505   2.318  12.375   0.106   4.815   2.406   0.493   1.000   1.194   0.508   0.000   1.571   0.000   0.000 309.375   0.000   0.000   0.000   0.000   0.000   0.000   0.000   0.000   0.000   0.000   0.000   0.000   0.000
 100   0   7.178   1.532   0.494   2.318  12.375   0.105   4.643   2.286   0.495   1.000   1.135   0.493   0.000   1.571   0.000   0.000 309.375   0.000   0.000   0.000   0.000   0.000   0.000   0.000   0.000   0.000   0.000   0.000   0.000   0.000
 101   0   7.546   1.608   0.508   2.318  12.375   0.109   4.937   2.400   0.505   1.000   1.191   0.514   0.000   1.571   0.000   0.000 309.375   0.000   0.000   0.000   0.000   0.000   0.000   0.000   0.000   0.000   0.000   0.000   0.000   0.000
 102   0   7.185   1.528   0.496   2.318  12.375   0.107   5.000   2.520   0.500   1.000   1.132   0.495   0.000   1.571   0.000   0.000 309.375   0.000   0.000   0.000   0.000   0.000   0.000   0.000   0.000   0.000   0.000   0.000   0.000   0.000
 103   0   7.554   1.604   0.510   2.318  12.375   0.109   5.000   2.646   0.502   1.000   1.188   0.521   0.000   1.571   0.000   0.000 309.375   0.000   0.000   0.000   0.000   0.000   0.000   0.000   0.000   0.000   0.000   0.000   0.000   0.000
 104   0   7.193   1.524   0.499   2.318  12.375   0.107   4.815   2.514   0.484   1.000   1.129   0.496   0.000   1.571   0.000   0.000 309.375   0.000   0.000   0.000   0.000   0.000   0.000   0.000   0.000   0.000   0.000   0.000   0.000   0.000
 105   0   7.561   1.600   0.511   2.318  12.375   0.107   4.643   2.388   0.486   1.000   1.185   0.516   0.000   1.571   0.000   0.000 309.375   0.000   0.000   0.000   0.000   0.000   0.000   0.000   0.000   0.000   0.000   0.000   0.000   0.000
 106   0   7.199   1.520   0.498   2.318  12.375   0.107   4.482   2.269   0.491   1.000   1.245   0.500   0.000   1.571   0.000   0.000 309.375   0.000   0.000   0.000   0.000   0.000   0.000   0.000   0.000   0.000   0.000   0.000   0.000   0.000
 107   0   7.568   1.596   0.508   2.318  12.375   0.107   4.772   2.382   0.504   1.000   1.182   0.481   0.000   1.571   0.000   0.000 309.375   0.000   0.000   0.000   0.000   0.000   0.000   0.000   0.000   0.000   0.000   0.000   0.000   0.000
 108   0   7.948   1.676   0.505   2.318  12.375   0.105   4.603   2.263   0.498   1.000   1.242   0.502   0.000   1.571   0.000   0.000 309.375   0.000   0.000   0.000   0.000   0.000   0.000   0.000   0.000   0.000   0.000   0.000   0.000   0.000
 109   0   7.559   1.592   0.486   2.318  12.375   0.107   4.897   2.376   0.512   1.000   1.179   0.485   0.000   1.571   0.000   0.000 309.375   0.000   0.000   0.000   0.000   0.000   0.000   0.000   0.000   0.000   0.000   0.000   0.000   0.000
 110   0   7.938   1.672   0.502   2.318  12.375   0.107   5.000   2.495   0.502   1.000   1.238   0.502   0.000   1.571   0.000   0.000 309.375   0.000   0.000   0.000   0.000   0.000   0.000   0.000   0.000   0.000   0.000   0.000   0.000   0.000
