 -0.7809269 -0.5702863 -0.2548074 -0.1692145  0.5858386 -0.7925652
  0.2565030 -0.9068741 -0.3343434 -0.7023340 -0.4125293  0.5801263
  0.3968475  0.6727687 -0.6244152  0.8096141  0.0639630  0.5834670
  0.4656569  0.8832404 -0.0552271 -0.4481970  0.2891860  0.8458670
  0.7917721  0.5899154 -0.1584193 -0.6016488  0.7084356 -0.3689685
  0.9356766  0.3405871 -0.0922475 -0.1421715  0.1246159 -0.9819665
 -0.0128136 -0.9945434 -0.1035337  0.3084912  0.0945593 -0.9465156
 -0.7135819  0.1089413  0.6920496 -0.6997415 -0.0627536 -0.7116346
  0.5615107  0.4331555  0.7050404 -0.3018704  0.9005529 -0.3128558
  0.9430138 -0.1552123  0.2943366  0.3327371  0.4486294 -0.8294683
