 -0.1321360 -0.5585709  0.8188642 -0.9911503  0.0638764 -0.1163651
  0.5703809 -0.0038618  0.8213713 -0.7248763  0.4679220  0.5055723
  0.9105486  0.0921158  0.4030085 -0.2453933  0.9049669  0.3475876
  0.6866568 -0.5418236  0.4846955  0.7264528  0.5368247 -0.4290519
 -0.2839797 -0.8396373  0.4629954  0.9540647 -0.2955256  0.0492460
 -0.3082998  0.2847124  0.9076839  0.0497613 -0.9480289  0.3142691
  0.2227384  0.9745980  0.0233734 -0.8535983  0.1833912  0.4875834
  0.4990218 -0.7337130  0.4611318  0.5970547 -0.0945828 -0.7966051
 -0.0963165 -0.5398627  0.8362245 -0.0086326 -0.8396458 -0.5430658
 -0.0766101  0.7082739  0.7017685 -0.9828405  0.0648043 -0.1726989
