  0.5573471  0.4876744 -0.6719657  0.0864239  0.7708528  0.6311234
  0.5862180  0.1801150 -0.7898779 -0.7844832  0.3696836 -0.4979158
  0.9724518 -0.1933148 -0.1302571 -0.2311176 -0.7267919 -0.6468061
  0.8497966  0.5170502  0.1024926  0.4638829 -0.8259260  0.3204043
 -0.0471319  0.9988241  0.0113565 -0.0355061 -0.0130372  0.9992844
 -0.9583704 -0.0403474 -0.2826629 -0.2854849  0.1525901  0.9461578
 -0.0244146 -0.6595744 -0.7512426 -0.3278448 -0.7046263  0.6293009
  0.3576592 -0.5440313 -0.7590190  0.8972446 -0.0251471  0.4408171
 -0.3027133 -0.1615689 -0.9392870  0.7568938  0.5581669 -0.3399433
 -0.9120843 -0.1726838 -0.3718636 -0.0841118  0.9664955 -0.2425110
