 -0.2687042  0.0379228  0.9624759  0.7571237  0.6260222  0.1867079
 -0.9756218 -0.2171046 -0.0320586  0.0608218 -0.4078458  0.9110228
 -0.6274178 -0.4786106 -0.6142302  0.4048523 -0.8743109  0.2677219
 -0.6467538  0.3546636 -0.6752209  0.6306678 -0.2491783 -0.7349614
  0.2673122  0.8911177  0.3666789  0.6565782  0.1100838 -0.7461814
  0.3546881  0.4619925  0.8128710  0.9013685 -0.3999846 -0.1659732
 -0.8157590  0.3277217  0.4765877 -0.1264032 -0.9050832  0.4060132
  0.0540137  0.9979375 -0.0346882 -0.9721771  0.0446261 -0.2299571
  0.9807429 -0.0196310  0.1943144  0.1949031  0.0347018 -0.9802084
 -0.5322762  0.1951284  0.8237760  0.6016921 -0.5973154  0.5302650
