  0.6819960  0.1719385 -0.7108576 -0.0361719  0.9787127  0.2020225
  0.5746198 -0.7391058 -0.3514751 -0.2013152  0.2886133 -0.9360420
  0.1158772 -0.9798109  0.1629201 -0.3140724 -0.1917537 -0.9298328
 -0.3510218  0.3408509  0.8721264 -0.8614975 -0.4824979 -0.1581703
  0.0576739  0.8877834  0.4566338 -0.9362431  0.2068889 -0.2839820
  0.9404122 -0.2632911  0.2151806  0.2626843  0.1606853 -0.9514080
  0.0632415 -0.7482431  0.6604035 -0.2069682 -0.6571751 -0.7247655
  0.2020147  0.6975664  0.6874527 -0.5002168 -0.5299774  0.6847679
  0.5864988  0.7866150  0.1930183 -0.6749352  0.3429110  0.6533564
  0.5008343 -0.2037744 -0.8412140 -0.4465987  0.7716864 -0.4528240
