 -0.3059114 -0.0942451  0.9473838 -0.3554818  0.9344283 -0.0218293
  0.3272562 -0.7439559  0.5826087  0.5907741  0.6422863  0.4883177
 -0.8770736  0.1595368 -0.4530893 -0.0219261 -0.9555496 -0.2940138
 -0.9261150  0.3341397 -0.1751045  0.1871753  0.0040028 -0.9823184
 -0.9174991  0.3712675  0.1426739  0.0413554  0.4458183 -0.8941676
  0.0893195 -0.0154323  0.9958835  0.1879297  0.9821811 -0.0016352
 -0.0035348 -0.3589245  0.9333599  0.7920300  0.5687922  0.2217292
  0.3373390 -0.9361120 -0.0994820  0.8580512  0.2622861  0.4415361
 -0.6211504 -0.7634677  0.1768876  0.1798264 -0.3585399 -0.9160303
 -0.7299216 -0.1374759  0.6695632 -0.6411720  0.4771827 -0.6009951
