0
0
0
0
0
0
0
0
0
0
0
0
0
0
0
0
0
0
0
0
0.000411282
0.000514141
0.000641015
0.000838112
0.00113037
0.00142166
0.00188939
0.00252647
0.00339231
0.00425234
0.00514662
0.0064618
0.00800926
0.00948429
0.0118777
0.0152107
0.0195549
0.0255368
0.0321532
0.0405949
0.0489303
0.0572137
0.0642715
0.0712517
0.0796714
0.0904677
0.1043
0.122275
0.141215
0.162038
0.179468
0.190267
0.195968
0.196644
0.198579
0.20542
0.220651
0.247557
0.281794
0.319496
0.350914
0.367736
0.367994
0.363557
0.368953
0.39911
0.461753
0.5547
0.664083
0.76274
0.826462
0.851615
0.850945
0.852291
0.877489
0.920424
0.969666
1
0.99335
0.939878
0.846718
0.73489
0.625685
0.531683
0.463593
0.421356
0.403601
0.400741
0.399632
0.390717
0.368526
0.335517
0.298997
0.264363
0.23765
0.220081
0.211241
0.207623
0.20672
0.20713
0.204233
0.197898
0.188984
0.178155
0.167507
0.158366
0.152415
0.149931
0.151129
0.152398
0.15335
0.152465
0.151305
0.147074
0.14156
0.13723
0.133547
0.132075
0.1317
0.132365
0.132872
0.133991
0.134219
0.132478
0.130667
0.12799
0.126025
0.12518
0.124701
0.1251
0.125659
0.126556
0.127893
0.127943
0.127715
0.12779
0.127258
0.127819
0.127387
0.127487
0.128819
0.129589
0.130875
0.132042
0.133388
0.135293
0.134462
0.136363
0.136883
0.138071
0.140467
0.143064
0.146067
0.149779
0.153942
0.156431
0.157165
0.158007
0.157913
0.157009
0.157581
0.160772
0.164874
0.170715
0.177624
0.18289
0.185039
0.18373
0.179454
0.176165
0.173318
0.171884
0.174484
0.178605
0.183783
0.187162
0.189478
0.189341
0.186399
0.181126
0.174816
0.170182
0.167262
0.165508
0.166196
0.168186
0.170045
0.171742
0.171105
0.168794
0.165192
0.160338
0.156596
0.15266
0.151512
0.151015
0.151883
0.152607
0.15292
0.152512
0.151056
0.147331
0.143841
0.140216
0.137323
0.135029
0.134555
0.134469
0.134753
0.135202
0.13493
0.133734
0.131353
0.129538
0.126539
0.124347
0.123223
0.122646
0.122245
0.122297
0.122339
0.122631
0.121638
0.119842
0.118007
0.116076
0.114809
0.11393
0.113636
0.113706
0.113599
0.1138
0.114282
0.113554
0.112759
0.111411
0.110798
0.109865
0.109433
0.108922
0.109644
0.109375
0.109462
0.109258
0.109488
0.10949
0.108218
0.107714
0.107145
0.107415
0.106734
0.106973
0.106873
0.107378
0.107215
0.107573
0.107563
0.107167
0.107541
0.106927
0.10642
0.106011
0.105603
0.105488
0.105558
0.105884
0.106298
0.106684
0.106785
0.106508
0.105837
0.104834
0.10418
0.103737
0.103399
0.103484
0.103657
0.104412
0.104937
0.104525
0.104325
0.103778
0.102565
0.101118
0.10052
0.100164
0.0998031
0.10059
0.100678
0.100886
0.0998587
0.10011
0.0983299
0.0968925
0.096012
0.0953399
0.0940692
0.0945286
0.0943442
0.0944915
0.0939529
0.0935597
0.092195
0.0914306
0.0902388
0.089401
0.0886792
0.0881004
0.0882236
0.0877624
0.0876161
0.0873759
0.0864423
0.0858372
0.084897
0.0840084
0.0836619
0.0829705
0.0825416
0.0827057
0.0823031
0.0822229
0.0818022
0.0814133
0.0805678
0.0801948
0.0797587
0.0790298
0.0789509
0.0789894
0.0789367
0.0791007
0.0793625
0.0790982
0.0786094
0.0781073
0.0777632
0.077827
0.0780458
0.0782419
0.078407
0.0785724
0.0784283
0.0783102
0.0779788
0.0777858
0.0775599
0.0777967
0.078142
0.078408
0.07878
0.0789318
0.0787884
0.0784383
0.0784054
0.0776633
0.0778385
0.0770482
0.0776835
0.0778427
0.0785624
0.0788679
0.0784148
0.078214
0.0772994
0.0773093
0.0764846
0.0757147
0.0756378
0.0756806
0.0756938
0.0755271
0.0754482
0.0748446
0.0739212
0.0734739
0.0721477
0.0712347
0.0710105
0.0703634
0.0699035
0.0695185
0.0697623
0.0689983
0.0683144
0.0673135
0.0666324
0.0652502
0.0645093
0.0641023
0.0637125
0.0631915
0.0625526
0.0622483
0.0614199
0.0606979
0.0595841
0.0589644
0.0579659
0.057243
0.0567822
0.0561261
0.0561704
0.0556014
0.0549923
0.0540247
0.0536955
0.053052
0.0524474
0.0517833
0.0511517
0.0506492
0.0504999
0.0503311
0.0495905
0.0494314
0.0486021
0.0481584
0.0478431
0.0470749
0.0469141
0.0465475
0.0462209
0.0461907
0.0456699
0.0453255
0.0448327
0.0447074
0.0440976
0.0436609
0.0434355
0.0436005
0.0430655
0.0429651
0.0426439
0.0422082
0.0419295
0.0415814
0.0415042
0.0411031
0.0407565
0.0404758
0.0404775
0.0403273
0.0401944
0.0395845
0.0393854
0.0391883
0.0387322
0.0382293
0.0380015
0.0379036
0.0376278
0.0373954
0.0371513
0.0366559
0.0366362
0.0363698
0.0358339
0.0354111
0.0355067
0.0348861
0.0346725
0.0344931
0.0342618
0.0340507
0.0336808
0.0335096
0.033134
0.0326516
0.0323941
0.0320473
0.0318842
0.0315814
0.0314212
0.0310601
0.0307126
0.0307777
0.0302694
0.0300501
0.0295226
0.0294958
0.0293445
0.0291316
0.028645
0.0285457
0.0282781
0.0280497
0.027807
0.027411
0.0272423
0.0271811
0.0268764
0.0268804
0.0264076
0.0263099
0.0262241
0.0260342
0.0257913
0.0254933
0.0252234
0.0252466
0.0249102
0.024796
0.024671
0.0244055
0.0243734
0.0240012
0.0241994
0.0238076
0.0238273
0.0235344
0.0233183
0.0233347
0.0229511
0.022777
0.0226502
0.0227548
0.0223485
0.0223525
0.0220878
0.0221672
0.021831
0.0221488
0.0217004
0.0216843
0.0216703
0.0215401
0.0214825
0.021279
0.0210731
0.021049
0.020891
0.0207524
0.0206796
0.0204535
0.0203746
0.0202791
0.0202678
0.0202567
0.0199756
0.0198666
0.0197847
0.0198292
0.0195801
0.0196751
0.0193279
0.0193953
0.0190467
0.0190321
0.0187984
0.0188401
0.0188158
0.0187726
0.0184996
0.0184236
0.0182134
0.0183315
0.0181775
0.0180153
0.0178306
0.0178372
0.017604
0.0175255
0.0174782
0.0173236
0.0171849
0.0170168
0.0168244
0.0166101
0.0165973
0.0166229
0.0164884
0.0165079
0.0161798
0.0161408
0.0159423
0.0158711
0.0159555
0.0156817
0.0154698
0.0153378
0.0151559
0.0153121
0.015005
0.0150199
0.0149005
0.0147565
0.0147356
0.0144279
0.0144614
0.0143191
0.0143212
0.0142213
0.0141144
0.01397
0.0138007
0.0137767
0.0137976
0.0135518
0.0134142
0.0133248
0.0132892
0.0131851
0.0131721
0.0130386
0.0129139
0.012853
0.0126893
0.012744
0.0125054
0.012448
0.0125268
0.012393
0.0122048
0.0121963
0.0120375
0.0119908
0.0117927
0.011897
0.0116884
0.0116109
0.0114783
0.0115765
0.011396
0.0114036
0.0113024
0.0111065
0.0110202
0.0109798
0.0109818
0.0107953
0.0108362
0.0106424
0.0105902
0.0104888
0.0106332
0.0103872
0.0103174
0.010315
0.0101515
0.0101883
0.0101052
0.0101086
0.0100059
0.0100098
0.00983818
0.0097655
0.00973289
0.00959737
0.00960053
0.00955361
0.00947215
0.00941306
0.00934373
0.00927149
0.00915458
0.00916185
0.00903758
0.00902537
0.00896077
0.00883787
0.00872848
0.00876541
0.00872434
0.00865319
0.00865309
0.00852316
0.00837864
0.00843603
0.00828127
0.00838464
0.00822704
0.00812075
0.00814124
0.00803571
0.00792396
0.00798355
0.00784888
0.00802626
0.00776789
0.00770954
0.00769698
0.00766687
0.00763086
0.00741704
0.00752567
0.00738478
0.00726614
0.00724386
0.00722421
0.00725928
0.00704432
0.00709842
0.00716748
0.00695367
0.00686043
0.00690776
0.00688153
0.00674351
